house_id,bedrooms,bathrooms,sqft_living,sqft_lot,floors,waterfront,view,condition,grade,sqft_above,sqft_basement,yr_built,yr_renovated,zipcode,lat,long,sqft_living15,sqft_lot15,sale_date,sale_price
7129300520,3.0,1.0,1180.0,5650.0,1.0,,0.0,3,7,1180.0,0.0,1955,0.0,98178,47.5112,-122.257,1340.0,5650.0,2014-10-13,221900.0
6414100192,3.0,2.25,2570.0,7242.0,2.0,0.0,0.0,3,7,2170.0,400.0,1951,19910.0,98125,47.721,-122.319,1690.0,7639.0,2014-12-09,538000.0
5631500400,2.0,1.0,770.0,10000.0,1.0,0.0,0.0,3,6,770.0,0.0,1933,0.0,98028,47.7379,-122.233,2720.0,8062.0,2015-02-25,180000.0
2487200875,4.0,3.0,1960.0,5000.0,1.0,0.0,0.0,5,7,1050.0,910.0,1965,0.0,98136,47.5208,-122.393,1360.0,5000.0,2014-12-09,604000.0
1954400510,3.0,2.0,1680.0,8080.0,1.0,0.0,0.0,3,8,1680.0,0.0,1987,0.0,98074,47.6168,-122.045,1800.0,7503.0,2015-02-18,510000.0
7237550310,4.0,4.5,5420.0,101930.0,1.0,0.0,0.0,3,11,3890.0,1530.0,2001,0.0,98053,47.6561,-122.005,4760.0,101930.0,2014-05-12,1230000.0
1321400060,3.0,2.25,1715.0,6819.0,2.0,0.0,0.0,3,7,1715.0,,1995,0.0,98003,47.3097,-122.327,2238.0,6819.0,2014-06-27,257500.0
2008000270,3.0,1.5,1060.0,9711.0,1.0,0.0,0.0,3,7,1060.0,0.0,1963,0.0,98198,47.4095,-122.315,1650.0,9711.0,2015-01-15,291850.0
2414600126,3.0,1.0,1780.0,7470.0,1.0,0.0,0.0,3,7,1050.0,730.0,1960,0.0,98146,47.5123,-122.337,1780.0,8113.0,2015-04-15,229500.0
3793500160,3.0,2.5,1890.0,6560.0,2.0,0.0,0.0,3,7,1890.0,0.0,2003,0.0,98038,47.3684,-122.031,2390.0,7570.0,2015-03-12,323000.0
1736800520,3.0,2.5,3560.0,9796.0,1.0,,0.0,3,8,1860.0,1700.0,1965,0.0,98007,47.6007,-122.145,2210.0,8925.0,2015-04-03,662500.0
9212900260,2.0,1.0,1160.0,6000.0,1.0,0.0,0.0,4,7,860.0,300.0,1942,0.0,98115,47.69,-122.292,1330.0,6000.0,2014-05-27,468000.0
114101516,3.0,1.0,1430.0,19901.0,1.5,0.0,0.0,4,7,1430.0,0.0,1927,0.0,98028,47.7558,-122.229,1780.0,12697.0,2014-05-28,310000.0
6054650070,3.0,1.75,1370.0,9680.0,1.0,0.0,0.0,4,7,1370.0,0.0,1977,0.0,98074,47.6127,-122.045,1370.0,10208.0,2014-10-07,400000.0
1175000570,5.0,2.0,1810.0,4850.0,1.5,0.0,0.0,3,7,1810.0,0.0,1900,0.0,98107,47.67,-122.394,1360.0,4850.0,2015-03-12,530000.0
9297300055,4.0,3.0,2950.0,5000.0,2.0,0.0,3.0,3,9,1980.0,970.0,1979,0.0,98126,47.5714,-122.375,2140.0,4000.0,2015-01-24,650000.0
1875500060,3.0,2.0,1890.0,14040.0,2.0,0.0,0.0,3,7,1890.0,0.0,1994,0.0,98019,47.7277,-121.962,1890.0,14018.0,2014-07-31,395000.0
6865200140,4.0,1.0,1600.0,4300.0,1.5,0.0,0.0,4,7,1600.0,0.0,1916,0.0,98103,47.6648,-122.343,1610.0,4300.0,2014-05-29,485000.0
16000397,2.0,1.0,1200.0,9850.0,1.0,0.0,0.0,4,7,1200.0,,1921,0.0,98002,47.3089,-122.21,1060.0,5095.0,2014-12-05,189000.0
7983200060,3.0,1.0,1250.0,9774.0,1.0,0.0,0.0,4,7,1250.0,0.0,1969,0.0,98003,47.3343,-122.306,1280.0,8850.0,2015-04-24,230000.0
6300500875,4.0,1.75,1620.0,4980.0,1.0,0.0,0.0,4,7,860.0,760.0,1947,0.0,98133,47.7025,-122.341,1400.0,4980.0,2014-05-14,385000.0
2524049179,3.0,2.75,3050.0,44867.0,1.0,0.0,4.0,3,9,2330.0,720.0,1968,0.0,98040,47.5316,-122.233,4110.0,20336.0,2014-08-26,2000000.0
7137970340,5.0,2.5,2270.0,6300.0,2.0,0.0,0.0,3,8,2270.0,0.0,1995,0.0,98092,47.3266,-122.169,2240.0,7005.0,2014-07-03,285000.0
8091400200,2.0,1.5,1070.0,9643.0,1.0,,0.0,3,7,1070.0,0.0,1985,0.0,98030,47.3533,-122.166,1220.0,8386.0,2014-05-16,252700.0
3814700200,3.0,2.25,2450.0,6500.0,2.0,0.0,0.0,4,8,2450.0,0.0,1985,0.0,98030,47.3739,-122.17298,2200.0,6865.0,2014-11-20,329000.0
1202000200,3.0,2.0,1710.0,4697.0,1.5,0.0,0.0,5,6,1710.0,0.0,1941,0.0,98002,47.3048,-122.218,1030.0,4705.0,2014-11-03,233000.0
1794500383,3.0,1.75,2450.0,2691.0,2.0,0.0,0.0,3,8,1750.0,700.0,1915,0.0,98119,47.6386,-122.36,1760.0,3573.0,2014-06-26,937000.0
3303700376,3.0,1.0,1400.0,1581.0,1.5,0.0,0.0,5,8,1400.0,0.0,1909,0.0,98112,47.6221,-122.314,1860.0,3861.0,2014-12-01,667000.0
5101402488,3.0,1.75,1520.0,6380.0,1.0,0.0,0.0,3,7,790.0,730.0,1948,0.0,98115,47.695,-122.304,1520.0,6235.0,2014-06-24,438000.0
1873100390,4.0,2.5,2570.0,7173.0,2.0,0.0,0.0,3,8,2570.0,0.0,2005,0.0,98052,47.7073,-122.11,2630.0,6026.0,2015-03-02,719000.0
8562750320,3.0,2.5,2320.0,3980.0,2.0,0.0,0.0,3,8,2320.0,0.0,2003,0.0,98027,47.5391,-122.07,2580.0,3980.0,2014-11-10,580500.0
2426039314,2.0,1.5,1190.0,1265.0,3.0,0.0,0.0,3,7,1190.0,0.0,2005,0.0,98133,47.7274,-122.357,1390.0,1756.0,2014-12-01,280000.0
461000390,4.0,1.75,2330.0,5000.0,1.5,0.0,0.0,4,7,1510.0,820.0,1929,0.0,98117,47.6823,-122.368,1460.0,5000.0,2014-06-24,687500.0
7589200193,3.0,1.0,1090.0,3000.0,1.5,0.0,0.0,4,8,1090.0,0.0,1929,0.0,98117,47.6889,-122.375,1570.0,5080.0,2014-11-10,535000.0
7955080270,4.0,2.75,2060.0,6659.0,1.0,0.0,0.0,3,7,1280.0,780.0,1981,0.0,98058,47.4276,-122.157,2020.0,8720.0,2014-12-03,322500.0
9547205180,3.0,2.5,2300.0,3060.0,1.5,0.0,0.0,3,8,1510.0,790.0,1930,20020.0,98115,47.6827,-122.31,1590.0,3264.0,2014-06-13,696000.0
9435300030,4.0,1.0,1660.0,34848.0,1.0,0.0,0.0,1,5,930.0,730.0,1933,0.0,98052,47.6621,-122.132,2160.0,11467.0,2014-05-28,550000.0
2768000400,4.0,2.0,2360.0,6000.0,2.0,0.0,0.0,4,8,2360.0,0.0,1904,0.0,98107,47.6702,-122.362,1730.0,4700.0,2014-12-30,640000.0
7895500070,4.0,1.0,1220.0,8075.0,1.0,0.0,0.0,2,7,890.0,330.0,1969,0.0,98001,47.3341,-122.282,1290.0,7800.0,2015-02-13,240000.0
2078500320,4.0,2.5,2620.0,7553.0,2.0,0.0,0.0,3,8,2620.0,0.0,1996,0.0,98056,47.5301,-122.18,2620.0,11884.0,2014-06-20,605000.0
5547700270,4.0,2.5,2570.0,5520.0,2.0,,0.0,3,9,2570.0,0.0,2000,0.0,98074,47.6145,-122.027,2470.0,5669.0,2014-07-15,625000.0
7766200013,4.0,2.25,4220.0,24186.0,1.0,0.0,0.0,3,8,2600.0,1620.0,1984,0.0,98166,47.445,-122.347,2410.0,30617.0,2014-08-11,775000.0
7203220400,5.0,2.75,3595.0,5639.0,2.0,0.0,0.0,3,9,3595.0,,2014,0.0,98053,47.6848,-122.016,3625.0,5639.0,2014-07-07,861990.0
9270200160,3.0,1.0,1570.0,2280.0,2.0,0.0,0.0,3,7,1570.0,0.0,1922,0.0,98119,47.6413,-122.364,1580.0,2640.0,2014-10-28,685000.0
1432701230,3.0,1.0,1280.0,9656.0,1.0,0.0,0.0,4,6,920.0,360.0,1959,0.0,98058,47.4485,-122.175,1340.0,8808.0,2014-07-29,309000.0
8035350320,3.0,2.5,3160.0,13603.0,2.0,0.0,0.0,3,8,3160.0,0.0,2003,0.0,98019,47.7443,-121.977,3050.0,9232.0,2014-07-18,488000.0
8945200830,3.0,1.0,990.0,8528.0,1.0,0.0,0.0,3,6,990.0,0.0,1966,0.0,98023,47.3066,-122.371,1228.0,8840.0,2015-03-25,210490.0
4178300310,4.0,2.5,2290.0,13416.0,2.0,0.0,0.0,4,9,2290.0,0.0,1981,0.0,98007,47.6194,-122.151,2680.0,13685.0,2014-07-16,785000.0
9215400105,3.0,1.75,1250.0,5963.0,1.0,0.0,0.0,4,7,1250.0,0.0,1953,0.0,98115,47.6796,-122.301,970.0,5100.0,2015-04-28,450000.0
822039084,3.0,2.5,2753.0,65005.0,1.0,1.0,2.0,5,9,2165.0,588.0,1953,0.0,98070,47.4041,-122.451,2680.0,72513.0,2015-03-11,1350000.0
5245600105,3.0,1.0,1190.0,9199.0,1.0,0.0,0.0,3,7,1190.0,0.0,1955,0.0,98148,47.4258,-122.322,1190.0,9364.0,2014-09-16,228000.0
7231300125,5.0,2.5,3150.0,9134.0,1.0,0.0,0.0,4,8,1640.0,1510.0,1966,0.0,98056,47.4934,-122.189,1990.0,9133.0,2015-02-17,345000.0
7518505990,3.0,1.75,1410.0,4080.0,1.0,0.0,0.0,4,7,1000.0,410.0,1950,0.0,98117,47.6808,-122.384,1410.0,4080.0,2014-12-31,600000.0
3626039271,2.0,1.75,1980.0,8550.0,1.0,0.0,0.0,3,7,990.0,990.0,1981,0.0,98117,47.6989,-122.369,1480.0,6738.0,2015-02-05,585000.0
4217401195,5.0,2.25,2730.0,6000.0,1.5,0.0,0.0,3,8,2130.0,600.0,1927,0.0,98105,47.6571,-122.281,2730.0,6000.0,2015-03-03,920000.0
9822700295,4.0,2.5,2830.0,5000.0,2.0,,0.0,3,9,2830.0,0.0,1995,0.0,98105,47.6597,-122.29,1950.0,5000.0,2014-05-12,885000.0
9478500640,4.0,2.5,2250.0,4495.0,2.0,0.0,0.0,3,7,2250.0,0.0,2008,0.0,98042,47.3663,-122.114,2250.0,4500.0,2014-08-19,292500.0
2799800710,3.0,2.5,2420.0,4750.0,2.0,0.0,0.0,3,8,2420.0,0.0,2003,0.0,98042,47.3663,-122.122,2690.0,4750.0,2015-04-07,301000.0
7922800400,5.0,3.25,3250.0,14342.0,2.0,0.0,4.0,4,8,3250.0,0.0,1968,0.0,98008,47.588,-122.116,2960.0,11044.0,2014-08-27,951000.0
8079040320,4.0,3.0,1850.0,9976.0,2.0,0.0,0.0,3,8,1850.0,0.0,1991,0.0,98059,47.5059,-122.149,2270.0,8542.0,2015-02-23,430000.0
1516000055,3.0,2.25,2150.0,21235.0,1.0,,3.0,4,8,1590.0,560.0,1959,0.0,98166,47.4336,-122.339,2570.0,18900.0,2014-12-10,650000.0
9558200045,3.0,1.75,1260.0,8400.0,1.0,0.0,0.0,3,7,1260.0,0.0,1954,0.0,98148,47.4366,-122.335,1290.0,8750.0,2014-08-28,289000.0
5072410070,3.0,1.75,2519.0,8690.0,2.0,,0.0,5,8,2519.0,0.0,1973,0.0,98166,47.4428,-122.344,2500.0,9500.0,2014-10-21,505000.0
9528102996,3.0,1.75,1540.0,1044.0,3.0,0.0,0.0,3,8,1540.0,0.0,2014,0.0,98115,47.6765,-122.32,1580.0,3090.0,2014-12-07,549000.0
1189001180,3.0,2.25,1660.0,6000.0,1.0,0.0,0.0,3,7,1110.0,550.0,1979,0.0,98122,47.6113,-122.297,1440.0,4080.0,2014-06-03,425000.0
3253500160,3.0,2.75,2770.0,3809.0,1.5,0.0,0.0,5,7,1770.0,1000.0,1925,0.0,98144,47.5747,-122.304,1440.0,4000.0,2014-11-20,317625.0
3394100030,4.0,2.5,2720.0,11049.0,2.0,,0.0,3,10,2720.0,0.0,1989,0.0,98004,47.5815,-122.192,2750.0,11049.0,2014-09-09,975000.0
3717000160,4.0,2.5,2240.0,4648.0,2.0,0.0,0.0,3,7,2240.0,0.0,2005,0.0,98001,47.3378,-122.257,2221.0,4557.0,2014-10-09,287000.0
1274500060,3.0,1.0,1000.0,12070.0,1.0,0.0,0.0,4,7,1000.0,0.0,1968,0.0,98042,47.3621,-122.11,1010.0,12635.0,2014-08-25,204000.0
1802000060,5.0,2.25,3200.0,20158.0,1.0,0.0,0.0,3,8,1600.0,1600.0,1965,0.0,98004,47.6303,-122.215,3390.0,20158.0,2014-06-12,1330000.0
1525059190,5.0,3.25,4770.0,50094.0,1.0,0.0,0.0,4,11,3070.0,1700.0,1973,0.0,98005,47.6525,-122.16,3530.0,38917.0,2014-09-12,1040000.0
1049000060,3.0,2.0,1260.0,5612.0,1.0,0.0,0.0,4,7,1260.0,0.0,1972,0.0,98034,47.7362,-122.179,1640.0,4745.0,2015-01-05,325000.0
8820901275,4.0,2.0,2750.0,7807.0,1.5,0.0,0.0,5,7,2250.0,500.0,1916,0.0,98125,47.7168,-122.287,1510.0,7807.0,2014-06-10,571000.0
5416510140,4.0,2.5,2380.0,5000.0,2.0,0.0,0.0,3,8,2380.0,0.0,2005,0.0,98038,47.3608,-122.036,2420.0,5000.0,2014-07-10,360000.0
3444100400,3.0,1.75,1790.0,50529.0,1.0,0.0,0.0,5,7,1090.0,700.0,1965,0.0,98042,47.3511,-122.073,1940.0,50529.0,2015-03-16,349000.0
3276920270,4.0,4.0,3430.0,35102.0,2.0,0.0,0.0,4,10,2390.0,1040.0,1986,0.0,98075,47.5822,-121.987,3240.0,35020.0,2014-11-05,832500.0
4036801170,4.0,1.75,1760.0,7300.0,1.0,0.0,0.0,3,7,880.0,880.0,1956,0.0,98008,47.6034,-122.125,1680.0,7500.0,2014-10-13,380000.0
2391600320,3.0,1.0,1040.0,5060.0,1.0,0.0,0.0,3,7,1040.0,0.0,1941,0.0,98116,47.5636,-122.394,890.0,5060.0,2015-04-20,480000.0
6300000287,3.0,1.0,1410.0,5060.0,1.0,0.0,0.0,4,7,910.0,500.0,1956,0.0,98133,47.7073,-122.34,1130.0,5693.0,2014-06-09,410000.0
1531000030,4.0,2.5,3450.0,39683.0,2.0,0.0,0.0,3,10,3450.0,,2002,0.0,98010,47.342,-122.025,3350.0,39750.0,2015-03-23,720000.0
5104520400,3.0,2.5,2350.0,5100.0,2.0,0.0,0.0,3,8,2350.0,0.0,2003,0.0,98038,47.3512,-122.008,2350.0,5363.0,2014-12-02,390000.0
7437100340,4.0,2.5,1900.0,5889.0,2.0,0.0,0.0,3,7,1900.0,0.0,1992,0.0,98038,47.349,-122.031,1870.0,6405.0,2014-12-22,360000.0
9418400240,2.0,1.0,2020.0,6720.0,1.0,0.0,0.0,3,7,1010.0,1010.0,1948,0.0,98118,47.5474,-122.291,1720.0,6720.0,2014-10-28,355000.0
1523059105,3.0,1.5,1680.0,8712.0,1.0,0.0,0.0,3,8,1680.0,0.0,1964,0.0,98059,47.4811,-122.149,1850.0,8797.0,2015-01-28,356000.0
1133000671,3.0,1.0,960.0,6634.0,1.0,0.0,0.0,3,6,960.0,0.0,1952,0.0,98125,47.7264,-122.31,1570.0,7203.0,2014-06-02,315000.0
4232902595,3.0,1.5,2140.0,3600.0,2.0,0.0,0.0,3,9,1900.0,240.0,1925,0.0,98119,47.6337,-122.365,2020.0,4800.0,2014-11-14,940000.0
2599001200,5.0,2.25,2660.0,8400.0,1.5,0.0,0.0,5,7,2660.0,0.0,1961,0.0,98092,47.2909,-122.189,1590.0,8165.0,2014-11-03,305000.0
3342103156,3.0,3.25,2770.0,6278.0,2.0,,0.0,3,9,1980.0,790.0,2006,0.0,98056,47.5228,-122.199,1900.0,7349.0,2014-06-18,461000.0
1332700270,2.0,2.25,1610.0,2040.0,2.0,0.0,0.0,4,7,1610.0,0.0,1979,0.0,98056,47.518,-122.194,1950.0,2025.0,2014-05-19,215000.0
3869900162,2.0,1.75,1030.0,1066.0,2.0,0.0,0.0,3,7,765.0,265.0,2006,0.0,98136,47.5394,-122.387,1030.0,1106.0,2014-09-04,335000.0
2791500270,4.0,2.5,1980.0,7403.0,2.0,0.0,0.0,3,7,1980.0,0.0,1988,0.0,98023,47.2897,-122.372,1980.0,7510.0,2014-05-22,243500.0
5036300431,5.0,2.75,3520.0,6353.0,2.0,0.0,0.0,4,10,3520.0,0.0,2001,0.0,98199,47.6506,-122.391,2520.0,6250.0,2015-03-11,1100000.0
4168000060,3.0,1.0,1200.0,10500.0,1.0,0.0,0.0,3,7,1200.0,0.0,1962,0.0,98023,47.322,-122.351,1350.0,10500.0,2015-02-26,153000.0
6021501535,3.0,1.5,1580.0,5000.0,1.0,0.0,0.0,3,8,1290.0,290.0,1939,0.0,98117,47.687,-122.386,1570.0,4500.0,2014-07-25,430000.0
6021501535,3.0,1.5,1580.0,5000.0,1.0,0.0,0.0,3,8,1290.0,290.0,1939,0.0,98117,47.687,-122.386,1570.0,4500.0,2014-12-23,700000.0
1483300570,4.0,2.5,3300.0,10250.0,1.0,0.0,0.0,3,7,2390.0,910.0,1946,19910.0,98040,47.5873,-122.249,1950.0,6045.0,2014-09-08,905000.0
3422049190,3.0,1.75,1960.0,15681.0,1.0,0.0,0.0,3,7,1960.0,0.0,1967,0.0,98032,47.3576,-122.277,1750.0,15616.0,2015-03-30,247500.0
1099611230,4.0,1.5,1160.0,6400.0,1.0,0.0,0.0,4,7,1160.0,0.0,1975,0.0,98023,47.3036,-122.378,1160.0,6400.0,2014-09-12,199000.0
722079104,3.0,1.75,1810.0,41800.0,1.0,0.0,0.0,5,7,1210.0,600.0,1980,0.0,98038,47.4109,-121.958,1650.0,135036.0,2014-07-11,314000.0
7338200240,3.0,2.5,2320.0,36847.0,2.0,0.0,2.0,3,9,2320.0,0.0,1992,0.0,98045,47.4838,-121.714,2550.0,35065.0,2014-05-16,437500.0
1952200240,3.0,2.5,2070.0,13241.0,1.5,0.0,0.0,5,9,1270.0,800.0,1910,0.0,98102,47.6415,-122.315,2200.0,4500.0,2014-06-11,850830.0
5200100125,3.0,2.0,1980.0,3478.0,1.5,0.0,0.0,4,7,1440.0,540.0,1929,0.0,98117,47.6775,-122.372,1610.0,3478.0,2014-10-27,555000.0
7214720075,3.0,2.25,2190.0,107593.0,2.0,0.0,0.0,4,8,2190.0,0.0,1983,0.0,98077,47.7731,-122.08,2570.0,47777.0,2014-12-12,699950.0
2450000295,3.0,2.5,2920.0,8113.0,2.0,0.0,0.0,3,8,2920.0,0.0,1950,20100.0,98004,47.5814,-122.196,2370.0,8113.0,2014-10-07,1090000.0
6197800045,3.0,1.0,1210.0,33919.0,1.0,0.0,0.0,3,7,1210.0,0.0,1954,0.0,98058,47.4375,-122.184,1640.0,14910.0,2014-09-24,290000.0
1328310370,3.0,2.5,2340.0,10005.0,1.0,,0.0,4,8,1460.0,880.0,1978,0.0,98058,47.4431,-122.133,2250.0,8162.0,2015-04-02,375000.0
546000875,3.0,1.0,1670.0,4005.0,1.5,0.0,0.0,4,7,1170.0,500.0,1939,0.0,98117,47.6878,-122.38,1240.0,4005.0,2014-05-23,460000.0
3530510041,2.0,1.75,1240.0,2493.0,1.0,0.0,0.0,4,8,1240.0,0.0,1985,0.0,98198,47.3813,-122.322,1270.0,4966.0,2014-07-23,188500.0
1853000400,4.0,2.5,3140.0,28037.0,2.0,0.0,0.0,4,10,3140.0,0.0,1991,0.0,98077,47.7304,-122.082,2990.0,35001.0,2015-03-05,680000.0
3134100116,5.0,1.75,2030.0,12342.0,2.0,0.0,0.0,4,7,2030.0,0.0,1942,0.0,98052,47.6417,-122.109,2500.0,9433.0,2014-08-27,470000.0
9545230140,4.0,2.5,2310.0,9624.0,2.0,0.0,0.0,3,8,2310.0,0.0,1984,0.0,98027,47.5386,-122.053,1940.0,9636.0,2014-07-25,597750.0
3362400511,3.0,1.75,1260.0,3328.0,1.0,0.0,0.0,5,6,700.0,560.0,1905,0.0,98103,47.6823,-122.349,1380.0,3536.0,2015-03-04,570000.0
2525310310,3.0,1.75,1540.0,12600.0,1.0,0.0,0.0,4,7,1160.0,,1980,0.0,98038,47.3624,-122.031,1540.0,11656.0,2014-09-16,272500.0
6126500060,3.0,1.75,2080.0,5969.0,1.0,0.0,2.0,3,7,1080.0,1000.0,1971,0.0,98108,47.5474,-122.295,2090.0,5500.0,2014-11-24,329950.0
8961960160,4.0,2.5,3230.0,16171.0,2.0,0.0,0.0,3,9,2520.0,710.0,2001,0.0,98001,47.3183,-122.253,2640.0,8517.0,2014-10-28,480000.0
3626039325,3.0,3.5,4380.0,6350.0,2.0,0.0,0.0,3,8,2780.0,,1900,0.0,98117,47.6981,-122.368,1830.0,6350.0,2014-11-21,740500.0
3362400431,3.0,3.5,1590.0,1102.0,3.0,0.0,0.0,3,8,1590.0,0.0,2010,0.0,98103,47.6824,-122.347,1620.0,3166.0,2014-06-26,518500.0
4060000240,2.0,1.0,880.0,6780.0,1.0,0.0,0.0,4,6,880.0,0.0,1945,0.0,98178,47.5009,-122.248,1190.0,6780.0,2014-06-23,205425.0
3454800060,4.0,2.0,1570.0,9600.0,1.0,,0.0,3,6,1570.0,0.0,1950,0.0,98168,47.4965,-122.303,1880.0,9000.0,2015-01-08,171800.0
1695900060,4.0,1.0,1610.0,2982.0,1.5,0.0,0.0,4,7,1610.0,0.0,1925,0.0,98144,47.587,-122.294,1610.0,4040.0,2015-05-11,535000.0
7278700070,3.0,2.5,2400.0,6474.0,1.0,0.0,2.0,3,8,1560.0,840.0,1964,0.0,98177,47.7728,-122.386,2340.0,10856.0,2015-01-02,660000.0
6675500070,3.0,2.0,1450.0,9132.0,1.0,0.0,0.0,3,7,1450.0,0.0,1987,0.0,98034,47.7288,-122.226,1580.0,9104.0,2014-11-19,391500.0
3626039187,2.0,1.0,770.0,6000.0,1.0,0.0,0.0,3,6,770.0,0.0,1953,0.0,98117,47.6999,-122.364,1710.0,6000.0,2015-04-06,395000.0
3524049083,4.0,1.75,2100.0,4400.0,1.5,,0.0,5,7,1720.0,380.0,1924,0.0,98118,47.5299,-122.266,1850.0,4400.0,2014-11-04,445000.0
3275860240,3.0,2.25,2910.0,10204.0,2.0,0.0,0.0,3,9,2910.0,0.0,1990,0.0,98052,47.6897,-122.098,2700.0,13992.0,2014-06-18,770000.0
4389200955,4.0,2.75,2750.0,17789.0,1.5,0.0,0.0,3,8,1980.0,770.0,1914,19920.0,98004,47.6141,-122.212,3060.0,11275.0,2015-03-02,1450000.0
4058801670,3.0,2.25,2100.0,8201.0,1.0,,2.0,3,8,1620.0,480.0,1967,0.0,98178,47.5091,-122.244,2660.0,8712.0,2014-07-17,445000.0
8732020310,4.0,2.25,2160.0,8811.0,1.0,0.0,0.0,3,8,1360.0,800.0,1978,0.0,98023,47.3129,-122.39,2090.0,8400.0,2014-07-17,260000.0
2331300505,5.0,3.5,2320.0,4960.0,2.0,0.0,0.0,5,7,1720.0,600.0,1926,0.0,98103,47.6763,-122.352,1700.0,4960.0,2014-06-13,822500.0
7853210060,4.0,2.5,2070.0,4310.0,2.0,0.0,0.0,3,7,2070.0,0.0,2004,0.0,98065,47.5319,-121.85,1970.0,3748.0,2015-04-06,430000.0
3668000070,3.0,1.75,1060.0,7875.0,1.0,0.0,0.0,4,7,1060.0,0.0,1986,0.0,98092,47.2761,-122.152,1420.0,7680.0,2015-01-05,212000.0
9545240070,4.0,2.25,2010.0,9603.0,1.0,0.0,0.0,3,8,1440.0,570.0,1986,0.0,98027,47.5343,-122.054,2060.0,9793.0,2015-04-28,660500.0
1243100136,3.0,3.5,3950.0,111078.0,1.5,0.0,0.0,3,9,2460.0,1490.0,1989,0.0,98052,47.697,-122.072,2480.0,88500.0,2014-06-12,784000.0
8929000270,3.0,2.5,2010.0,2287.0,2.0,0.0,0.0,3,8,1390.0,620.0,2014,0.0,98029,47.5517,-121.998,1690.0,1662.0,2014-05-12,453246.0
2767602356,4.0,3.5,2140.0,2278.0,3.0,0.0,0.0,3,9,2140.0,0.0,2005,0.0,98107,47.6734,-122.38,1540.0,2285.0,2015-01-26,675000.0
921049315,3.0,1.75,1320.0,17390.0,1.0,0.0,0.0,4,7,1320.0,0.0,1956,0.0,98003,47.3257,-122.296,1550.0,19265.0,2014-08-13,199000.0
3655000070,4.0,1.75,2020.0,7840.0,1.0,0.0,0.0,3,7,1010.0,1010.0,1968,0.0,98003,47.3309,-122.299,1750.0,8140.0,2014-08-05,220000.0
4027700812,4.0,2.25,2590.0,10002.0,1.0,0.0,0.0,4,8,1340.0,1250.0,1968,0.0,98028,47.7689,-122.266,1550.0,10436.0,2014-05-29,452000.0
3992700335,2.0,1.0,1190.0,4440.0,1.0,0.0,0.0,3,6,1190.0,0.0,1981,0.0,98125,47.7135,-122.287,1060.0,5715.0,2014-07-07,382500.0
2767603505,3.0,2.25,1170.0,1249.0,3.0,0.0,0.0,3,8,1170.0,0.0,2014,0.0,98107,47.6722,-122.381,1350.0,1310.0,2014-05-07,519950.0
4232901525,2.0,1.0,1110.0,3200.0,1.0,0.0,0.0,3,7,1110.0,0.0,1925,0.0,98119,47.6338,-122.358,1170.0,3600.0,2014-06-27,665000.0
1777500060,5.0,2.5,2820.0,9375.0,1.0,0.0,0.0,4,8,1550.0,1270.0,1968,0.0,98006,47.5707,-122.128,2820.0,9375.0,2014-07-08,527700.0
1432900240,3.0,1.0,1610.0,8579.0,1.0,0.0,0.0,4,7,1010.0,600.0,1962,0.0,98058,47.4563,-122.171,1610.0,8579.0,2015-05-08,205000.0
6140100875,3.0,1.0,1060.0,8097.0,1.0,0.0,0.0,4,7,940.0,120.0,1923,0.0,98133,47.7144,-122.351,1560.0,7940.0,2015-04-15,420000.0
6071600370,4.0,2.25,2030.0,8517.0,1.0,0.0,0.0,4,8,1380.0,650.0,1961,0.0,98006,47.5495,-122.174,2230.0,8824.0,2015-02-27,500000.0
1526069017,4.0,2.5,3670.0,315374.0,2.0,0.0,0.0,4,9,3670.0,0.0,1994,0.0,98077,47.7421,-122.026,2840.0,87991.0,2014-12-03,921500.0
809001525,4.0,1.0,2550.0,4000.0,2.0,0.0,0.0,3,8,2370.0,180.0,1905,0.0,98109,47.6354,-122.353,2200.0,4000.0,2014-06-25,890000.0
3224079105,2.0,2.5,2420.0,60984.0,2.0,0.0,0.0,3,7,2420.0,0.0,2007,0.0,98027,47.5262,-121.943,1940.0,193842.0,2014-08-06,430000.0
8075400570,5.0,2.0,2260.0,12500.0,1.0,0.0,0.0,4,8,1130.0,1130.0,1960,0.0,98032,47.3887,-122.286,1360.0,18000.0,2014-10-30,258000.0
1994200024,3.0,1.0,1430.0,3455.0,1.0,0.0,0.0,3,7,980.0,450.0,1947,0.0,98103,47.6873,-122.336,1450.0,4599.0,2014-11-04,511000.0
3362900810,3.0,2.0,1360.0,3090.0,2.0,0.0,0.0,3,8,1360.0,0.0,1990,0.0,98103,47.6838,-122.353,1500.0,3090.0,2014-08-20,532170.0
1324300398,3.0,1.0,1110.0,5000.0,1.5,0.0,0.0,3,7,1110.0,0.0,1947,0.0,98107,47.655,-122.359,1420.0,5000.0,2015-04-09,560000.0
537000445,3.0,1.0,1250.0,8200.0,1.0,,0.0,4,7,1250.0,0.0,1954,0.0,98003,47.3255,-122.304,1680.0,8633.0,2015-03-31,282950.0
7855801670,4.0,3.25,5180.0,19850.0,2.0,0.0,3.0,3,12,3540.0,1640.0,2006,0.0,98006,47.562,-122.162,3160.0,9750.0,2015-04-01,2250000.0
7920100045,1.0,1.0,700.0,5100.0,1.0,0.0,0.0,3,7,700.0,0.0,1942,0.0,98115,47.679,-122.3,1010.0,5100.0,2014-05-16,350000.0
8960000030,3.0,1.0,1180.0,7669.0,1.0,0.0,0.0,4,7,1180.0,0.0,1967,0.0,98058,47.4479,-122.176,1190.0,7669.0,2014-07-28,215000.0
6388930390,5.0,3.5,3960.0,25245.0,2.0,0.0,0.0,3,9,2500.0,1460.0,1996,0.0,98056,47.525,-122.172,2640.0,13675.0,2014-11-20,650000.0
8731900200,4.0,2.75,2640.0,7500.0,1.0,0.0,0.0,3,8,1620.0,1020.0,1967,0.0,98023,47.3135,-122.369,1980.0,7875.0,2014-08-07,320000.0
8029200135,3.0,2.0,1270.0,7198.0,1.5,0.0,0.0,3,7,1270.0,0.0,1916,20130.0,98022,47.2086,-121.996,1160.0,7198.0,2014-11-13,247000.0
1081200350,4.0,1.75,1760.0,11180.0,1.0,0.0,0.0,4,8,1760.0,0.0,1968,0.0,98059,47.4715,-122.118,1730.0,11180.0,2014-10-03,320000.0
84000105,5.0,2.25,2060.0,8632.0,1.0,0.0,0.0,3,7,1030.0,1030.0,1962,0.0,98146,47.4877,-122.335,1010.0,11680.0,2014-05-07,255000.0
3756500060,3.0,1.75,1780.0,9660.0,1.0,0.0,0.0,3,7,1780.0,0.0,1962,0.0,98034,47.7171,-122.193,1200.0,9660.0,2015-03-09,438000.0
7215720160,3.0,2.5,3400.0,16603.0,2.0,0.0,0.0,3,10,3400.0,0.0,2000,0.0,98075,47.6012,-122.023,3400.0,12601.0,2015-03-04,900000.0
3574800520,3.0,2.75,1910.0,7280.0,1.0,0.0,0.0,3,7,1160.0,750.0,1979,0.0,98034,47.7319,-122.224,1710.0,8152.0,2014-06-20,441000.0
2617300160,3.0,2.0,2020.0,38332.0,1.0,0.0,0.0,4,7,1010.0,1010.0,1975,0.0,98027,47.4582,-122.023,2110.0,36590.0,2014-08-12,420000.0
2558660270,3.0,1.75,1580.0,7000.0,1.0,0.0,0.0,3,7,1180.0,400.0,1976,0.0,98034,47.7209,-122.168,1640.0,7500.0,2014-12-08,370000.0
2009000370,2.0,1.75,1340.0,7250.0,1.0,0.0,0.0,5,5,700.0,640.0,1949,0.0,98198,47.408,-122.327,1830.0,9750.0,2015-02-19,269950.0
1836980160,4.0,2.5,2680.0,4499.0,2.0,0.0,0.0,3,9,2680.0,0.0,1999,0.0,98006,47.565,-122.125,2920.0,4500.0,2015-03-24,807100.0
3261020370,3.0,2.5,2680.0,9750.0,1.0,0.0,0.0,4,8,1610.0,1070.0,1979,0.0,98034,47.7028,-122.231,2480.0,8750.0,2014-06-05,653000.0
1755700060,3.0,2.0,1370.0,8336.0,1.0,,0.0,5,7,1370.0,0.0,1964,0.0,98133,47.7458,-122.331,1770.0,7288.0,2014-06-11,371500.0
4330600435,3.0,1.75,1560.0,21000.0,1.0,0.0,0.0,3,7,1560.0,0.0,1954,0.0,98166,47.4776,-122.337,1070.0,7920.0,2015-03-16,284000.0
9542800700,3.0,1.75,2160.0,7140.0,1.0,0.0,0.0,4,7,1670.0,490.0,1978,0.0,98023,47.3026,-122.374,1930.0,7350.0,2015-01-02,272000.0
1999700045,3.0,1.5,1340.0,7912.0,1.5,,0.0,3,7,1340.0,0.0,1955,0.0,98133,47.7658,-122.339,1480.0,7940.0,2014-05-02,313000.0
1762600070,4.0,2.5,3880.0,35003.0,2.0,0.0,0.0,3,10,2570.0,1310.0,1984,0.0,98033,47.6477,-122.182,3740.0,35230.0,2015-01-16,917500.0
1687900520,4.0,2.25,2590.0,8190.0,2.0,0.0,0.0,4,8,2590.0,0.0,1980,0.0,98006,47.5619,-122.125,2260.0,8335.0,2014-09-29,673000.0
7234600798,3.0,2.5,1120.0,1100.0,2.0,0.0,0.0,3,8,820.0,300.0,2008,0.0,98122,47.6106,-122.31,1590.0,1795.0,2015-02-10,425000.0
3881900445,5.0,2.75,1970.0,5400.0,1.0,0.0,0.0,3,7,1320.0,650.0,1986,0.0,98144,47.5868,-122.308,1280.0,2150.0,2014-07-09,399950.0
2254502445,3.0,1.0,1220.0,4800.0,1.0,0.0,0.0,3,6,1220.0,0.0,1901,0.0,98122,47.6101,-122.307,1200.0,4800.0,2014-05-30,385000.0
5437810320,3.0,1.5,1950.0,7560.0,1.0,0.0,2.0,4,7,1320.0,630.0,1975,0.0,98022,47.1976,-121.999,1950.0,8941.0,2014-11-17,269950.0
9158100075,2.0,1.0,1350.0,8220.0,1.0,,0.0,3,7,1060.0,290.0,1949,0.0,98177,47.7224,-122.358,1540.0,8280.0,2015-01-07,330000.0
3830630310,3.0,2.5,1670.0,5797.0,2.0,0.0,0.0,3,7,1670.0,0.0,1988,0.0,98030,47.3505,-122.179,1670.0,6183.0,2014-07-25,260000.0
8123100045,4.0,3.0,2380.0,5125.0,1.5,0.0,0.0,4,7,1680.0,700.0,1925,0.0,98126,47.5384,-122.376,1410.0,5375.0,2015-04-14,470000.0
3127200041,4.0,3.0,2440.0,9600.0,2.0,,0.0,5,7,2440.0,0.0,1961,0.0,98034,47.7044,-122.2,2290.0,9600.0,2014-06-13,589000.0
6661200320,2.0,1.5,1050.0,3419.0,2.0,0.0,0.0,3,7,1050.0,0.0,1996,0.0,98038,47.3848,-122.039,1050.0,3417.0,2014-07-23,163500.0
11510310,4.0,2.75,3130.0,13412.0,2.0,0.0,0.0,3,9,2140.0,990.0,1993,0.0,98052,47.6993,-122.102,2260.0,9984.0,2014-09-05,835000.0
825059270,5.0,3.0,4090.0,12850.0,1.0,0.0,2.0,4,10,2090.0,2000.0,1986,0.0,98033,47.6627,-122.188,2540.0,10270.0,2014-11-21,1100000.0
8731951370,4.0,1.75,1490.0,10000.0,1.0,0.0,0.0,4,8,1100.0,390.0,1969,0.0,98023,47.3099,-122.379,2190.0,8910.0,2015-04-15,269000.0
1954440060,3.0,2.5,1900.0,8744.0,2.0,0.0,0.0,3,8,1900.0,0.0,1987,0.0,98074,47.62,-122.043,2030.0,8744.0,2014-05-05,560000.0
2264500350,4.0,1.0,1330.0,2400.0,1.5,,0.0,4,6,1330.0,0.0,1901,0.0,98103,47.65,-122.34,1330.0,4400.0,2015-04-18,615000.0
1115810060,3.0,2.25,2230.0,10026.0,1.0,0.0,0.0,3,8,1430.0,800.0,1975,0.0,98052,47.6647,-122.153,2230.0,9340.0,2014-12-05,585188.0
9477200200,3.0,1.75,1650.0,9480.0,1.0,0.0,0.0,3,7,1220.0,430.0,1977,0.0,98034,47.726,-122.191,1540.0,8400.0,2014-08-18,305000.0
1432600560,3.0,1.0,1190.0,8820.0,1.0,0.0,0.0,3,6,1190.0,0.0,1959,0.0,98058,47.4616,-122.184,1230.0,7980.0,2014-11-05,166950.0
2287000060,3.0,2.5,2140.0,9897.0,1.0,0.0,0.0,4,8,2140.0,0.0,1959,0.0,98040,47.5505,-122.219,2680.0,10083.0,2014-09-12,799000.0
3663500060,3.0,2.5,2180.0,7508.0,1.0,0.0,0.0,4,7,1420.0,760.0,1962,0.0,98133,47.7606,-122.336,1900.0,7818.0,2014-06-25,400000.0
3996900125,3.0,1.0,1060.0,10228.0,1.0,0.0,0.0,3,7,1060.0,0.0,1948,0.0,98155,47.7481,-122.3,1570.0,10228.0,2014-12-01,230000.0
7796450200,3.0,2.5,1690.0,5025.0,2.0,0.0,0.0,3,8,1690.0,0.0,2003,0.0,98023,47.2779,-122.347,2550.0,5001.0,2014-05-15,256883.0
7549802535,4.0,2.0,1970.0,6480.0,1.5,0.0,0.0,5,7,1130.0,840.0,1920,0.0,98108,47.5511,-122.312,1500.0,6480.0,2014-11-11,423000.0
3278600320,3.0,2.5,2150.0,4084.0,2.0,,0.0,3,8,2150.0,0.0,2007,0.0,98126,47.5488,-122.372,1750.0,2385.0,2014-07-23,465000.0
2824079053,3.0,2.5,1910.0,66211.0,2.0,0.0,0.0,3,7,1910.0,0.0,1997,0.0,98024,47.5385,-121.911,2330.0,67268.0,2015-01-13,440000.0
1222069094,3.0,1.75,1350.0,155073.0,1.0,0.0,0.0,4,7,1350.0,0.0,1969,0.0,98038,47.4058,-121.994,1560.0,50965.0,2014-10-14,385000.0
3542300060,3.0,1.0,860.0,11725.0,1.0,,0.0,4,6,860.0,0.0,1943,0.0,98056,47.5093,-122.184,1300.0,9514.0,2015-03-11,210000.0
2222059065,3.0,2.5,1940.0,14952.0,2.0,0.0,0.0,3,8,1940.0,0.0,1994,0.0,98042,47.3777,-122.165,2030.0,10450.0,2014-11-12,297000.0
7551300060,3.0,1.0,1010.0,5000.0,1.0,0.0,0.0,3,7,1010.0,0.0,1952,0.0,98107,47.675,-122.394,1680.0,5000.0,2014-07-16,470000.0
100600550,3.0,1.5,1300.0,7370.0,1.0,0.0,0.0,4,7,900.0,400.0,1976,0.0,98023,47.3025,-122.37,1430.0,7500.0,2014-08-04,226500.0
3211100860,3.0,1.0,910.0,8450.0,1.0,0.0,0.0,4,6,910.0,0.0,1962,0.0,98059,47.4787,-122.158,1400.0,8040.0,2015-03-03,274250.0
3456000310,4.0,1.75,2480.0,11010.0,1.0,0.0,0.0,4,9,1630.0,850.0,1966,0.0,98040,47.5378,-122.219,2770.0,10744.0,2014-08-04,840000.0
9526600140,3.0,2.5,2440.0,4587.0,2.0,0.0,0.0,3,8,2440.0,0.0,2010,0.0,98052,47.7073,-122.114,2750.0,4587.0,2014-09-19,677900.0
7465900060,3.0,1.0,1010.0,5864.0,1.0,0.0,0.0,3,7,1010.0,0.0,1915,0.0,98116,47.5733,-122.381,1290.0,5000.0,2015-02-05,425000.0
1222000055,2.0,0.75,900.0,9600.0,1.0,0.0,0.0,3,6,900.0,0.0,1941,0.0,98166,47.4604,-122.339,1250.0,14280.0,2014-11-23,180250.0
6300000550,6.0,3.0,2300.0,3404.0,2.0,0.0,0.0,3,7,1600.0,700.0,1920,19940.0,98133,47.7067,-122.343,1560.0,1312.0,2014-07-17,464000.0
2310030510,4.0,2.25,1550.0,7579.0,2.0,,0.0,3,8,1550.0,0.0,1993,0.0,98038,47.354,-122.047,1630.0,6397.0,2015-04-22,320000.0
1025049114,3.0,2.25,1270.0,1566.0,2.0,0.0,0.0,3,8,1060.0,210.0,2014,0.0,98105,47.6647,-122.284,1160.0,1327.0,2014-07-17,625504.0
8677300550,4.0,2.5,2240.0,12032.0,1.0,0.0,0.0,3,9,2240.0,0.0,1983,0.0,98074,47.6143,-122.017,2520.0,12368.0,2014-05-15,592500.0
4014400292,3.0,2.5,2714.0,17936.0,2.0,0.0,0.0,3,9,2714.0,0.0,2005,0.0,98001,47.3185,-122.275,2590.0,18386.0,2015-01-14,465000.0
1102000196,4.0,2.75,1720.0,6270.0,2.0,0.0,0.0,3,8,1720.0,0.0,1978,0.0,98118,47.5458,-122.268,2130.0,8700.0,2014-05-27,477000.0
257000138,2.0,1.0,850.0,16400.0,1.0,0.0,0.0,3,6,850.0,0.0,1923,0.0,98168,47.4889,-122.299,1100.0,14459.0,2015-01-15,280000.0
46100204,5.0,3.0,3300.0,33474.0,1.0,,3.0,3,9,1870.0,1430.0,1957,19910.0,98040,47.5673,-122.21,3836.0,20953.0,2015-02-21,1510000.0
1909600046,3.0,2.5,2250.0,5692.0,2.0,0.0,0.0,3,8,2250.0,,2000,0.0,98146,47.5133,-122.379,1320.0,5390.0,2014-07-03,445838.0
1250202145,2.0,2.25,3900.0,14864.0,1.0,0.0,3.0,3,8,1950.0,1950.0,1947,0.0,98144,47.5884,-122.291,2580.0,5184.0,2014-08-28,1070000.0
7611200125,2.0,1.5,1320.0,10800.0,1.0,0.0,0.0,4,8,1320.0,0.0,1947,0.0,98177,47.7145,-122.367,2120.0,12040.0,2014-10-23,467000.0
5611500140,4.0,2.5,2760.0,6440.0,2.0,0.0,0.0,3,10,2760.0,0.0,1999,0.0,98075,47.5836,-122.026,3070.0,8127.0,2014-08-22,686000.0
7138000260,3.0,2.0,1750.0,9750.0,1.0,0.0,0.0,3,7,1350.0,400.0,1961,0.0,98198,47.398,-122.299,1900.0,10125.0,2014-06-05,279950.0
626059335,4.0,2.25,2330.0,19436.0,2.0,0.0,0.0,3,8,2330.0,0.0,1987,0.0,98011,47.7663,-122.215,1910.0,10055.0,2014-09-04,527000.0
1922059282,3.0,2.25,2220.0,16020.0,1.0,0.0,0.0,4,8,1780.0,440.0,1966,0.0,98030,47.3758,-122.217,2080.0,9583.0,2014-09-18,325000.0
705700390,3.0,2.25,2020.0,8379.0,2.0,0.0,0.0,3,7,2020.0,0.0,1994,0.0,98038,47.3828,-122.023,2020.0,8031.0,2014-09-03,328000.0
7454001200,3.0,2.25,1250.0,7500.0,1.0,0.0,0.0,5,7,1250.0,0.0,1942,0.0,98146,47.5123,-122.373,1280.0,7392.0,2014-06-04,390000.0
8682281200,2.0,2.0,1510.0,6516.0,1.0,,0.0,3,8,1510.0,0.0,2005,0.0,98053,47.7076,-122.013,1640.0,6009.0,2015-03-09,479950.0
7972000200,4.0,2.25,1720.0,9753.0,1.0,,0.0,4,7,1120.0,600.0,1978,0.0,98023,47.2922,-122.371,1510.0,9753.0,2014-05-29,264950.0
722059070,3.0,1.0,1430.0,15246.0,1.0,0.0,0.0,4,7,980.0,450.0,1961,0.0,98031,47.4075,-122.214,1960.0,13068.0,2015-01-15,235000.0
7202340400,3.0,2.5,1480.0,4729.0,2.0,0.0,0.0,3,7,1480.0,0.0,2004,0.0,98053,47.6794,-122.034,2250.0,4729.0,2015-03-03,516500.0
8096000060,2.0,1.75,1450.0,15798.0,2.0,1.0,4.0,3,7,1230.0,220.0,1915,19780.0,98166,47.4497,-122.375,2030.0,13193.0,2015-04-13,655000.0
2424000060,4.0,2.75,2280.0,15347.0,1.0,0.0,0.0,5,7,2280.0,0.0,1960,0.0,98059,47.5218,-122.164,2280.0,15347.0,2014-06-16,500000.0
9264902050,6.0,2.75,2940.0,7350.0,1.0,0.0,0.0,3,8,1780.0,1160.0,1978,0.0,98023,47.3103,-122.339,2120.0,8236.0,2014-11-21,315000.0
943100260,2.0,1.0,1000.0,10200.0,1.0,0.0,0.0,3,6,1000.0,0.0,1961,0.0,98024,47.5687,-121.899,1150.0,13702.0,2014-11-20,213000.0
3677400445,3.0,1.5,2480.0,5280.0,1.5,0.0,0.0,5,7,1620.0,860.0,1947,0.0,98108,47.5575,-122.303,2090.0,4800.0,2014-09-02,475000.0
1762600320,5.0,4.0,3760.0,28040.0,2.0,0.0,0.0,3,10,3760.0,0.0,1983,0.0,98033,47.6489,-122.183,3430.0,35096.0,2014-06-10,1030000.0
4058000060,3.0,2.0,2220.0,94300.0,1.0,0.0,0.0,5,7,1640.0,580.0,1976,0.0,98010,47.3459,-121.95,2070.0,80100.0,2015-04-09,416000.0
7228500560,4.0,1.0,1970.0,4740.0,1.5,0.0,0.0,3,7,1670.0,300.0,1904,20050.0,98122,47.6136,-122.303,1510.0,4740.0,2015-03-20,410000.0
326069104,3.0,3.5,3830.0,221284.0,2.0,0.0,0.0,3,10,3530.0,300.0,1993,0.0,98077,47.7641,-122.023,2920.0,148539.0,2014-07-01,800000.0
5152100060,6.0,2.5,4410.0,14034.0,1.0,0.0,2.0,4,9,2350.0,2060.0,1965,0.0,98003,47.3376,-122.324,2600.0,13988.0,2014-05-29,472000.0
3584000310,3.0,1.75,1430.0,8505.0,1.0,0.0,0.0,4,7,1430.0,0.0,1968,0.0,98003,47.3173,-122.319,1190.0,8640.0,2014-12-08,225000.0
8150100045,2.0,1.0,830.0,6000.0,1.0,0.0,0.0,3,6,830.0,0.0,1940,0.0,98126,47.5308,-122.376,830.0,4960.0,2014-10-01,210000.0
1868901275,2.0,1.0,1430.0,5000.0,1.5,0.0,0.0,2,7,1430.0,0.0,1925,0.0,98115,47.6727,-122.299,1450.0,3750.0,2015-01-27,455000.0
6131600075,3.0,1.0,1300.0,8316.0,1.0,0.0,0.0,4,6,1300.0,0.0,1954,0.0,98002,47.3221,-122.216,1260.0,8316.0,2015-04-27,225000.0
9468200125,2.0,1.0,1030.0,3060.0,1.0,0.0,2.0,4,7,790.0,240.0,1918,0.0,98103,47.6779,-122.353,1390.0,3060.0,2014-08-26,480000.0
8029510030,3.0,2.5,2740.0,11872.0,2.0,0.0,0.0,3,9,2740.0,0.0,1990,0.0,98023,47.3076,-122.395,2570.0,10377.0,2015-02-12,363000.0
2025069065,4.0,2.5,3650.0,8354.0,1.0,1.0,4.0,3,9,1830.0,1820.0,2000,0.0,98074,47.6338,-122.072,3120.0,18841.0,2014-09-29,2400000.0
7899800890,2.0,1.5,720.0,5120.0,1.0,0.0,0.0,3,6,720.0,0.0,1954,0.0,98106,47.5218,-122.357,1150.0,2566.0,2015-02-26,181000.0
3021059276,4.0,2.0,2010.0,7312.0,1.0,0.0,0.0,4,7,2010.0,0.0,1976,0.0,98002,47.2785,-122.213,2010.0,7650.0,2015-03-14,250000.0
3797001895,3.0,1.75,1560.0,3000.0,1.0,0.0,0.0,4,6,770.0,790.0,1918,0.0,98103,47.6846,-122.345,1390.0,3000.0,2015-04-22,481000.0
3832710960,3.0,2.0,1810.0,7209.0,1.0,0.0,0.0,4,7,1240.0,570.0,1978,0.0,98032,47.3656,-122.278,1750.0,7209.0,2014-09-23,260000.0
1310430400,4.0,2.5,3360.0,7685.0,2.0,0.0,0.0,3,9,3360.0,0.0,2001,0.0,98058,47.4369,-122.111,3060.0,6567.0,2014-05-13,455000.0
1422300030,3.0,2.25,1510.0,36224.0,2.0,0.0,0.0,3,8,1510.0,0.0,1991,0.0,98045,47.4616,-121.711,1730.0,36224.0,2015-04-01,415000.0
1105000588,3.0,1.0,1400.0,3538.0,1.0,0.0,0.0,3,7,800.0,600.0,1953,0.0,98118,47.5405,-122.27,1620.0,6331.0,2015-04-21,349500.0
3830630060,3.0,2.5,1730.0,7442.0,2.0,0.0,0.0,3,7,1730.0,0.0,1987,0.0,98030,47.3507,-122.178,1630.0,6458.0,2014-09-29,245000.0
5101404898,2.0,2.0,1420.0,9191.0,1.5,0.0,2.0,5,7,1420.0,0.0,1928,0.0,98115,47.6979,-122.32,1420.0,6816.0,2014-05-19,592500.0
7972601890,4.0,1.75,2360.0,7620.0,1.0,0.0,0.0,4,7,1180.0,1180.0,1955,0.0,98106,47.5278,-122.345,1910.0,7620.0,2014-10-20,385000.0
5127001620,3.0,1.75,1580.0,11455.0,1.0,0.0,0.0,4,7,1200.0,380.0,1974,0.0,98059,47.4756,-122.147,1550.0,10650.0,2015-02-11,315000.0
9407100800,3.0,1.0,1230.0,10170.0,1.0,0.0,0.0,3,7,1230.0,0.0,1979,0.0,98045,47.4437,-121.772,1380.0,10098.0,2014-11-24,255000.0
1873100060,4.0,2.5,2460.0,4425.0,2.0,,0.0,3,8,2460.0,0.0,2006,0.0,98052,47.7048,-122.109,2990.0,5659.0,2014-08-29,693000.0
8722101360,3.0,1.0,1660.0,4400.0,1.5,0.0,0.0,3,8,1460.0,200.0,1911,0.0,98112,47.6362,-122.302,1660.0,4400.0,2014-12-02,780000.0
8644000060,3.0,1.75,1270.0,8470.0,1.0,0.0,0.0,4,7,1270.0,0.0,1960,0.0,98198,47.4207,-122.29,1600.0,8470.0,2014-10-24,237000.0
3325069129,3.0,2.25,2100.0,40510.0,2.0,0.0,0.0,3,10,1320.0,780.0,1979,0.0,98074,47.6154,-122.047,2380.0,33450.0,2014-12-16,525000.0
1400300055,2.0,1.0,770.0,5040.0,1.0,0.0,0.0,3,5,770.0,0.0,1930,0.0,98144,47.5964,-122.299,1330.0,2580.0,2015-04-28,425000.0
2123039032,1.0,0.75,760.0,10079.0,1.0,1.0,4.0,5,5,760.0,0.0,1936,0.0,98070,47.4683,-122.438,1230.0,14267.0,2014-10-27,369900.0
8078560140,4.0,2.5,1700.0,7280.0,2.0,0.0,0.0,4,7,1700.0,0.0,1988,0.0,98031,47.4045,-122.171,1950.0,7475.0,2014-05-19,290000.0
3438500192,3.0,1.0,1120.0,10701.0,1.0,0.0,0.0,3,7,1120.0,0.0,1954,0.0,98106,47.5544,-122.358,1130.0,6350.0,2014-09-29,285000.0
7974200510,2.0,1.0,1070.0,4500.0,1.0,0.0,0.0,3,7,1070.0,0.0,1937,0.0,98115,47.6802,-122.29,1320.0,4465.0,2014-08-14,415000.0
2557000400,3.0,2.5,2070.0,9900.0,1.0,0.0,0.0,3,8,1420.0,650.0,1979,0.0,98023,47.2988,-122.371,2070.0,8250.0,2015-04-09,272500.0
7960900060,4.0,3.25,5050.0,20100.0,1.5,0.0,2.0,3,11,4750.0,300.0,1982,0.0,98004,47.6312,-122.223,3890.0,20060.0,2015-05-04,2900000.0
4054500390,4.0,4.75,5310.0,57346.0,2.0,0.0,0.0,4,11,5310.0,0.0,1989,0.0,98077,47.7285,-122.042,4180.0,47443.0,2014-10-07,1370000.0
6378500125,2.0,1.0,1040.0,7538.0,1.0,,0.0,4,7,1040.0,0.0,1939,0.0,98133,47.7107,-122.352,1440.0,7530.0,2015-05-01,436000.0
1745100140,3.0,1.0,1700.0,11390.0,1.0,0.0,0.0,4,7,1700.0,0.0,1967,0.0,98003,47.3271,-122.323,1350.0,8164.0,2014-10-17,210000.0
2976800796,3.0,1.0,1300.0,5898.0,1.0,,0.0,3,7,1300.0,0.0,1961,0.0,98178,47.5053,-122.255,1320.0,7619.0,2014-09-25,236000.0
4235400186,3.0,1.75,1080.0,1306.0,1.0,0.0,0.0,3,7,580.0,500.0,1954,20030.0,98199,47.6601,-122.4,1440.0,2225.0,2014-11-24,331000.0
4215100060,3.0,2.5,2653.0,4510.0,2.0,0.0,0.0,3,8,2653.0,0.0,2006,0.0,98031,47.4145,-122.166,2653.0,4927.0,2015-03-20,365000.0
9189700045,3.0,2.0,2290.0,16258.0,1.0,0.0,0.0,5,8,2290.0,0.0,1960,0.0,98058,47.4672,-122.165,1660.0,10530.0,2015-01-27,450000.0
1126049053,4.0,2.75,3820.0,26300.0,2.0,0.0,0.0,3,9,2850.0,970.0,2014,0.0,98028,47.7618,-122.261,1860.0,12136.0,2014-11-13,770000.0
2022069200,4.0,2.5,2210.0,49375.0,1.0,0.0,0.0,3,8,2210.0,0.0,1997,0.0,98038,47.3828,-122.071,2670.0,49385.0,2015-05-05,455000.0
9412900055,3.0,1.75,2390.0,6000.0,1.0,0.0,0.0,3,6,1240.0,1150.0,1908,0.0,98118,47.5362,-122.268,2020.0,6000.0,2015-05-05,405000.0
1722059235,4.0,1.75,2600.0,11325.0,1.0,0.0,0.0,4,7,1610.0,990.0,1969,0.0,98031,47.3954,-122.206,1720.0,11088.0,2014-07-03,304900.0
6874200960,2.0,1.0,860.0,5265.0,1.0,0.0,0.0,3,6,860.0,0.0,1931,0.0,98178,47.5048,-122.272,1650.0,8775.0,2015-02-27,170000.0
7424700045,5.0,3.0,3830.0,8480.0,2.0,0.0,1.0,5,9,2630.0,1200.0,1905,19940.0,98122,47.6166,-122.287,3050.0,7556.0,2015-05-13,2050000.0
7202360350,4.0,2.5,3500.0,7048.0,2.0,0.0,0.0,3,9,3500.0,0.0,2005,0.0,98053,47.6811,-122.025,3920.0,7864.0,2014-06-30,780000.0
5634500392,3.0,3.0,2420.0,13959.0,1.0,0.0,0.0,4,8,1740.0,680.0,1988,0.0,98028,47.7486,-122.23,2570.0,13300.0,2015-04-10,330000.0
1509500060,4.0,2.5,2720.0,8666.0,2.0,0.0,0.0,3,9,2720.0,0.0,1992,0.0,98030,47.3846,-122.169,2410.0,8100.0,2014-09-05,370000.0
7214810350,5.0,2.25,2500.0,13500.0,1.0,0.0,0.0,3,7,1850.0,650.0,1979,0.0,98072,47.7564,-122.144,2300.0,9750.0,2014-10-17,467000.0
6647200060,3.0,1.75,1670.0,6720.0,1.0,,0.0,3,7,1140.0,530.0,1980,0.0,98034,47.7198,-122.193,1670.0,7320.0,2015-02-09,405000.0
9552700140,5.0,2.25,2900.0,10300.0,1.0,0.0,0.0,3,8,1450.0,1450.0,1985,0.0,98006,47.5461,-122.151,2310.0,10300.0,2014-07-02,675000.0
2200500350,2.0,1.0,1640.0,14100.0,1.0,0.0,0.0,4,7,1140.0,500.0,1954,0.0,98006,47.5712,-122.143,1520.0,13527.0,2014-08-12,500000.0
6113400046,4.0,2.5,1890.0,15770.0,2.0,,0.0,4,7,1890.0,0.0,1968,0.0,98166,47.4281,-122.343,2410.0,15256.0,2014-07-23,389999.0
6619910140,4.0,1.75,2950.0,9025.0,1.0,0.0,2.0,4,8,1780.0,1170.0,1975,0.0,98034,47.7128,-122.223,2120.0,9600.0,2015-02-24,630000.0
1115450240,4.0,2.5,2160.0,9528.0,2.0,0.0,0.0,3,9,2160.0,0.0,1992,0.0,98001,47.3341,-122.255,2280.0,9937.0,2014-10-22,360000.0
6073240060,4.0,3.0,3280.0,11060.0,2.0,0.0,0.0,3,8,2270.0,1010.0,1986,0.0,98056,47.5399,-122.181,2320.0,11004.0,2014-10-02,580000.0
9297300045,3.0,2.0,1970.0,4166.0,2.0,0.0,3.0,5,8,1270.0,700.0,1929,0.0,98126,47.5717,-122.375,2390.0,4166.0,2014-07-09,550000.0
9510920070,4.0,2.5,3360.0,22111.0,2.0,0.0,0.0,3,10,3360.0,0.0,1994,0.0,98075,47.5951,-122.017,3150.0,11374.0,2014-07-10,879000.0
5468730030,3.0,2.0,1320.0,8959.0,1.0,,0.0,3,7,1320.0,0.0,1993,0.0,98042,47.3536,-122.144,1740.0,7316.0,2014-08-22,265000.0
8079030390,3.0,2.5,2650.0,7286.0,2.0,,0.0,3,8,2650.0,0.0,1990,0.0,98059,47.5084,-122.154,2400.0,7220.0,2015-03-04,446500.0
600000152,3.0,1.5,2030.0,8880.0,1.0,0.0,0.0,3,7,1330.0,700.0,1963,0.0,98108,47.5586,-122.311,2140.0,5592.0,2014-06-02,404000.0
1840000030,3.0,1.75,1590.0,11914.0,1.0,0.0,2.0,3,7,1090.0,500.0,1957,0.0,98188,47.4427,-122.274,1630.0,9052.0,2014-05-29,267500.0
3225069065,4.0,5.0,4550.0,18641.0,1.0,1.0,4.0,3,10,2600.0,1950.0,2002,0.0,98074,47.6053,-122.077,4550.0,19508.0,2014-06-24,3080000.0
3260800030,3.0,2.5,2440.0,7632.0,2.0,0.0,0.0,3,8,2440.0,0.0,1998,0.0,98003,47.3494,-122.301,2510.0,7903.0,2014-08-11,335000.0
2747100024,3.0,2.5,1940.0,9000.0,1.0,,0.0,4,7,970.0,970.0,1948,0.0,98117,47.6933,-122.393,2190.0,7310.0,2014-06-19,576000.0
5104530560,3.0,2.5,2040.0,3810.0,2.0,0.0,0.0,3,8,2040.0,0.0,2006,0.0,98038,47.3537,-122.0,2370.0,4590.0,2015-04-01,208633.0
4330600350,3.0,2.25,2200.0,8750.0,1.0,0.0,0.0,4,7,1120.0,1080.0,1964,0.0,98166,47.476,-122.337,1460.0,10139.0,2015-01-15,315000.0
5016001535,3.0,1.75,1920.0,3300.0,1.0,0.0,0.0,4,8,960.0,960.0,1913,0.0,98112,47.6239,-122.298,1740.0,4000.0,2015-02-17,725000.0
7280300196,4.0,2.75,1800.0,7750.0,1.0,0.0,0.0,4,8,1400.0,400.0,1965,0.0,98177,47.7776,-122.384,1800.0,8275.0,2015-04-03,550000.0
8651520400,4.0,2.25,2180.0,7297.0,2.0,0.0,0.0,3,8,2180.0,0.0,1984,0.0,98074,47.6459,-122.058,2250.0,9781.0,2014-06-12,610750.0
7171200445,2.0,1.0,1010.0,5000.0,1.5,0.0,0.0,4,6,1010.0,0.0,1908,0.0,98105,47.6692,-122.297,1460.0,5000.0,2015-02-28,550700.0
3204800200,4.0,2.75,3320.0,10574.0,2.0,,0.0,5,8,2220.0,,1960,0.0,98056,47.5376,-122.18,2720.0,8330.0,2015-01-08,665000.0
3416600800,4.0,2.5,2370.0,4000.0,1.5,0.0,2.0,5,8,1980.0,390.0,1928,0.0,98144,47.601,-122.294,2440.0,5750.0,2015-02-09,834000.0
7994700030,5.0,1.75,1660.0,78408.0,1.5,0.0,0.0,3,6,1660.0,0.0,1915,0.0,98065,47.529,-121.837,1660.0,78408.0,2014-10-23,201000.0
1860600135,5.0,2.5,3650.0,9050.0,2.0,0.0,4.0,5,10,3370.0,280.0,1921,0.0,98119,47.6345,-122.367,2880.0,5400.0,2014-05-02,2380000.0
4139480200,4.0,3.25,4290.0,12103.0,1.0,0.0,3.0,3,11,2690.0,1600.0,1997,0.0,98006,47.5503,-122.102,3860.0,11244.0,2014-06-18,1380000.0
4139480200,4.0,3.25,4290.0,12103.0,1.0,0.0,3.0,3,11,2690.0,1600.0,1997,0.0,98006,47.5503,-122.102,3860.0,11244.0,2014-12-09,1400000.0
1328320800,4.0,2.25,1950.0,7700.0,1.0,0.0,0.0,3,8,1350.0,600.0,1979,0.0,98058,47.4441,-122.125,2150.0,7350.0,2014-11-05,305000.0
7771300125,3.0,2.0,2590.0,14052.0,1.0,0.0,0.0,5,8,1720.0,870.0,1948,0.0,98133,47.7357,-122.333,1570.0,8162.0,2015-04-08,487000.0
3422059208,3.0,2.5,1930.0,64904.0,1.0,0.0,0.0,4,8,1930.0,0.0,1988,0.0,98042,47.346,-122.157,2350.0,57500.0,2015-05-11,390000.0
9521101455,2.0,1.0,1470.0,3864.0,1.0,0.0,0.0,4,7,1170.0,300.0,1916,0.0,98103,47.6638,-122.345,1570.0,3864.0,2014-07-23,548000.0
4337000335,4.0,1.0,800.0,8775.0,1.0,0.0,0.0,3,6,800.0,0.0,1943,0.0,98166,47.48,-122.336,1310.0,8775.0,2014-11-22,268750.0
325059286,5.0,2.75,3150.0,7119.0,2.0,0.0,0.0,3,9,3150.0,0.0,2013,0.0,98052,47.6759,-122.151,1560.0,8384.0,2014-05-13,819900.0
2597650240,3.0,2.25,2030.0,16200.0,2.0,0.0,0.0,3,8,2030.0,0.0,1984,0.0,98027,47.5162,-122.057,2660.0,17958.0,2014-10-23,520000.0
3353400435,3.0,2.0,1450.0,11204.0,1.0,0.0,0.0,3,7,1450.0,0.0,2003,0.0,98001,47.2639,-122.252,1520.0,9518.0,2014-07-21,230000.0
7972000240,3.0,1.75,1510.0,10248.0,1.0,0.0,0.0,3,7,1510.0,0.0,1969,0.0,98023,47.2929,-122.371,1510.0,9753.0,2015-02-02,240000.0
7520000520,2.0,1.0,1240.0,12092.0,1.0,0.0,0.0,3,6,960.0,280.0,1922,19840.0,98146,47.4957,-122.352,1820.0,7460.0,2014-09-05,232000.0
7520000520,2.0,1.0,1240.0,12092.0,1.0,0.0,0.0,3,6,960.0,280.0,1922,19840.0,98146,47.4957,-122.352,1820.0,7460.0,2015-03-11,240500.0
3530210260,3.0,2.5,3030.0,45004.0,2.0,0.0,0.0,3,9,3030.0,0.0,1987,0.0,98077,47.7721,-122.093,3080.0,35781.0,2014-10-27,274975.0
1959700550,4.0,2.0,2050.0,4400.0,1.5,0.0,0.0,4,9,2050.0,0.0,1922,0.0,98102,47.644,-122.319,2320.0,5500.0,2014-09-05,740000.0
1665400045,3.0,1.0,1000.0,7636.0,1.0,0.0,0.0,2,7,1000.0,0.0,1952,0.0,98166,47.472,-122.344,1150.0,7600.0,2015-04-28,186375.0
9542850320,3.0,2.25,2370.0,10289.0,1.0,0.0,0.0,4,9,1590.0,780.0,1977,0.0,98005,47.592,-122.166,2500.0,10004.0,2014-07-25,790000.0
3179100060,4.0,3.5,2800.0,6750.0,2.0,,0.0,3,9,1890.0,910.0,1951,20020.0,98105,47.669,-122.275,2370.0,6120.0,2014-09-16,880000.0
2946001550,6.0,1.75,2240.0,11180.0,2.0,0.0,0.0,4,7,2240.0,0.0,1955,0.0,98198,47.42,-122.323,1590.0,7955.0,2015-04-16,279000.0
8078490390,3.0,2.0,1810.0,10530.0,1.0,0.0,2.0,3,8,1810.0,0.0,1991,0.0,98022,47.1913,-122.012,1910.0,10450.0,2014-07-29,295000.0
9550201550,2.0,1.0,1070.0,5000.0,1.0,0.0,0.0,3,7,1070.0,0.0,1924,0.0,98103,47.6666,-122.331,1710.0,5000.0,2015-04-08,640000.0
191100045,4.0,2.0,2490.0,9525.0,2.0,0.0,0.0,5,9,2490.0,0.0,1968,0.0,98040,47.5639,-122.217,2770.0,9525.0,2014-07-03,940000.0
5009600070,4.0,2.5,1960.0,5238.0,2.0,0.0,0.0,3,7,1960.0,0.0,2003,0.0,98038,47.3483,-122.052,1800.0,5894.0,2014-10-07,260000.0
200350070,3.0,2.75,2930.0,5569.0,1.0,0.0,0.0,3,9,1860.0,1070.0,2004,0.0,98072,47.7648,-122.164,2580.0,11045.0,2014-06-02,559900.0
2877103726,4.0,2.0,1510.0,3500.0,1.5,0.0,0.0,5,7,1510.0,0.0,1911,0.0,98103,47.6794,-122.357,1820.0,3750.0,2014-07-22,791500.0
405100295,3.0,1.75,1420.0,8250.0,1.0,0.0,0.0,3,7,1420.0,0.0,1954,0.0,98133,47.7535,-122.354,1740.0,8000.0,2014-08-26,265000.0
4268200055,3.0,1.75,1740.0,11547.0,1.0,0.0,0.0,3,7,1740.0,0.0,1954,0.0,98178,47.4945,-122.22,880.0,78408.0,2015-05-01,245000.0
3126069068,4.0,1.75,2560.0,43995.0,2.0,0.0,0.0,4,7,2560.0,0.0,1962,0.0,98052,47.6945,-122.093,2560.0,14764.0,2015-04-24,485000.0
1115300070,4.0,3.5,3040.0,8414.0,2.0,0.0,0.0,3,9,2420.0,620.0,2010,0.0,98059,47.5222,-122.157,3470.0,8066.0,2014-11-06,684000.0
6414100671,3.0,1.75,2500.0,6840.0,1.0,0.0,0.0,3,8,1300.0,1200.0,1957,0.0,98125,47.7222,-122.32,1580.0,8691.0,2014-09-09,425000.0
7004200060,4.0,1.75,1275.0,20000.0,1.0,0.0,0.0,4,6,1275.0,0.0,1991,0.0,98070,47.3796,-122.49,1660.0,20000.0,2014-10-17,309600.0
7852110140,4.0,2.5,2580.0,5823.0,2.0,0.0,0.0,3,8,2580.0,0.0,2002,0.0,98065,47.5374,-121.875,2380.0,5823.0,2014-07-18,552250.0
3969300030,4.0,1.0,1000.0,7134.0,1.0,0.0,0.0,3,6,1000.0,0.0,1943,0.0,98178,47.4897,-122.24,1020.0,7138.0,2014-07-23,165000.0
3969300030,4.0,1.0,1000.0,7134.0,1.0,0.0,0.0,3,6,1000.0,0.0,1943,0.0,98178,47.4897,-122.24,1020.0,7138.0,2014-12-29,239900.0
4048400070,2.0,1.0,1070.0,32633.0,1.0,0.0,0.0,4,6,1070.0,0.0,1930,0.0,98059,47.4716,-122.078,1360.0,32156.0,2014-12-05,320000.0
808000070,3.0,2.0,1390.0,13464.0,1.0,0.0,0.0,4,7,1390.0,0.0,1987,0.0,98030,47.3581,-122.173,1720.0,12080.0,2014-10-21,206600.0
7374200030,4.0,1.75,2500.0,7690.0,1.0,0.0,0.0,3,7,1250.0,1250.0,1973,0.0,98155,47.7713,-122.307,2040.0,8646.0,2015-04-16,387000.0
7325600160,1.0,0.75,560.0,12120.0,1.0,,0.0,3,4,560.0,0.0,1967,0.0,98014,47.675,-121.854,1300.0,19207.0,2014-06-04,299000.0
2757000030,4.0,2.75,2270.0,10460.0,2.0,0.0,0.0,3,9,2270.0,0.0,1965,0.0,98040,47.5603,-122.222,2610.0,10180.0,2014-09-22,855000.0
616000140,3.0,1.0,1900.0,14400.0,1.0,0.0,0.0,4,7,1300.0,600.0,1954,0.0,98166,47.4147,-122.337,1940.0,14400.0,2015-01-26,315000.0
3363900111,2.0,1.0,990.0,3120.0,1.0,,2.0,5,7,790.0,200.0,1907,0.0,98103,47.68,-122.353,1930.0,3120.0,2014-12-03,437500.0
9262800171,4.0,1.5,1550.0,19800.0,1.0,0.0,0.0,4,7,1050.0,500.0,1969,0.0,98001,47.3117,-122.27,1640.0,22654.0,2015-03-24,252000.0
6607000126,4.0,1.75,2200.0,7475.0,1.0,0.0,0.0,5,7,1100.0,1100.0,1955,0.0,98118,47.543,-122.28,1600.0,5766.0,2014-06-04,375000.0
5416510830,4.0,2.5,1910.0,4862.0,2.0,0.0,0.0,3,7,1910.0,0.0,2005,0.0,98038,47.3607,-122.034,2010.0,5091.0,2014-08-06,300000.0
2201500030,4.0,1.0,1750.0,9600.0,1.5,,0.0,4,7,1750.0,0.0,1954,0.0,98006,47.5759,-122.137,1750.0,10530.0,2014-10-06,420000.0
325059171,3.0,1.0,1330.0,77972.0,1.0,0.0,0.0,3,7,1330.0,0.0,1928,19540.0,98033,47.6891,-122.159,1340.0,17689.0,2014-05-05,900000.0
952003285,3.0,2.5,2440.0,5750.0,2.0,,2.0,3,9,1980.0,460.0,2000,0.0,98116,47.565,-122.381,1520.0,5750.0,2014-08-05,679900.0
3211290370,3.0,2.5,1640.0,29970.0,2.0,0.0,0.0,3,7,1640.0,0.0,1992,0.0,98053,47.6359,-121.974,1580.0,28399.0,2014-06-05,463000.0
1072010350,5.0,2.5,2760.0,11340.0,2.0,0.0,0.0,4,9,2760.0,0.0,1978,0.0,98059,47.4769,-122.141,2470.0,11340.0,2014-08-28,380000.0
8856950070,4.0,2.5,1820.0,7912.0,2.0,0.0,0.0,3,7,1820.0,0.0,1994,0.0,98038,47.3845,-122.029,1820.0,8168.0,2014-12-10,329500.0
925059078,3.0,2.5,2110.0,5608.0,1.0,,0.0,3,8,1340.0,770.0,2013,0.0,98033,47.6743,-122.184,2040.0,9363.0,2014-08-19,604950.0
7855801090,5.0,2.5,3040.0,9570.0,1.0,0.0,2.0,4,8,1640.0,1400.0,1966,0.0,98006,47.5651,-122.164,2920.0,8800.0,2014-09-17,795000.0
723099065,3.0,2.0,1840.0,40438.0,2.0,0.0,0.0,3,7,1840.0,0.0,1994,0.0,98045,47.4853,-121.709,1380.0,44049.0,2015-01-30,465000.0
6116500075,4.0,2.5,2990.0,10400.0,2.0,0.0,0.0,3,9,2990.0,0.0,2002,0.0,98166,47.4508,-122.359,2140.0,17449.0,2015-03-26,673000.0
1118500030,4.0,2.5,3520.0,15420.0,2.0,,0.0,3,10,3520.0,0.0,1991,0.0,98074,47.6375,-122.016,3400.0,21455.0,2014-10-01,810000.0
424069250,4.0,2.75,2440.0,69415.0,1.0,0.0,0.0,4,8,1910.0,530.0,1989,0.0,98075,47.5944,-122.042,2770.0,24361.0,2015-04-23,785000.0
3291800710,4.0,3.0,2090.0,7500.0,1.0,0.0,0.0,3,7,1370.0,720.0,1986,0.0,98056,47.4888,-122.182,1810.0,7650.0,2014-11-20,338000.0
6838700060,3.0,2.25,1430.0,7222.0,2.0,0.0,0.0,3,7,1430.0,0.0,1993,0.0,98056,47.5112,-122.19,1430.0,7220.0,2014-12-04,280000.0
2231500030,4.0,2.25,2180.0,10754.0,1.0,,0.0,5,7,1100.0,1080.0,1954,0.0,98133,47.7711,-122.341,1810.0,6929.0,2014-10-01,315000.0
2231500030,4.0,2.25,2180.0,10754.0,1.0,,0.0,5,7,1100.0,1080.0,1954,0.0,98133,47.7711,-122.341,1810.0,6929.0,2015-03-24,530000.0
7683900200,5.0,3.0,3450.0,9914.0,2.0,0.0,0.0,3,9,3450.0,0.0,2004,0.0,98023,47.2813,-122.345,2860.0,9721.0,2014-12-23,380000.0
8155830060,3.0,2.25,1450.0,7562.0,2.0,0.0,0.0,3,7,1450.0,0.0,1994,0.0,98056,47.5038,-122.189,1650.0,7625.0,2014-08-11,297000.0
98020310,4.0,2.5,3230.0,7331.0,2.0,0.0,0.0,3,10,3230.0,0.0,2004,0.0,98075,47.5823,-121.97,3480.0,7447.0,2014-05-20,730000.0
9423400140,3.0,1.75,1640.0,13500.0,1.0,0.0,0.0,3,7,1110.0,530.0,1940,0.0,98125,47.7164,-122.304,1770.0,12600.0,2014-06-09,450000.0
1545804860,3.0,3.0,1590.0,7750.0,1.0,0.0,0.0,3,7,1060.0,530.0,1997,0.0,98038,47.3624,-122.045,1680.0,7500.0,2014-10-27,275000.0
2883200160,4.0,2.0,2020.0,2849.0,2.0,,0.0,3,7,2020.0,0.0,1960,0.0,98115,47.6831,-122.329,1910.0,3120.0,2015-04-29,595000.0
7132300695,3.0,1.5,1300.0,3348.0,1.5,0.0,0.0,3,7,1300.0,0.0,1904,20140.0,98144,47.592,-122.307,1590.0,2577.0,2015-04-21,435000.0
1726059053,2.0,1.5,1380.0,209959.0,1.0,0.0,0.0,1,6,1380.0,0.0,1954,0.0,98011,47.7461,-122.195,3130.0,19868.0,2014-09-16,270000.0
624111000,3.0,3.0,4040.0,14338.0,2.0,0.0,0.0,3,10,3030.0,1010.0,1986,0.0,98077,47.7268,-122.06,3360.0,14142.0,2014-08-05,950000.0
808300310,4.0,2.25,2130.0,5337.0,2.0,0.0,0.0,3,7,2130.0,0.0,2001,0.0,98019,47.7237,-121.959,2300.0,6930.0,2015-03-13,389000.0
8563040160,4.0,2.25,2550.0,7800.0,1.0,0.0,0.0,3,8,1580.0,970.0,1968,0.0,98052,47.6283,-122.095,2420.0,8050.0,2015-01-21,560000.0
713500030,5.0,3.5,4800.0,14984.0,2.0,0.0,2.0,3,11,3480.0,,1998,0.0,98006,47.5543,-122.148,4050.0,19009.0,2014-07-28,1350000.0
8651600160,4.0,2.25,2510.0,11585.0,2.0,0.0,0.0,4,8,2510.0,0.0,1969,0.0,98040,47.5483,-122.226,2450.0,9691.0,2014-11-11,799000.0
9517200030,3.0,2.0,1410.0,9600.0,1.0,0.0,0.0,4,7,1410.0,0.0,1983,0.0,98072,47.7591,-122.146,1410.0,9600.0,2014-06-25,365500.0
2460700700,3.0,2.0,1650.0,7352.0,1.0,0.0,0.0,3,7,1160.0,490.0,1979,0.0,98058,47.4612,-122.169,1710.0,7350.0,2014-05-15,252350.0
1223039290,4.0,2.5,2120.0,13780.0,2.0,0.0,0.0,3,8,2120.0,0.0,1993,0.0,98146,47.4987,-122.365,1880.0,12000.0,2014-09-05,403950.0
2890100060,4.0,1.5,2040.0,10726.0,1.0,0.0,0.0,3,7,1380.0,660.0,1954,0.0,98177,47.772,-122.358,1610.0,10020.0,2014-08-01,385000.0
7972600860,4.0,1.0,1550.0,7620.0,1.5,0.0,0.0,3,7,1550.0,0.0,1957,0.0,98106,47.5287,-122.35,1450.0,7620.0,2014-12-10,345000.0
8857320070,3.0,2.75,1980.0,3128.0,2.0,0.0,0.0,4,9,1980.0,0.0,1979,0.0,98008,47.6109,-122.114,1950.0,2856.0,2014-09-17,490000.0
4047200695,3.0,2.5,1600.0,26977.0,2.0,0.0,0.0,3,8,1600.0,0.0,2005,0.0,98019,47.7736,-121.901,1790.0,27743.0,2014-06-18,330000.0
1653500070,4.0,2.75,3300.0,12090.0,2.0,0.0,0.0,3,8,3300.0,0.0,1953,0.0,98004,47.6294,-122.218,3180.0,12239.0,2014-05-12,927000.0
1923000030,4.0,2.5,3840.0,16619.0,2.0,,1.0,4,10,3840.0,0.0,1983,0.0,98040,47.5634,-122.213,3600.0,16553.0,2014-07-28,1120000.0
3649100320,2.0,1.0,1220.0,10000.0,1.0,0.0,0.0,5,7,1220.0,0.0,1950,0.0,98028,47.7405,-122.241,2000.0,9600.0,2015-04-30,330000.0
7375300160,5.0,2.25,2720.0,8800.0,1.0,0.0,0.0,4,7,1500.0,1220.0,1958,0.0,98008,47.5976,-122.118,2110.0,8800.0,2015-03-09,530000.0
5175800060,4.0,2.0,1940.0,25600.0,1.0,,0.0,1,8,1940.0,0.0,1962,0.0,98006,47.5722,-122.129,2000.0,10071.0,2014-06-23,365000.0
1604601375,3.0,2.5,2160.0,3000.0,1.5,0.0,0.0,3,7,1260.0,900.0,1909,20110.0,98118,47.5644,-122.289,1060.0,3500.0,2014-06-19,378750.0
2473251090,4.0,1.75,1530.0,8750.0,1.5,0.0,0.0,4,7,1530.0,0.0,1968,0.0,98058,47.4556,-122.157,1390.0,8750.0,2014-06-19,269900.0
9126100861,3.0,3.5,1710.0,2096.0,2.0,0.0,0.0,3,8,1290.0,420.0,2008,0.0,98122,47.6055,-122.305,1630.0,1543.0,2015-03-06,557000.0
3420069065,4.0,1.75,3730.0,16980.0,1.0,0.0,0.0,4,7,2150.0,1580.0,1974,0.0,98022,47.1775,-122.022,1880.0,16963.0,2014-08-25,360000.0
6021501685,2.0,1.0,940.0,5000.0,1.0,0.0,0.0,4,7,940.0,0.0,1937,0.0,98117,47.6879,-122.385,1560.0,4500.0,2015-04-22,352000.0
1151100070,3.0,2.5,1750.0,22357.0,2.0,,0.0,3,8,1750.0,0.0,1994,0.0,98045,47.4807,-121.779,2430.0,22357.0,2015-02-24,437000.0
8856950240,4.0,2.5,1820.0,6753.0,2.0,0.0,0.0,3,7,1820.0,0.0,1994,0.0,98038,47.3845,-122.032,1820.0,7107.0,2014-06-18,322500.0
9385200055,3.0,3.25,1510.0,2000.0,2.0,0.0,0.0,3,9,1330.0,180.0,2001,0.0,98116,47.5815,-122.402,1510.0,1352.0,2014-09-12,650000.0
7821200390,3.0,2.0,1290.0,1213.0,3.0,0.0,0.0,3,8,1290.0,0.0,2001,0.0,98103,47.6609,-122.344,1290.0,3235.0,2014-08-06,450000.0
8078520310,3.0,2.0,1570.0,5250.0,1.0,0.0,0.0,3,7,1570.0,0.0,1998,0.0,98092,47.3163,-122.188,1570.0,5250.0,2015-04-17,278500.0
1565950030,4.0,2.5,1930.0,6957.0,2.0,0.0,0.0,3,8,1930.0,0.0,1995,0.0,98055,47.4309,-122.191,2090.0,6996.0,2015-04-27,364950.0
1560930070,4.0,3.5,2840.0,40139.0,1.0,0.0,4.0,4,10,2840.0,0.0,1986,0.0,98038,47.401,-122.026,3180.0,36852.0,2014-09-11,840000.0
6700400140,3.0,2.5,1550.0,8134.0,2.0,0.0,0.0,3,7,1550.0,0.0,1991,0.0,98031,47.404,-122.191,1550.0,8134.0,2015-03-18,268000.0
2422029094,2.0,1.0,833.0,143947.0,1.0,0.0,0.0,3,5,833.0,0.0,2006,0.0,98070,47.3889,-122.482,1380.0,143947.0,2014-07-16,517534.0
1774220160,3.0,2.5,2990.0,32239.0,2.0,0.0,0.0,4,8,2990.0,0.0,1978,0.0,98077,47.7718,-122.095,2990.0,36497.0,2014-11-04,632925.0
1525200060,3.0,2.5,2000.0,7251.0,2.0,0.0,0.0,3,9,2000.0,0.0,1995,0.0,98034,47.7067,-122.2,2450.0,8118.0,2014-07-23,577500.0
1678400105,4.0,1.5,2390.0,7480.0,1.5,0.0,2.0,3,7,2390.0,0.0,1920,0.0,98178,47.504,-122.227,2850.0,6867.0,2015-02-12,339000.0
3426059070,3.0,1.75,2910.0,37461.0,1.0,0.0,0.0,4,7,1530.0,1380.0,1967,0.0,98052,47.7015,-122.164,2520.0,18295.0,2014-09-09,570000.0
824079032,4.0,1.75,2085.0,174240.0,1.0,0.0,0.0,3,7,1610.0,475.0,1964,0.0,98024,47.5753,-121.95,2690.0,174240.0,2014-06-26,563500.0
2697100140,4.0,2.25,2200.0,9351.0,1.0,0.0,0.0,5,7,1290.0,910.0,1962,0.0,98133,47.7448,-122.333,1910.0,8660.0,2015-01-05,423000.0
8724300030,3.0,2.25,1860.0,5028.0,2.0,,0.0,3,8,1860.0,0.0,2012,0.0,98019,47.7318,-121.982,2320.0,5465.0,2014-12-23,355000.0
8678500060,5.0,4.25,6070.0,171626.0,2.0,0.0,0.0,3,12,6070.0,0.0,1999,0.0,98024,47.5954,-121.95,4680.0,211267.0,2014-07-10,1550000.0
625049299,2.0,1.0,950.0,3960.0,1.0,0.0,0.0,3,7,950.0,0.0,1941,0.0,98103,47.6885,-122.337,1320.0,4050.0,2014-12-03,482000.0
6073200075,3.0,1.75,1600.0,9135.0,1.0,0.0,0.0,5,7,1600.0,0.0,1955,0.0,98006,47.5724,-122.179,1580.0,9800.0,2014-07-30,625000.0
6388900710,3.0,2.5,2250.0,11632.0,2.0,0.0,0.0,3,8,2250.0,0.0,1988,0.0,98056,47.5272,-122.169,2360.0,11632.0,2014-12-19,538000.0
1442860160,3.0,2.5,2280.0,10255.0,2.0,0.0,0.0,4,8,2280.0,0.0,1985,0.0,98058,47.4334,-122.161,2310.0,10094.0,2015-01-07,380000.0
7942600310,2.0,1.0,940.0,5120.0,1.0,0.0,0.0,3,7,940.0,0.0,1909,0.0,98122,47.6073,-122.308,1300.0,5120.0,2014-07-17,375000.0
1545808560,3.0,2.5,1530.0,8500.0,1.0,0.0,0.0,5,7,1030.0,500.0,1996,0.0,98038,47.3592,-122.046,1850.0,8140.0,2015-04-03,245000.0
936000060,5.0,1.75,2190.0,27260.0,1.0,,0.0,4,7,2190.0,0.0,1947,0.0,98166,47.4546,-122.337,1620.0,39480.0,2014-11-14,310000.0
9808650060,3.0,2.0,2350.0,15021.0,1.0,0.0,0.0,4,8,1770.0,580.0,1976,0.0,98004,47.6408,-122.219,3530.0,15715.0,2015-02-25,1300000.0
3754700160,4.0,2.0,1440.0,7680.0,1.0,0.0,0.0,3,7,1200.0,240.0,1971,0.0,98034,47.7245,-122.2,1460.0,9660.0,2014-05-06,397000.0
305500140,3.0,2.5,2200.0,4052.0,2.0,0.0,0.0,3,8,2200.0,0.0,2005,0.0,98058,47.4362,-122.178,2310.0,5082.0,2015-05-12,365000.0
5468750060,4.0,3.0,2290.0,8250.0,2.0,0.0,0.0,3,9,2290.0,0.0,1990,0.0,98042,47.3739,-122.156,2290.0,8250.0,2014-10-28,328500.0
2944010240,4.0,3.0,4040.0,19700.0,2.0,0.0,0.0,3,11,4040.0,0.0,1987,0.0,98052,47.7205,-122.127,3930.0,21887.0,2014-09-08,988000.0
3454000060,4.0,2.5,2610.0,3277.0,1.5,0.0,0.0,5,8,1920.0,690.0,1922,0.0,98103,47.6636,-122.33,1810.0,3277.0,2014-07-22,1000000.0
646910160,3.0,2.5,1490.0,2138.0,2.0,,0.0,3,7,1490.0,0.0,2005,0.0,98055,47.4324,-122.197,1490.0,2094.0,2014-09-03,237000.0
8564950390,4.0,2.5,2450.0,5280.0,2.0,0.0,0.0,3,8,2450.0,0.0,2003,0.0,98011,47.7734,-122.224,2300.0,4674.0,2014-09-19,525000.0
2268400350,4.0,2.5,1710.0,9627.0,1.0,0.0,0.0,3,9,1440.0,270.0,1976,20140.0,98006,47.559,-122.164,2140.0,9131.0,2014-09-16,749000.0
7504101040,5.0,2.5,4870.0,11800.0,2.0,0.0,0.0,3,10,3470.0,1400.0,1983,0.0,98074,47.633,-122.041,3180.0,11398.0,2014-08-21,722500.0
11500890,3.0,2.5,3130.0,8750.0,2.0,,0.0,3,10,3130.0,0.0,1991,0.0,98052,47.6954,-122.103,2860.0,9003.0,2015-03-12,843000.0
9528102772,2.0,2.0,1270.0,1372.0,3.0,0.0,0.0,3,8,1270.0,0.0,2000,0.0,98115,47.6776,-122.318,1610.0,3090.0,2014-07-08,438000.0
284000223,3.0,1.75,2120.0,10875.0,1.0,0.0,2.0,3,8,1540.0,580.0,1977,0.0,98146,47.504,-122.382,2460.0,11760.0,2014-09-16,578000.0
3353401710,3.0,1.5,1670.0,8230.0,1.0,0.0,0.0,5,7,1670.0,0.0,1954,0.0,98001,47.2613,-122.255,2077.0,4910.0,2014-09-23,227950.0
8159610030,3.0,2.25,2070.0,11576.0,2.0,0.0,0.0,3,7,2070.0,0.0,1974,0.0,98001,47.3417,-122.271,1890.0,7519.0,2014-07-22,196000.0
3179100435,2.0,1.0,1420.0,5332.0,1.0,0.0,0.0,3,8,1070.0,350.0,1953,0.0,98105,47.6694,-122.275,2400.0,5406.0,2014-07-15,641000.0
822079033,3.0,1.5,1250.0,219978.0,1.0,0.0,0.0,4,6,1250.0,0.0,1980,0.0,98038,47.4056,-121.955,1930.0,210394.0,2015-04-22,350000.0
8857600960,3.0,1.0,940.0,7980.0,1.0,0.0,0.0,4,7,940.0,0.0,1960,0.0,98032,47.3838,-122.289,1150.0,8050.0,2014-08-19,205000.0
1774000200,3.0,1.75,1920.0,9102.0,1.0,0.0,0.0,3,7,1920.0,0.0,1968,0.0,98072,47.7487,-122.082,1920.0,9760.0,2014-12-02,400000.0
2024069128,3.0,2.5,3545.0,9816.0,1.0,0.0,0.0,3,10,2610.0,935.0,2005,0.0,98027,47.5534,-122.078,3630.0,7704.0,2014-11-10,1030000.0
1049010390,3.0,2.0,1260.0,5460.0,1.0,0.0,0.0,3,7,1260.0,0.0,1972,0.0,98034,47.7355,-122.18,1510.0,5460.0,2015-03-19,505000.0
7905370390,5.0,2.5,2340.0,7200.0,1.0,0.0,0.0,3,7,1300.0,1040.0,1975,0.0,98034,47.7206,-122.211,1930.0,7221.0,2014-10-09,475000.0
4140090240,3.0,2.25,2590.0,9263.0,1.0,0.0,0.0,5,8,1440.0,1150.0,1977,0.0,98028,47.7691,-122.262,2580.0,9450.0,2014-11-05,520000.0
4055700030,3.0,4.5,3970.0,24920.0,2.0,0.0,2.0,3,10,3260.0,710.0,1977,0.0,98034,47.7183,-122.258,2610.0,13838.0,2015-05-02,1450000.0
3775300030,3.0,1.75,1220.0,9732.0,1.0,0.0,0.0,3,7,1220.0,0.0,1965,0.0,98011,47.7736,-122.214,1630.0,10007.0,2014-12-31,333500.0
2525300030,3.0,1.0,1400.0,10403.0,1.0,0.0,0.0,4,6,1400.0,0.0,1976,0.0,98038,47.362,-122.029,1230.0,10209.0,2015-02-22,232000.0
1324059104,3.0,2.75,2360.0,16117.0,1.0,0.0,0.0,4,8,1710.0,650.0,1983,0.0,98006,47.5698,-122.121,2120.0,16117.0,2015-04-21,691100.0
2287000030,3.0,1.75,1870.0,9897.0,1.0,0.0,0.0,4,8,1870.0,0.0,1960,0.0,98040,47.5505,-122.221,1900.0,10005.0,2014-10-14,811000.0
7702010030,3.0,2.5,2830.0,5802.0,2.0,0.0,0.0,3,9,2830.0,0.0,2001,0.0,98028,47.7605,-122.234,2500.0,5788.0,2014-05-20,551000.0
1529200340,3.0,2.5,2260.0,3640.0,2.0,0.0,0.0,3,8,2260.0,0.0,1994,0.0,98072,47.7356,-122.157,2350.0,3710.0,2015-01-08,496500.0
2122039094,3.0,3.0,1970.0,20978.0,2.0,1.0,3.0,4,9,1770.0,200.0,1980,0.0,98070,47.3844,-122.438,2280.0,75396.0,2014-11-26,705000.0
1742800030,4.0,2.5,3140.0,9225.0,1.0,0.0,2.0,5,9,1770.0,1370.0,1966,0.0,98055,47.4904,-122.226,2460.0,9600.0,2014-06-12,578000.0
1796360350,3.0,1.75,1240.0,8659.0,1.0,0.0,0.0,5,7,1240.0,0.0,1986,0.0,98042,47.3663,-122.089,1490.0,8223.0,2015-01-28,255000.0
6154500070,4.0,3.5,3450.0,7832.0,2.0,0.0,0.0,3,10,3450.0,0.0,2007,0.0,98006,47.5637,-122.123,3220.0,8567.0,2014-06-26,1050000.0
1843100340,3.0,2.25,2570.0,8491.0,2.0,,0.0,4,8,2570.0,0.0,1989,0.0,98042,47.3759,-122.125,2400.0,8049.0,2015-03-05,348000.0
8944290160,3.0,2.0,1510.0,3413.0,2.0,0.0,0.0,3,7,1510.0,0.0,1985,0.0,98031,47.3912,-122.167,1570.0,3777.0,2014-11-04,230000.0
4166600473,4.0,2.25,2390.0,11250.0,2.0,0.0,0.0,3,9,2390.0,0.0,1988,0.0,98023,47.3305,-122.371,2480.0,11250.0,2014-12-09,359500.0
7282300125,3.0,1.0,980.0,7000.0,1.0,0.0,0.0,3,6,980.0,0.0,1953,0.0,98133,47.7617,-122.357,1220.0,7000.0,2014-11-12,330000.0
8658300340,1.0,0.75,430.0,5050.0,1.0,,0.0,2,4,430.0,0.0,1912,0.0,98014,47.6499,-121.909,1200.0,7500.0,2014-05-23,80000.0
2419600075,3.0,1.75,1480.0,6360.0,1.0,0.0,0.0,3,7,1480.0,0.0,1954,0.0,98133,47.7311,-122.353,1480.0,6360.0,2014-12-01,465000.0
2621760350,4.0,2.5,1850.0,7324.0,2.0,0.0,0.0,3,8,1850.0,0.0,1997,0.0,98042,47.3701,-122.107,2100.0,7329.0,2014-10-15,325000.0
1723049270,3.0,2.0,2270.0,28025.0,1.0,0.0,0.0,4,7,1920.0,350.0,1947,0.0,98168,47.4857,-122.318,1770.0,14833.0,2015-01-07,340500.0
4123840310,3.0,2.5,1810.0,5192.0,2.0,0.0,0.0,3,8,1810.0,0.0,1993,0.0,98038,47.3724,-122.042,1810.0,6200.0,2015-01-06,342500.0
2172000075,2.0,2.0,1610.0,17600.0,2.0,0.0,0.0,3,6,1610.0,0.0,1930,19830.0,98178,47.4855,-122.266,1310.0,12950.0,2014-06-23,290900.0
8651611170,3.0,4.25,3840.0,6161.0,2.0,0.0,0.0,3,10,3840.0,0.0,2000,0.0,98074,47.6336,-122.064,3230.0,7709.0,2015-02-13,868700.0
8820902200,4.0,2.75,4110.0,8400.0,2.0,0.0,1.0,3,9,3130.0,980.0,1928,0.0,98125,47.717,-122.281,2820.0,8400.0,2014-11-13,1200000.0
8651610890,4.0,3.25,4190.0,10259.0,2.0,0.0,0.0,3,11,3150.0,1040.0,2000,0.0,98074,47.6332,-122.066,4300.0,11919.0,2014-10-14,1150000.0
1853080570,4.0,2.75,3390.0,6298.0,2.0,0.0,0.0,3,9,3390.0,0.0,2011,0.0,98074,47.5906,-122.062,3390.0,7111.0,2014-08-11,859900.0
3629920030,4.0,2.25,1890.0,3006.0,2.0,0.0,0.0,3,7,1890.0,0.0,2003,0.0,98029,47.5461,-121.998,1580.0,3000.0,2014-08-08,520000.0
1604602050,3.0,2.5,1610.0,2527.0,2.0,,2.0,3,9,1080.0,530.0,2005,0.0,98118,47.5674,-122.29,1610.0,4173.0,2014-07-11,460000.0
6844700810,3.0,1.5,1050.0,4590.0,1.0,0.0,0.0,3,7,850.0,200.0,1949,0.0,98115,47.6943,-122.29,1770.0,5400.0,2014-09-01,438924.0
66000070,2.0,1.0,630.0,6550.0,1.0,0.0,0.0,3,5,630.0,0.0,1918,0.0,98126,47.5486,-122.38,1420.0,6550.0,2015-04-06,315000.0
6665800030,4.0,2.75,2910.0,10650.0,1.0,0.0,2.0,3,8,1780.0,1130.0,1975,0.0,98033,47.6658,-122.188,2920.0,10988.0,2014-07-18,590000.0
2205700350,4.0,1.75,1700.0,8640.0,1.0,0.0,0.0,3,7,850.0,850.0,1955,0.0,98006,47.5772,-122.153,1620.0,9000.0,2014-11-04,378500.0
5466000030,3.0,2.5,1950.0,8130.0,2.0,0.0,0.0,4,9,1950.0,0.0,1990,0.0,98042,47.3875,-122.161,2350.0,7691.0,2014-06-03,328500.0
6189200125,3.0,3.0,2990.0,9773.0,2.0,0.0,0.0,4,8,2990.0,0.0,1973,0.0,98005,47.6344,-122.174,2230.0,11553.0,2015-03-25,849950.0
9169600135,3.0,1.5,1350.0,6000.0,1.0,0.0,2.0,3,7,900.0,450.0,1950,0.0,98136,47.5275,-122.391,1730.0,6012.0,2014-10-27,525000.0
2625069070,4.0,3.25,4860.0,181319.0,2.5,0.0,0.0,3,9,4860.0,0.0,1993,0.0,98074,47.6179,-122.005,3850.0,181319.0,2015-04-10,1390000.0
8732131090,4.0,2.5,2160.0,7725.0,1.0,0.0,0.0,4,8,1460.0,700.0,1978,0.0,98023,47.3078,-122.378,2060.0,8250.0,2015-04-28,295000.0
9286000240,6.0,3.5,4860.0,11793.0,2.0,0.0,0.0,3,11,3860.0,1000.0,1998,0.0,98006,47.5521,-122.137,3600.0,11793.0,2014-07-11,1070000.0
1895000260,2.0,2.0,890.0,5000.0,1.0,0.0,0.0,3,6,890.0,0.0,1917,0.0,98118,47.5158,-122.264,1860.0,5000.0,2014-07-21,207950.0
8691370400,4.0,2.75,2810.0,7302.0,2.0,0.0,0.0,3,9,2810.0,0.0,2002,0.0,98075,47.5985,-121.977,2820.0,7302.0,2014-12-16,699900.0
5423010350,5.0,2.5,3400.0,9500.0,2.0,0.0,1.0,4,8,3400.0,0.0,1977,0.0,98027,47.5645,-122.082,3080.0,11081.0,2015-02-10,1280000.0
8562501040,4.0,1.5,1580.0,7350.0,1.0,0.0,0.0,4,7,960.0,620.0,1963,0.0,98052,47.6734,-122.154,1560.0,7350.0,2014-11-20,452000.0
2475200140,3.0,2.0,1680.0,5036.0,1.0,0.0,1.0,4,7,1680.0,0.0,1987,0.0,98055,47.4734,-122.186,1680.0,4921.0,2015-02-05,370000.0
7942100310,3.0,1.75,1300.0,11230.0,1.0,0.0,0.0,5,7,1300.0,0.0,1968,0.0,98042,47.3811,-122.087,1300.0,10794.0,2015-01-27,232000.0
3760000030,5.0,2.5,2820.0,14062.0,2.0,0.0,0.0,4,7,2380.0,440.0,1960,0.0,98034,47.7081,-122.215,1910.0,10392.0,2014-10-30,669950.0
1727500340,3.0,2.0,1510.0,6710.0,1.0,0.0,0.0,3,7,1070.0,440.0,1972,0.0,98034,47.7193,-122.216,1660.0,6600.0,2014-06-14,397500.0
9828702519,2.0,2.5,1230.0,1391.0,2.0,0.0,0.0,3,8,870.0,360.0,2004,0.0,98112,47.6192,-122.301,1240.0,1350.0,2014-05-12,490000.0
4432600075,4.0,2.0,2110.0,4140.0,2.0,0.0,0.0,3,9,1710.0,400.0,1925,20030.0,98116,47.5836,-122.387,1440.0,4420.0,2015-01-28,725000.0
7806300030,3.0,2.75,3080.0,19635.0,1.0,0.0,2.0,4,7,1610.0,1470.0,1958,0.0,98032,47.3841,-122.284,2424.0,12410.0,2014-09-17,299000.0
9274202270,2.0,1.5,1490.0,5750.0,1.5,0.0,0.0,4,7,1190.0,300.0,1900,0.0,98116,47.5872,-122.39,1590.0,4025.0,2014-08-18,625000.0
7852030960,3.0,2.5,2120.0,4500.0,2.0,0.0,0.0,3,7,2120.0,0.0,2000,0.0,98065,47.5322,-121.88,2530.0,4816.0,2014-11-06,437500.0
7852170140,4.0,2.5,3180.0,5438.0,2.0,0.0,0.0,3,9,3180.0,0.0,2003,0.0,98065,47.5416,-121.864,3030.0,5335.0,2015-05-10,650000.0
7518503335,2.0,1.0,1490.0,3825.0,1.0,0.0,0.0,3,7,860.0,630.0,1929,0.0,98117,47.6799,-122.381,1460.0,3825.0,2014-05-19,475000.0
5467900070,3.0,2.0,1930.0,11947.0,1.0,0.0,0.0,4,8,1930.0,0.0,1966,0.0,98042,47.3672,-122.151,2200.0,12825.0,2014-05-02,342000.0
1245002952,4.0,2.5,2770.0,7800.0,2.0,0.0,0.0,3,10,2770.0,0.0,1999,0.0,98033,47.684,-122.205,2720.0,10000.0,2014-10-15,1200000.0
8906200070,3.0,1.5,1670.0,11610.0,1.0,0.0,0.0,4,7,1670.0,0.0,1963,0.0,98055,47.4404,-122.191,1930.0,10200.0,2015-02-10,280000.0
5379805885,2.0,1.75,1330.0,7200.0,1.0,,0.0,3,7,1330.0,0.0,1993,0.0,98188,47.4467,-122.281,1450.0,11682.0,2014-05-21,240000.0
2769600560,3.0,1.0,1210.0,3328.0,1.5,0.0,0.0,4,7,1210.0,0.0,1924,0.0,98107,47.6729,-122.363,1640.0,3333.0,2014-05-27,529000.0
9238901420,3.0,1.0,1190.0,5100.0,1.0,0.0,0.0,4,7,1030.0,160.0,1941,0.0,98136,47.5346,-122.385,1690.0,5100.0,2015-02-02,442000.0
5113400431,2.0,1.0,1540.0,6872.0,1.0,0.0,0.0,4,7,820.0,,1946,0.0,98119,47.6454,-122.373,1420.0,5538.0,2014-05-08,615000.0
3885805665,4.0,3.75,4030.0,10800.0,2.0,0.0,0.0,3,10,4030.0,0.0,2006,0.0,98033,47.6821,-122.196,2160.0,7200.0,2014-06-12,1490000.0
8121200810,4.0,1.75,2430.0,7559.0,1.0,0.0,0.0,4,8,1580.0,850.0,1981,0.0,98052,47.7206,-122.11,1980.0,8750.0,2015-05-05,585000.0
5126310400,4.0,2.5,2600.0,7787.0,2.0,0.0,0.0,3,8,2600.0,0.0,2005,0.0,98059,47.4877,-122.139,2830.0,7787.0,2015-03-05,480000.0
7322910030,5.0,3.5,4410.0,57063.0,2.0,0.0,0.0,4,9,4410.0,0.0,1990,0.0,98053,47.6554,-122.018,2900.0,50529.0,2014-07-21,1100000.0
2827100070,4.0,1.0,1330.0,8184.0,1.5,0.0,0.0,3,7,1330.0,0.0,1949,0.0,98133,47.7343,-122.347,1220.0,660.0,2014-11-05,290000.0
9276201895,3.0,1.75,1900.0,5000.0,1.0,0.0,0.0,5,7,950.0,950.0,1951,0.0,98116,47.5789,-122.393,1770.0,5000.0,2014-08-20,615000.0
4402700070,2.0,1.0,1100.0,7680.0,1.0,0.0,0.0,4,7,1100.0,0.0,1950,0.0,98133,47.7439,-122.339,1460.0,7680.0,2015-03-11,300000.0
1922059046,3.0,1.0,1980.0,39150.0,1.5,0.0,0.0,3,6,1580.0,400.0,1932,0.0,98030,47.3818,-122.225,1860.0,11811.0,2014-10-29,308000.0
925059288,3.0,2.5,2400.0,7745.0,2.0,0.0,0.0,3,9,2400.0,0.0,2001,0.0,98033,47.6734,-122.173,2080.0,8615.0,2015-05-07,750000.0
4386700135,4.0,2.25,4760.0,8036.0,2.5,0.0,0.0,5,9,3390.0,1370.0,1916,0.0,98112,47.6415,-122.285,2950.0,9323.0,2014-11-14,2250000.0
1923069078,4.0,3.25,3180.0,194278.0,2.0,0.0,0.0,3,10,3180.0,0.0,2005,0.0,98059,47.4711,-122.084,2200.0,178160.0,2014-08-05,890000.0
1432400335,3.0,1.0,1190.0,7560.0,1.0,0.0,0.0,5,6,1190.0,0.0,1958,0.0,98058,47.452,-122.177,1190.0,7560.0,2015-03-25,288000.0
1180003090,2.0,1.0,630.0,6000.0,1.0,0.0,0.0,3,6,630.0,0.0,1943,20050.0,98178,47.4973,-122.221,1470.0,6840.0,2014-09-06,190000.0
726049331,5.0,3.0,2530.0,5105.0,1.0,0.0,0.0,3,8,1520.0,1010.0,2005,0.0,98133,47.7546,-122.341,2290.0,4011.0,2015-03-26,515000.0
3340401555,4.0,1.5,1690.0,11054.0,1.0,0.0,0.0,4,5,1690.0,0.0,1930,0.0,98055,47.4667,-122.215,1690.0,9040.0,2014-11-05,235000.0
7453000070,2.0,1.0,940.0,5000.0,1.0,0.0,0.0,3,6,940.0,0.0,1951,0.0,98126,47.5186,-122.374,940.0,5000.0,2014-08-18,275000.0
4348800030,2.0,2.0,1240.0,9119.0,1.0,0.0,0.0,4,7,1240.0,0.0,1952,0.0,98004,47.6221,-122.193,1380.0,9121.0,2014-11-21,727500.0
7202331420,4.0,2.5,3040.0,6587.0,2.0,0.0,0.0,3,7,3040.0,0.0,2003,0.0,98053,47.683,-122.039,2740.0,6587.0,2014-06-20,650000.0
3225079035,6.0,5.0,6050.0,230652.0,2.0,,3.0,3,11,6050.0,0.0,2001,0.0,98024,47.6033,-121.943,4210.0,233971.0,2014-06-18,1600000.0
6381500700,4.0,1.0,1590.0,7085.0,1.5,,0.0,3,6,1590.0,0.0,1944,0.0,98125,47.7315,-122.305,1320.0,7085.0,2014-11-05,365000.0
339500160,3.0,1.75,2500.0,36947.0,1.0,0.0,0.0,3,9,2500.0,0.0,1984,0.0,98052,47.6917,-122.084,2590.0,28837.0,2014-10-08,662000.0
1545807610,3.0,2.5,1780.0,7848.0,1.0,0.0,0.0,3,7,1320.0,460.0,1978,0.0,98038,47.3608,-122.056,1680.0,7848.0,2015-04-29,270500.0
1843200240,2.0,1.5,1360.0,1898.0,2.0,0.0,0.0,3,7,1360.0,0.0,1978,0.0,98092,47.2852,-122.19,1360.0,1898.0,2015-05-05,200000.0
4403600270,4.0,3.25,4740.0,76230.0,2.0,0.0,0.0,3,10,4740.0,0.0,1987,0.0,98075,47.5931,-122.071,3340.0,49206.0,2015-02-24,970000.0
2008200060,3.0,1.5,1010.0,9600.0,1.0,,0.0,4,7,1010.0,0.0,1962,0.0,98198,47.4097,-122.316,1400.0,9660.0,2014-06-24,160000.0
1521069070,3.0,1.0,1040.0,7405.0,1.0,0.0,0.0,4,6,1040.0,0.0,1971,0.0,98010,47.3105,-122.021,1580.0,7405.0,2015-02-18,204000.0
2459500310,3.0,2.25,1610.0,6655.0,2.0,0.0,0.0,4,7,1610.0,0.0,1985,0.0,98058,47.4296,-122.161,1780.0,7529.0,2015-02-18,358000.0
6204420070,4.0,1.75,1570.0,8268.0,1.0,0.0,0.0,3,7,1570.0,0.0,1979,0.0,98011,47.7373,-122.197,1870.0,8190.0,2015-05-01,452000.0
5694500105,2.0,2.0,1510.0,4000.0,1.0,0.0,0.0,4,7,1010.0,500.0,1900,0.0,98103,47.6582,-122.345,1920.0,4000.0,2014-12-04,595000.0
5466410030,3.0,2.0,1360.0,6082.0,1.0,0.0,0.0,3,7,1360.0,0.0,1994,0.0,98042,47.3577,-122.16,1360.0,6987.0,2015-04-10,249000.0
9485740340,4.0,2.5,1970.0,5106.0,2.0,0.0,0.0,3,8,1970.0,0.0,1999,0.0,98055,47.449,-122.205,2230.0,5109.0,2015-03-10,346900.0
622049114,3.0,2.5,5403.0,24069.0,2.0,1.0,4.0,4,12,5403.0,0.0,1976,0.0,98166,47.4169,-122.348,3980.0,104374.0,2015-02-18,2130000.0
2270000070,4.0,2.5,1560.0,4350.0,2.0,0.0,0.0,3,7,1560.0,0.0,2003,0.0,98056,47.5025,-122.186,1560.0,4350.0,2014-10-30,280000.0
1310900260,4.0,1.75,2320.0,12000.0,1.0,0.0,0.0,4,8,2270.0,50.0,1973,0.0,98032,47.3644,-122.28,2120.0,9880.0,2014-10-13,318888.0
224069094,3.0,2.25,2120.0,40518.0,1.0,0.0,0.0,3,8,2120.0,0.0,1967,0.0,98075,47.5896,-122.009,2480.0,13492.0,2014-09-11,530000.0
7800800160,3.0,2.25,2120.0,18500.0,2.0,,0.0,4,8,2120.0,0.0,1983,0.0,98031,47.3914,-122.169,2120.0,14479.0,2014-11-21,375000.0
2944000240,4.0,2.5,3350.0,29242.0,2.0,0.0,0.0,3,11,3350.0,0.0,1988,0.0,98052,47.7197,-122.131,3920.0,24728.0,2015-04-22,910000.0
4139400710,4.0,2.5,2380.0,9614.0,2.0,0.0,0.0,4,10,2380.0,0.0,1991,0.0,98006,47.5623,-122.116,2560.0,9770.0,2014-05-23,782000.0
7899800860,2.0,2.0,1070.0,649.0,2.0,0.0,0.0,3,9,720.0,350.0,2008,0.0,98106,47.5213,-122.357,1070.0,928.0,2015-03-19,259950.0
2473420140,4.0,2.75,2300.0,18360.0,1.0,,0.0,4,7,1560.0,740.0,1979,0.0,98058,47.4518,-122.16,1870.0,9588.0,2014-09-23,315000.0
5000500055,2.0,1.0,1320.0,8865.0,1.0,0.0,0.0,4,6,1320.0,0.0,1943,0.0,98168,47.4949,-122.3,1190.0,6490.0,2014-05-28,215000.0
4099500935,3.0,1.75,2180.0,10221.0,1.0,0.0,2.0,4,7,1140.0,1040.0,1946,0.0,98040,47.5885,-122.248,2180.0,8535.0,2014-07-23,705000.0
1373800295,3.0,3.0,4380.0,6320.0,2.0,0.0,3.0,5,10,3580.0,800.0,1952,0.0,98199,47.6452,-122.411,3080.0,7680.0,2014-10-13,1450000.0
4025300135,3.0,1.75,1790.0,9813.0,2.0,0.0,0.0,3,7,1790.0,0.0,1949,0.0,98155,47.749,-122.305,1520.0,10125.0,2015-05-08,451000.0
3294700310,2.0,1.0,750.0,8125.0,1.0,0.0,0.0,4,6,750.0,0.0,1943,0.0,98055,47.4727,-122.198,1340.0,8750.0,2014-09-02,261000.0
8718500075,3.0,1.5,1300.0,8280.0,1.0,0.0,0.0,5,7,1300.0,0.0,1956,0.0,98028,47.7403,-122.256,1570.0,8692.0,2014-11-17,396000.0
4309710240,4.0,2.5,2990.0,29170.0,2.0,0.0,3.0,3,9,2990.0,0.0,1999,0.0,98059,47.5146,-122.117,3715.0,29170.0,2014-07-22,725000.0
5486800070,7.0,3.5,4640.0,15235.0,2.0,,1.0,3,11,2860.0,1780.0,1965,20030.0,98040,47.5666,-122.231,3230.0,20697.0,2014-06-20,1950000.0
236400320,4.0,1.0,1400.0,7242.0,1.5,0.0,0.0,3,7,1400.0,0.0,1959,0.0,98188,47.4339,-122.291,1310.0,7314.0,2014-07-15,238000.0
4376700570,6.0,1.75,2750.0,9563.0,2.0,0.0,0.0,4,8,2750.0,0.0,1973,0.0,98052,47.6368,-122.097,2040.0,9563.0,2015-04-27,750000.0
8648100200,4.0,2.5,2050.0,10271.0,2.0,0.0,0.0,3,7,2050.0,0.0,1998,0.0,98042,47.3628,-122.075,2050.0,8103.0,2014-10-27,331500.0
3624079046,4.0,3.0,2230.0,108900.0,1.0,0.0,0.0,3,7,1410.0,820.0,1978,0.0,98065,47.52,-121.845,1960.0,65340.0,2014-10-28,460000.0
1921069084,4.0,2.25,2340.0,217014.0,1.0,0.0,0.0,4,8,2340.0,0.0,1982,0.0,98092,47.2953,-122.083,2340.0,107898.0,2014-07-07,404950.0
6431500140,3.0,2.5,2870.0,5163.0,2.0,0.0,0.0,3,9,2870.0,0.0,2014,0.0,98103,47.6935,-122.352,1630.0,7995.0,2014-12-17,880000.0
2725069050,4.0,2.5,4120.0,22370.0,2.0,0.0,0.0,3,10,4120.0,0.0,1997,0.0,98074,47.6239,-122.023,3180.0,7257.0,2014-06-13,863000.0
5307100060,3.0,1.75,2080.0,9162.0,1.0,0.0,0.0,3,7,1370.0,710.0,1960,0.0,98005,47.5846,-122.168,1870.0,8944.0,2014-12-16,638700.0
7203102050,3.0,2.5,1840.0,5680.0,2.0,0.0,0.0,3,7,1840.0,0.0,2008,0.0,98053,47.6969,-122.026,1600.0,4697.0,2014-07-28,435000.0
561000075,3.0,1.0,1180.0,5350.0,1.5,0.0,0.0,4,6,1180.0,0.0,1959,0.0,98178,47.505,-122.259,1490.0,5350.0,2014-12-31,260000.0
2436701180,5.0,2.75,2160.0,4000.0,1.5,,0.0,5,7,1530.0,630.0,1927,0.0,98105,47.667,-122.289,2040.0,4000.0,2014-08-14,671500.0
809002765,3.0,1.0,1180.0,3400.0,1.5,,0.0,3,8,1180.0,0.0,1907,0.0,98109,47.6376,-122.353,1440.0,3400.0,2014-10-22,610000.0
4045500710,2.0,0.75,1160.0,15029.0,1.0,0.0,0.0,4,6,870.0,290.0,1937,0.0,98014,47.6929,-121.87,1870.0,25346.0,2014-12-18,405000.0
5104510270,4.0,2.5,1830.0,5612.0,2.0,0.0,0.0,3,7,1830.0,0.0,2003,0.0,98038,47.3572,-122.015,1830.0,5998.0,2014-07-18,338900.0
98020350,4.0,4.0,3200.0,7708.0,2.0,0.0,0.0,3,10,3200.0,0.0,2004,0.0,98075,47.5816,-121.97,3480.0,7944.0,2015-01-23,720000.0
1714900060,5.0,3.0,2560.0,5445.0,1.5,0.0,0.0,4,7,1760.0,800.0,1927,0.0,98108,47.5502,-122.311,1080.0,5445.0,2015-04-24,442000.0
1189000030,5.0,2.75,2550.0,5040.0,1.5,0.0,0.0,5,8,2550.0,0.0,1902,0.0,98122,47.6136,-122.299,1590.0,3840.0,2014-06-03,650000.0
2473360060,3.0,1.75,1330.0,9917.0,1.0,,0.0,3,7,1040.0,290.0,1981,0.0,98058,47.4478,-122.161,1330.0,9081.0,2015-01-02,263500.0
222069082,2.0,1.0,1220.0,75794.0,1.0,0.0,0.0,4,7,1220.0,0.0,1963,0.0,98038,47.4219,-122.007,2010.0,98010.0,2014-12-17,300000.0
8669160310,3.0,2.5,1805.0,3402.0,2.0,,0.0,3,7,1805.0,0.0,2009,0.0,98002,47.3521,-122.212,2095.0,3402.0,2014-12-09,266000.0
1526069135,4.0,4.0,6050.0,84942.0,2.5,0.0,2.0,3,9,4150.0,1900.0,2009,0.0,98077,47.7466,-122.029,2700.0,199504.0,2014-12-11,930000.0
1088650310,4.0,2.5,2320.0,5493.0,2.0,0.0,0.0,3,8,2320.0,0.0,2004,0.0,98028,47.7727,-122.229,2450.0,5471.0,2015-01-27,530000.0
8945200860,3.0,1.0,1384.0,8960.0,1.0,0.0,0.0,4,6,1384.0,0.0,1965,0.0,98023,47.3062,-122.371,1000.0,8470.0,2014-12-11,180000.0
7853240200,3.0,2.5,2720.0,6439.0,2.0,,0.0,3,9,2720.0,0.0,2005,0.0,98065,47.5422,-121.86,3180.0,7320.0,2014-05-16,619000.0
7511800070,3.0,1.5,1820.0,10608.0,1.0,0.0,0.0,4,7,1820.0,0.0,1962,0.0,98003,47.3366,-122.306,1380.0,8976.0,2014-08-21,264000.0
2998800125,2.0,2.25,2130.0,4920.0,1.5,,4.0,4,7,1530.0,600.0,1941,0.0,98116,47.573,-122.409,2130.0,4920.0,2014-07-01,730000.0
3876300310,4.0,2.25,2060.0,10070.0,2.0,0.0,0.0,3,7,2060.0,0.0,1975,0.0,98034,47.7258,-122.177,2060.0,8155.0,2014-10-22,439000.0
5419800510,4.0,1.75,1420.0,7500.0,1.0,0.0,0.0,4,7,1080.0,340.0,1981,0.0,98031,47.4025,-122.176,1500.0,7260.0,2014-11-17,268500.0
192460060,3.0,1.75,1510.0,15744.0,1.0,0.0,0.0,3,7,1510.0,0.0,1985,0.0,98045,47.476,-121.755,1470.0,15744.0,2014-07-15,330000.0
7942601895,3.0,2.5,2160.0,4000.0,1.5,0.0,0.0,3,8,1960.0,200.0,1903,20130.0,98122,47.6045,-122.307,2160.0,5120.0,2014-08-19,640000.0
7504010570,3.0,2.5,3180.0,12600.0,2.0,0.0,0.0,4,11,3180.0,0.0,1978,0.0,98074,47.6366,-122.058,3030.0,12835.0,2014-07-08,900000.0
1442740140,3.0,2.25,2110.0,13300.0,2.0,0.0,0.0,4,8,2110.0,0.0,1985,0.0,98038,47.3725,-122.06,2470.0,14000.0,2014-09-30,370000.0
6909200575,3.0,2.0,2060.0,2900.0,1.5,,0.0,5,8,1330.0,730.0,1931,0.0,98144,47.5897,-122.292,1910.0,3900.0,2015-03-14,685000.0
2525069041,3.0,1.5,1830.0,217800.0,1.0,0.0,0.0,3,7,1010.0,820.0,1981,0.0,98053,47.6277,-121.972,2450.0,165963.0,2014-09-04,505000.0
3620069036,3.0,1.75,1820.0,32666.0,1.0,0.0,0.0,4,7,1820.0,0.0,1966,0.0,98022,47.1803,-121.974,2050.0,43560.0,2014-10-21,265000.0
2781280390,3.0,2.5,1610.0,2937.0,2.0,,0.0,3,8,1610.0,0.0,2006,0.0,98055,47.4489,-122.188,1610.0,3049.0,2015-03-24,290000.0
9542830350,4.0,2.5,1780.0,3600.0,2.0,0.0,0.0,3,7,1780.0,0.0,2006,0.0,98038,47.3665,-122.017,2020.0,3802.0,2014-09-02,296000.0
1123049053,4.0,2.5,1840.0,9611.0,2.0,0.0,0.0,3,7,1840.0,0.0,1996,0.0,98178,47.4964,-122.251,1830.0,8505.0,2015-02-13,360000.0
8018600765,3.0,1.75,1460.0,10584.0,1.0,0.0,0.0,3,7,990.0,470.0,1997,0.0,98168,47.492,-122.317,1220.0,12012.0,2014-06-04,240500.0
3278600240,2.0,2.5,1400.0,2958.0,2.0,,0.0,3,8,1400.0,0.0,2007,0.0,98126,47.5496,-122.373,1540.0,2385.0,2014-07-22,372500.0
7846200070,3.0,2.5,3370.0,14402.0,2.0,,2.0,3,9,3370.0,0.0,2004,0.0,98045,47.5008,-121.776,3330.0,9691.0,2014-10-02,595000.0
662310400,4.0,3.0,3590.0,8249.0,2.0,0.0,0.0,3,9,3590.0,0.0,1997,0.0,98023,47.2846,-122.341,2860.0,7995.0,2014-10-17,515000.0
8651100140,4.0,2.25,3200.0,15367.0,2.0,0.0,0.0,4,9,3200.0,0.0,1962,0.0,98040,47.5494,-122.216,3070.0,15263.0,2014-08-05,1220000.0
8682250350,2.0,1.75,1670.0,6460.0,1.0,0.0,0.0,3,8,1670.0,0.0,2004,0.0,98053,47.7123,-122.027,2170.0,6254.0,2014-10-09,507000.0
3211230260,4.0,2.0,2420.0,31465.0,1.0,0.0,0.0,3,9,2420.0,0.0,1984,0.0,98092,47.3131,-122.115,2560.0,32186.0,2015-02-04,399950.0
4233400340,3.0,1.75,1430.0,10816.0,2.0,0.0,0.0,3,7,1430.0,0.0,1994,0.0,98010,47.3122,-121.996,1560.0,10816.0,2014-08-20,185000.0
7199350340,3.0,1.75,1440.0,7070.0,1.0,0.0,0.0,3,7,1440.0,0.0,1980,0.0,98052,47.6947,-122.125,1440.0,7210.0,2014-08-25,460000.0
3904901710,3.0,2.25,1450.0,4789.0,2.0,0.0,0.0,3,7,1450.0,0.0,1985,0.0,98029,47.5665,-122.018,1560.0,4490.0,2015-02-24,435500.0
240000058,4.0,2.75,3550.0,13938.0,1.0,0.0,0.0,5,8,2100.0,1450.0,1966,0.0,98188,47.425,-122.283,2050.0,9000.0,2015-04-08,469000.0
6865200444,2.0,3.0,1270.0,1175.0,2.0,0.0,0.0,3,8,1110.0,160.0,2000,0.0,98103,47.6634,-122.34,1290.0,1800.0,2014-05-05,531000.0
9498200046,2.0,1.0,940.0,6804.0,1.0,0.0,0.0,3,7,940.0,0.0,1949,0.0,98177,47.7047,-122.373,1150.0,6930.0,2015-02-06,443500.0
1796380960,3.0,2.0,1670.0,6824.0,1.0,0.0,0.0,3,7,1300.0,370.0,1990,0.0,98042,47.3666,-122.084,1660.0,7586.0,2014-11-26,223000.0
5631500868,4.0,3.5,3100.0,15842.0,2.0,0.0,0.0,3,8,2400.0,700.0,1996,0.0,98028,47.7466,-122.242,2200.0,19400.0,2015-04-17,590000.0
3126049411,2.0,2.5,1100.0,1760.0,3.0,,0.0,3,7,1100.0,0.0,1997,0.0,98103,47.6972,-122.35,1200.0,1415.0,2014-12-09,340000.0
2321300390,3.0,2.0,1870.0,3388.0,1.0,,0.0,4,8,1230.0,640.0,1925,0.0,98199,47.6372,-122.395,1780.0,4050.0,2014-11-05,650000.0
3905040800,3.0,2.5,1930.0,5080.0,2.0,0.0,0.0,4,8,1930.0,0.0,1990,0.0,98029,47.5694,-122.001,2190.0,5085.0,2014-09-25,533600.0
4379400260,3.0,2.75,2540.0,4694.0,2.0,0.0,0.0,3,9,2540.0,0.0,2005,0.0,98074,47.6214,-122.024,2600.0,6344.0,2014-06-10,695000.0
5115000160,3.0,1.75,1280.0,7524.0,1.5,0.0,0.0,4,7,1280.0,0.0,1988,0.0,98031,47.3961,-122.188,1500.0,7777.0,2014-06-17,242000.0
2826049234,3.0,2.25,1820.0,8814.0,1.0,0.0,0.0,3,7,1280.0,540.0,1967,0.0,98125,47.7162,-122.309,1810.0,7515.0,2015-01-14,425000.0
6600700030,3.0,2.25,1490.0,9414.0,2.0,0.0,0.0,3,7,1490.0,0.0,1981,0.0,98052,47.6844,-122.113,1290.0,10125.0,2015-05-06,525000.0
3904930240,3.0,2.5,1880.0,5502.0,2.0,0.0,0.0,3,8,1880.0,0.0,1988,0.0,98029,47.5737,-122.018,2040.0,5411.0,2014-09-22,485000.0
9407110700,3.0,1.0,1250.0,9775.0,1.0,0.0,0.0,3,7,1250.0,0.0,1971,0.0,98045,47.4474,-121.771,1390.0,9650.0,2015-01-13,175000.0
1682500160,3.0,2.0,1440.0,7210.0,1.0,,0.0,3,8,1440.0,0.0,1983,0.0,98092,47.3128,-122.184,1700.0,7245.0,2014-06-19,210000.0
8078570390,3.0,2.5,1920.0,7415.0,2.0,0.0,0.0,3,7,1920.0,0.0,1989,0.0,98031,47.4022,-122.171,1930.0,7536.0,2015-04-15,260000.0
3010300240,3.0,2.5,2060.0,5750.0,1.0,0.0,0.0,3,7,1330.0,730.0,1976,0.0,98116,47.5671,-122.391,1920.0,5750.0,2014-06-23,577000.0
9500900135,3.0,1.5,1210.0,10588.0,1.0,0.0,0.0,4,7,1210.0,0.0,1958,0.0,98002,47.2876,-122.212,1408.0,10588.0,2014-10-21,200000.0
461001615,2.0,1.75,1760.0,5000.0,1.0,0.0,0.0,4,7,940.0,820.0,1927,0.0,98117,47.682,-122.372,1530.0,5000.0,2015-02-25,605000.0
6411600069,3.0,1.0,990.0,6750.0,1.0,0.0,0.0,4,6,990.0,0.0,1947,0.0,98133,47.7125,-122.331,1440.0,6860.0,2014-05-21,325000.0
7812800565,3.0,1.0,960.0,6400.0,1.0,0.0,0.0,4,6,820.0,140.0,1944,0.0,98178,47.496,-122.239,1200.0,6600.0,2014-08-14,289500.0
7548300731,3.0,2.5,1660.0,1458.0,3.0,0.0,0.0,3,9,1660.0,0.0,2014,0.0,98144,47.5876,-122.309,1660.0,1784.0,2014-08-08,559950.0
8925100390,3.0,1.75,1900.0,9375.0,1.0,0.0,1.0,4,8,1330.0,570.0,1941,0.0,98115,47.6821,-122.273,2760.0,9375.0,2015-04-06,1040000.0
7010700292,3.0,2.25,1270.0,2790.0,1.0,0.0,0.0,3,7,990.0,280.0,1970,0.0,98199,47.6581,-122.396,1920.0,4000.0,2014-10-09,543500.0
9485951170,4.0,2.25,3250.0,34293.0,2.0,0.0,0.0,4,9,3250.0,0.0,1983,0.0,98042,47.3496,-122.094,3110.0,35982.0,2014-05-22,480000.0
5437820310,3.0,1.0,960.0,9633.0,1.0,0.0,0.0,5,6,960.0,0.0,1982,0.0,98022,47.1951,-122.001,1080.0,8610.0,2014-05-23,218000.0
582000135,2.0,1.75,1330.0,6000.0,1.0,,0.0,4,7,960.0,370.0,1914,19450.0,98199,47.6539,-122.396,1620.0,6000.0,2014-06-22,565000.0
3204800370,3.0,1.75,2080.0,7700.0,1.0,0.0,0.0,5,7,1600.0,480.0,1968,0.0,98056,47.5375,-122.178,1680.0,7700.0,2014-12-12,426700.0
8832900550,3.0,2.5,2690.0,11575.0,1.0,0.0,3.0,3,8,2130.0,,1957,0.0,98028,47.7605,-122.267,2390.0,11782.0,2014-09-12,650000.0
9550204515,2.0,1.0,890.0,3060.0,1.0,0.0,0.0,3,7,770.0,120.0,1910,0.0,98105,47.6663,-122.326,1760.0,4080.0,2014-09-24,542000.0
7199330390,3.0,1.75,1070.0,8000.0,1.0,0.0,0.0,3,7,1070.0,0.0,1977,0.0,98052,47.6978,-122.13,1200.0,7990.0,2014-06-24,415000.0
6131600060,3.0,1.0,1200.0,8316.0,1.0,0.0,0.0,4,6,1200.0,0.0,1953,0.0,98002,47.3221,-122.215,1200.0,8316.0,2014-08-15,214000.0
5379805460,3.0,1.5,1360.0,8910.0,2.0,0.0,0.0,5,7,1360.0,0.0,1949,0.0,98188,47.4488,-122.275,1220.0,8912.0,2015-01-21,245000.0
7212652180,3.0,2.0,2050.0,13303.0,1.0,0.0,0.0,3,8,2050.0,0.0,1993,0.0,98003,47.2681,-122.31,2180.0,11590.0,2014-07-01,314500.0
6379500640,3.0,1.5,3000.0,5750.0,2.0,0.0,0.0,5,9,2000.0,1000.0,1924,0.0,98116,47.5821,-122.39,1820.0,5750.0,2015-04-09,1120000.0
4315700060,2.0,2.0,1300.0,3850.0,1.0,0.0,0.0,3,7,800.0,500.0,1963,0.0,98136,47.5395,-122.39,950.0,5500.0,2015-03-03,378000.0
3329500060,4.0,2.5,2250.0,9091.0,1.0,0.0,0.0,3,7,1340.0,910.0,1982,0.0,98001,47.336,-122.269,1540.0,7802.0,2014-07-28,305000.0
4140090320,5.0,2.75,3740.0,6750.0,1.0,0.0,0.0,4,8,1980.0,1760.0,1978,0.0,98028,47.7679,-122.261,2620.0,7920.0,2015-03-20,595000.0
9385200045,3.0,2.5,1660.0,1091.0,3.0,0.0,1.0,3,9,1530.0,130.0,2015,0.0,98116,47.5818,-122.402,1510.0,1352.0,2015-05-12,729500.0
7852180340,3.0,2.5,2360.0,6699.0,2.0,0.0,0.0,3,7,2360.0,0.0,2003,0.0,98065,47.5317,-121.853,2360.0,4744.0,2014-09-30,430000.0
1545804340,3.0,1.75,1760.0,6500.0,1.0,0.0,0.0,3,7,1150.0,,1987,0.0,98038,47.3647,-122.05,1760.0,8125.0,2015-04-09,240000.0
2490200320,3.0,1.75,1680.0,6200.0,1.5,0.0,0.0,3,7,1680.0,0.0,1916,0.0,98136,47.5338,-122.384,1680.0,5100.0,2015-03-20,545000.0
2218000335,3.0,1.75,1320.0,2500.0,1.0,0.0,0.0,3,7,870.0,450.0,1918,0.0,98105,47.6681,-122.305,1580.0,2750.0,2014-07-07,530000.0
922049078,1.0,1.0,870.0,26326.0,1.0,0.0,0.0,3,6,870.0,0.0,1939,0.0,98198,47.4152,-122.3,1250.0,10608.0,2014-11-18,157000.0
2586800270,4.0,1.0,1260.0,7645.0,1.5,0.0,0.0,3,6,1260.0,0.0,1925,0.0,98146,47.5044,-122.35,1170.0,7649.0,2015-04-07,425000.0
4338800370,3.0,1.0,1000.0,6020.0,1.0,0.0,0.0,3,6,1000.0,0.0,1944,0.0,98166,47.4793,-122.346,1300.0,8640.0,2014-11-17,220000.0
7214700350,4.0,1.75,2020.0,36400.0,1.0,0.0,0.0,4,8,1550.0,470.0,1976,0.0,98077,47.7627,-122.076,2520.0,38255.0,2014-11-24,521000.0
3226200105,3.0,1.0,1920.0,6862.0,1.0,,2.0,3,7,1120.0,800.0,1952,0.0,98118,47.5193,-122.274,2000.0,6900.0,2014-05-23,325000.0
2324039036,3.0,2.0,2150.0,5400.0,1.5,,0.0,4,7,1380.0,770.0,1911,0.0,98126,47.555,-122.379,1940.0,6500.0,2015-04-03,597500.0
7849202231,3.0,2.5,1470.0,3976.0,2.0,0.0,0.0,3,7,1470.0,0.0,1999,0.0,98065,47.526,-121.826,1490.0,4400.0,2014-07-23,337000.0
5196410260,3.0,2.5,3180.0,10492.0,2.0,0.0,2.0,3,10,3180.0,0.0,1991,0.0,98052,47.655,-122.124,3000.0,9812.0,2015-04-22,1000000.0
3760500116,3.0,2.5,3930.0,55867.0,1.0,1.0,4.0,4,8,2330.0,1600.0,1957,0.0,98034,47.7022,-122.224,2730.0,26324.0,2014-11-20,3070000.0
2985800030,3.0,1.0,990.0,6000.0,1.0,0.0,0.0,3,6,990.0,0.0,1943,0.0,98105,47.6718,-122.267,1250.0,6000.0,2014-05-07,495000.0
259900160,4.0,3.5,2770.0,3330.0,2.0,0.0,0.0,3,8,1970.0,800.0,2001,0.0,98052,47.6327,-122.109,2180.0,3380.0,2015-01-02,748000.0
708000030,3.0,1.5,1250.0,8710.0,1.0,0.0,0.0,4,7,1250.0,0.0,1953,0.0,98004,47.6245,-122.198,1750.0,9185.0,2014-09-02,888000.0
192460310,3.0,1.75,1140.0,22267.0,1.0,0.0,0.0,3,7,1140.0,0.0,1986,0.0,98045,47.4761,-121.758,1150.0,15625.0,2015-03-24,269900.0
9412200260,4.0,2.5,2250.0,14440.0,1.0,0.0,0.0,3,7,1550.0,700.0,1967,0.0,98027,47.5221,-122.045,2090.0,11400.0,2014-11-13,496500.0
1062100116,3.0,2.5,1640.0,5097.0,2.0,0.0,0.0,3,7,1640.0,0.0,1969,0.0,98155,47.7522,-122.278,1880.0,6000.0,2015-01-21,475000.0
6798100662,3.0,1.5,1255.0,1374.0,3.0,0.0,0.0,3,7,1255.0,0.0,2004,0.0,98125,47.7145,-122.311,1307.0,1232.0,2014-05-27,312000.0
1775920350,3.0,1.0,1290.0,12231.0,1.0,0.0,0.0,3,7,1290.0,,1976,0.0,98072,47.7404,-122.11,1390.0,11632.0,2014-11-24,323000.0
2525500260,3.0,1.75,1300.0,9079.0,1.0,0.0,0.0,3,7,1300.0,0.0,1986,0.0,98059,47.4834,-122.159,1890.0,7369.0,2014-11-24,331000.0
6145600041,3.0,1.5,1220.0,1086.0,3.0,0.0,0.0,3,8,1220.0,0.0,2007,0.0,98133,47.7049,-122.353,1220.0,1422.0,2014-05-14,306000.0
3300701615,4.0,2.5,2630.0,4000.0,3.0,0.0,0.0,3,8,2630.0,0.0,2002,0.0,98117,47.6915,-122.381,1640.0,4000.0,2014-09-30,655000.0
5151600340,3.0,1.5,1950.0,15954.0,1.0,0.0,0.0,4,8,1950.0,0.0,1959,0.0,98003,47.336,-122.319,1940.0,12667.0,2014-07-09,290000.0
7613700521,4.0,3.25,3160.0,5000.0,2.0,0.0,0.0,5,9,2360.0,800.0,1965,0.0,98105,47.6597,-122.274,2220.0,4000.0,2014-08-02,1250000.0
2710600045,3.0,1.75,1550.0,4708.0,1.0,0.0,0.0,4,7,860.0,690.0,1949,0.0,98115,47.6759,-122.286,1880.0,5600.0,2014-06-16,460000.0
5101405124,4.0,2.5,1700.0,6380.0,1.0,0.0,0.0,4,7,850.0,,1940,0.0,98115,47.6988,-122.319,1380.0,6380.0,2014-09-12,435000.0
6067910030,4.0,2.75,2510.0,11880.0,1.0,0.0,0.0,5,8,1630.0,880.0,1978,0.0,98006,47.5427,-122.181,2390.0,11211.0,2015-03-16,664000.0
1959701890,4.0,1.75,1800.0,4180.0,2.0,,3.0,4,8,1800.0,0.0,1921,0.0,98102,47.6462,-122.318,2180.0,4620.0,2014-07-29,865000.0
1402200340,3.0,1.75,1800.0,18000.0,1.0,0.0,0.0,3,8,1200.0,600.0,1968,0.0,98058,47.4406,-122.146,1800.0,18000.0,2014-08-13,385000.0
3558900070,3.0,2.25,1870.0,9315.0,1.0,0.0,0.0,3,7,1350.0,520.0,1975,0.0,98034,47.705,-122.202,2230.0,9579.0,2014-07-18,497000.0
7846700310,2.0,1.0,1010.0,3000.0,1.0,,0.0,4,7,1010.0,0.0,1925,0.0,98045,47.4965,-121.785,1150.0,7000.0,2014-06-23,280000.0
3348401740,2.0,1.5,1120.0,17487.0,1.0,0.0,0.0,3,6,1120.0,0.0,1924,0.0,98178,47.5024,-122.271,1690.0,8056.0,2015-01-27,188000.0
3013300288,3.0,1.0,2090.0,4755.0,1.0,0.0,2.0,3,8,1200.0,890.0,1969,0.0,98136,47.5304,-122.387,1850.0,5300.0,2014-09-30,478500.0
7852070060,4.0,3.5,4370.0,18361.0,2.0,0.0,0.0,3,11,4370.0,0.0,2001,0.0,98065,47.544,-121.872,4190.0,13641.0,2014-07-31,1150000.0
5029450160,3.0,2.0,1440.0,7187.0,1.0,0.0,0.0,4,7,970.0,470.0,1981,0.0,98023,47.291,-122.368,1440.0,7187.0,2014-08-15,222000.0
3526069070,4.0,3.0,2580.0,209523.0,2.0,,0.0,3,8,2580.0,0.0,1984,0.0,98053,47.6932,-122.006,3440.0,213444.0,2014-05-28,799000.0
5104540240,4.0,2.5,3190.0,7399.0,2.0,0.0,0.0,3,10,3190.0,0.0,2006,0.0,98038,47.3558,-122.004,3250.0,7323.0,2014-06-09,609900.0
3438500486,4.0,3.5,2380.0,5809.0,2.0,0.0,0.0,4,7,1750.0,630.0,1995,0.0,98106,47.5536,-122.359,1620.0,5775.0,2014-10-16,413000.0
5102400105,4.0,1.0,1420.0,4875.0,1.5,0.0,0.0,3,7,1420.0,0.0,1930,0.0,98115,47.6942,-122.321,1110.0,5413.0,2014-10-13,400000.0
2346200030,5.0,2.75,2990.0,6768.0,2.0,0.0,0.0,3,9,2990.0,,2014,0.0,98006,47.5462,-122.182,2870.0,6768.0,2015-01-05,802541.0
1321710030,3.0,2.5,2680.0,7757.0,2.0,0.0,0.0,3,8,2680.0,0.0,1990,0.0,98023,47.2918,-122.346,2430.0,8231.0,2014-05-19,320000.0
7853290030,4.0,2.5,2730.0,7649.0,2.0,0.0,0.0,3,7,2730.0,0.0,2006,0.0,98065,47.5441,-121.882,2730.0,6216.0,2015-03-11,507000.0
1566100400,3.0,1.0,1220.0,8329.0,1.0,0.0,0.0,3,6,1220.0,0.0,1946,0.0,98115,47.6982,-122.298,1490.0,8322.0,2014-09-24,387500.0
1775800800,3.0,1.0,1500.0,12616.0,1.0,0.0,0.0,3,7,1500.0,0.0,1967,0.0,98072,47.7415,-122.101,1820.0,13950.0,2015-02-24,396000.0
9133600075,3.0,1.75,1830.0,11788.0,1.0,0.0,1.0,3,8,1430.0,400.0,1958,0.0,98055,47.4862,-122.224,2140.0,11964.0,2014-08-21,373000.0
5450900060,5.0,2.5,4570.0,19252.0,2.0,0.0,0.0,5,10,4570.0,0.0,1965,0.0,98040,47.5553,-122.22,3180.0,13314.0,2014-09-23,1480000.0
1402600700,4.0,2.25,2470.0,7698.0,2.0,0.0,0.0,3,8,2470.0,0.0,1983,0.0,98058,47.4406,-122.141,2330.0,7986.0,2014-07-21,359900.0
8024200350,2.0,1.0,800.0,4342.0,1.0,0.0,0.0,3,6,670.0,130.0,1927,0.0,98115,47.6997,-122.316,1210.0,4343.0,2015-03-04,410000.0
3121500340,4.0,2.5,2900.0,23488.0,2.0,0.0,0.0,3,9,2900.0,0.0,1992,0.0,98053,47.6726,-122.03,2900.0,34589.0,2014-07-12,690000.0
7697870860,3.0,2.0,1410.0,5760.0,1.0,0.0,0.0,3,7,1410.0,0.0,1985,0.0,98030,47.3702,-122.185,1670.0,6222.0,2014-06-25,245000.0
7527200030,5.0,2.5,2830.0,25958.0,1.0,0.0,1.0,5,8,1610.0,1220.0,1979,0.0,98075,47.5896,-122.083,2670.0,21567.0,2014-12-29,700000.0
2013200390,4.0,1.75,1680.0,9966.0,1.0,,0.0,3,7,1100.0,580.0,1977,0.0,98198,47.3923,-122.311,2400.0,10369.0,2014-09-22,268000.0
766500030,3.0,1.75,1760.0,26055.0,1.0,0.0,0.0,3,7,920.0,840.0,1979,0.0,98042,47.3664,-122.1,1350.0,13475.0,2014-06-10,225000.0
6664000030,4.0,2.25,2240.0,11034.0,2.0,,0.0,3,8,2240.0,0.0,1976,0.0,98004,47.5894,-122.195,2300.0,11550.0,2014-10-09,980000.0
9349900105,2.0,1.0,1380.0,5000.0,1.5,0.0,2.0,3,5,1380.0,0.0,1905,0.0,98106,47.5708,-122.359,1500.0,5000.0,2015-04-07,795000.0
1895000045,2.0,1.0,820.0,5100.0,1.0,0.0,0.0,3,6,820.0,0.0,1953,0.0,98118,47.5156,-122.262,1170.0,5304.0,2015-05-04,195000.0
6205500030,4.0,2.0,2180.0,10575.0,1.0,0.0,0.0,2,6,1730.0,450.0,1950,0.0,98005,47.589,-122.177,2180.0,12010.0,2014-11-03,480000.0
7011200260,4.0,2.0,1400.0,3600.0,1.0,0.0,0.0,3,7,1100.0,300.0,1900,0.0,98119,47.6385,-122.37,1630.0,2048.0,2014-12-19,485000.0
41000454,2.0,1.0,880.0,9000.0,1.0,0.0,0.0,3,5,880.0,0.0,1928,0.0,98188,47.4672,-122.291,1410.0,10000.0,2014-08-15,130000.0
7203600550,2.0,1.0,1060.0,5703.0,1.0,0.0,2.0,4,6,1060.0,0.0,1946,0.0,98198,47.3444,-122.327,2240.0,4416.0,2014-08-04,325000.0
9477200560,3.0,1.75,1530.0,7245.0,1.0,0.0,0.0,4,7,1530.0,0.0,1984,0.0,98034,47.731,-122.191,1530.0,7490.0,2015-04-13,440000.0
4022907770,4.0,1.75,2480.0,14782.0,1.0,,3.0,3,8,1460.0,1020.0,1958,0.0,98155,47.7646,-122.271,2910.0,10800.0,2014-10-14,550000.0
5231000060,3.0,1.75,1490.0,7150.0,1.0,0.0,0.0,5,6,1490.0,0.0,1967,0.0,98059,47.5015,-122.124,1350.0,9100.0,2014-08-05,310000.0
6055000310,3.0,2.5,3660.0,39478.0,2.0,0.0,2.0,4,9,3260.0,400.0,1989,0.0,98022,47.2413,-121.972,2700.0,38312.0,2014-07-01,530000.0
3216900060,4.0,2.5,2340.0,8548.0,2.0,,0.0,3,8,2340.0,0.0,1993,0.0,98031,47.4206,-122.183,1970.0,6818.0,2014-06-25,390000.0
7967200060,3.0,1.75,1450.0,12125.0,1.0,0.0,0.0,4,7,1450.0,0.0,1981,0.0,98001,47.3575,-122.28,1210.0,12125.0,2014-09-08,243000.0
8077210350,4.0,2.5,2210.0,9875.0,2.0,0.0,0.0,3,9,2210.0,0.0,1990,0.0,98074,47.6285,-122.025,2440.0,8799.0,2014-07-22,639000.0
7203000640,4.0,1.0,1130.0,7400.0,1.0,0.0,0.0,4,7,1130.0,0.0,1969,0.0,98003,47.3437,-122.316,1540.0,7379.0,2014-09-18,215000.0
2988000070,5.0,1.75,1550.0,10500.0,1.0,0.0,0.0,3,7,1100.0,450.0,1961,0.0,98011,47.7573,-122.22,1420.0,9823.0,2015-03-04,405000.0
3832200070,4.0,1.75,1710.0,7140.0,1.0,0.0,0.0,5,7,1010.0,700.0,1968,0.0,98032,47.3745,-122.275,1770.0,8960.0,2014-12-22,250000.0
3670500710,3.0,1.5,1010.0,8108.0,1.0,,0.0,5,7,1010.0,0.0,1954,0.0,98155,47.7359,-122.309,1300.0,8108.0,2014-07-15,405500.0
8820903380,6.0,2.25,2660.0,13579.0,2.0,0.0,0.0,3,7,2660.0,0.0,1937,19900.0,98125,47.7142,-122.286,1120.0,8242.0,2014-07-28,452000.0
8820903380,6.0,2.25,2660.0,13579.0,2.0,0.0,0.0,3,7,2660.0,0.0,1937,19900.0,98125,47.7142,-122.286,1120.0,8242.0,2015-01-02,730000.0
4233400400,3.0,2.0,1300.0,9644.0,1.0,0.0,0.0,3,7,1300.0,0.0,1994,0.0,98010,47.3131,-121.998,1430.0,9656.0,2015-04-14,267000.0
3793500550,3.0,2.5,1670.0,6186.0,2.0,0.0,0.0,3,7,1670.0,0.0,2002,0.0,98038,47.3668,-122.031,2390.0,6924.0,2014-08-08,289950.0
6431000270,2.0,1.0,960.0,4080.0,1.0,0.0,0.0,5,7,960.0,0.0,1911,0.0,98103,47.6893,-122.349,1300.0,4080.0,2014-07-28,565000.0
2225059214,4.0,3.25,4670.0,51836.0,2.0,0.0,0.0,4,12,4670.0,0.0,1988,0.0,98005,47.635,-122.164,4230.0,41075.0,2014-08-08,1580000.0
7694800270,3.0,2.5,2140.0,2770.0,2.0,0.0,0.0,3,8,1770.0,370.0,2007,0.0,98052,47.6664,-122.131,2510.0,2708.0,2015-04-20,636000.0
2171400197,5.0,3.0,2520.0,5500.0,1.0,0.0,0.0,3,8,1550.0,970.0,2004,0.0,98178,47.4938,-122.255,1700.0,8000.0,2014-09-18,350000.0
2473400340,3.0,1.5,1650.0,9380.0,1.0,,0.0,5,7,1130.0,520.0,1978,0.0,98058,47.4525,-122.162,1720.0,8856.0,2014-06-04,320000.0
3530490070,2.0,1.75,1440.0,5680.0,1.0,0.0,0.0,4,8,1440.0,0.0,1978,0.0,98198,47.3825,-122.319,1320.0,3547.0,2014-06-13,210000.0
1932300075,2.0,1.0,1050.0,5900.0,1.0,0.0,0.0,3,7,1050.0,0.0,1950,0.0,98126,47.5326,-122.376,1280.0,5900.0,2014-09-10,245000.0
2525000510,3.0,1.75,1470.0,7650.0,1.0,0.0,0.0,3,7,1130.0,340.0,1983,0.0,98059,47.4818,-122.161,1590.0,7500.0,2014-11-06,328000.0
1853000510,4.0,2.25,4230.0,37769.0,2.0,0.0,0.0,3,11,4230.0,0.0,1989,0.0,98077,47.7287,-122.077,3890.0,37034.0,2014-05-09,985000.0
1742800060,3.0,1.75,1970.0,7972.0,1.0,0.0,3.0,5,8,1370.0,600.0,1976,0.0,98055,47.4908,-122.225,2460.0,9796.0,2014-06-12,501000.0
2723089104,3.0,2.25,1540.0,17424.0,2.0,0.0,0.0,3,7,1540.0,0.0,1992,0.0,98045,47.4429,-121.759,1560.0,11439.0,2014-09-17,315000.0
2619950350,3.0,2.75,2090.0,8354.0,2.0,0.0,0.0,3,8,2090.0,0.0,2012,0.0,98019,47.7336,-121.965,2280.0,6348.0,2014-05-08,403000.0
4021100045,3.0,2.0,2380.0,17950.0,2.0,0.0,0.0,4,8,2110.0,270.0,1934,0.0,98155,47.7591,-122.28,2030.0,23900.0,2014-07-15,550000.0
731500200,4.0,2.5,2156.0,3562.0,2.0,0.0,0.0,3,9,2156.0,0.0,2012,0.0,98030,47.3591,-122.201,1708.0,3539.0,2015-01-13,347500.0
2591820310,4.0,2.25,2070.0,8893.0,2.0,0.0,0.0,4,8,2070.0,0.0,1986,0.0,98058,47.4388,-122.162,2390.0,7700.0,2014-10-06,365000.0
3626039299,3.0,1.0,1910.0,8167.0,1.0,0.0,0.0,4,8,1270.0,640.0,1951,0.0,98117,47.7004,-122.368,1500.0,6816.0,2015-02-24,588000.0
9346980140,3.0,1.75,1920.0,7400.0,1.0,0.0,0.0,4,8,1260.0,660.0,1977,0.0,98006,47.5633,-122.131,2360.0,8048.0,2014-08-20,605000.0
6613000140,3.0,3.25,3400.0,5979.0,2.0,0.0,0.0,4,9,2290.0,1110.0,1937,0.0,98105,47.6585,-122.273,3090.0,6435.0,2014-11-13,1300000.0
8159610060,3.0,2.0,1400.0,9177.0,1.0,0.0,0.0,3,7,1400.0,0.0,1974,0.0,98001,47.3415,-122.272,2020.0,8547.0,2014-11-19,233000.0
7830800339,4.0,2.5,2210.0,17715.0,2.0,0.0,0.0,3,8,2210.0,0.0,1997,0.0,98030,47.3818,-122.2,2210.0,16907.0,2014-07-28,360000.0
1588600045,2.0,1.75,1170.0,4887.0,1.0,0.0,0.0,3,6,1020.0,150.0,1929,0.0,98117,47.695,-122.366,1170.0,5441.0,2014-12-15,459000.0
826069046,3.0,2.0,2100.0,72745.0,1.0,0.0,0.0,4,9,2100.0,0.0,1995,0.0,98077,47.7479,-122.062,2290.0,54885.0,2014-11-07,740000.0
1771000890,3.0,1.0,1160.0,9750.0,1.0,0.0,0.0,3,7,1160.0,0.0,1967,0.0,98077,47.7422,-122.073,1160.0,9650.0,2014-09-17,305000.0
3300701170,3.0,1.0,1500.0,4000.0,1.0,0.0,0.0,3,6,900.0,600.0,1925,0.0,98117,47.6921,-122.38,950.0,4000.0,2014-06-20,395000.0
7340500270,4.0,2.5,2940.0,6000.0,2.0,0.0,0.0,3,8,2940.0,0.0,2000,0.0,98011,47.7533,-122.198,2510.0,6600.0,2015-01-23,560000.0
9277200111,4.0,1.75,2010.0,5070.0,1.0,0.0,1.0,4,7,1300.0,710.0,1963,0.0,98116,47.5793,-122.402,2180.0,5400.0,2014-07-14,650000.0
293720140,3.0,2.5,2170.0,4912.0,2.0,0.0,0.0,3,7,2170.0,0.0,2003,0.0,98028,47.7767,-122.239,2010.0,4395.0,2014-06-05,449950.0
579003610,3.0,1.5,1430.0,5200.0,1.0,0.0,3.0,4,7,1250.0,180.0,1940,0.0,98117,47.6988,-122.387,2210.0,6240.0,2015-02-24,517500.0
1138020200,4.0,1.5,1510.0,6460.0,1.0,0.0,0.0,3,7,1070.0,440.0,1970,0.0,98034,47.7121,-122.214,1450.0,6630.0,2014-09-03,435000.0
3432500200,3.0,1.0,1150.0,6908.0,1.0,0.0,0.0,3,6,800.0,350.0,1952,0.0,98155,47.7447,-122.313,1150.0,6908.0,2015-04-09,329999.0
1563102435,3.0,1.75,2150.0,4200.0,1.0,0.0,4.0,5,8,1140.0,1010.0,1960,0.0,98116,47.5671,-122.405,2510.0,7500.0,2014-12-10,950000.0
3959400710,3.0,1.0,1370.0,6001.0,1.0,0.0,0.0,5,7,1230.0,140.0,1944,0.0,98108,47.5646,-122.317,1370.0,5520.0,2014-07-30,447000.0
8682300890,2.0,2.5,2380.0,6600.0,1.0,,0.0,3,8,2380.0,0.0,2010,0.0,98053,47.717,-122.02,1870.0,6600.0,2014-08-28,699800.0
4385700765,3.0,1.75,1370.0,3850.0,1.0,0.0,0.0,5,7,770.0,600.0,1911,19880.0,98112,47.6374,-122.279,1390.0,3600.0,2014-06-03,850000.0
5149300200,3.0,1.75,1600.0,14250.0,1.0,0.0,0.0,3,7,1070.0,,1979,0.0,98023,47.3272,-122.355,2140.0,14960.0,2014-09-02,316500.0
9323600060,5.0,3.5,3750.0,9612.0,1.0,0.0,2.0,4,9,2030.0,1720.0,1981,0.0,98006,47.5511,-122.157,3270.0,9688.0,2014-07-15,942500.0
9273200140,2.0,2.25,3950.0,3938.0,2.0,0.0,4.0,3,10,2910.0,1040.0,1991,0.0,98116,47.5912,-122.384,3220.0,4500.0,2015-01-21,1310000.0
9542300320,4.0,2.25,2400.0,13430.0,1.0,0.0,0.0,4,9,2400.0,0.0,1964,0.0,98005,47.5987,-122.178,2580.0,10077.0,2015-02-02,856600.0
770000045,5.0,1.5,2830.0,4000.0,2.5,0.0,0.0,4,8,2830.0,0.0,1918,0.0,98118,47.5132,-122.262,1480.0,4000.0,2014-10-24,405600.0
6979900390,4.0,2.5,2440.0,22594.0,2.0,0.0,0.0,3,8,2440.0,0.0,1996,0.0,98053,47.6333,-121.97,2560.0,33341.0,2014-05-29,565000.0
6379500159,3.0,2.25,1190.0,1149.0,2.0,0.0,0.0,3,8,1050.0,140.0,2008,0.0,98116,47.5818,-122.387,1210.0,1316.0,2014-09-11,400000.0
826079094,3.0,2.0,1400.0,218252.0,1.0,0.0,0.0,3,7,1400.0,0.0,1997,0.0,98019,47.7576,-121.934,2230.0,218222.0,2015-03-24,330000.0
8856940060,4.0,2.75,2730.0,4683.0,2.0,0.0,0.0,3,7,2730.0,0.0,2005,0.0,98038,47.3608,-122.043,2230.0,4924.0,2015-02-27,374950.0
2972300060,3.0,2.75,2390.0,7939.0,1.0,0.0,0.0,5,7,1610.0,780.0,1983,0.0,98056,47.4987,-122.166,1920.0,7939.0,2014-12-17,405300.0
3575200070,3.0,2.25,2060.0,31400.0,2.0,,0.0,3,8,2060.0,0.0,1984,0.0,98074,47.6216,-122.056,2160.0,34500.0,2014-11-04,560000.0
8146100270,4.0,2.25,2490.0,9864.0,1.0,0.0,0.0,4,8,1290.0,1200.0,1961,0.0,98004,47.6051,-122.195,2360.0,9864.0,2015-03-24,824000.0
8648200030,3.0,1.75,1100.0,10968.0,1.0,0.0,0.0,5,7,1100.0,0.0,1984,0.0,98042,47.363,-122.08,1400.0,7799.0,2014-07-16,260000.0
208500160,4.0,2.5,2430.0,6099.0,1.0,0.0,0.0,5,8,1470.0,960.0,1965,0.0,98115,47.6777,-122.287,2180.0,6099.0,2015-01-07,760000.0
1196003428,3.0,2.5,3170.0,12750.0,2.0,0.0,0.0,3,10,2360.0,810.0,1995,0.0,98023,47.3384,-122.336,2970.0,13125.0,2014-06-24,405000.0
5104450990,4.0,2.5,2640.0,8625.0,2.0,0.0,0.0,3,8,2640.0,0.0,1987,0.0,98058,47.4598,-122.15,2240.0,8700.0,2014-06-19,429900.0
3343901234,3.0,1.5,1130.0,7223.0,1.0,0.0,0.0,4,7,1130.0,0.0,1961,0.0,98056,47.5089,-122.189,1320.0,7356.0,2014-11-13,341500.0
226039214,5.0,2.0,1940.0,7642.0,1.5,0.0,0.0,3,7,1940.0,0.0,1957,0.0,98177,47.7751,-122.38,1940.0,8724.0,2014-06-12,465250.0
1623300160,2.0,2.0,1100.0,3000.0,1.5,0.0,0.0,3,7,1100.0,0.0,1912,20050.0,98117,47.6797,-122.362,1390.0,4000.0,2014-05-06,450000.0
2205500575,3.0,1.0,1200.0,10800.0,1.0,,0.0,4,7,1200.0,0.0,1955,0.0,98006,47.5771,-122.144,1370.0,9950.0,2015-02-09,390000.0
4040800810,3.0,2.25,2000.0,8030.0,1.0,0.0,0.0,4,8,1000.0,1000.0,1963,0.0,98008,47.6188,-122.114,2070.0,8250.0,2014-05-02,420000.0
2612000390,3.0,2.5,1890.0,4838.0,2.0,0.0,0.0,3,8,1730.0,160.0,2002,0.0,98168,47.4802,-122.279,1910.0,7409.0,2014-06-15,269950.0
3814400125,4.0,2.0,1910.0,2874.0,1.0,0.0,0.0,3,7,1060.0,850.0,1910,0.0,98122,47.6101,-122.295,1520.0,2874.0,2014-10-16,493000.0
7300400060,4.0,2.5,2710.0,5880.0,2.0,0.0,0.0,3,9,2710.0,0.0,1998,0.0,98092,47.3314,-122.172,2520.0,6000.0,2014-05-15,370000.0
1954700695,5.0,4.25,4860.0,9453.0,1.5,0.0,1.0,5,10,3100.0,1760.0,1905,0.0,98112,47.6196,-122.286,3150.0,8557.0,2014-06-12,2250000.0
7230200340,3.0,1.0,1250.0,23680.0,1.0,0.0,0.0,5,7,1250.0,0.0,1967,0.0,98059,47.475,-122.11,1450.0,23680.0,2015-02-25,305000.0
3191000240,3.0,1.75,1590.0,8219.0,1.5,0.0,0.0,5,6,970.0,620.0,1938,0.0,98034,47.7146,-122.217,2030.0,7504.0,2014-06-12,400000.0
1139000069,3.0,1.5,1240.0,1221.0,2.0,0.0,0.0,3,8,1050.0,190.0,2009,0.0,98133,47.7073,-122.356,1180.0,887.0,2014-11-18,320000.0
5693500270,4.0,1.0,2000.0,4800.0,2.0,0.0,0.0,4,7,2000.0,0.0,1911,0.0,98103,47.6583,-122.351,1260.0,1452.0,2015-01-21,715000.0
686500030,6.0,2.75,3610.0,10003.0,1.5,0.0,0.0,4,8,3610.0,0.0,1966,0.0,98008,47.6261,-122.125,2560.0,10004.0,2014-12-02,650000.0
8731901940,5.0,1.75,1930.0,8040.0,1.0,0.0,0.0,4,8,1930.0,0.0,1966,0.0,98023,47.3109,-122.376,2370.0,8000.0,2015-03-04,218000.0
2688100071,2.0,1.0,1280.0,5400.0,1.0,0.0,0.0,3,7,1280.0,0.0,1964,0.0,98117,47.6949,-122.371,1540.0,5670.0,2015-04-15,500000.0
2423069155,4.0,2.0,2090.0,40419.0,1.0,0.0,0.0,4,7,2090.0,0.0,1984,0.0,98027,47.4691,-121.993,2380.0,63162.0,2014-11-20,460000.0
2329500260,3.0,1.5,1940.0,9887.0,1.0,,0.0,4,7,1140.0,800.0,1969,0.0,98003,47.3289,-122.327,1410.0,9936.0,2014-07-09,232500.0
2608300030,3.0,2.5,1800.0,5761.0,2.0,0.0,0.0,4,7,1800.0,0.0,1990,0.0,98106,47.5293,-122.363,1800.0,5952.0,2014-05-16,408200.0
1494300060,3.0,1.75,1730.0,8400.0,1.0,0.0,0.0,4,7,1400.0,330.0,1980,0.0,98052,47.6792,-122.115,1830.0,8636.0,2014-06-11,522000.0
7504101230,4.0,2.5,2810.0,11120.0,2.0,0.0,0.0,3,9,2810.0,0.0,1982,0.0,98074,47.6337,-122.044,3100.0,12672.0,2014-06-23,675000.0
8081020370,4.0,3.5,3550.0,11000.0,1.0,0.0,2.0,3,11,2260.0,1290.0,1999,0.0,98006,47.5506,-122.134,4100.0,10012.0,2014-07-09,1360000.0
1446800511,4.0,1.0,1330.0,7980.0,1.5,0.0,0.0,3,6,1330.0,0.0,1952,0.0,98168,47.492,-122.333,1570.0,8588.0,2014-10-09,249950.0
1623049062,2.0,1.0,750.0,34133.0,1.0,0.0,0.0,3,6,750.0,0.0,1950,0.0,98168,47.4781,-122.294,1460.0,25792.0,2015-03-04,210000.0
6145601000,4.0,1.0,1760.0,7216.0,1.0,0.0,0.0,3,7,1090.0,670.0,1947,0.0,98133,47.7041,-122.355,1180.0,3844.0,2014-07-11,429950.0
205000520,4.0,2.5,3200.0,36276.0,2.0,0.0,0.0,3,9,3200.0,0.0,1993,0.0,98053,47.6304,-121.994,2930.0,33171.0,2014-10-06,737500.0
3885805935,4.0,2.0,1740.0,9000.0,1.0,0.0,0.0,5,8,1740.0,0.0,1958,0.0,98033,47.6815,-122.198,1850.0,7700.0,2014-09-26,710000.0
7852020640,3.0,2.5,2100.0,4700.0,2.0,0.0,0.0,3,8,2100.0,0.0,1999,0.0,98065,47.5341,-121.867,2100.0,4700.0,2014-10-20,470000.0
6838800140,4.0,3.5,4270.0,40097.0,1.0,0.0,0.0,4,12,4270.0,0.0,1993,0.0,98077,47.7354,-122.078,3510.0,36149.0,2015-02-24,1100000.0
4083305445,3.0,2.0,1340.0,2720.0,1.5,0.0,0.0,3,7,1340.0,0.0,1913,0.0,98103,47.6518,-122.335,2030.0,4590.0,2014-08-15,650000.0
7855801610,4.0,2.5,3190.0,8684.0,1.0,0.0,3.0,5,9,1680.0,1510.0,1967,0.0,98006,47.5619,-122.162,3160.0,8684.0,2014-05-19,1220000.0
7940700260,3.0,2.5,1630.0,4534.0,2.0,0.0,0.0,3,8,1630.0,0.0,1987,0.0,98034,47.7148,-122.205,1380.0,4779.0,2015-01-15,422120.0
8854100350,5.0,2.5,2990.0,15085.0,2.0,0.0,0.0,3,9,2990.0,0.0,2007,0.0,98011,47.746,-122.218,3150.0,13076.0,2015-01-07,625000.0
4365200860,4.0,1.0,1550.0,7740.0,1.5,,0.0,3,6,1550.0,0.0,1954,0.0,98126,47.5222,-122.375,1220.0,7740.0,2014-06-06,385200.0
3904980030,3.0,2.25,1690.0,4964.0,2.0,0.0,0.0,3,8,1690.0,0.0,1989,0.0,98029,47.5756,-122.01,1800.0,5036.0,2015-04-14,500000.0
7843500070,4.0,2.25,1960.0,12243.0,2.0,0.0,0.0,3,8,1960.0,0.0,1989,0.0,98042,47.3405,-122.058,1910.0,12230.0,2014-11-18,308000.0
6067900060,3.0,2.75,2390.0,9966.0,1.0,0.0,0.0,5,8,1360.0,1030.0,1977,0.0,98006,47.5433,-122.185,2140.0,10713.0,2014-06-05,565000.0
7202340960,3.0,2.5,2600.0,4438.0,2.0,0.0,0.0,3,7,2600.0,0.0,2004,0.0,98053,47.6799,-122.034,2600.0,4904.0,2014-09-08,581000.0
1786640070,3.0,2.0,1950.0,8698.0,1.0,0.0,0.0,3,8,1950.0,0.0,1999,0.0,98042,47.39,-122.153,2330.0,7212.0,2014-08-06,361000.0
259600260,3.0,1.0,1250.0,7210.0,1.0,0.0,0.0,4,7,1250.0,0.0,1964,0.0,98008,47.6329,-122.121,1530.0,8800.0,2015-01-22,345000.0
7234600903,2.0,2.25,1180.0,1253.0,2.0,0.0,0.0,3,8,840.0,340.0,2008,0.0,98122,47.6124,-122.309,1310.0,1963.0,2014-10-16,419000.0
4307350200,3.0,2.5,1680.0,4308.0,2.0,0.0,0.0,3,7,1680.0,0.0,2004,0.0,98056,47.4802,-122.179,2160.0,4182.0,2015-05-12,347000.0
3276930400,4.0,2.25,2220.0,36085.0,2.0,,0.0,3,9,2220.0,0.0,1989,0.0,98075,47.5839,-121.991,3000.0,36906.0,2014-10-22,625000.0
4045100075,4.0,4.25,4890.0,15188.0,2.0,0.0,2.0,3,11,3090.0,1800.0,1999,0.0,98040,47.5602,-122.227,3470.0,16201.0,2015-03-25,2400000.0
1421069208,3.0,3.25,2660.0,17852.0,2.5,0.0,0.0,3,8,2660.0,0.0,2014,0.0,98010,47.3077,-122.011,1320.0,11876.0,2014-12-23,379000.0
4057300200,3.0,1.5,1150.0,3323.0,2.0,0.0,0.0,3,7,1150.0,0.0,1988,0.0,98029,47.5707,-122.017,1150.0,2980.0,2014-12-22,310000.0
1922059135,2.0,2.0,1130.0,5500.0,1.0,0.0,0.0,4,6,1130.0,0.0,1941,0.0,98030,47.3839,-122.225,1320.0,6600.0,2015-05-13,250000.0
5014600240,5.0,2.75,2760.0,5000.0,2.0,0.0,0.0,3,9,2760.0,0.0,2005,0.0,98059,47.539,-122.188,2870.0,5030.0,2014-08-14,682000.0
1565900070,3.0,2.0,1430.0,8919.0,1.0,0.0,0.0,3,7,1430.0,0.0,1992,0.0,98022,47.2118,-121.983,1580.0,8919.0,2014-07-21,246500.0
3121059033,3.0,1.0,1490.0,57381.0,1.5,0.0,0.0,4,5,1490.0,0.0,1932,0.0,98092,47.2597,-122.228,1580.0,101529.0,2014-10-29,325000.0
6799300270,4.0,2.5,2030.0,4997.0,2.0,0.0,0.0,3,8,2030.0,0.0,2004,0.0,98031,47.393,-122.184,2095.0,5500.0,2014-08-06,310950.0
2021200370,3.0,2.0,3010.0,5000.0,2.0,0.0,2.0,5,9,1890.0,1120.0,1931,0.0,98199,47.6347,-122.396,2688.0,5000.0,2014-09-01,1100000.0
726049190,3.0,1.0,1810.0,7200.0,1.0,,0.0,4,7,1130.0,680.0,1954,0.0,98133,47.7493,-122.351,1810.0,8100.0,2014-10-02,287500.0
726049190,3.0,1.0,1810.0,7200.0,1.0,,0.0,4,7,1130.0,680.0,1954,0.0,98133,47.7493,-122.351,1810.0,8100.0,2015-02-18,431000.0
4006000251,3.0,1.0,970.0,5000.0,1.0,0.0,0.0,3,6,970.0,0.0,1968,0.0,98118,47.5282,-122.279,1290.0,5875.0,2014-08-22,226000.0
3362400640,3.0,1.75,2010.0,3090.0,1.5,,0.0,5,7,1510.0,500.0,1926,0.0,98103,47.682,-122.348,1600.0,3150.0,2015-05-12,825000.0
1610000016,4.0,1.0,1300.0,6030.0,1.5,,0.0,3,6,1300.0,0.0,1947,0.0,98168,47.4778,-122.286,1240.0,6900.0,2014-09-11,175000.0
7376300060,3.0,1.5,1260.0,10350.0,1.0,0.0,0.0,3,7,1260.0,0.0,1959,0.0,98008,47.6357,-122.123,1800.0,10350.0,2014-05-15,465750.0
7300200550,4.0,2.25,2610.0,24931.0,2.0,0.0,0.0,3,8,2610.0,0.0,1983,0.0,98075,47.5771,-122.05,2550.0,18306.0,2015-03-19,659000.0
2061100570,3.0,1.75,1910.0,5753.0,1.0,,3.0,3,8,1110.0,800.0,1941,0.0,98115,47.6898,-122.327,1630.0,5580.0,2015-02-10,595000.0
8856890200,3.0,2.25,1780.0,16290.0,2.0,0.0,0.0,4,8,1780.0,0.0,1987,0.0,98058,47.4622,-122.127,1780.0,8810.0,2014-06-26,350000.0
8731951670,4.0,2.25,1900.0,8600.0,1.0,0.0,0.0,4,8,1900.0,0.0,1975,0.0,98023,47.3102,-122.381,2120.0,8000.0,2014-06-06,270000.0
4037200075,6.0,2.25,2450.0,25600.0,1.0,0.0,2.0,3,7,1340.0,1110.0,1957,0.0,98008,47.6061,-122.117,1850.0,10230.0,2014-09-11,662500.0
5066400483,3.0,1.75,1380.0,14000.0,1.0,0.0,0.0,4,5,1380.0,0.0,1939,0.0,98001,47.294,-122.281,1490.0,18503.0,2014-11-20,249900.0
4167300310,3.0,1.75,1920.0,11340.0,1.0,0.0,0.0,4,7,1230.0,690.0,1977,0.0,98023,47.3272,-122.362,1980.0,9638.0,2015-03-17,324500.0
8682262400,2.0,1.75,1350.0,4003.0,1.0,0.0,0.0,3,8,1350.0,0.0,2004,0.0,98053,47.7176,-122.033,1350.0,4479.0,2014-07-18,430000.0
8682262400,2.0,1.75,1350.0,4003.0,1.0,0.0,0.0,3,8,1350.0,0.0,2004,0.0,98053,47.7176,-122.033,1350.0,4479.0,2015-05-13,419950.0
6777800160,4.0,1.75,2510.0,7440.0,1.0,0.0,2.0,4,8,1290.0,1220.0,1962,0.0,98032,47.3748,-122.276,1790.0,8000.0,2014-07-28,285000.0
1402950550,4.0,2.5,2470.0,7780.0,2.0,,0.0,3,8,2470.0,0.0,2002,0.0,98092,47.3337,-122.191,2100.0,5972.0,2015-01-07,332000.0
2843200070,4.0,1.75,1660.0,10725.0,1.0,0.0,0.0,3,7,960.0,700.0,1956,0.0,98168,47.5033,-122.3,1340.0,9023.0,2014-12-15,282000.0
6450303785,3.0,1.0,1340.0,5175.0,1.0,0.0,0.0,3,7,940.0,400.0,1987,0.0,98133,47.7321,-122.34,1020.0,5500.0,2014-11-18,320000.0
9429500045,3.0,1.0,1620.0,30736.0,1.5,0.0,0.0,4,7,1620.0,0.0,1911,19770.0,98006,47.5719,-122.119,2440.0,28826.0,2014-05-09,428750.0
1443300140,3.0,2.25,2300.0,35287.0,2.0,0.0,0.0,3,8,2300.0,0.0,1977,0.0,98022,47.2477,-121.937,1760.0,47916.0,2015-01-14,330000.0
108000127,4.0,3.5,2000.0,2309.0,3.0,0.0,0.0,3,8,2000.0,0.0,2008,0.0,98177,47.7027,-122.361,1440.0,1548.0,2014-12-09,456500.0
1081300200,3.0,2.25,1640.0,11050.0,1.0,,0.0,4,8,1640.0,0.0,1972,0.0,98059,47.4723,-122.121,1870.0,11050.0,2014-05-09,352000.0
8818900060,4.0,2.0,1530.0,4080.0,1.5,,0.0,4,7,1530.0,0.0,1912,0.0,98105,47.6645,-122.325,1860.0,4080.0,2014-11-25,664000.0
3395050060,3.0,1.75,4000.0,11894.0,1.0,,0.0,3,9,2190.0,1810.0,1987,0.0,98011,47.7738,-122.203,2530.0,8650.0,2014-07-22,628000.0
7197350070,3.0,1.75,1610.0,12555.0,1.0,0.0,0.0,3,7,1080.0,530.0,1977,0.0,98052,47.6618,-122.136,1780.0,10374.0,2015-03-04,512000.0
9510900270,3.0,2.0,2070.0,9000.0,1.0,0.0,0.0,4,7,1450.0,620.0,1969,0.0,98023,47.3085,-122.376,1630.0,7885.0,2014-12-11,254000.0
3905081070,4.0,2.5,1900.0,5790.0,2.0,0.0,0.0,3,8,1900.0,0.0,1994,0.0,98029,47.5691,-121.996,2030.0,5790.0,2014-05-21,535800.0
2322069114,3.0,1.0,1050.0,16050.0,1.0,0.0,0.0,4,7,1050.0,0.0,1960,19810.0,98038,47.3841,-122.006,1610.0,27600.0,2014-10-10,287653.0
5637500070,3.0,2.5,1520.0,1304.0,2.0,0.0,0.0,3,8,1180.0,340.0,2006,0.0,98136,47.5446,-122.385,1270.0,1718.0,2014-07-31,438000.0
4164100160,4.0,1.75,2390.0,23899.0,1.0,0.0,0.0,3,7,1750.0,640.0,1949,0.0,98028,47.7557,-122.237,1840.0,33900.0,2014-07-16,450000.0
4136890260,5.0,2.75,2400.0,8050.0,2.0,0.0,0.0,3,8,2400.0,0.0,1998,0.0,98092,47.2635,-122.209,2400.0,8050.0,2014-06-27,327000.0
3056800160,4.0,2.5,1790.0,6120.0,2.0,,0.0,3,7,1790.0,0.0,2005,0.0,98059,47.4829,-122.128,1950.0,5660.0,2014-08-12,370500.0
3654800200,3.0,2.5,1720.0,6271.0,2.0,0.0,0.0,3,7,1720.0,0.0,1993,0.0,98038,47.3898,-122.049,1570.0,6587.0,2014-10-22,265000.0
2296500036,4.0,2.75,2980.0,13260.0,1.0,0.0,0.0,4,8,1800.0,1180.0,1979,0.0,98056,47.5152,-122.197,1920.0,10731.0,2015-03-10,450000.0
623069068,3.0,1.0,1520.0,213444.0,1.5,0.0,3.0,5,8,1520.0,0.0,1988,0.0,98027,47.5081,-122.093,2640.0,213444.0,2014-06-27,425000.0
1865820370,3.0,1.75,1150.0,8690.0,1.0,0.0,0.0,4,7,1150.0,0.0,1977,0.0,98042,47.3729,-122.115,1330.0,7040.0,2014-11-13,166600.0
1723049033,1.0,0.75,380.0,15000.0,1.0,0.0,0.0,3,5,380.0,0.0,1963,0.0,98168,47.481,-122.323,1170.0,15000.0,2014-06-20,245000.0
2359300030,3.0,1.0,910.0,5212.0,1.0,,0.0,3,7,910.0,0.0,1951,0.0,98115,47.6742,-122.284,1520.0,6300.0,2015-05-08,565000.0
6403310060,3.0,1.75,1650.0,10150.0,1.0,0.0,0.0,3,8,1230.0,420.0,1976,0.0,98033,47.6963,-122.169,1930.0,8958.0,2014-08-11,539900.0
1937300270,3.0,3.5,2480.0,3200.0,2.0,,0.0,3,10,2480.0,0.0,2010,0.0,98144,47.5951,-122.307,1980.0,3200.0,2015-03-03,910000.0
4137050060,4.0,2.5,2050.0,7416.0,2.0,0.0,0.0,3,8,2050.0,0.0,1990,0.0,98092,47.2658,-122.219,2050.0,7920.0,2014-11-04,280000.0
2310000240,3.0,2.25,1420.0,8549.0,2.0,0.0,0.0,4,7,1420.0,0.0,1989,0.0,98038,47.3576,-122.039,1560.0,7471.0,2015-03-13,275000.0
3955900830,3.0,2.5,3460.0,6590.0,2.0,0.0,0.0,3,7,3460.0,0.0,2001,0.0,98056,47.4802,-122.188,2490.0,6312.0,2015-04-27,467000.0
8665050060,3.0,2.5,1500.0,4445.0,2.0,0.0,0.0,3,8,1500.0,0.0,1996,0.0,98029,47.5682,-122.005,1730.0,4408.0,2014-07-31,457500.0
3330500875,2.0,1.0,1320.0,3090.0,1.0,0.0,0.0,4,7,1320.0,0.0,1908,0.0,98118,47.5517,-122.276,1270.0,4120.0,2014-12-26,381156.0
3327020400,5.0,2.5,2180.0,8240.0,1.0,0.0,0.0,4,8,1220.0,960.0,1977,0.0,98092,47.3122,-122.191,2050.0,7590.0,2015-04-23,289999.0
1250700060,3.0,1.75,1830.0,4160.0,1.0,0.0,0.0,3,7,1230.0,600.0,1919,0.0,98144,47.5962,-122.288,1950.0,4160.0,2015-04-22,642450.0
4039300400,3.0,2.25,1620.0,8701.0,1.0,0.0,0.0,3,7,1220.0,400.0,1962,0.0,98007,47.6071,-122.137,1600.0,7910.0,2014-09-19,469950.0
6665800060,3.0,2.0,2920.0,13650.0,1.0,0.0,2.0,5,8,1460.0,1460.0,1975,0.0,98033,47.6652,-122.188,2920.0,10988.0,2015-03-05,795000.0
7504110030,4.0,2.5,3300.0,10514.0,2.0,0.0,0.0,3,10,3300.0,0.0,1984,0.0,98074,47.6323,-122.036,2820.0,11462.0,2015-02-11,785000.0
7805450810,3.0,2.25,3060.0,12095.0,2.0,0.0,0.0,3,10,3060.0,0.0,1983,0.0,98006,47.5611,-122.106,3060.0,11455.0,2014-05-30,860000.0
8802400416,3.0,1.0,1530.0,8498.0,1.0,0.0,0.0,3,7,1530.0,0.0,1959,0.0,98031,47.404,-122.203,1380.0,8498.0,2015-02-13,147500.0
6204400270,3.0,2.0,1910.0,11576.0,1.0,0.0,0.0,3,7,1410.0,500.0,1978,0.0,98011,47.7356,-122.198,2040.0,8750.0,2014-11-25,390000.0
9536602080,3.0,1.0,1020.0,8100.0,1.0,0.0,0.0,3,7,1020.0,0.0,1954,0.0,98198,47.3586,-122.314,1020.0,8100.0,2014-12-19,229000.0
3826000070,3.0,1.0,1150.0,8100.0,1.0,0.0,0.0,3,6,1150.0,0.0,1932,0.0,98168,47.494,-122.307,1120.0,8100.0,2014-05-15,185000.0
5101405335,3.0,1.5,1260.0,9570.0,1.0,,0.0,3,7,870.0,390.0,1941,0.0,98115,47.7004,-122.305,1620.0,7000.0,2014-08-26,414900.0
2349300060,4.0,2.0,1920.0,4822.0,1.0,0.0,0.0,2,6,920.0,1000.0,1914,0.0,98136,47.5507,-122.381,1120.0,4822.0,2015-02-12,200000.0
7749500370,4.0,2.25,1800.0,9350.0,1.0,0.0,0.0,3,8,1800.0,,1969,0.0,98092,47.2959,-122.191,2060.0,8800.0,2014-10-21,225000.0
2436701200,3.0,1.75,2040.0,4000.0,2.0,0.0,0.0,5,7,1360.0,680.0,1924,0.0,98105,47.6675,-122.289,1610.0,4000.0,2014-09-12,720000.0
7871500070,4.0,2.5,2200.0,4000.0,2.0,0.0,0.0,5,8,1430.0,770.0,1908,0.0,98119,47.6402,-122.37,2100.0,4000.0,2014-06-03,930000.0
3323500030,5.0,2.5,3200.0,17204.0,1.0,,0.0,3,7,2160.0,1040.0,1952,0.0,98004,47.6209,-122.222,4090.0,15732.0,2014-06-04,1270000.0
2110200036,5.0,3.25,2400.0,3118.0,2.0,0.0,0.0,4,7,1780.0,620.0,1928,0.0,98122,47.6094,-122.291,2100.0,3941.0,2014-11-11,700000.0
510002519,2.0,1.5,1140.0,1058.0,3.0,0.0,0.0,3,7,1140.0,0.0,2005,0.0,98103,47.6608,-122.333,1170.0,1116.0,2014-07-15,466000.0
1387300070,3.0,1.5,1330.0,10640.0,1.0,0.0,0.0,3,7,1330.0,0.0,1976,0.0,98011,47.7364,-122.193,1460.0,8520.0,2014-08-25,374000.0
9465910070,3.0,2.5,1940.0,10035.0,2.0,0.0,0.0,4,8,1940.0,0.0,1994,0.0,98072,47.7438,-122.172,2810.0,8333.0,2014-07-16,480000.0
2324800070,3.0,2.5,3000.0,25341.0,2.0,0.0,0.0,3,9,3000.0,0.0,1995,0.0,98053,47.6724,-122.013,3000.0,32417.0,2014-06-10,740000.0
1962200435,4.0,1.0,1820.0,5400.0,1.5,,0.0,3,8,1820.0,,1923,20140.0,98102,47.6476,-122.318,1820.0,5400.0,2014-11-10,1010000.0
8562890700,4.0,2.5,2910.0,5000.0,2.0,0.0,0.0,3,8,2910.0,0.0,2002,0.0,98042,47.3782,-122.127,2740.0,5045.0,2014-05-30,395000.0
3298700946,2.0,1.0,1090.0,6771.0,1.0,0.0,0.0,3,6,1090.0,0.0,1954,0.0,98106,47.5185,-122.352,1200.0,4992.0,2014-07-25,340000.0
880000189,3.0,2.0,1230.0,1340.0,2.0,0.0,0.0,3,7,1020.0,210.0,2003,0.0,98106,47.526,-122.361,1260.0,1312.0,2014-08-11,209000.0
643500030,5.0,2.5,1710.0,7700.0,1.5,,0.0,3,7,1710.0,0.0,1962,0.0,98007,47.5922,-122.146,1530.0,7700.0,2014-11-14,431650.0
8566100200,5.0,2.5,3160.0,11470.0,1.0,0.0,0.0,4,9,1780.0,1380.0,1971,0.0,98040,47.5368,-122.216,3260.0,11470.0,2014-05-08,980000.0
4298100240,3.0,2.5,2680.0,28243.0,2.0,0.0,0.0,3,9,2680.0,0.0,1993,0.0,98077,47.7637,-122.05,2670.0,32130.0,2014-08-05,660000.0
3275780030,4.0,2.25,2190.0,9009.0,2.0,0.0,0.0,4,8,1840.0,350.0,1977,0.0,98033,47.6916,-122.188,2190.0,10251.0,2015-03-11,730000.0
8648220270,3.0,1.75,1260.0,9600.0,1.0,0.0,0.0,4,7,1260.0,0.0,1988,0.0,98042,47.3592,-122.076,1640.0,9946.0,2015-04-14,291500.0
1923000160,4.0,3.5,2970.0,14486.0,2.0,0.0,0.0,3,9,2340.0,630.0,1997,0.0,98040,47.5627,-122.215,3680.0,14486.0,2014-06-20,905000.0
7574910860,4.0,2.5,2570.0,50308.0,1.5,0.0,0.0,3,10,2570.0,0.0,1993,0.0,98077,47.7418,-122.039,3420.0,37891.0,2014-08-11,800000.0
2296500136,4.0,3.5,3810.0,13592.0,1.0,0.0,1.0,3,9,2560.0,1250.0,2013,0.0,98056,47.5134,-122.2,3230.0,9311.0,2014-05-09,839900.0
3278600710,1.0,1.5,1010.0,1157.0,2.0,0.0,0.0,3,8,950.0,60.0,2007,0.0,98126,47.5492,-122.372,1360.0,1688.0,2014-07-14,200000.0
2460700260,3.0,2.0,1480.0,6698.0,1.0,0.0,0.0,4,7,1080.0,400.0,1979,0.0,98058,47.4614,-122.168,1850.0,7348.0,2015-02-18,300000.0
3188100400,3.0,1.75,1250.0,6041.0,1.5,0.0,0.0,5,7,1250.0,0.0,1942,0.0,98115,47.69,-122.304,1180.0,6042.0,2014-06-03,530000.0
9406520830,3.0,2.25,1654.0,8479.0,2.0,0.0,0.0,3,7,1654.0,0.0,1995,0.0,98038,47.3627,-122.037,1654.0,8479.0,2015-03-26,314950.0
3387900390,3.0,1.75,1410.0,9315.0,1.0,0.0,0.0,5,7,1410.0,0.0,1960,0.0,98031,47.3969,-122.198,1630.0,8250.0,2014-10-07,255000.0
1596600024,5.0,2.75,2160.0,5720.0,1.0,0.0,0.0,5,7,1500.0,660.0,1950,0.0,98144,47.5728,-122.304,2160.0,4996.0,2014-10-16,550000.0
7625701891,3.0,1.0,1400.0,4800.0,1.0,0.0,0.0,4,6,700.0,700.0,1917,0.0,98136,47.5499,-122.391,1470.0,6000.0,2014-08-06,435000.0
3224800075,3.0,1.75,1420.0,8738.0,1.0,0.0,0.0,4,7,1420.0,0.0,1966,0.0,98002,47.3113,-122.207,1660.0,8738.0,2014-11-24,234000.0
7526800200,4.0,2.25,2500.0,10062.0,1.0,0.0,0.0,3,8,1600.0,900.0,1975,0.0,98052,47.639,-122.1,2500.0,9750.0,2014-10-10,615000.0
3329530200,3.0,2.0,1410.0,8384.0,1.0,0.0,0.0,3,7,1410.0,0.0,1985,0.0,98001,47.3315,-122.263,1410.0,9205.0,2014-09-10,205000.0
2115200125,4.0,1.75,2100.0,7135.0,1.0,0.0,0.0,4,7,1050.0,1050.0,1955,0.0,98106,47.5353,-122.349,1730.0,4000.0,2014-09-19,384000.0
6623400135,3.0,2.5,1750.0,7208.0,2.0,0.0,0.0,3,8,1750.0,0.0,1994,0.0,98055,47.4315,-122.192,2050.0,7524.0,2014-05-22,324000.0
103000116,3.0,1.75,2070.0,5500.0,1.0,0.0,0.0,4,7,1130.0,940.0,1946,0.0,98115,47.6733,-122.301,1800.0,4400.0,2014-07-22,645000.0
2768301525,3.0,3.25,1570.0,1777.0,2.0,0.0,0.0,3,8,1260.0,310.0,2007,0.0,98107,47.6655,-122.369,1000.0,1777.0,2014-10-23,570000.0
739980260,3.0,2.5,1920.0,5322.0,2.0,0.0,0.0,3,8,1920.0,0.0,1999,0.0,98031,47.4095,-122.195,1920.0,5000.0,2014-12-10,324000.0
4302200695,2.0,1.0,1000.0,10320.0,1.0,0.0,0.0,3,6,1000.0,0.0,1943,0.0,98106,47.527,-122.356,1100.0,5160.0,2014-08-28,270000.0
1431700370,5.0,1.5,2120.0,7700.0,1.5,0.0,0.0,5,7,2120.0,0.0,1962,0.0,98058,47.4599,-122.172,1730.0,7700.0,2014-05-19,290000.0
7524000030,3.0,2.0,1440.0,9220.0,1.0,0.0,0.0,3,7,1440.0,0.0,1965,0.0,98198,47.3702,-122.317,1390.0,7830.0,2014-06-30,250000.0
4046500320,3.0,1.75,1660.0,16275.0,2.0,0.0,0.0,3,7,1660.0,0.0,1990,0.0,98014,47.6903,-121.915,1520.0,16275.0,2015-01-20,342000.0
4325000125,3.0,1.5,1340.0,8450.0,1.0,0.0,0.0,4,7,1340.0,0.0,1958,0.0,98188,47.4405,-122.28,1340.0,8920.0,2015-03-18,255000.0
3456000160,3.0,2.25,2380.0,11824.0,1.0,0.0,0.0,4,9,1450.0,930.0,1972,0.0,98040,47.5371,-122.218,2750.0,11491.0,2014-06-23,800000.0
9297301580,3.0,1.75,1560.0,4049.0,1.5,0.0,2.0,3,7,1000.0,560.0,1926,0.0,98126,47.5666,-122.375,1430.0,3738.0,2014-05-16,451000.0
2465400036,4.0,2.5,2780.0,10480.0,1.0,0.0,3.0,3,7,1390.0,1390.0,1967,0.0,98033,47.6597,-122.204,2860.0,10506.0,2014-12-03,990000.0
5412200270,4.0,2.5,1860.0,6687.0,1.0,0.0,0.0,4,7,1220.0,640.0,1983,0.0,98031,47.4046,-122.186,1860.0,6117.0,2014-05-20,288400.0
1109000390,3.0,1.5,2390.0,4600.0,2.0,0.0,0.0,3,8,1750.0,640.0,1920,19950.0,98118,47.5383,-122.268,1690.0,5220.0,2015-03-10,420000.0
8730000270,2.0,2.75,1370.0,1140.0,2.0,0.0,0.0,3,8,1080.0,290.0,2009,0.0,98133,47.7052,-122.343,1370.0,1090.0,2015-05-14,359000.0
7937600830,4.0,3.0,2570.0,262018.0,1.0,0.0,0.0,3,7,1420.0,1150.0,1988,0.0,98058,47.4417,-122.09,2260.0,19811.0,2014-08-08,390000.0
3395070640,3.0,2.5,1320.0,2614.0,2.0,0.0,0.0,3,7,1320.0,0.0,2005,0.0,98118,47.5355,-122.283,1320.0,2533.0,2014-09-02,300000.0
8663280160,5.0,2.5,2520.0,7863.0,1.0,0.0,0.0,3,7,1500.0,1020.0,1981,0.0,98034,47.7096,-122.199,2030.0,8580.0,2015-03-05,545000.0
6151800624,3.0,1.0,1250.0,18616.0,1.0,0.0,0.0,4,6,1250.0,0.0,1972,0.0,98010,47.3414,-122.047,1920.0,15654.0,2015-04-08,288349.0
8594400370,3.0,2.25,1560.0,35026.0,1.0,0.0,0.0,3,7,1290.0,270.0,1985,0.0,98092,47.3023,-122.069,1660.0,35160.0,2015-02-05,299900.0
2301400640,4.0,2.0,2330.0,5000.0,1.5,0.0,0.0,5,7,1720.0,610.0,1925,0.0,98117,47.6804,-122.358,2090.0,5000.0,2014-07-17,891000.0
4441300240,3.0,2.0,3660.0,22410.0,1.0,0.0,3.0,4,9,1830.0,1830.0,1947,0.0,98117,47.6972,-122.4,2680.0,8250.0,2015-03-31,1200000.0
7714000070,4.0,2.5,2790.0,4650.0,2.0,0.0,0.0,3,8,2790.0,0.0,2004,0.0,98038,47.3556,-122.026,2820.0,4650.0,2015-02-05,378000.0
3432500486,2.0,1.0,1060.0,7200.0,1.0,0.0,0.0,4,6,1060.0,0.0,1951,0.0,98155,47.7463,-122.315,1850.0,8291.0,2014-06-23,299995.0
5466420030,3.0,2.5,2020.0,6564.0,1.0,0.0,0.0,3,7,1310.0,710.0,1994,0.0,98042,47.3545,-122.158,1710.0,5151.0,2014-10-07,253000.0
1324079046,3.0,2.25,1580.0,47916.0,1.0,0.0,0.0,3,7,1580.0,0.0,1979,0.0,98024,47.5583,-121.852,1980.0,75358.0,2015-01-20,350000.0
2768301715,4.0,3.0,2020.0,4300.0,1.5,0.0,0.0,3,6,2020.0,0.0,1900,0.0,98107,47.6653,-122.372,1290.0,3440.0,2015-03-11,565000.0
3332000135,2.0,1.0,970.0,5665.0,1.0,0.0,0.0,4,6,970.0,0.0,1908,0.0,98118,47.5513,-122.273,1490.0,4429.0,2014-06-12,315000.0
65000400,4.0,3.0,1490.0,6766.0,1.5,,1.0,5,7,1490.0,0.0,1915,0.0,98136,47.5446,-122.382,1990.0,6526.0,2014-10-22,570000.0
8820901670,5.0,3.5,4390.0,10140.0,2.0,0.0,0.0,3,9,3350.0,1040.0,2005,0.0,98125,47.7174,-122.282,2010.0,8400.0,2014-08-11,971000.0
8712100575,5.0,2.5,2750.0,5589.0,1.5,0.0,0.0,5,9,1840.0,910.0,1910,0.0,98112,47.6364,-122.3,1460.0,4250.0,2014-08-28,915000.0
6116500341,4.0,1.5,2150.0,23568.0,1.0,,0.0,4,7,2150.0,0.0,1950,0.0,98166,47.4522,-122.355,2150.0,10125.0,2015-01-12,419000.0
4167300030,4.0,1.75,1810.0,7480.0,1.0,0.0,0.0,3,7,1230.0,580.0,1977,0.0,98023,47.3275,-122.361,1870.0,9594.0,2015-02-09,260000.0
2925059135,3.0,3.0,2230.0,12968.0,2.0,0.0,0.0,3,9,2230.0,0.0,1990,0.0,98004,47.6271,-122.197,2260.0,10160.0,2015-04-08,1320000.0
7708300140,3.0,1.0,2430.0,10720.0,1.0,,0.0,3,7,2430.0,0.0,1977,0.0,98045,47.4895,-121.787,1660.0,11560.0,2015-03-06,369950.0
4139430340,3.0,2.5,3680.0,13384.0,2.0,0.0,0.0,3,10,3680.0,0.0,1994,0.0,98006,47.5484,-122.119,3600.0,11306.0,2014-10-15,1030000.0
3812400070,5.0,1.0,1410.0,6750.0,1.5,0.0,0.0,3,6,1410.0,0.0,1929,0.0,98118,47.5453,-122.278,1360.0,6750.0,2015-05-06,435000.0
9455200445,3.0,1.75,1330.0,6743.0,1.0,0.0,0.0,3,8,1330.0,0.0,1958,20020.0,98125,47.7012,-122.286,2600.0,7350.0,2015-03-25,601000.0
6203000160,3.0,1.0,1490.0,10650.0,1.0,0.0,0.0,3,7,1150.0,340.0,1963,0.0,98033,47.663,-122.178,1730.0,9800.0,2014-07-16,460500.0
7517500611,3.0,2.5,2020.0,1159.0,3.0,0.0,3.0,3,8,2020.0,0.0,2000,0.0,98103,47.6617,-122.356,1920.0,3600.0,2014-05-21,720000.0
8691300860,4.0,2.5,3130.0,13202.0,2.0,0.0,0.0,3,10,3130.0,0.0,1996,0.0,98075,47.5878,-121.976,2840.0,10470.0,2015-04-21,851000.0
5489200435,4.0,3.0,2670.0,5000.0,2.0,0.0,2.0,3,7,2670.0,0.0,1916,0.0,98126,47.5784,-122.377,2300.0,5000.0,2014-09-04,550000.0
510002065,4.0,1.0,1980.0,4560.0,1.5,0.0,0.0,3,7,1980.0,0.0,1920,0.0,98103,47.6606,-122.331,1810.0,3245.0,2015-03-23,700000.0
252000400,3.0,1.75,2100.0,14850.0,1.0,,0.0,4,7,2100.0,0.0,1963,0.0,98042,47.3622,-122.059,1930.0,17238.0,2014-09-08,323000.0
7279300070,3.0,1.0,1350.0,8581.0,1.0,0.0,0.0,5,6,1350.0,0.0,1944,0.0,98177,47.7612,-122.362,2080.0,8451.0,2014-09-22,345500.0
8113101670,4.0,1.5,2140.0,7920.0,1.0,0.0,0.0,3,7,1190.0,950.0,1959,0.0,98118,47.5491,-122.272,2140.0,7238.0,2014-12-03,378000.0
7578200310,4.0,2.0,2208.0,5000.0,3.0,0.0,0.0,5,8,2208.0,0.0,1917,0.0,98116,47.5711,-122.383,1760.0,5000.0,2014-11-12,650000.0
7715800570,3.0,2.0,1010.0,7380.0,1.0,0.0,0.0,3,7,1010.0,0.0,1982,0.0,98074,47.6273,-122.062,1650.0,9030.0,2015-04-13,385000.0
6852700478,2.0,1.0,970.0,2970.0,1.0,0.0,0.0,3,7,970.0,0.0,1910,0.0,98102,47.6233,-122.319,1670.0,3000.0,2014-09-16,425000.0
1917300260,4.0,2.0,1520.0,6174.0,1.5,0.0,0.0,5,6,1520.0,0.0,1920,0.0,98022,47.2105,-121.989,1390.0,5407.0,2014-12-02,210000.0
4298100070,4.0,2.5,2740.0,43101.0,2.0,0.0,0.0,3,9,2740.0,0.0,1993,0.0,98077,47.7649,-122.049,2740.0,33447.0,2014-05-28,630000.0
1842000140,3.0,1.75,1570.0,7500.0,1.0,,1.0,3,7,1300.0,270.0,1953,0.0,98146,47.4999,-122.368,1590.0,7660.0,2014-07-30,335000.0
5462100240,3.0,1.0,1320.0,9000.0,1.0,0.0,0.0,3,7,1320.0,0.0,1966,0.0,98001,47.3461,-122.272,1320.0,9800.0,2014-06-25,196500.0
8651520510,4.0,2.75,2550.0,7636.0,1.0,0.0,0.0,3,8,1440.0,1110.0,1986,0.0,98074,47.6471,-122.06,2290.0,8223.0,2014-05-15,582800.0
3578110200,3.0,1.75,1560.0,7207.0,1.0,0.0,0.0,3,7,1250.0,310.0,1983,0.0,98034,47.7283,-122.222,1540.0,7485.0,2014-06-23,440000.0
7555210340,4.0,2.25,2360.0,8616.0,2.0,0.0,0.0,4,8,2360.0,0.0,1974,0.0,98033,47.6495,-122.198,2360.0,9337.0,2014-08-25,752500.0
2313900510,3.0,1.75,1330.0,5000.0,2.0,0.0,0.0,4,7,1210.0,120.0,1909,0.0,98116,47.5724,-122.384,1500.0,4000.0,2014-10-28,532500.0
2009001600,3.0,1.0,1070.0,9000.0,1.0,,0.0,4,7,1070.0,0.0,1950,0.0,98198,47.4061,-122.33,1840.0,12000.0,2015-05-06,265000.0
1455100116,3.0,1.25,1510.0,13737.0,1.0,0.0,3.0,4,6,810.0,700.0,1961,0.0,98125,47.7289,-122.283,2560.0,10202.0,2015-02-02,397500.0
3629790160,3.0,2.5,1710.0,3469.0,2.0,0.0,0.0,3,8,1710.0,0.0,1999,0.0,98029,47.546,-122.011,2120.0,3560.0,2014-07-24,524250.0
1778350070,4.0,2.75,2790.0,10819.0,2.0,0.0,0.0,3,10,2790.0,0.0,1996,0.0,98027,47.5515,-122.08,3080.0,12603.0,2014-05-09,765000.0
1703050200,4.0,2.5,2620.0,5450.0,2.0,0.0,0.0,3,9,2620.0,0.0,2001,0.0,98074,47.6301,-122.019,2590.0,5371.0,2014-08-06,648000.0
5469700570,5.0,2.5,2970.0,24759.0,1.0,0.0,0.0,4,8,1670.0,1300.0,1969,0.0,98031,47.3908,-122.173,2100.0,21803.0,2014-08-12,469500.0
100600860,3.0,1.75,1050.0,7854.0,1.0,0.0,0.0,4,7,1050.0,0.0,1975,0.0,98023,47.3011,-122.369,1360.0,7668.0,2015-03-24,237500.0
421049116,3.0,1.0,1280.0,8712.0,1.0,0.0,0.0,4,7,1280.0,0.0,1956,0.0,98003,47.3298,-122.297,1420.0,8800.0,2015-01-21,216000.0
3205200640,3.0,1.0,1030.0,8400.0,1.0,0.0,0.0,4,7,1030.0,0.0,1963,0.0,98056,47.5364,-122.173,1270.0,8400.0,2015-03-30,427200.0
8899200570,3.0,2.25,1900.0,7800.0,1.0,0.0,0.0,4,8,1390.0,510.0,1977,0.0,98055,47.4545,-122.208,1730.0,7800.0,2015-03-11,280000.0
1777500160,5.0,3.0,3070.0,9804.0,1.0,,0.0,4,9,1740.0,1330.0,1968,0.0,98006,47.5702,-122.128,2550.0,9689.0,2015-04-25,718000.0
7853340860,2.0,2.75,1760.0,4139.0,2.0,0.0,0.0,3,8,1760.0,0.0,2010,0.0,98065,47.5175,-121.878,1870.0,3076.0,2015-03-10,420000.0
1862400132,2.0,1.0,930.0,5400.0,1.0,0.0,0.0,3,7,930.0,0.0,1952,0.0,98117,47.6971,-122.372,1050.0,5400.0,2014-09-16,379000.0
6380500135,2.0,1.0,880.0,7683.0,1.0,0.0,0.0,3,6,880.0,0.0,1942,0.0,98177,47.7145,-122.361,1370.0,7695.0,2014-05-27,326100.0
9528104108,3.0,2.5,1360.0,1016.0,3.0,0.0,0.0,3,7,1310.0,50.0,2003,0.0,98115,47.6774,-122.324,1365.0,1156.0,2014-05-29,535000.0
2571910160,4.0,2.75,2130.0,8560.0,1.0,0.0,0.0,3,7,1560.0,570.0,1992,0.0,98022,47.1949,-122.01,2130.0,8560.0,2014-10-01,283000.0
316000160,3.0,1.0,1480.0,7469.0,1.5,0.0,0.0,3,6,1120.0,360.0,1940,0.0,98168,47.5048,-122.301,1460.0,7379.0,2014-08-21,260000.0
2695600505,4.0,1.0,1500.0,6388.0,1.5,,0.0,4,7,1500.0,0.0,1951,0.0,98126,47.5303,-122.378,980.0,5366.0,2015-04-13,399000.0
3904910320,3.0,2.25,1670.0,5004.0,2.0,0.0,0.0,3,8,1670.0,0.0,1987,0.0,98029,47.5688,-122.017,1850.0,5276.0,2015-02-25,484950.0
4100000140,4.0,1.75,2060.0,9828.0,1.0,0.0,0.0,4,8,2060.0,0.0,1960,0.0,98005,47.5867,-122.174,2260.0,9996.0,2014-10-13,640000.0
3226049270,4.0,2.5,2160.0,8158.0,1.0,0.0,0.0,4,8,1660.0,500.0,1952,0.0,98115,47.6948,-122.328,1520.0,7208.0,2015-03-04,585000.0
1455600030,4.0,2.0,2780.0,11583.0,1.0,0.0,3.0,3,8,1190.0,1590.0,1955,0.0,98125,47.7293,-122.284,2580.0,10241.0,2015-01-08,645000.0
5559600140,3.0,2.0,1490.0,7651.0,1.0,0.0,0.0,3,7,1490.0,0.0,1988,0.0,98003,47.3211,-122.325,1590.0,7795.0,2015-05-05,253000.0
5147600105,2.0,1.0,740.0,6460.0,1.0,0.0,0.0,3,6,740.0,0.0,1953,0.0,98146,47.5077,-122.344,1170.0,6975.0,2014-07-21,178500.0
7437100570,4.0,2.5,1860.0,6325.0,2.0,0.0,0.0,4,7,1860.0,0.0,1991,0.0,98038,47.3492,-122.03,1860.0,6449.0,2014-08-21,291000.0
8856004730,2.0,2.75,1590.0,20917.0,1.5,0.0,0.0,3,5,1590.0,,1920,0.0,98001,47.2786,-122.25,1310.0,6000.0,2014-09-17,199950.0
3856902996,2.0,1.0,850.0,2340.0,1.0,0.0,0.0,3,7,850.0,0.0,1922,0.0,98105,47.6707,-122.328,1300.0,3000.0,2014-08-04,553500.0
1442800370,2.0,1.0,1030.0,4188.0,1.0,0.0,0.0,3,8,1030.0,0.0,1981,0.0,98038,47.3738,-122.057,1450.0,3376.0,2015-04-15,189950.0
8001400340,3.0,2.0,1850.0,9550.0,1.0,0.0,0.0,3,8,1850.0,0.0,1988,0.0,98001,47.3225,-122.273,2250.0,9550.0,2014-09-24,289000.0
3131200640,4.0,2.0,1830.0,4590.0,2.0,0.0,0.0,3,8,1830.0,0.0,1908,0.0,98105,47.6593,-122.327,1650.0,4590.0,2015-04-27,700000.0
984000710,3.0,2.0,1560.0,8853.0,1.0,0.0,0.0,3,7,1560.0,0.0,1967,0.0,98058,47.4312,-122.171,1610.0,8750.0,2014-10-22,270000.0
4167300350,4.0,1.75,1730.0,8320.0,1.0,0.0,0.0,3,7,1230.0,500.0,1977,0.0,98023,47.327,-122.361,1840.0,9800.0,2014-05-08,258000.0
2826049282,3.0,2.5,1930.0,7214.0,2.0,0.0,0.0,3,8,1930.0,0.0,2005,0.0,98125,47.7191,-122.309,1930.0,7266.0,2014-06-14,530000.0
8946750030,3.0,2.25,1422.0,3677.0,2.0,0.0,0.0,3,7,1422.0,0.0,2012,0.0,98092,47.3204,-122.178,1677.0,3677.0,2014-12-18,245000.0
461004720,3.0,2.0,1380.0,5000.0,1.5,0.0,0.0,4,7,1380.0,0.0,1917,0.0,98117,47.6807,-122.369,1350.0,5000.0,2015-04-22,563000.0
7852090810,3.0,2.5,2430.0,4203.0,2.0,0.0,0.0,3,8,2430.0,0.0,2001,0.0,98065,47.5346,-121.875,2500.0,4798.0,2014-11-19,515000.0
9264960340,4.0,2.5,2610.0,7091.0,2.0,0.0,0.0,3,9,2610.0,0.0,1987,0.0,98023,47.3017,-122.349,2610.0,7773.0,2014-06-17,325000.0
1624079104,3.0,2.25,2000.0,217800.0,2.0,0.0,0.0,3,8,2000.0,0.0,1996,0.0,98024,47.5599,-121.911,2220.0,217800.0,2015-04-02,540000.0
4310700570,2.0,1.0,920.0,5000.0,1.0,0.0,0.0,4,6,490.0,430.0,1949,0.0,98103,47.7008,-122.338,1500.0,5000.0,2014-12-10,280300.0
1254200075,4.0,1.75,1750.0,5500.0,1.5,0.0,0.0,5,7,1050.0,700.0,1926,0.0,98117,47.6802,-122.388,1640.0,5500.0,2014-05-09,460000.0
7214820030,3.0,1.75,2020.0,8970.0,1.0,,0.0,4,7,1180.0,840.0,1981,0.0,98072,47.7571,-122.145,2140.0,8008.0,2014-12-12,475000.0
865100055,4.0,2.25,2460.0,44431.0,1.0,0.0,0.0,4,9,2460.0,0.0,1957,0.0,98007,47.6042,-122.147,2830.0,44431.0,2014-06-12,900000.0
686201000,4.0,3.0,1780.0,7260.0,1.0,,0.0,4,8,1780.0,0.0,1964,0.0,98008,47.627,-122.114,1810.0,7920.0,2014-12-30,538200.0
342000570,2.0,1.0,1080.0,3600.0,1.0,0.0,0.0,3,7,1080.0,0.0,1922,0.0,98122,47.6078,-122.291,2230.0,4500.0,2014-09-09,429000.0
5476200160,3.0,1.0,1250.0,5411.0,1.0,0.0,0.0,3,7,1250.0,0.0,1980,0.0,98178,47.5064,-122.265,1490.0,6320.0,2014-07-25,164808.0
7199320570,4.0,2.25,1870.0,7700.0,2.0,0.0,0.0,3,7,1870.0,0.0,1977,0.0,98052,47.6937,-122.127,1970.0,7700.0,2015-01-26,520000.0
6414100560,3.0,1.75,1700.0,8432.0,1.0,0.0,0.0,3,8,1230.0,470.0,1977,0.0,98125,47.7221,-122.317,1800.0,7842.0,2014-06-18,475000.0
1623049214,4.0,1.5,1480.0,47045.0,1.0,0.0,0.0,5,6,1480.0,0.0,1942,0.0,98168,47.4809,-122.3,1530.0,11000.0,2014-09-26,283000.0
2379300340,4.0,2.5,1930.0,6228.0,2.0,,0.0,3,8,1930.0,0.0,2000,0.0,98030,47.3572,-122.191,1930.0,6168.0,2015-03-31,321500.0
7701990560,4.0,2.75,3130.0,21810.0,2.0,0.0,0.0,4,10,3130.0,0.0,1993,0.0,98077,47.7083,-122.073,3330.0,21810.0,2014-07-29,840000.0
2025700860,3.0,2.25,1370.0,6000.0,2.0,0.0,0.0,4,7,1370.0,0.0,1992,0.0,98038,47.3484,-122.033,1370.0,6200.0,2015-04-14,287000.0
8562500200,3.0,1.75,960.0,8106.0,1.0,0.0,0.0,3,7,960.0,0.0,1962,0.0,98052,47.6737,-122.156,1650.0,8035.0,2014-06-05,375000.0
8143100350,3.0,1.75,1260.0,7128.0,1.0,0.0,0.0,4,7,1260.0,0.0,1969,0.0,98034,47.7263,-122.205,1330.0,7326.0,2014-08-25,349500.0
37000335,3.0,1.5,1480.0,7749.0,1.0,0.0,0.0,5,7,1480.0,0.0,1960,0.0,98126,47.5144,-122.379,1140.0,5320.0,2014-08-14,446450.0
1862900350,4.0,2.5,1930.0,9643.0,2.0,0.0,0.0,4,7,1930.0,0.0,1992,0.0,98031,47.4065,-122.18,1930.0,7525.0,2014-06-10,315000.0
1498302774,2.0,1.0,870.0,5340.0,1.5,0.0,0.0,2,6,870.0,0.0,1906,0.0,98144,47.5849,-122.302,1190.0,4440.0,2014-05-20,271310.0
2224700136,4.0,1.0,1300.0,8400.0,1.5,,0.0,4,7,1300.0,0.0,1953,0.0,98133,47.7612,-122.332,1330.0,8400.0,2015-01-22,315000.0
7697920160,3.0,1.75,1490.0,6930.0,1.0,0.0,0.0,4,7,1490.0,0.0,1990,0.0,98030,47.3682,-122.179,1880.0,6861.0,2014-05-15,245000.0
1370804430,2.0,1.0,1380.0,5484.0,1.0,0.0,0.0,3,8,1030.0,350.0,1947,0.0,98199,47.6382,-122.399,1380.0,5347.0,2015-03-05,543115.0
2267000160,4.0,2.0,1190.0,8190.0,1.5,0.0,0.0,3,7,1190.0,0.0,1945,0.0,98117,47.6908,-122.397,1190.0,1567.0,2014-10-20,900000.0
5700004028,4.0,4.25,4250.0,6552.0,2.0,0.0,3.0,4,10,2870.0,1380.0,2008,0.0,98144,47.5747,-122.283,3640.0,8841.0,2015-04-17,2450000.0
8682231170,2.0,2.0,1920.0,6045.0,1.0,0.0,0.0,3,8,1920.0,0.0,2003,0.0,98053,47.7107,-122.031,1670.0,5200.0,2015-04-29,554000.0
3353400860,3.0,1.75,2080.0,12522.0,1.0,0.0,0.0,5,6,2080.0,0.0,1950,0.0,98001,47.267,-122.25,1690.0,11200.0,2014-07-17,249900.0
2424059035,3.0,2.5,3220.0,54160.0,2.0,0.0,2.0,4,9,2690.0,530.0,1981,0.0,98006,47.5468,-122.109,3460.0,44374.0,2014-08-20,768000.0
2021201000,4.0,3.0,3680.0,5854.0,1.0,0.0,3.0,3,10,2060.0,1620.0,1967,0.0,98199,47.6327,-122.395,3140.0,5000.0,2014-05-23,980000.0
3919000030,5.0,2.5,2070.0,9600.0,1.0,0.0,0.0,3,7,1270.0,800.0,1962,0.0,98146,47.4997,-122.364,1950.0,7800.0,2015-04-20,395000.0
789000550,3.0,1.75,1480.0,2200.0,2.0,0.0,0.0,3,7,1480.0,0.0,1995,0.0,98103,47.6969,-122.35,1360.0,2190.0,2015-04-13,415000.0
5104511040,4.0,2.5,2000.0,6921.0,2.0,0.0,0.0,3,8,2000.0,0.0,2003,0.0,98038,47.3559,-122.014,2430.0,6339.0,2015-02-20,380000.0
7215722010,3.0,2.5,1560.0,5259.0,2.0,0.0,0.0,3,8,1560.0,0.0,1999,0.0,98075,47.5985,-122.016,2170.0,5461.0,2015-02-26,566000.0
16000435,2.0,1.0,1600.0,8961.0,1.0,0.0,0.0,4,7,1390.0,210.0,1949,0.0,98002,47.3098,-122.21,1502.0,6798.0,2015-03-16,218500.0
7197300105,4.0,2.5,1940.0,10500.0,1.0,,0.0,4,7,1140.0,800.0,1976,0.0,98052,47.683,-122.114,2200.0,10500.0,2014-05-02,550000.0
2877101031,3.0,1.75,1540.0,3000.0,1.0,0.0,2.0,3,7,770.0,770.0,1920,0.0,98117,47.6769,-122.36,1420.0,4200.0,2014-07-02,512031.0
2892600016,2.0,1.0,820.0,8860.0,1.0,0.0,0.0,3,6,820.0,0.0,1950,0.0,98055,47.452,-122.19,1660.0,15375.0,2015-03-17,197500.0
2423020270,3.0,2.25,1780.0,8784.0,1.0,0.0,0.0,3,7,1230.0,550.0,1977,0.0,98033,47.701,-122.172,1780.0,7704.0,2014-07-15,470000.0
1825079070,3.0,1.75,1560.0,242629.0,1.0,0.0,0.0,3,7,1560.0,0.0,1981,0.0,98053,47.6493,-121.956,2320.0,220654.0,2015-03-13,590000.0
5255710160,4.0,2.25,2210.0,8862.0,1.0,0.0,0.0,4,8,1270.0,940.0,1977,0.0,98011,47.7725,-122.198,2030.0,8862.0,2015-03-18,465000.0
723069135,2.0,1.75,2040.0,114562.0,1.0,0.0,0.0,4,7,2040.0,0.0,1968,0.0,98027,47.4985,-122.092,1850.0,94960.0,2014-09-15,499000.0
2024059094,3.0,2.25,1920.0,11500.0,1.0,0.0,0.0,3,8,1920.0,0.0,1972,20000.0,98006,47.5498,-122.188,2260.0,8866.0,2014-08-25,515000.0
7613700860,3.0,1.75,1930.0,5000.0,1.0,0.0,0.0,3,9,1230.0,700.0,1936,0.0,98105,47.6582,-122.278,2300.0,6000.0,2014-11-06,716500.0
2771101200,3.0,2.0,1700.0,4250.0,1.0,0.0,0.0,3,6,890.0,810.0,1944,0.0,98199,47.6542,-122.385,1440.0,4250.0,2014-05-17,410000.0
7625704510,4.0,3.25,3450.0,6500.0,2.0,0.0,0.0,3,8,2450.0,1000.0,1994,0.0,98136,47.5437,-122.388,1750.0,6500.0,2014-10-22,850000.0
1762600260,4.0,3.25,3440.0,35021.0,2.0,0.0,0.0,3,10,3440.0,0.0,1983,0.0,98033,47.6476,-122.184,3440.0,35021.0,2014-05-22,1050000.0
2553300030,4.0,2.5,2380.0,13435.0,2.0,,0.0,3,10,2380.0,0.0,1992,0.0,98075,47.5833,-122.028,2730.0,9677.0,2014-06-09,648000.0
5309101200,4.0,2.25,2400.0,5350.0,1.5,0.0,0.0,4,7,1460.0,940.0,1929,0.0,98117,47.6763,-122.37,1250.0,4880.0,2014-06-05,620000.0
5416300240,4.0,4.5,5670.0,84267.0,2.0,0.0,2.0,3,11,5670.0,0.0,2008,0.0,98010,47.323,-122.044,4100.0,83729.0,2015-02-02,935000.0
3756600240,3.0,1.0,1140.0,10320.0,1.0,0.0,0.0,4,7,1140.0,0.0,1963,0.0,98034,47.7168,-122.196,1140.0,10412.0,2015-03-19,379000.0
8127700445,3.0,1.75,1670.0,5375.0,1.0,,0.0,3,7,1270.0,400.0,1952,0.0,98199,47.6416,-122.397,1460.0,6125.0,2014-07-16,699000.0
9421500070,4.0,2.25,1910.0,8005.0,1.0,0.0,0.0,3,8,1280.0,630.0,1960,0.0,98125,47.7259,-122.298,1860.0,8010.0,2014-12-30,528000.0
9477710160,3.0,1.75,1560.0,9452.0,1.0,0.0,0.0,4,8,1560.0,0.0,1974,0.0,98056,47.5197,-122.18,2200.0,9985.0,2015-04-26,425000.0
1795500240,2.0,1.75,1500.0,8645.0,1.0,0.0,0.0,4,7,1500.0,0.0,1963,0.0,98042,47.3643,-122.115,1220.0,8645.0,2014-06-23,249500.0
7203220260,5.0,3.25,4475.0,6642.0,2.0,0.0,0.0,3,9,4475.0,0.0,2014,0.0,98053,47.6849,-122.018,3720.0,6633.0,2014-07-16,1040000.0
3524039204,4.0,2.75,2840.0,11900.0,1.0,0.0,3.0,4,9,1640.0,1200.0,1961,0.0,98136,47.5271,-122.386,2790.0,10070.0,2014-08-13,790000.0
5706200060,3.0,1.0,1020.0,18050.0,1.0,0.0,0.0,3,7,1020.0,0.0,1969,0.0,98027,47.5254,-122.043,1750.0,11640.0,2014-08-18,399950.0
7283900012,3.0,1.5,1410.0,9000.0,1.0,0.0,0.0,3,7,1410.0,0.0,1953,0.0,98133,47.7635,-122.35,1910.0,7214.0,2014-10-21,275000.0
809001070,3.0,1.0,1520.0,2500.0,1.5,0.0,0.0,3,8,1520.0,0.0,1912,0.0,98109,47.6347,-122.352,1880.0,3600.0,2015-01-23,550000.0
3340401535,1.0,1.0,730.0,6890.0,1.0,0.0,0.0,4,4,730.0,0.0,1926,0.0,98055,47.467,-122.215,1790.0,7969.0,2014-11-05,140000.0
1607100139,3.0,1.0,1190.0,6250.0,1.0,0.0,0.0,3,7,990.0,200.0,1954,0.0,98108,47.5658,-122.292,1760.0,6434.0,2014-07-25,250000.0
8699800060,3.0,2.25,1410.0,8909.0,2.0,0.0,2.0,3,7,1410.0,0.0,1988,0.0,98198,47.3983,-122.31,2050.0,8909.0,2014-09-03,318000.0
524069037,2.0,1.0,1240.0,57000.0,1.0,0.0,0.0,3,7,1240.0,0.0,1962,0.0,98075,47.597,-122.059,3050.0,25545.0,2014-07-10,505000.0
6072600200,5.0,2.5,2500.0,9248.0,1.0,0.0,0.0,3,8,1300.0,1200.0,1966,0.0,98006,47.5415,-122.18,2090.0,8568.0,2015-04-17,470500.0
5144000036,3.0,1.0,1050.0,9206.0,1.5,0.0,0.0,3,7,1050.0,0.0,1954,0.0,98125,47.7071,-122.301,1380.0,6384.0,2014-05-27,360000.0
7855300200,4.0,2.75,2680.0,8500.0,1.0,0.0,4.0,4,9,1480.0,1200.0,1962,0.0,98006,47.5634,-122.156,2940.0,8650.0,2015-03-19,1240000.0
2485000202,3.0,2.5,2380.0,16080.0,1.0,0.0,2.0,4,9,1340.0,1040.0,1964,0.0,98136,47.5262,-122.386,2560.0,10070.0,2015-04-10,986000.0
9209900270,2.0,1.0,1060.0,4228.0,1.0,0.0,0.0,3,7,860.0,,1906,0.0,98112,47.6231,-122.293,1060.0,4187.0,2015-02-05,515000.0
6099400030,3.0,1.75,2300.0,41900.0,1.0,0.0,0.0,4,8,1310.0,990.0,1939,0.0,98168,47.477,-122.292,1160.0,8547.0,2015-01-14,320000.0
9368700223,4.0,3.0,2010.0,7426.0,1.0,0.0,0.0,5,7,1090.0,920.0,1951,0.0,98178,47.5042,-122.265,1470.0,7426.0,2015-02-02,310000.0
1782000160,2.0,1.0,1090.0,5000.0,1.0,0.0,0.0,4,7,730.0,360.0,1942,0.0,98126,47.5258,-122.378,990.0,5250.0,2014-05-30,356700.0
269001360,4.0,1.75,2320.0,5595.0,1.0,0.0,0.0,3,7,1510.0,810.0,1956,0.0,98199,47.6397,-122.388,1840.0,5596.0,2015-04-22,775000.0
390100060,3.0,1.0,1040.0,7541.0,1.0,0.0,0.0,3,6,1040.0,0.0,1951,0.0,98133,47.7565,-122.339,1140.0,6100.0,2015-04-21,325000.0
7888400560,4.0,2.75,1810.0,8677.0,1.5,0.0,0.0,3,7,1810.0,0.0,1962,0.0,98198,47.3668,-122.31,1740.0,8677.0,2014-10-02,208000.0
7567600045,2.0,1.0,1150.0,12775.0,1.0,1.0,4.0,4,6,1150.0,0.0,1908,0.0,98178,47.502,-122.222,2440.0,11852.0,2014-08-27,825000.0
7764200030,3.0,2.5,2360.0,11254.0,1.0,0.0,2.0,3,9,2360.0,0.0,1990,0.0,98003,47.3356,-122.333,2390.0,11254.0,2014-07-16,515000.0
9828202545,3.0,1.5,1970.0,3400.0,1.5,0.0,0.0,4,8,1420.0,550.0,1929,0.0,98122,47.6163,-122.292,1940.0,4000.0,2015-01-27,490000.0
6114600030,4.0,3.0,2690.0,28300.0,1.0,0.0,0.0,3,8,2690.0,0.0,1954,19990.0,98166,47.4458,-122.343,2820.0,27100.0,2014-05-20,675000.0
9834200885,4.0,2.5,2080.0,4080.0,1.0,0.0,0.0,5,7,1040.0,1040.0,1962,0.0,98144,47.572,-122.29,1340.0,4080.0,2014-07-17,360000.0
9834200885,4.0,2.5,2080.0,4080.0,1.0,0.0,0.0,5,7,1040.0,1040.0,1962,0.0,98144,47.572,-122.29,1340.0,4080.0,2015-04-20,550000.0
3509600070,3.0,1.5,1370.0,9000.0,1.0,0.0,0.0,3,7,1370.0,0.0,1962,0.0,98168,47.4973,-122.328,1400.0,9075.0,2014-07-25,225000.0
2473002080,3.0,2.75,3410.0,9360.0,1.5,0.0,0.0,4,8,3410.0,0.0,1967,0.0,98058,47.4497,-122.147,2260.0,10128.0,2015-03-17,500000.0
1081300370,4.0,2.0,1850.0,11700.0,1.0,0.0,0.0,4,8,1850.0,0.0,1969,0.0,98059,47.4702,-122.12,2110.0,11700.0,2015-04-27,385000.0
11501160,5.0,2.75,3010.0,12611.0,2.0,,0.0,3,10,3010.0,0.0,1994,0.0,98052,47.696,-122.102,2890.0,9456.0,2014-06-17,837700.0
7202330370,3.0,2.25,1530.0,3056.0,2.0,0.0,0.0,3,7,1530.0,0.0,2003,0.0,98053,47.6817,-122.035,1560.0,3064.0,2015-02-10,448000.0
7000100631,5.0,1.75,2690.0,21357.0,1.0,0.0,0.0,4,7,1420.0,1270.0,1952,0.0,98004,47.5831,-122.191,2600.0,17539.0,2015-05-07,730000.0
2484200171,4.0,1.5,2810.0,7140.0,1.0,0.0,2.0,3,8,1490.0,1320.0,1954,0.0,98136,47.5252,-122.382,2240.0,6825.0,2014-07-14,575000.0
9477201040,3.0,1.75,1810.0,7300.0,1.0,,0.0,4,7,1240.0,570.0,1976,0.0,98034,47.7299,-122.192,1460.0,7560.0,2014-11-18,430000.0
7202290160,3.0,2.5,1560.0,3987.0,2.0,0.0,0.0,3,7,1560.0,0.0,2002,0.0,98053,47.687,-122.043,1600.0,3152.0,2015-01-14,435000.0
4366700140,3.0,1.0,1010.0,9611.0,1.0,0.0,0.0,4,6,1010.0,0.0,1973,0.0,98092,47.3006,-122.066,1200.0,9611.0,2014-12-19,241000.0
5457300478,2.0,1.75,1000.0,1760.0,1.0,0.0,0.0,4,6,600.0,400.0,1924,0.0,98109,47.6261,-122.355,2120.0,2802.0,2015-05-13,453500.0
9158100116,2.0,1.5,990.0,1380.0,3.0,0.0,0.0,3,7,990.0,0.0,2001,0.0,98133,47.7218,-122.356,1050.0,1380.0,2015-04-06,285000.0
7227500830,2.0,1.0,720.0,4222.0,1.0,0.0,0.0,4,5,720.0,0.0,1942,0.0,98056,47.4965,-122.186,860.0,4785.0,2014-05-28,151000.0
7237500390,5.0,4.5,6070.0,14731.0,2.0,0.0,0.0,3,11,6070.0,0.0,2004,0.0,98059,47.5306,-122.134,4750.0,13404.0,2014-11-10,1570000.0
2197600451,5.0,2.0,2270.0,2400.0,2.0,0.0,0.0,3,7,2270.0,0.0,1905,0.0,98122,47.6051,-122.319,1320.0,2400.0,2014-11-05,631000.0
3278604400,2.0,2.5,1380.0,1073.0,2.0,,0.0,3,7,1140.0,240.0,2011,0.0,98126,47.5462,-122.369,1580.0,2036.0,2014-06-02,285000.0
1788700160,3.0,1.0,1260.0,8378.0,1.0,0.0,0.0,4,6,840.0,420.0,1959,19770.0,98023,47.3274,-122.348,1140.0,8496.0,2015-02-20,195000.0
3276930270,4.0,2.5,2910.0,35679.0,2.0,0.0,0.0,4,9,2910.0,0.0,1987,0.0,98075,47.5859,-121.991,2720.0,36728.0,2015-04-25,817500.0
7374600060,3.0,2.0,1810.0,12825.0,1.0,0.0,0.0,4,7,1810.0,0.0,1960,0.0,98007,47.5953,-122.14,1490.0,10800.0,2015-01-09,550000.0
2505500030,4.0,2.5,3160.0,8281.0,2.0,0.0,0.0,4,9,3160.0,,1995,0.0,98033,47.6699,-122.195,3000.0,8281.0,2014-07-03,1130000.0
2770604942,2.0,2.75,1910.0,1369.0,3.0,0.0,0.0,3,9,1910.0,0.0,2002,0.0,98119,47.6544,-122.373,1910.0,1879.0,2014-12-30,609850.0
7831800505,3.0,1.0,1230.0,4380.0,1.0,,0.0,3,6,1230.0,0.0,1947,0.0,98106,47.5352,-122.361,1525.0,6026.0,2015-01-06,200000.0
5416510060,4.0,2.5,2960.0,6219.0,2.0,0.0,0.0,3,9,2960.0,0.0,2006,0.0,98038,47.3603,-122.037,2960.0,5361.0,2015-03-06,367000.0
4137010260,3.0,2.25,2200.0,8375.0,2.0,0.0,0.0,3,8,2200.0,0.0,1988,0.0,98092,47.2626,-122.218,2200.0,10002.0,2014-08-25,285167.0
7683800200,2.0,1.5,1270.0,32175.0,1.0,0.0,0.0,4,7,1270.0,0.0,1947,0.0,98003,47.3347,-122.304,1270.0,10200.0,2015-04-02,275000.0
1509500160,4.0,2.5,2540.0,12843.0,2.0,0.0,0.0,3,9,2540.0,0.0,1992,0.0,98030,47.3866,-122.169,2410.0,9383.0,2015-03-24,350900.0
3904940200,4.0,3.25,3030.0,9273.0,2.0,0.0,0.0,5,8,3030.0,0.0,1988,0.0,98029,47.5747,-122.014,2360.0,7632.0,2014-06-20,660000.0
4037200295,3.0,1.75,1520.0,8835.0,1.0,0.0,0.0,4,7,1520.0,0.0,1957,0.0,98008,47.6054,-122.118,1760.0,8580.0,2014-08-19,525000.0
7258200055,4.0,2.5,1560.0,7800.0,2.0,0.0,0.0,3,7,1560.0,0.0,1997,0.0,98168,47.514,-122.316,1160.0,7800.0,2015-02-06,262000.0
9178600560,2.0,1.0,970.0,4560.0,1.0,0.0,0.0,4,7,970.0,0.0,1907,0.0,98103,47.6561,-122.332,1500.0,4560.0,2014-06-23,690000.0
255520260,5.0,3.75,3570.0,14648.0,2.0,0.0,0.0,3,9,3570.0,0.0,2005,0.0,98019,47.7377,-121.974,3160.0,7882.0,2015-03-24,624000.0
751000060,3.0,1.0,1350.0,7740.0,1.0,0.0,0.0,4,6,860.0,490.0,1947,0.0,98125,47.7098,-122.291,1130.0,7740.0,2014-05-06,353000.0
3343900326,4.0,3.5,3710.0,10400.0,2.0,0.0,0.0,3,8,2290.0,1420.0,2002,0.0,98056,47.5041,-122.186,1720.0,4276.0,2015-03-11,552500.0
7137900320,4.0,1.0,1430.0,8355.0,1.5,0.0,0.0,4,7,1430.0,0.0,1983,0.0,98092,47.3178,-122.174,1550.0,7938.0,2014-05-09,224500.0
2641800060,3.0,1.0,940.0,8571.0,1.0,0.0,0.0,3,6,940.0,0.0,1950,0.0,98146,47.5006,-122.336,1100.0,8573.0,2015-04-27,239000.0
293760310,5.0,4.5,4300.0,12250.0,2.0,0.0,0.0,3,10,4300.0,0.0,2004,0.0,98029,47.5557,-122.027,3950.0,12250.0,2014-07-11,975000.0
7237501180,4.0,1.75,3990.0,13470.0,2.0,0.0,0.0,3,11,3990.0,0.0,2006,0.0,98059,47.5305,-122.131,5790.0,13709.0,2014-06-25,1200000.0
5332200550,3.0,1.0,1380.0,4000.0,1.5,0.0,0.0,3,7,1380.0,0.0,1910,0.0,98112,47.6261,-122.296,1690.0,4000.0,2015-03-25,505000.0
3450300240,4.0,1.75,2020.0,7865.0,1.0,0.0,0.0,4,7,1010.0,1010.0,1963,0.0,98059,47.5008,-122.162,1650.0,7865.0,2014-05-15,302000.0
9352900695,3.0,1.0,1480.0,5670.0,1.0,0.0,0.0,3,6,780.0,700.0,1944,0.0,98106,47.5175,-122.36,760.0,5040.0,2014-09-22,170000.0
3324069070,2.0,1.0,1190.0,27007.0,1.0,0.0,0.0,4,5,1190.0,0.0,1910,0.0,98027,47.524,-122.04,1730.0,12632.0,2014-07-07,195000.0
8062900070,5.0,1.5,2550.0,6300.0,1.0,0.0,0.0,4,7,1560.0,990.0,1959,0.0,98056,47.5014,-122.172,1380.0,6300.0,2014-09-09,272000.0
8062900070,5.0,1.5,2550.0,6300.0,1.0,0.0,0.0,4,7,1560.0,990.0,1959,0.0,98056,47.5014,-122.172,1380.0,6300.0,2015-02-13,369000.0
4427100030,3.0,1.5,1500.0,6332.0,1.0,0.0,0.0,3,7,1500.0,0.0,1953,0.0,98125,47.7274,-122.312,1500.0,6337.0,2015-01-14,332500.0
4039100400,3.0,2.5,3000.0,8250.0,1.0,0.0,0.0,4,8,1760.0,1240.0,1963,0.0,98008,47.6191,-122.112,2040.0,8250.0,2015-05-06,515000.0
2171400126,3.0,1.0,1690.0,4250.0,1.0,0.0,0.0,3,7,1020.0,670.0,1967,0.0,98178,47.4945,-122.258,1820.0,8865.0,2014-06-05,269000.0
7135520810,4.0,4.0,4390.0,17832.0,1.0,0.0,0.0,4,11,2430.0,1960.0,1994,0.0,98059,47.5283,-122.143,3090.0,12369.0,2014-07-30,1280000.0
2475201180,3.0,2.5,1560.0,4100.0,2.0,,0.0,3,7,1560.0,0.0,1985,0.0,98055,47.4733,-122.189,1660.0,4400.0,2015-02-06,303000.0
4024100951,7.0,3.0,2940.0,8624.0,1.0,0.0,0.0,3,8,1690.0,1250.0,1977,0.0,98155,47.7555,-122.307,1850.0,8031.0,2015-01-05,420000.0
6021502830,3.0,1.0,1130.0,4100.0,1.0,0.0,0.0,3,7,990.0,140.0,1941,0.0,98117,47.6856,-122.385,1800.0,4100.0,2014-11-10,400000.0
7710100083,3.0,1.0,1020.0,8437.0,1.0,0.0,0.0,5,6,1020.0,0.0,1987,0.0,98022,47.2093,-122.0,1420.0,8500.0,2015-02-04,225000.0
2781270550,2.0,2.0,1310.0,2550.0,2.0,0.0,0.0,3,6,1310.0,0.0,2004,0.0,98038,47.3496,-122.022,1310.0,2550.0,2014-09-16,219000.0
200510060,3.0,2.5,2570.0,9487.0,2.0,0.0,3.0,3,9,2570.0,0.0,1989,0.0,98011,47.7408,-122.216,2490.0,9898.0,2014-12-31,605000.0
9554200105,4.0,2.0,2020.0,6867.0,1.0,,0.0,5,8,1010.0,1010.0,1942,0.0,98115,47.7,-122.292,1250.0,6842.0,2014-10-14,625000.0
3320000810,5.0,2.0,1680.0,3240.0,1.0,0.0,0.0,3,5,840.0,840.0,1906,0.0,98144,47.5965,-122.311,1380.0,1260.0,2015-02-24,380000.0
643500060,4.0,2.0,1770.0,7700.0,1.5,0.0,0.0,4,7,1770.0,0.0,1962,0.0,98007,47.5916,-122.146,1710.0,7700.0,2015-04-24,620000.0
2537500140,4.0,2.75,3190.0,10970.0,2.0,0.0,0.0,3,10,3190.0,0.0,1994,0.0,98075,47.5862,-122.029,2850.0,8416.0,2014-06-27,687500.0
5112800421,4.0,2.0,1440.0,7950.0,1.0,0.0,0.0,5,6,1440.0,0.0,1962,0.0,98058,47.4517,-122.082,1530.0,20037.0,2014-07-23,225500.0
3352402236,3.0,2.0,1150.0,6000.0,1.0,0.0,0.0,5,7,1150.0,0.0,1956,0.0,98178,47.498,-122.263,1980.0,6360.0,2014-12-15,252500.0
3905100520,3.0,2.5,1860.0,3658.0,2.0,0.0,0.0,3,8,1860.0,0.0,1994,0.0,98029,47.5703,-122.004,1840.0,3739.0,2014-10-29,510000.0
6332940070,4.0,2.5,2430.0,5203.0,2.0,0.0,0.0,3,8,2430.0,0.0,2003,0.0,98155,47.7402,-122.317,2260.0,7474.0,2014-05-07,510000.0
809002435,3.0,2.5,1940.0,4000.0,1.5,0.0,0.0,5,7,1940.0,0.0,1906,0.0,98109,47.6372,-122.352,1440.0,4000.0,2014-08-08,725000.0
3797000295,2.0,1.0,880.0,2970.0,1.0,0.0,0.0,3,7,880.0,0.0,1927,0.0,98103,47.6868,-122.349,1370.0,3060.0,2015-03-12,492000.0
1775801260,4.0,2.5,1930.0,14196.0,1.0,0.0,0.0,4,7,1330.0,600.0,1977,0.0,98072,47.7407,-122.097,1470.0,12852.0,2015-03-11,425000.0
4055701200,4.0,2.75,3120.0,7898.0,1.0,1.0,4.0,4,8,1560.0,1560.0,1963,0.0,98034,47.7165,-122.259,2630.0,13868.0,2015-04-21,1960000.0
7137960030,3.0,2.5,1830.0,6162.0,2.0,0.0,0.0,3,8,1830.0,0.0,1994,0.0,98092,47.3291,-122.17,1860.0,7017.0,2015-03-09,298900.0
7880010060,4.0,2.5,3230.0,40319.0,2.0,0.0,0.0,4,10,3230.0,0.0,1987,0.0,98027,47.4856,-122.069,2990.0,40234.0,2015-04-06,699000.0
3797001920,2.0,1.0,700.0,3000.0,1.0,0.0,0.0,4,6,700.0,0.0,1918,0.0,98103,47.6846,-122.346,1560.0,4500.0,2014-07-02,310000.0
3901100055,3.0,1.75,1010.0,8580.0,1.0,0.0,0.0,3,7,1010.0,0.0,1961,0.0,98033,47.6703,-122.174,1500.0,8580.0,2014-12-22,350000.0
8069000075,4.0,1.75,2460.0,10061.0,1.0,1.0,4.0,3,7,1410.0,1050.0,1961,0.0,98178,47.5105,-122.238,2300.0,10061.0,2014-12-29,790000.0
1541700240,4.0,2.5,2230.0,5000.0,2.0,0.0,0.0,3,8,2230.0,0.0,2003,0.0,98031,47.3919,-122.184,2230.0,6137.0,2014-07-29,305000.0
6064800710,3.0,2.5,1570.0,2865.0,2.0,0.0,0.0,3,7,1570.0,0.0,2003,0.0,98118,47.5412,-122.288,1610.0,2582.0,2014-10-02,315000.0
1865810060,5.0,3.5,2390.0,6600.0,2.0,0.0,0.0,5,7,2390.0,0.0,1977,0.0,98042,47.3737,-122.115,1140.0,6600.0,2014-08-12,267500.0
7533800295,4.0,3.25,3460.0,7749.0,2.0,0.0,1.0,3,10,3020.0,440.0,1950,19980.0,98115,47.6849,-122.273,3030.0,8680.0,2014-08-19,1750000.0
5415300060,6.0,3.5,2400.0,8620.0,2.0,,0.0,3,8,1640.0,760.0,1987,0.0,98034,47.7152,-122.162,1940.0,7350.0,2014-08-13,435000.0
3876100320,6.0,4.5,2940.0,7500.0,1.5,,0.0,4,8,2940.0,0.0,1966,0.0,98034,47.7208,-122.182,2010.0,7500.0,2014-09-05,482500.0
1247600105,5.0,5.25,8010.0,45517.0,2.0,1.0,4.0,3,12,5990.0,2020.0,1999,0.0,98033,47.6767,-122.211,3430.0,26788.0,2014-10-20,5110000.0
3705900238,3.0,1.75,1570.0,8400.0,1.0,0.0,0.0,4,7,1570.0,0.0,1959,0.0,98133,47.76,-122.34,1860.0,8639.0,2014-08-28,439995.0
3876200070,3.0,3.0,1520.0,7500.0,1.0,0.0,0.0,3,7,1180.0,340.0,1967,0.0,98034,47.7276,-122.181,2080.0,8000.0,2015-05-08,460000.0
4388000140,3.0,1.0,1070.0,6440.0,1.0,0.0,0.0,4,7,1070.0,0.0,1971,0.0,98023,47.3186,-122.373,1190.0,6532.0,2014-07-29,194000.0
3523029041,2.0,0.75,440.0,8313.0,1.0,1.0,3.0,4,5,440.0,0.0,1943,0.0,98070,47.4339,-122.512,880.0,26289.0,2014-10-09,290000.0
3110800260,4.0,2.0,2440.0,9600.0,1.0,0.0,0.0,5,7,1220.0,1220.0,1963,0.0,98031,47.4142,-122.179,1370.0,9600.0,2014-07-15,274700.0
3131201290,4.0,2.5,2660.0,3672.0,2.0,0.0,0.0,5,8,1800.0,860.0,1910,0.0,98105,47.6609,-122.324,1510.0,3825.0,2015-03-17,900000.0
1117200390,4.0,4.0,4460.0,103382.0,2.0,0.0,0.0,3,11,4460.0,0.0,2001,0.0,98053,47.634,-121.997,3470.0,88519.0,2014-05-07,1150000.0
8956000350,3.0,2.5,2010.0,3667.0,2.0,0.0,0.0,3,9,2010.0,0.0,2008,0.0,98027,47.545,-122.015,2350.0,3600.0,2014-09-03,605000.0
7853210140,3.0,2.5,1450.0,3850.0,2.0,0.0,0.0,3,7,1450.0,0.0,2004,0.0,98065,47.5318,-121.85,1970.0,3748.0,2015-03-09,359000.0
3250500140,3.0,1.75,1400.0,9900.0,1.0,0.0,0.0,3,7,1400.0,0.0,1951,0.0,98004,47.6272,-122.209,1810.0,10796.0,2014-10-08,850000.0
2767601375,3.0,2.0,1500.0,2500.0,2.0,0.0,0.0,3,8,1500.0,0.0,2002,0.0,98107,47.6748,-122.385,1550.0,5000.0,2014-08-21,505000.0
9465910320,3.0,2.5,2500.0,7394.0,2.0,,0.0,3,9,2500.0,0.0,1990,0.0,98072,47.7441,-122.173,2790.0,7642.0,2014-07-09,565000.0
3334000055,2.0,1.75,1280.0,7110.0,1.0,0.0,0.0,4,7,1000.0,280.0,1955,0.0,98118,47.5569,-122.273,1550.0,6835.0,2015-04-29,585000.0
7893800335,4.0,3.25,3380.0,7500.0,2.0,,3.0,3,7,2420.0,960.0,1990,0.0,98198,47.4092,-122.33,1920.0,7500.0,2015-04-30,328000.0
3586500700,4.0,2.75,2910.0,18700.0,1.0,0.0,0.0,3,9,2210.0,700.0,1957,0.0,98177,47.7557,-122.368,2420.0,26140.0,2014-07-09,749950.0
3630180400,4.0,2.5,3060.0,7140.0,2.0,0.0,0.0,3,9,3060.0,0.0,2006,0.0,98027,47.5393,-121.998,3240.0,6218.0,2014-06-26,826000.0
3210950510,3.0,1.0,1330.0,40259.0,1.0,0.0,0.0,4,7,1330.0,0.0,1977,0.0,98024,47.552,-121.89,1710.0,34787.0,2014-09-04,535000.0
1224069074,4.0,2.5,3300.0,101930.0,2.0,0.0,0.0,4,10,3300.0,0.0,1991,0.0,98029,47.576,-121.976,2880.0,213879.0,2014-08-06,925000.0
7625700935,3.0,3.5,3250.0,6000.0,2.0,0.0,0.0,3,10,2500.0,750.0,2001,0.0,98136,47.5533,-122.391,1650.0,6000.0,2014-06-05,875000.0
7856610200,4.0,2.25,2530.0,9200.0,1.0,0.0,0.0,5,9,1570.0,960.0,1976,0.0,98006,47.5612,-122.152,3030.0,9400.0,2014-05-23,902000.0
7287100135,3.0,1.0,1830.0,13900.0,1.0,,0.0,3,7,1830.0,0.0,1951,0.0,98133,47.7654,-122.352,1840.0,10667.0,2014-10-01,423000.0
1023059324,3.0,1.0,1170.0,11100.0,1.0,0.0,0.0,4,6,1170.0,0.0,1968,0.0,98059,47.4954,-122.164,2080.0,8481.0,2014-06-23,235000.0
6398000171,2.0,2.0,2930.0,14057.0,1.0,0.0,2.0,4,8,1680.0,1250.0,1980,0.0,98070,47.4025,-122.463,2234.0,61011.0,2014-07-10,545000.0
6149700350,2.0,1.0,1230.0,7560.0,1.0,0.0,0.0,3,7,1230.0,0.0,1961,0.0,98133,47.7298,-122.34,1270.0,7560.0,2014-10-16,343000.0
9558020890,3.0,2.5,1620.0,2930.0,2.0,0.0,0.0,3,8,1620.0,0.0,2002,0.0,98058,47.4491,-122.12,1900.0,2943.0,2015-03-24,334950.0
2624049185,3.0,1.75,1760.0,5355.0,1.0,0.0,0.0,3,7,1160.0,600.0,1956,0.0,98118,47.5368,-122.267,1790.0,6225.0,2014-09-09,405000.0
236400260,4.0,1.0,1440.0,8250.0,1.0,0.0,0.0,3,7,1440.0,0.0,1959,0.0,98188,47.4325,-122.291,1440.0,8466.0,2014-12-15,220000.0
3826000560,2.0,1.0,1740.0,8100.0,1.0,0.0,0.0,3,6,1050.0,690.0,1947,0.0,98168,47.4942,-122.304,960.0,8100.0,2014-10-02,173000.0
7011201245,3.0,1.0,1270.0,3600.0,1.5,0.0,0.0,3,7,1270.0,0.0,1906,0.0,98119,47.6368,-122.37,1710.0,3600.0,2014-11-07,655000.0
9222400510,2.0,1.0,880.0,3000.0,1.0,,0.0,3,6,880.0,0.0,1924,0.0,98115,47.6749,-122.323,890.0,3000.0,2015-01-07,406000.0
9455200570,6.0,2.5,2560.0,8320.0,1.0,0.0,0.0,3,7,1370.0,1190.0,1961,0.0,98125,47.7021,-122.287,2360.0,7800.0,2014-12-17,632000.0
2112700030,5.0,2.75,1540.0,4000.0,1.0,0.0,0.0,3,7,1140.0,400.0,1990,0.0,98106,47.533,-122.354,1630.0,4000.0,2014-11-26,357000.0
8658300260,3.0,1.75,1150.0,17585.0,1.0,0.0,0.0,3,7,1150.0,0.0,1964,0.0,98014,47.6503,-121.908,1200.0,7500.0,2014-12-09,361000.0
3996900160,2.0,1.0,770.0,8149.0,1.0,0.0,0.0,3,6,770.0,0.0,1948,0.0,98155,47.7458,-122.298,1160.0,8149.0,2014-07-08,277000.0
5561400340,4.0,3.75,4610.0,40202.0,1.0,0.0,0.0,4,10,2500.0,2110.0,1980,0.0,98027,47.4599,-122.0,3050.0,41056.0,2014-06-05,630000.0
11900140,3.0,2.5,1850.0,4597.0,2.0,0.0,0.0,3,8,1850.0,0.0,2003,0.0,98042,47.3755,-122.136,2210.0,5000.0,2014-05-09,254000.0
6071600340,3.0,2.25,1840.0,8400.0,1.0,0.0,0.0,3,8,1290.0,550.0,1961,0.0,98006,47.5497,-122.172,2110.0,8400.0,2014-11-13,472800.0
1231000510,3.0,1.75,1490.0,3800.0,1.0,0.0,0.0,3,6,700.0,790.0,1913,0.0,98118,47.5554,-122.27,2180.0,4000.0,2014-09-22,263000.0
1231000510,3.0,1.75,1490.0,3800.0,1.0,0.0,0.0,3,6,700.0,790.0,1913,0.0,98118,47.5554,-122.27,2180.0,4000.0,2015-05-04,510000.0
7683800192,3.0,1.0,960.0,10125.0,1.0,0.0,0.0,4,7,960.0,0.0,1952,0.0,98003,47.3335,-122.305,1250.0,9769.0,2014-11-07,179950.0
4123400340,4.0,2.25,1580.0,7307.0,1.0,0.0,0.0,3,8,1160.0,420.0,1973,0.0,98027,47.569,-122.086,2020.0,7458.0,2014-12-03,525000.0
5458300685,3.0,2.5,1260.0,889.0,3.0,0.0,0.0,3,8,1260.0,0.0,2008,0.0,98109,47.6277,-122.345,1340.0,1324.0,2014-05-20,479000.0
194000505,3.0,2.0,1940.0,6440.0,1.0,0.0,2.0,5,7,970.0,,1940,0.0,98116,47.5664,-122.389,1730.0,4640.0,2014-09-04,651000.0
3885804305,4.0,1.75,2490.0,7834.0,1.0,0.0,3.0,4,8,1240.0,1250.0,1958,0.0,98033,47.6851,-122.209,3210.0,7834.0,2014-09-11,949000.0
3971700560,5.0,2.5,2520.0,27951.0,1.5,0.0,0.0,3,7,1890.0,630.0,1942,19700.0,98155,47.7733,-122.318,1830.0,14373.0,2015-04-21,392400.0
8585400135,4.0,1.75,1760.0,5356.0,1.0,0.0,0.0,4,7,920.0,840.0,1950,0.0,98115,47.679,-122.288,1680.0,5184.0,2014-11-05,585000.0
8691500990,4.0,2.5,4190.0,7504.0,2.0,0.0,0.0,3,7,4190.0,0.0,2004,0.0,98058,47.4394,-122.114,2480.0,6727.0,2014-12-12,460000.0
2770606685,3.0,1.0,1170.0,4400.0,1.0,0.0,0.0,3,7,870.0,300.0,1951,0.0,98199,47.6584,-122.391,1240.0,4400.0,2014-08-13,470000.0
8856971000,3.0,2.5,1600.0,4271.0,2.0,0.0,0.0,3,7,1600.0,0.0,2003,0.0,98038,47.386,-122.036,1520.0,3225.0,2015-04-06,245000.0
1026049082,4.0,2.0,2760.0,27631.0,2.0,0.0,0.0,4,8,1800.0,960.0,1978,0.0,98155,47.7484,-122.291,2490.0,13158.0,2014-11-25,500000.0
2095800400,3.0,2.5,2090.0,8653.0,2.0,0.0,0.0,3,8,2090.0,0.0,1989,0.0,98011,47.7498,-122.184,2090.0,6396.0,2014-11-13,455000.0
7852030240,4.0,2.5,2320.0,3974.0,2.0,0.0,0.0,3,7,2320.0,0.0,1999,0.0,98065,47.532,-121.88,2620.0,4539.0,2015-04-08,485500.0
6321000045,5.0,3.25,4110.0,7920.0,2.0,0.0,3.0,3,9,3150.0,960.0,1921,0.0,98122,47.617,-122.282,3890.0,7800.0,2014-12-22,1880000.0
3751600030,2.0,1.0,770.0,17334.0,1.0,0.0,0.0,3,7,770.0,0.0,1978,0.0,98001,47.2997,-122.269,1480.0,17334.0,2014-07-17,100000.0
4046500510,3.0,1.75,1410.0,16105.0,1.0,0.0,0.0,3,7,1410.0,0.0,1982,0.0,98014,47.6927,-121.913,1550.0,18615.0,2014-09-05,307000.0
8029520240,4.0,3.5,3660.0,14401.0,2.0,0.0,0.0,3,10,2660.0,1000.0,1994,0.0,98023,47.3076,-122.396,2780.0,10653.0,2014-10-10,475000.0
7016310030,4.0,2.5,2180.0,7210.0,1.0,0.0,0.0,3,7,1190.0,990.0,1972,0.0,98011,47.7419,-122.181,2070.0,7210.0,2015-02-19,330000.0
1238500451,3.0,1.0,1110.0,7520.0,1.0,0.0,0.0,4,7,1110.0,0.0,1960,0.0,98033,47.683,-122.176,1440.0,8400.0,2015-02-09,130000.0
4401150070,3.0,2.5,2280.0,7417.0,2.0,0.0,0.0,3,8,2280.0,0.0,1998,0.0,98001,47.3557,-122.278,2370.0,6443.0,2014-06-23,320000.0
3331000070,4.0,2.5,2820.0,6180.0,2.0,0.0,0.0,3,9,2050.0,770.0,2013,0.0,98118,47.5529,-122.281,1390.0,4635.0,2014-06-06,735000.0
2636900126,4.0,2.5,1570.0,9600.0,1.0,0.0,0.0,3,7,800.0,770.0,1972,0.0,98155,47.7757,-122.303,1340.0,9110.0,2015-03-12,365000.0
1842900030,3.0,1.5,1200.0,11935.0,1.0,0.0,0.0,4,7,1200.0,0.0,1968,0.0,98042,47.3434,-122.082,1350.0,11935.0,2015-04-16,234000.0
1761300310,4.0,2.0,1710.0,8288.0,1.5,,0.0,3,7,1710.0,0.0,1970,0.0,98031,47.3947,-122.174,1710.0,7200.0,2014-08-27,211000.0
5249800729,6.0,3.5,3000.0,6320.0,2.0,0.0,2.0,3,8,2400.0,600.0,1969,0.0,98118,47.562,-122.279,1720.0,6360.0,2015-03-30,680000.0
5104511600,4.0,3.0,2800.0,7845.0,2.0,0.0,0.0,3,8,2800.0,0.0,2002,0.0,98038,47.3544,-122.013,2800.0,6977.0,2014-11-12,457000.0
8663370060,3.0,2.25,1640.0,7261.0,2.0,0.0,0.0,3,7,1640.0,0.0,1989,0.0,98034,47.7192,-122.176,1640.0,6789.0,2014-10-09,349000.0
613400030,3.0,2.75,2030.0,6840.0,1.0,0.0,0.0,3,7,1210.0,820.0,1979,0.0,98108,47.5413,-122.299,1910.0,6365.0,2014-10-24,360000.0
6004510240,4.0,2.5,2530.0,10155.0,2.0,0.0,0.0,3,8,2530.0,0.0,1998,0.0,98042,47.351,-122.146,2330.0,7205.0,2015-04-14,350000.0
1450100070,3.0,1.0,990.0,7420.0,1.0,0.0,0.0,5,6,990.0,0.0,1960,0.0,98002,47.2898,-122.221,1010.0,7420.0,2015-04-30,208000.0
6117501820,2.0,1.0,790.0,11234.0,1.0,0.0,0.0,4,6,790.0,0.0,1942,0.0,98166,47.4413,-122.349,1930.0,11871.0,2014-06-18,250275.0
6117501820,2.0,1.0,790.0,11234.0,1.0,0.0,0.0,4,6,790.0,0.0,1942,0.0,98166,47.4413,-122.349,1930.0,11871.0,2015-04-28,435000.0
5420300240,3.0,1.75,1800.0,7763.0,1.0,0.0,0.0,3,6,1470.0,330.0,1984,0.0,98030,47.3766,-122.184,1440.0,7483.0,2014-12-05,270000.0
4140900140,3.0,1.75,1650.0,12940.0,1.0,0.0,0.0,4,7,1650.0,0.0,1961,0.0,98028,47.7629,-122.268,2830.0,12600.0,2014-05-27,438000.0
1630700135,4.0,2.0,1980.0,23625.0,2.0,0.0,0.0,3,8,1980.0,0.0,1938,19840.0,98072,47.7553,-122.092,2300.0,24640.0,2014-11-19,659000.0
5166700055,4.0,2.75,2340.0,6350.0,1.0,0.0,0.0,4,7,1310.0,1030.0,1974,0.0,98126,47.5559,-122.379,2020.0,6350.0,2015-05-04,645000.0
3224600310,4.0,2.5,2790.0,5423.0,2.0,0.0,0.0,3,9,2790.0,0.0,1999,0.0,98074,47.6085,-122.017,2450.0,6453.0,2014-10-30,685100.0
7227802030,7.0,3.0,2800.0,9569.0,1.0,0.0,2.0,3,7,1400.0,1400.0,1963,0.0,98056,47.5102,-122.183,2150.0,7333.0,2014-06-23,350000.0
226059078,2.0,1.0,1840.0,81892.0,1.0,,0.0,3,6,1840.0,0.0,1955,0.0,98072,47.7694,-122.124,2550.0,40089.0,2015-02-27,375000.0
1796100140,3.0,1.5,1350.0,81549.0,1.0,0.0,0.0,2,7,1350.0,0.0,1966,0.0,98092,47.3099,-122.09,2220.0,93825.0,2014-07-15,170000.0
5309100140,4.0,2.5,3030.0,3841.0,3.0,0.0,0.0,3,9,3030.0,0.0,2005,0.0,98117,47.6781,-122.369,1080.0,4922.0,2014-06-24,880000.0
8658300510,4.0,2.5,1980.0,5000.0,2.0,0.0,0.0,3,8,1980.0,0.0,2008,0.0,98014,47.6492,-121.908,1400.0,8500.0,2015-04-19,410500.0
8691300060,4.0,2.5,3690.0,13609.0,2.0,0.0,2.0,3,10,3690.0,0.0,1996,0.0,98075,47.5872,-121.972,3600.0,13609.0,2014-10-23,780000.0
9103000393,5.0,4.5,3732.0,4426.0,2.5,0.0,0.0,3,10,2932.0,800.0,2001,0.0,98112,47.6189,-122.288,2950.0,4000.0,2014-09-10,1230000.0
8682281170,2.0,1.75,1510.0,6852.0,1.0,0.0,0.0,3,8,1510.0,0.0,2005,0.0,98053,47.7073,-122.012,1510.0,5912.0,2014-11-13,449000.0
472000055,3.0,1.75,2000.0,5000.0,1.0,,0.0,4,7,1110.0,890.0,1921,0.0,98117,47.6859,-122.399,1750.0,5000.0,2014-05-14,546000.0
2473400570,3.0,2.0,1760.0,11410.0,1.0,0.0,0.0,5,7,1060.0,700.0,1977,0.0,98058,47.4528,-122.163,1680.0,9165.0,2014-05-16,317000.0
3449500135,3.0,1.0,1270.0,7566.0,1.0,0.0,0.0,4,7,1270.0,0.0,1958,0.0,98056,47.5074,-122.175,1780.0,7520.0,2014-06-25,276900.0
1926049355,5.0,2.0,2620.0,7030.0,1.0,0.0,0.0,3,8,1420.0,1200.0,1965,0.0,98133,47.7338,-122.352,1360.0,7964.0,2014-10-28,399000.0
8650000070,5.0,2.75,2630.0,10165.0,1.0,0.0,0.0,4,8,1690.0,940.0,1976,0.0,98027,47.5196,-122.049,2440.0,10165.0,2014-08-08,495000.0
8732131200,3.0,1.75,2270.0,9000.0,1.0,0.0,0.0,4,8,1330.0,940.0,1978,0.0,98023,47.3077,-122.381,2090.0,8400.0,2014-08-08,258000.0
1624079051,2.0,2.5,2410.0,102366.0,1.0,0.0,0.0,4,7,1940.0,470.0,1912,19890.0,98024,47.5629,-121.918,2460.0,310582.0,2014-07-10,600000.0
993001629,3.0,2.75,1120.0,881.0,3.0,0.0,0.0,3,8,1120.0,0.0,1999,0.0,98103,47.6914,-122.343,1120.0,1087.0,2014-11-17,265000.0
3832711040,5.0,2.75,3030.0,7000.0,1.0,0.0,0.0,4,7,1540.0,1490.0,1978,0.0,98032,47.3661,-122.28,1790.0,7330.0,2015-04-24,321000.0
5244801230,5.0,2.25,2120.0,4000.0,1.5,0.0,0.0,4,7,1720.0,400.0,1910,0.0,98109,47.644,-122.353,1960.0,4000.0,2014-08-29,682000.0
2798600240,4.0,2.5,1720.0,5805.0,2.0,0.0,0.0,3,8,1720.0,0.0,2000,0.0,98092,47.3286,-122.208,2360.0,7700.0,2014-11-14,295700.0
5701800030,4.0,2.5,2150.0,37981.0,2.0,0.0,0.0,3,9,2150.0,0.0,1985,0.0,98052,47.7227,-122.098,2450.0,37981.0,2014-05-06,609000.0
7636800041,3.0,4.5,4380.0,47044.0,2.0,1.0,3.0,3,9,3720.0,660.0,1968,19900.0,98166,47.4734,-122.365,2460.0,18512.0,2014-06-25,995000.0
3904901200,3.0,2.25,2010.0,11817.0,2.0,0.0,0.0,4,8,2010.0,0.0,1986,0.0,98029,47.5665,-122.023,2190.0,10168.0,2014-08-18,530000.0
4109600055,5.0,2.5,3150.0,5150.0,2.0,0.0,0.0,5,8,1870.0,1280.0,1907,20040.0,98118,47.5506,-122.269,1550.0,5150.0,2014-12-29,614000.0
3339400349,3.0,2.5,2500.0,21780.0,1.0,0.0,0.0,3,8,1770.0,730.0,1986,0.0,98092,47.3282,-122.198,2670.0,23400.0,2014-11-24,390000.0
7202340370,3.0,2.5,1690.0,6642.0,2.0,0.0,0.0,3,7,1690.0,0.0,2004,0.0,98053,47.6793,-122.033,2120.0,5080.0,2014-11-10,467000.0
9477500060,6.0,2.5,3300.0,13501.0,1.0,,0.0,3,8,2060.0,1240.0,1980,0.0,98059,47.5116,-122.163,2060.0,8745.0,2014-08-13,484000.0
4310701600,3.0,2.5,1240.0,1115.0,3.0,0.0,0.0,3,8,1240.0,0.0,2003,0.0,98103,47.6985,-122.34,1410.0,1355.0,2014-11-13,340000.0
2215450060,3.0,2.5,2200.0,7201.0,2.0,0.0,0.0,3,8,2200.0,0.0,1994,0.0,98030,47.3821,-122.207,2250.0,7240.0,2014-12-23,302495.0
2919702075,3.0,1.75,1620.0,3360.0,1.0,0.0,0.0,5,7,980.0,640.0,1927,0.0,98117,47.6886,-122.361,1400.0,3840.0,2014-09-25,532500.0
8079030350,3.0,2.5,2420.0,9592.0,2.0,0.0,0.0,3,8,1780.0,640.0,1993,0.0,98059,47.5093,-122.153,2420.0,9145.0,2014-09-10,441500.0
7893804340,4.0,2.5,2680.0,8062.0,1.0,0.0,3.0,4,7,1530.0,1150.0,1967,0.0,98198,47.4132,-122.328,1920.0,8600.0,2014-07-24,470000.0
4389200765,4.0,3.25,4250.0,8570.0,2.0,0.0,0.0,3,9,4250.0,0.0,2004,0.0,98004,47.6154,-122.21,2830.0,12821.0,2014-06-25,2300000.0
1822069116,3.0,2.5,2400.0,99752.0,1.0,0.0,0.0,3,9,2400.0,0.0,1996,0.0,98058,47.3917,-122.084,2800.0,98010.0,2014-12-17,590000.0
7276100282,3.0,1.75,2300.0,12000.0,1.0,0.0,0.0,3,8,1770.0,530.0,1942,0.0,98133,47.7599,-122.343,2030.0,6000.0,2014-07-29,320000.0
567000392,2.0,2.0,920.0,1201.0,2.0,0.0,0.0,3,8,800.0,120.0,2009,0.0,98144,47.5926,-122.295,1150.0,1161.0,2014-11-03,363000.0
5729200030,4.0,2.25,2350.0,18600.0,2.0,0.0,0.0,4,9,2350.0,0.0,1977,0.0,98028,47.7473,-122.257,2880.0,14400.0,2014-07-07,747500.0
8682220390,2.0,2.5,2630.0,7957.0,2.0,0.0,0.0,3,8,2630.0,0.0,2003,0.0,98053,47.7106,-122.023,2305.0,7220.0,2014-07-23,750000.0
9828700200,4.0,3.0,2170.0,4000.0,2.0,0.0,0.0,4,9,1610.0,560.0,1982,20110.0,98112,47.6196,-122.292,1670.0,4000.0,2014-05-05,831000.0
7852180560,3.0,2.5,1700.0,4125.0,2.0,0.0,0.0,3,7,1700.0,0.0,2004,0.0,98065,47.5305,-121.854,1970.0,4105.0,2015-04-24,403000.0
3655400060,3.0,2.5,2470.0,4565.0,2.0,0.0,0.0,3,7,2470.0,0.0,2005,0.0,98056,47.514,-122.189,2470.0,5064.0,2014-08-08,445000.0
7955030060,3.0,1.0,1250.0,17380.0,1.0,0.0,0.0,4,7,1250.0,0.0,1970,0.0,98072,47.7502,-122.108,1410.0,18200.0,2015-03-26,345000.0
8964800445,3.0,3.5,3110.0,14872.0,1.0,0.0,0.0,3,10,3110.0,0.0,2003,0.0,98004,47.6178,-122.209,3110.0,12433.0,2015-02-09,2260000.0
6204410200,3.0,2.0,1530.0,8925.0,1.0,0.0,0.0,3,7,1530.0,0.0,1977,0.0,98011,47.736,-122.199,2040.0,8856.0,2014-06-16,371025.0
7625702400,2.0,1.0,960.0,6250.0,1.0,,0.0,3,6,960.0,0.0,1916,0.0,98136,47.5491,-122.386,1350.0,6250.0,2014-07-30,355000.0
5113200310,3.0,1.0,1240.0,14110.0,1.0,0.0,0.0,4,7,1240.0,0.0,1972,0.0,98058,47.4579,-122.09,2060.0,19350.0,2014-09-09,270000.0
7893802800,4.0,2.75,2440.0,15349.0,2.0,0.0,1.0,4,7,2440.0,0.0,1957,0.0,98198,47.4117,-122.333,2280.0,9250.0,2014-06-05,425000.0
2473003210,3.0,1.75,2320.0,7875.0,1.0,0.0,0.0,3,8,1620.0,700.0,1967,0.0,98058,47.4524,-122.146,1990.0,9720.0,2015-03-13,364808.0
1402600570,3.0,2.25,1580.0,6561.0,1.0,0.0,0.0,3,8,1200.0,380.0,1981,0.0,98058,47.4394,-122.14,1710.0,7241.0,2015-01-13,320000.0
8944460030,4.0,2.5,2963.0,5797.0,2.0,0.0,0.0,3,9,2963.0,0.0,2006,0.0,98030,47.3831,-122.185,2665.0,6119.0,2014-10-14,325000.0
2473480560,3.0,2.25,2470.0,10290.0,2.0,0.0,0.0,3,8,2230.0,240.0,1984,0.0,98058,47.4459,-122.124,1970.0,10150.0,2014-09-04,350000.0
3365900465,3.0,1.5,1370.0,10176.0,1.0,0.0,0.0,3,6,1370.0,0.0,1947,0.0,98168,47.4738,-122.263,1650.0,10176.0,2015-02-19,170000.0
5341600030,2.0,1.0,960.0,28717.0,1.0,0.0,0.0,4,6,960.0,0.0,1984,0.0,98070,47.3356,-122.502,1860.0,28717.0,2014-05-09,255000.0
6073500160,3.0,1.0,1130.0,7500.0,1.0,0.0,0.0,3,7,880.0,250.0,1947,0.0,98117,47.6973,-122.389,2190.0,5250.0,2014-12-10,550000.0
2025760160,4.0,4.25,4930.0,25714.0,2.0,0.0,0.0,3,12,4930.0,0.0,2005,0.0,98092,47.3069,-122.148,3620.0,23035.0,2014-07-03,835000.0
9393700140,3.0,1.0,1150.0,5120.0,1.0,0.0,0.0,4,6,800.0,350.0,1946,0.0,98116,47.5588,-122.392,1220.0,5120.0,2015-03-10,420000.0
5458800125,4.0,2.5,2190.0,7350.0,2.5,0.0,0.0,5,8,2190.0,0.0,1958,0.0,98040,47.5786,-122.236,1880.0,7350.0,2014-05-14,925000.0
2492200435,2.0,1.5,1490.0,4080.0,1.0,0.0,0.0,3,7,930.0,560.0,1956,0.0,98126,47.5344,-122.381,1320.0,4080.0,2014-06-06,389250.0
3759500046,3.0,2.5,2600.0,10183.0,1.0,0.0,0.0,3,8,1300.0,1300.0,2004,0.0,98033,47.6984,-122.201,1860.0,10401.0,2015-05-01,748000.0
8648220260,3.0,1.75,1530.0,9600.0,1.0,0.0,0.0,3,7,1200.0,330.0,1988,0.0,98042,47.3594,-122.076,1680.0,9680.0,2015-03-24,284000.0
6392001670,4.0,2.0,1680.0,5000.0,1.0,0.0,0.0,3,7,980.0,700.0,1950,0.0,98115,47.6858,-122.286,1680.0,6000.0,2014-06-11,588000.0
2026049155,3.0,1.75,1680.0,8648.0,1.0,,0.0,4,7,1680.0,0.0,1963,0.0,98133,47.7338,-122.332,1290.0,8147.0,2015-03-20,372500.0
2329800240,4.0,3.0,1900.0,7194.0,2.0,,0.0,4,7,1900.0,0.0,1988,0.0,98042,47.3768,-122.117,1690.0,7194.0,2015-02-18,285000.0
3380900125,3.0,1.0,1570.0,9467.0,1.0,0.0,0.0,3,7,1570.0,0.0,1954,0.0,98177,47.7683,-122.359,1570.0,9100.0,2014-05-27,360000.0
1324079041,3.0,1.0,1370.0,17859.0,1.0,0.0,0.0,4,7,1150.0,220.0,1930,0.0,98024,47.5617,-121.859,1460.0,47044.0,2014-11-18,275000.0
8682230550,2.0,2.0,1350.0,4225.0,1.0,0.0,0.0,3,8,1350.0,0.0,2003,0.0,98053,47.7106,-122.03,1660.0,4225.0,2014-09-16,428000.0
853400240,6.0,2.5,3010.0,17864.0,2.0,0.0,0.0,3,8,3010.0,0.0,1969,0.0,98177,47.7209,-122.372,2560.0,11532.0,2015-03-25,847000.0
2130702075,3.0,1.0,1010.0,7838.0,1.0,0.0,0.0,4,6,1010.0,0.0,1977,0.0,98019,47.7422,-121.981,1380.0,8128.0,2014-09-26,316000.0
3260810260,3.0,2.5,2050.0,7205.0,2.0,0.0,0.0,3,8,2050.0,0.0,2000,0.0,98003,47.3487,-122.304,2050.0,7264.0,2015-05-05,375000.0
2878600200,3.0,1.0,1670.0,4080.0,1.0,0.0,0.0,3,7,1170.0,500.0,1967,0.0,98115,47.6899,-122.321,1560.0,4080.0,2014-05-08,533000.0
7298040310,5.0,2.5,3840.0,16905.0,2.0,0.0,0.0,3,11,3840.0,0.0,1991,0.0,98023,47.2996,-122.342,3270.0,12133.0,2014-05-23,556000.0
766000240,4.0,2.0,2220.0,14120.0,1.0,0.0,0.0,3,7,1200.0,1020.0,1966,0.0,98042,47.361,-122.116,1300.0,9709.0,2014-09-15,225000.0
3459700340,4.0,2.5,2590.0,9530.0,1.0,0.0,0.0,4,8,1640.0,950.0,1978,0.0,98155,47.7752,-122.285,2710.0,10970.0,2014-10-30,537250.0
2473251180,3.0,1.0,1180.0,13650.0,1.0,0.0,0.0,4,7,1180.0,0.0,1967,0.0,98058,47.4551,-122.154,1460.0,11730.0,2014-12-17,255000.0
2407900200,4.0,2.5,2950.0,4836.0,2.0,0.0,0.0,3,7,2950.0,0.0,2006,0.0,98059,47.479,-122.129,2120.0,4750.0,2015-04-09,530000.0
7558700030,6.0,6.0,7390.0,24829.0,2.0,1.0,0.0,4,12,5000.0,2390.0,1991,0.0,98040,47.5631,-122.21,4320.0,24619.0,2015-04-13,5300000.0
203600140,3.0,2.75,2150.0,31238.0,2.0,0.0,0.0,3,9,2150.0,0.0,1996,0.0,98014,47.6596,-121.96,2650.0,38307.0,2015-03-24,595000.0
4037800140,4.0,2.0,2100.0,8880.0,1.0,,0.0,4,7,2100.0,0.0,1958,0.0,98008,47.6115,-122.124,1280.0,9102.0,2014-08-14,548000.0
1683600240,3.0,1.75,1650.0,8073.0,1.0,0.0,0.0,3,7,1100.0,550.0,1980,0.0,98092,47.3187,-122.182,1280.0,8073.0,2015-03-20,234975.0
1962200036,3.0,1.75,1620.0,1325.0,2.5,0.0,0.0,3,9,1430.0,190.0,2005,0.0,98102,47.6498,-122.321,1750.0,1572.0,2014-08-19,600000.0
1775800510,4.0,1.0,1750.0,12528.0,1.0,0.0,0.0,4,7,1750.0,0.0,1967,0.0,98072,47.743,-122.097,1550.0,14120.0,2015-03-24,432000.0
1822350070,3.0,1.5,1380.0,6657.0,2.0,,0.0,3,7,1380.0,0.0,1986,0.0,98034,47.7085,-122.217,1420.0,8187.0,2015-02-02,455000.0
7772400160,3.0,1.75,1510.0,11234.0,1.0,0.0,0.0,3,7,1210.0,300.0,1965,0.0,98155,47.7571,-122.328,2080.0,9076.0,2014-10-24,279950.0
273900030,3.0,1.5,1600.0,9072.0,1.0,0.0,0.0,4,7,1600.0,0.0,1963,0.0,98030,47.3737,-122.216,1710.0,8000.0,2014-10-20,267500.0
3323069084,4.0,2.5,1840.0,220308.0,2.0,0.0,0.0,3,8,1840.0,0.0,2000,0.0,98038,47.4306,-122.049,1890.0,65340.0,2014-09-09,620000.0
4337000160,2.0,1.0,830.0,7590.0,1.0,0.0,0.0,2,6,830.0,0.0,1943,0.0,98166,47.4784,-122.335,980.0,7590.0,2015-01-27,110000.0
9126100550,3.0,3.5,1810.0,1846.0,2.0,0.0,0.0,4,8,1440.0,370.0,2009,0.0,98122,47.607,-122.305,1480.0,3600.0,2014-05-13,625000.0
5101405274,2.0,1.0,910.0,7000.0,1.0,0.0,0.0,3,7,910.0,0.0,1952,0.0,98115,47.6999,-122.305,1260.0,7528.0,2014-05-29,389000.0
4232400860,4.0,2.0,2120.0,3360.0,2.0,0.0,0.0,3,9,2120.0,0.0,1905,0.0,98112,47.6227,-122.31,2090.0,3600.0,2014-06-30,1200000.0
2723069082,4.0,2.25,2510.0,133729.0,2.0,,0.0,4,8,2510.0,0.0,1977,0.0,98027,47.4569,-122.02,2510.0,69696.0,2015-04-24,788500.0
7436500270,5.0,2.25,2100.0,6936.0,1.0,0.0,0.0,3,8,1600.0,500.0,1974,0.0,98033,47.6737,-122.169,2100.0,8661.0,2014-07-25,567000.0
5153200030,2.0,2.25,2690.0,15000.0,1.0,0.0,2.0,3,8,1870.0,820.0,1987,0.0,98023,47.3361,-122.353,2690.0,15000.0,2015-01-13,515000.0
4022900125,4.0,2.5,2430.0,11870.0,1.0,0.0,0.0,5,8,1590.0,840.0,1968,0.0,98155,47.7761,-122.285,2430.0,9600.0,2014-09-02,605000.0
7841300505,4.0,3.75,2452.0,4800.0,2.0,0.0,0.0,3,7,2452.0,0.0,1936,19940.0,98055,47.4744,-122.213,1180.0,4800.0,2014-10-27,430000.0
573000685,2.0,1.75,1550.0,6000.0,1.0,,1.0,3,7,1550.0,0.0,1920,0.0,98199,47.6712,-122.409,2360.0,6000.0,2014-07-17,805000.0
8961990160,3.0,2.5,2080.0,4556.0,2.0,0.0,0.0,3,8,2080.0,0.0,1999,0.0,98074,47.6036,-122.014,1530.0,5606.0,2015-04-13,567500.0
1250202255,3.0,1.75,1290.0,3870.0,1.0,0.0,0.0,5,7,1290.0,0.0,1916,0.0,98144,47.5873,-122.29,2020.0,5850.0,2014-06-05,647500.0
7234600796,2.0,1.75,1850.0,2530.0,2.5,0.0,0.0,4,7,1850.0,0.0,1903,0.0,98122,47.6106,-122.31,1500.0,1795.0,2014-11-26,495000.0
3630180340,4.0,2.5,3370.0,5000.0,2.0,0.0,0.0,3,9,3370.0,0.0,2006,0.0,98027,47.541,-121.998,3370.0,5237.0,2014-11-04,825000.0
5104450070,4.0,2.25,2730.0,7506.0,2.0,0.0,0.0,4,8,2730.0,0.0,1987,0.0,98058,47.4627,-122.152,2390.0,8015.0,2015-03-09,435000.0
9477100060,3.0,1.75,1300.0,7800.0,1.0,0.0,0.0,5,7,1300.0,0.0,1968,0.0,98034,47.7321,-122.195,1520.0,7344.0,2014-09-09,445950.0
4139440830,5.0,2.75,3040.0,10257.0,2.0,0.0,0.0,3,10,3040.0,0.0,1993,0.0,98006,47.5531,-122.119,2860.0,9327.0,2014-06-03,960000.0
6772200055,4.0,3.0,2440.0,3600.0,1.5,0.0,0.0,5,8,1480.0,960.0,1929,0.0,98103,47.6853,-122.331,1770.0,4000.0,2014-09-17,780000.0
8731982190,3.0,2.25,1720.0,9000.0,1.0,,0.0,4,8,1320.0,400.0,1969,0.0,98023,47.3191,-122.383,1930.0,8000.0,2014-06-18,274500.0
6300000335,5.0,3.0,3230.0,5167.0,1.5,0.0,0.0,4,8,2000.0,1230.0,1909,0.0,98133,47.7053,-122.34,1509.0,1626.0,2015-04-29,729953.0
9301300751,3.0,1.5,1200.0,890.0,2.0,0.0,0.0,3,8,1030.0,170.0,2008,0.0,98109,47.6384,-122.342,1230.0,2120.0,2014-07-28,464950.0
9542100135,4.0,1.75,2350.0,18800.0,1.0,0.0,2.0,3,8,2350.0,0.0,1959,0.0,98005,47.5904,-122.177,3050.0,14640.0,2014-11-12,620000.0
8691410700,4.0,3.5,3100.0,5600.0,2.0,0.0,0.0,3,9,3100.0,0.0,2005,0.0,98075,47.5968,-121.978,3080.0,5600.0,2015-01-16,735000.0
217500135,4.0,2.25,2040.0,9565.0,1.0,0.0,0.0,3,8,1400.0,640.0,1959,0.0,98133,47.7356,-122.335,1890.0,8580.0,2015-04-21,450000.0
3731800055,4.0,1.0,2000.0,4676.0,1.5,0.0,0.0,3,7,1250.0,750.0,1916,19860.0,98118,47.5529,-122.268,1140.0,4676.0,2014-06-05,450000.0
7234600786,4.0,2.5,2160.0,5298.0,2.5,0.0,0.0,4,9,2160.0,0.0,1902,0.0,98122,47.6106,-122.31,1720.0,2283.0,2014-05-11,842500.0
2423059104,3.0,2.0,1970.0,79714.0,1.0,0.0,0.0,3,7,1070.0,900.0,1979,0.0,98058,47.4674,-122.107,1890.0,36626.0,2014-10-08,360000.0
1823039205,3.0,2.5,2270.0,100545.0,2.0,0.0,0.0,3,8,2270.0,0.0,1998,0.0,98070,47.4815,-122.47,1277.0,100545.0,2014-06-24,585000.0
2423020260,3.0,2.25,1850.0,7923.0,1.0,0.0,0.0,4,7,1150.0,700.0,1977,0.0,98033,47.7011,-122.171,1780.0,7420.0,2014-08-14,461000.0
2695600070,2.0,1.0,1350.0,4494.0,1.0,0.0,0.0,3,7,920.0,430.0,1949,0.0,98126,47.5315,-122.38,1470.0,5225.0,2014-08-18,345000.0
6844703240,3.0,2.5,3280.0,10302.0,1.0,0.0,0.0,3,10,1680.0,1600.0,1970,0.0,98115,47.6948,-122.286,1550.0,6300.0,2014-07-02,1080000.0
3904940070,4.0,2.5,2270.0,8391.0,2.0,0.0,0.0,3,8,2270.0,,1988,0.0,98029,47.574,-122.013,2420.0,8391.0,2015-02-27,643000.0
1939130070,4.0,2.5,2820.0,8307.0,2.0,0.0,0.0,3,9,2820.0,0.0,1990,0.0,98074,47.6253,-122.027,2820.0,8307.0,2014-09-29,690000.0
5589300370,4.0,1.0,1200.0,11111.0,1.5,0.0,0.0,3,7,1200.0,,1949,0.0,98155,47.7529,-122.306,1350.0,9113.0,2015-04-01,282000.0
3526039116,3.0,1.75,2000.0,6130.0,1.0,,0.0,4,8,1120.0,880.0,1951,0.0,98117,47.6925,-122.388,2140.0,7150.0,2014-11-18,549000.0
6821600390,3.0,2.0,2310.0,6000.0,2.0,,1.0,4,9,1560.0,750.0,1926,0.0,98199,47.648,-122.395,2000.0,6000.0,2015-01-08,815000.0
1925069082,5.0,4.25,4640.0,22703.0,2.0,1.0,4.0,5,8,2860.0,1780.0,1952,0.0,98052,47.6393,-122.097,3140.0,14200.0,2015-05-11,2200000.0
8100400160,3.0,2.25,2330.0,11424.0,2.0,0.0,0.0,4,8,2330.0,0.0,1984,0.0,98052,47.6386,-122.11,2050.0,11448.0,2015-04-13,700000.0
5556300102,3.0,2.5,3940.0,10360.0,2.0,0.0,0.0,3,9,3110.0,830.0,1992,0.0,98052,47.6468,-122.116,2720.0,11941.0,2014-07-14,933399.0
7222000393,3.0,1.0,1440.0,11250.0,1.0,0.0,0.0,3,7,1440.0,0.0,1967,0.0,98055,47.4627,-122.213,2200.0,11250.0,2014-07-03,290000.0
9407001860,4.0,1.75,1960.0,9300.0,1.0,0.0,0.0,5,7,1340.0,620.0,1979,0.0,98045,47.4487,-121.772,1500.0,9752.0,2014-05-24,372000.0
9468200140,2.0,1.75,1250.0,2890.0,1.0,0.0,0.0,4,7,790.0,460.0,1920,0.0,98103,47.6795,-122.353,1500.0,3225.0,2014-08-19,450000.0
3295950240,3.0,2.5,1981.0,5700.0,2.0,0.0,0.0,3,8,1981.0,0.0,2010,0.0,98030,47.3668,-122.178,1981.0,5894.0,2014-09-05,303700.0
3905000340,4.0,2.5,2440.0,10049.0,2.0,,0.0,4,9,2440.0,,1989,0.0,98029,47.5744,-121.993,2820.0,8484.0,2014-07-24,672000.0
3374300070,4.0,1.5,1150.0,9360.0,1.5,0.0,0.0,3,6,1150.0,0.0,1970,0.0,98034,47.7197,-122.173,1480.0,8155.0,2014-06-23,334000.0
7812800310,2.0,1.0,1120.0,5650.0,1.0,0.0,0.0,3,6,1120.0,0.0,1944,0.0,98178,47.4979,-122.241,1270.0,6875.0,2014-06-25,260000.0
7015200685,3.0,1.75,1800.0,5700.0,1.0,0.0,0.0,4,8,1000.0,800.0,1941,0.0,98119,47.6491,-122.367,1680.0,5350.0,2014-07-31,749950.0
3521069051,4.0,2.25,2380.0,122038.0,2.0,0.0,0.0,4,8,2380.0,0.0,1984,0.0,98022,47.2624,-122.015,2030.0,48000.0,2014-12-23,330000.0
8032700140,5.0,3.0,2920.0,2808.0,2.0,0.0,0.0,3,8,2140.0,780.0,1960,0.0,98103,47.654,-122.342,1620.0,1544.0,2014-10-28,830000.0
6117500320,3.0,2.25,2790.0,13791.0,1.0,,3.0,3,8,2790.0,0.0,2006,0.0,98166,47.4389,-122.351,2720.0,12600.0,2014-07-08,1130000.0
7305300045,3.0,1.0,1560.0,7552.0,1.0,0.0,0.0,4,6,910.0,650.0,1948,0.0,98155,47.7552,-122.327,1200.0,8152.0,2014-07-07,320000.0
922069139,2.0,1.0,1550.0,15250.0,1.5,0.0,0.0,5,7,1550.0,0.0,1920,0.0,98038,47.407,-122.045,1520.0,34929.0,2015-04-14,260000.0
84000335,3.0,2.0,1700.0,11475.0,1.0,0.0,0.0,5,6,970.0,730.0,1945,0.0,98146,47.4851,-122.338,1560.0,11475.0,2014-06-26,225000.0
9232400055,1.0,1.0,640.0,6350.0,1.0,0.0,0.0,3,5,640.0,0.0,1939,0.0,98117,47.6976,-122.359,1270.0,6350.0,2014-09-17,279200.0
1453600202,4.0,3.5,2680.0,10000.0,2.0,0.0,0.0,3,8,2040.0,640.0,1942,20140.0,98125,47.726,-122.296,1530.0,8000.0,2014-05-20,520000.0
3904910520,3.0,2.5,1860.0,8060.0,2.0,0.0,0.0,4,8,1860.0,0.0,1987,0.0,98029,47.5674,-122.017,1850.0,4661.0,2014-06-25,505000.0
5469300270,3.0,1.75,1490.0,8366.0,1.0,0.0,0.0,4,7,1010.0,480.0,1975,0.0,98042,47.375,-122.14,1490.0,7469.0,2014-05-06,234000.0
8681660060,4.0,2.5,2470.0,5044.0,2.0,0.0,0.0,3,9,2470.0,0.0,2005,0.0,98155,47.7728,-122.271,2790.0,5583.0,2014-09-29,503000.0
3902300350,4.0,2.25,2390.0,8858.0,1.0,0.0,0.0,4,8,1740.0,650.0,1979,0.0,98033,47.6925,-122.184,2240.0,8858.0,2014-08-06,606000.0
6392003490,3.0,1.0,1230.0,6000.0,1.0,0.0,0.0,4,7,780.0,450.0,1937,0.0,98115,47.6839,-122.281,1570.0,5000.0,2014-07-23,433500.0
3342700465,3.0,1.5,2840.0,10182.0,1.0,0.0,0.0,3,8,1510.0,1330.0,1951,0.0,98056,47.524,-122.2,2210.0,9669.0,2015-01-23,250000.0
2592210160,3.0,2.5,2120.0,9307.0,2.0,,0.0,4,9,2120.0,0.0,1984,0.0,98006,47.5477,-122.141,2290.0,11524.0,2014-08-05,719000.0
616000160,3.0,2.0,1770.0,14400.0,1.0,0.0,0.0,4,8,1770.0,0.0,1959,0.0,98166,47.415,-122.337,1900.0,14400.0,2014-12-10,381000.0
1687000270,3.0,2.5,2495.0,4400.0,2.0,0.0,0.0,3,8,2495.0,0.0,2007,0.0,98001,47.288,-122.283,2434.0,4400.0,2014-05-28,267000.0
4102000075,1.0,0.75,1170.0,14149.0,1.0,0.0,0.0,5,7,880.0,290.0,1962,0.0,98022,47.2653,-121.91,1130.0,24513.0,2014-05-22,275000.0
8078460550,4.0,2.5,2740.0,7140.0,2.0,0.0,0.0,3,8,2740.0,0.0,1993,0.0,98074,47.6334,-122.021,2260.0,7035.0,2014-05-13,651000.0
2710600070,2.0,1.0,1050.0,5671.0,1.0,0.0,0.0,3,7,850.0,200.0,1949,0.0,98115,47.6767,-122.286,1850.0,5243.0,2015-02-04,439000.0
37000435,2.0,1.0,1130.0,5070.0,1.0,0.0,0.0,4,7,1130.0,0.0,1955,0.0,98146,47.5141,-122.377,860.0,6300.0,2015-02-14,325000.0
5100401414,2.0,1.0,880.0,6380.0,1.0,0.0,0.0,3,7,880.0,0.0,1938,19940.0,98115,47.6924,-122.322,1340.0,6380.0,2014-05-02,490000.0
5631500254,4.0,2.5,2403.0,6172.0,2.0,0.0,0.0,3,9,2403.0,0.0,1999,0.0,98028,47.7361,-122.234,2380.0,6075.0,2014-10-07,519900.0
8567300140,4.0,2.75,3410.0,35040.0,2.0,0.0,0.0,3,9,3410.0,0.0,1984,0.0,98038,47.4054,-122.03,2580.0,37263.0,2014-07-23,545000.0
98000060,4.0,4.0,5320.0,20041.0,2.0,0.0,0.0,3,11,5320.0,0.0,2003,0.0,98075,47.5852,-121.966,4640.0,17268.0,2014-07-14,1060000.0
2205500400,4.0,1.75,1900.0,8250.0,1.0,0.0,0.0,4,7,950.0,950.0,1955,0.0,98006,47.5765,-122.147,1480.0,8360.0,2014-05-14,542000.0
1726069084,4.0,1.75,1810.0,21650.0,2.0,0.0,0.0,4,7,1810.0,0.0,1961,0.0,98077,47.7358,-122.076,2700.0,29680.0,2014-12-08,465000.0
8682291840,2.0,2.0,1200.0,3900.0,1.0,,0.0,3,8,1200.0,0.0,2006,0.0,98053,47.72,-122.024,1440.0,5580.0,2015-03-31,408000.0
5003600240,4.0,2.5,2060.0,5950.0,2.0,0.0,0.0,3,8,2060.0,0.0,2000,0.0,98030,47.3631,-122.192,2242.0,6406.0,2014-12-04,292000.0
5636000400,3.0,1.75,1250.0,10122.0,1.0,0.0,0.0,3,7,1250.0,0.0,1994,0.0,98010,47.3277,-122.001,1980.0,10175.0,2014-05-07,253000.0
3298700125,2.0,1.0,910.0,4662.0,1.0,0.0,0.0,5,6,910.0,0.0,1942,0.0,98106,47.5232,-122.354,890.0,6050.0,2014-09-05,280000.0
7880000060,3.0,2.25,2560.0,41346.0,2.0,0.0,0.0,3,10,2560.0,0.0,1986,0.0,98027,47.4871,-122.065,3040.0,35395.0,2014-06-04,658588.0
7811200310,4.0,2.25,1920.0,8910.0,1.0,,0.0,4,8,1200.0,720.0,1969,0.0,98005,47.5897,-122.156,2250.0,8800.0,2014-12-16,635000.0
5255690160,4.0,2.25,2240.0,8300.0,2.0,,0.0,3,8,2240.0,0.0,1978,0.0,98011,47.7746,-122.197,2340.0,8500.0,2014-10-09,439000.0
869700320,3.0,2.5,1260.0,3855.0,2.0,0.0,0.0,3,8,1260.0,0.0,1999,0.0,98059,47.4908,-122.154,1310.0,3344.0,2014-08-06,300000.0
6052401631,3.0,1.5,1360.0,13496.0,1.0,0.0,0.0,4,8,1360.0,0.0,1960,0.0,98198,47.4032,-122.314,1900.0,10538.0,2015-02-05,345000.0
5089700260,4.0,2.25,2100.0,8050.0,2.0,0.0,0.0,3,8,2100.0,0.0,1978,0.0,98055,47.4391,-122.193,2190.0,7700.0,2014-08-12,283500.0
9473200105,2.0,1.0,2110.0,4920.0,1.5,,0.0,3,7,1460.0,650.0,1911,0.0,98103,47.6872,-122.339,1390.0,4732.0,2014-09-24,425000.0
6678900140,3.0,1.75,2210.0,8955.0,1.0,0.0,1.0,3,8,1560.0,650.0,1974,0.0,98033,47.6621,-122.189,2210.0,8976.0,2015-03-19,685000.0
9552700550,3.0,2.5,2360.0,12987.0,2.0,0.0,0.0,3,8,2360.0,0.0,1983,0.0,98006,47.5471,-122.149,2480.0,11665.0,2015-04-21,750000.0
2171400218,4.0,1.5,1280.0,8000.0,1.0,0.0,0.0,3,6,1280.0,0.0,1960,0.0,98178,47.4949,-122.255,1420.0,8211.0,2015-04-16,245000.0
9122001231,6.0,3.75,2740.0,6924.0,1.0,0.0,2.0,3,7,1640.0,1100.0,1962,0.0,98144,47.5816,-122.296,1940.0,6000.0,2015-04-03,585444.0
6639900012,4.0,2.5,2740.0,7571.0,2.0,0.0,0.0,3,9,2740.0,0.0,2009,0.0,98033,47.6962,-122.179,2880.0,7203.0,2014-09-17,706000.0
8151601090,4.0,2.0,2630.0,9099.0,1.5,0.0,0.0,3,7,1830.0,800.0,1944,0.0,98146,47.5067,-122.361,1430.0,6825.0,2014-08-01,445000.0
6664900260,3.0,2.0,1650.0,6000.0,1.0,0.0,0.0,3,7,1650.0,0.0,1990,0.0,98023,47.2904,-122.353,1870.0,6000.0,2015-02-19,241000.0
7663700030,2.0,2.5,1770.0,7155.0,2.0,1.0,4.0,3,8,1770.0,0.0,1957,0.0,98155,47.7345,-122.285,2410.0,10476.0,2015-05-03,1180000.0
952000055,3.0,1.0,1500.0,5750.0,1.5,0.0,0.0,4,7,1050.0,450.0,1927,0.0,98126,47.5677,-122.376,1500.0,5060.0,2015-02-06,530000.0
4292300024,3.0,1.5,1430.0,12199.0,1.0,,0.0,3,7,1130.0,300.0,1948,0.0,98133,47.7352,-122.33,1490.0,8196.0,2015-03-02,350000.0
8073000550,4.0,3.75,3190.0,17186.0,2.0,1.0,4.0,3,10,3190.0,0.0,1999,0.0,98178,47.5115,-122.246,2290.0,13496.0,2015-04-15,1700000.0
9238450160,3.0,1.0,1280.0,9630.0,1.0,0.0,0.0,3,7,1280.0,0.0,1968,0.0,98072,47.7677,-122.163,1300.0,9453.0,2015-04-28,389000.0
6127600036,4.0,2.75,2390.0,6820.0,2.0,0.0,0.0,4,7,2140.0,250.0,1945,0.0,98115,47.6788,-122.27,1980.0,6820.0,2014-11-05,799000.0
1370801331,4.0,2.5,4040.0,9630.0,1.0,0.0,3.0,4,9,2020.0,2020.0,1951,0.0,98199,47.6408,-122.41,3160.0,8025.0,2014-08-04,1400000.0
3500100226,2.0,1.0,920.0,8612.0,1.0,0.0,0.0,5,7,920.0,0.0,1947,0.0,98155,47.734,-122.301,1500.0,7956.0,2014-12-29,340895.0
319500570,4.0,2.5,2730.0,10281.0,2.0,0.0,2.0,3,9,2730.0,0.0,1996,0.0,98074,47.6227,-122.029,2750.0,7220.0,2014-05-05,780000.0
3751604974,2.0,1.5,1320.0,73600.0,1.0,0.0,0.0,3,7,1320.0,0.0,1993,0.0,98001,47.2755,-122.271,1320.0,33600.0,2014-12-04,350000.0
7852030320,3.0,2.5,2620.0,4874.0,2.0,0.0,0.0,3,7,2620.0,0.0,1999,0.0,98065,47.5328,-121.879,2360.0,4231.0,2015-02-17,470000.0
2481630070,4.0,3.0,3180.0,80837.0,2.0,0.0,0.0,3,11,3180.0,0.0,1985,0.0,98072,47.7336,-122.134,3180.0,38715.0,2015-01-28,914600.0
4299000030,4.0,2.5,2900.0,4762.0,2.0,0.0,0.0,3,8,2900.0,0.0,2005,0.0,98042,47.3663,-122.129,2900.0,5173.0,2014-09-23,354000.0
3886902590,5.0,2.0,1900.0,6000.0,1.5,0.0,0.0,4,6,1900.0,0.0,1920,0.0,98033,47.6831,-122.186,2110.0,8400.0,2015-02-26,470000.0
9178601000,3.0,2.0,1760.0,5400.0,1.0,0.0,0.0,5,7,1160.0,600.0,1927,0.0,98103,47.6558,-122.331,1640.0,5400.0,2014-07-30,715000.0
2861100030,2.0,1.0,760.0,4000.0,1.0,0.0,0.0,4,6,760.0,0.0,1950,0.0,98108,47.5466,-122.304,1640.0,4500.0,2014-10-07,265000.0
9471200370,4.0,3.0,3710.0,20000.0,2.0,0.0,2.0,5,10,2760.0,950.0,1936,0.0,98105,47.6696,-122.261,3970.0,20000.0,2015-03-30,2540000.0
625049286,3.0,1.0,1530.0,4944.0,1.0,0.0,0.0,3,7,1530.0,0.0,1950,0.0,98103,47.6857,-122.341,1500.0,4944.0,2014-08-15,640000.0
133000135,4.0,1.75,1990.0,18900.0,2.0,0.0,0.0,4,7,1870.0,120.0,1929,0.0,98168,47.5131,-122.313,1710.0,12400.0,2014-11-20,290000.0
7214700830,5.0,4.75,3830.0,35000.0,1.0,0.0,0.0,3,8,2130.0,1700.0,1976,0.0,98077,47.7597,-122.079,2750.0,36150.0,2014-05-13,480000.0
4473400045,3.0,2.0,2040.0,5600.0,1.0,0.0,1.0,5,7,1120.0,920.0,1954,0.0,98144,47.5959,-122.293,2120.0,4958.0,2014-08-26,535000.0
9413600350,3.0,1.75,2170.0,12220.0,1.0,0.0,0.0,5,8,2170.0,0.0,1965,0.0,98033,47.6537,-122.195,1980.0,9000.0,2014-08-29,907000.0
1138010520,3.0,1.75,1620.0,7330.0,1.0,0.0,0.0,4,7,1090.0,530.0,1974,0.0,98034,47.7148,-122.213,1380.0,7191.0,2014-06-01,459000.0
7431500341,3.0,2.5,3600.0,21399.0,1.0,0.0,3.0,3,9,2310.0,1290.0,1950,20070.0,98008,47.6191,-122.099,2830.0,17559.0,2015-04-24,1360000.0
8830400135,3.0,1.5,1470.0,11599.0,1.0,0.0,0.0,3,7,1070.0,400.0,1967,0.0,98030,47.3632,-122.188,1580.0,9760.0,2015-03-05,264950.0
5694000710,3.0,1.0,1760.0,3000.0,1.5,0.0,0.0,1,6,1760.0,0.0,1900,0.0,98103,47.6598,-122.348,1320.0,1266.0,2014-11-07,352950.0
1951820070,3.0,2.25,2230.0,13100.0,1.0,0.0,0.0,4,8,1510.0,720.0,1974,0.0,98006,47.5413,-122.174,2010.0,10650.0,2014-08-22,491500.0
6137500320,4.0,3.5,3770.0,37034.0,2.0,0.0,0.0,3,10,2830.0,940.0,1989,0.0,98007,47.6463,-122.151,3200.0,36342.0,2014-06-25,1230000.0
6703100070,3.0,1.0,1200.0,9194.0,1.0,0.0,0.0,4,7,1200.0,0.0,1952,0.0,98155,47.7362,-122.319,1330.0,8650.0,2015-04-06,369500.0
339350070,3.0,2.5,2090.0,6294.0,2.0,,0.0,3,9,2090.0,0.0,2004,0.0,98052,47.686,-122.095,2520.0,5735.0,2015-03-18,566000.0
7399300860,3.0,2.25,1500.0,7308.0,1.0,0.0,0.0,4,7,1210.0,290.0,1968,0.0,98055,47.4621,-122.187,1480.0,7400.0,2014-08-25,290000.0
8907500070,5.0,5.0,8000.0,23985.0,2.0,0.0,4.0,3,12,6720.0,1280.0,2009,0.0,98004,47.6232,-122.22,4600.0,21750.0,2015-04-13,5350000.0
8651430560,3.0,1.0,870.0,5330.0,1.0,0.0,0.0,3,6,870.0,0.0,1969,0.0,98042,47.369,-122.077,840.0,5200.0,2014-05-22,180000.0
2228900270,2.0,1.0,1010.0,6000.0,1.0,,0.0,4,6,1010.0,0.0,1944,0.0,98133,47.771,-122.353,1610.0,7313.0,2014-08-12,215000.0
2228900270,2.0,1.0,1010.0,6000.0,1.0,,0.0,4,6,1010.0,0.0,1944,0.0,98133,47.771,-122.353,1610.0,7313.0,2015-02-12,302000.0
6880200030,3.0,1.75,1860.0,7881.0,1.0,0.0,0.0,3,7,1160.0,700.0,1986,0.0,98198,47.3855,-122.322,1490.0,7527.0,2015-04-10,352500.0
7227501170,4.0,2.0,1330.0,5926.0,1.0,,0.0,4,5,1330.0,0.0,1942,0.0,98056,47.496,-122.19,1150.0,5485.0,2014-06-26,235867.0
7504460200,3.0,2.25,1760.0,11946.0,2.0,0.0,0.0,3,8,1760.0,0.0,1978,0.0,98074,47.624,-122.05,2080.0,12068.0,2014-07-17,500000.0
1559900200,3.0,2.25,1800.0,4500.0,2.0,0.0,0.0,3,7,1800.0,0.0,1995,0.0,98019,47.7462,-121.98,1760.0,6589.0,2015-03-26,382000.0
546000400,5.0,2.5,1690.0,2402.0,1.5,0.0,0.0,3,7,990.0,700.0,1930,0.0,98117,47.6903,-122.38,1200.0,4005.0,2015-04-22,515000.0
1596600060,1.0,1.0,660.0,2600.0,1.0,0.0,0.0,3,6,660.0,0.0,1919,0.0,98144,47.5723,-122.304,1560.0,5445.0,2015-05-01,250000.0
6021501920,3.0,2.25,2400.0,5300.0,1.5,,0.0,4,7,1250.0,1150.0,1939,0.0,98117,47.6876,-122.384,1540.0,4800.0,2014-06-27,672500.0
3275860270,3.0,2.25,3020.0,13031.0,2.0,0.0,0.0,3,9,3020.0,0.0,1989,0.0,98052,47.6897,-122.098,2480.0,10204.0,2014-10-22,755000.0
5457300703,3.0,1.0,1500.0,2555.0,2.0,0.0,2.0,3,7,1500.0,0.0,1910,0.0,98109,47.627,-122.353,1820.0,2555.0,2015-03-20,707500.0
2919700885,4.0,2.0,1560.0,3840.0,1.0,,0.0,4,6,960.0,600.0,1924,0.0,98117,47.6882,-122.365,1560.0,4800.0,2014-08-26,459000.0
1951500030,3.0,1.0,1090.0,10620.0,1.5,0.0,0.0,3,7,1090.0,0.0,1959,0.0,98032,47.3748,-122.294,1380.0,10620.0,2015-02-04,140000.0
9550200310,2.0,1.0,970.0,4284.0,1.0,0.0,0.0,3,7,970.0,0.0,1905,0.0,98103,47.6667,-122.333,2050.0,4284.0,2014-08-11,495000.0
3630120700,3.0,3.25,3190.0,5283.0,2.0,0.0,0.0,3,9,3190.0,0.0,2007,0.0,98029,47.5534,-122.002,2950.0,5198.0,2014-05-13,757000.0
3630120700,3.0,3.25,3190.0,5283.0,2.0,0.0,0.0,3,9,3190.0,0.0,2007,0.0,98029,47.5534,-122.002,2950.0,5198.0,2015-01-07,765000.0
6370000070,4.0,1.5,1890.0,6052.0,1.0,0.0,0.0,4,7,1890.0,0.0,1955,0.0,98125,47.7055,-122.3,1510.0,6072.0,2014-09-19,359000.0
7935000125,3.0,1.0,1050.0,7500.0,1.0,0.0,0.0,3,6,1050.0,0.0,1900,0.0,98136,47.5473,-122.396,1380.0,7500.0,2014-06-05,440000.0
3034200058,4.0,1.5,1390.0,7200.0,1.0,,0.0,3,7,1140.0,250.0,1965,0.0,98133,47.7224,-122.332,1630.0,7702.0,2014-05-29,400000.0
2856102336,3.0,2.0,1700.0,4080.0,1.0,0.0,0.0,4,7,850.0,850.0,1941,0.0,98117,47.6785,-122.393,1480.0,5100.0,2015-03-25,652000.0
2523039239,3.0,1.75,1050.0,5850.0,1.0,0.0,0.0,3,7,1050.0,0.0,1980,0.0,98166,47.4574,-122.358,1220.0,8880.0,2014-05-30,260000.0
5452800310,5.0,3.0,3340.0,10796.0,1.0,0.0,2.0,3,9,2120.0,1220.0,1964,19900.0,98040,47.5421,-122.229,3290.0,12955.0,2015-04-20,1330000.0
2724069070,4.0,2.0,1540.0,17859.0,1.0,0.0,0.0,3,6,1540.0,0.0,1964,0.0,98027,47.5326,-122.032,1390.0,9688.0,2015-02-20,519500.0
6690500320,3.0,1.0,1710.0,5992.0,1.5,0.0,0.0,4,7,1560.0,150.0,1928,0.0,98103,47.6861,-122.354,1240.0,3001.0,2014-10-27,650000.0
2413301070,4.0,2.25,2100.0,8075.0,2.0,0.0,0.0,3,8,2100.0,0.0,1978,0.0,98003,47.3251,-122.329,2100.0,7464.0,2015-03-24,280000.0
1562100030,4.0,1.75,1730.0,7980.0,1.0,0.0,0.0,4,8,1730.0,0.0,1965,0.0,98007,47.6219,-122.138,2080.0,8400.0,2014-09-10,515000.0
7941140070,3.0,2.25,1500.0,2692.0,2.0,0.0,0.0,3,7,1500.0,0.0,1986,0.0,98034,47.7159,-122.203,1470.0,2418.0,2015-03-18,400000.0
1703050520,3.0,2.5,2380.0,5017.0,2.0,0.0,0.0,3,9,2380.0,0.0,2003,0.0,98074,47.6297,-122.021,2670.0,6066.0,2015-04-14,652100.0
2412600030,6.0,3.0,2180.0,7956.0,2.0,0.0,0.0,3,7,2180.0,,1980,0.0,98003,47.3054,-122.305,2214.0,7684.0,2014-06-23,235000.0
5266300140,4.0,1.5,1840.0,10080.0,2.0,0.0,0.0,3,8,1840.0,0.0,1907,0.0,98118,47.5575,-122.279,1830.0,5040.0,2015-04-08,701000.0
11520030,4.0,2.5,2341.0,9594.0,2.0,0.0,0.0,3,9,2341.0,0.0,1997,0.0,98052,47.6993,-122.115,2850.0,9421.0,2014-06-24,640000.0
7202290140,3.0,2.5,1690.0,4584.0,2.0,0.0,0.0,3,7,1690.0,0.0,2002,0.0,98053,47.6866,-122.043,1600.0,3164.0,2014-07-28,455800.0
8161010060,3.0,2.5,2490.0,21937.0,2.0,0.0,0.0,3,8,2490.0,0.0,1993,0.0,98014,47.6442,-121.898,2450.0,21937.0,2014-12-18,504750.0
8562900710,3.0,3.0,2440.0,15540.0,2.0,0.0,0.0,3,9,2440.0,0.0,1992,0.0,98074,47.6104,-122.06,2440.0,15283.0,2014-07-11,483000.0
8888000055,3.0,0.75,920.0,20412.0,1.0,,2.0,5,6,920.0,0.0,1950,0.0,98070,47.4781,-122.49,1162.0,54705.0,2014-12-30,530000.0
3395800295,2.0,1.0,1030.0,8786.0,1.0,0.0,0.0,3,6,1030.0,0.0,1956,0.0,98146,47.4814,-122.341,1480.0,8121.0,2014-07-11,250000.0
5557320030,5.0,2.75,2000.0,5885.0,1.0,,0.0,3,7,1260.0,740.0,1994,0.0,98023,47.3155,-122.347,1960.0,6514.0,2014-09-24,229950.0
2909300640,4.0,3.5,4210.0,9414.0,2.0,0.0,0.0,3,9,4210.0,0.0,2001,0.0,98074,47.6067,-122.022,3950.0,8880.0,2014-07-23,884744.0
5202500030,3.0,1.5,1610.0,9964.0,1.0,0.0,0.0,3,7,1080.0,530.0,1977,0.0,98052,47.6681,-122.143,1610.0,9964.0,2015-04-01,514000.0
5561300640,3.0,2.25,1910.0,35015.0,1.0,0.0,0.0,4,8,1430.0,480.0,1977,0.0,98027,47.4672,-122.006,2340.0,36680.0,2015-05-06,532000.0
3449900030,4.0,2.5,2660.0,5539.0,2.0,0.0,0.0,3,8,2660.0,0.0,2004,0.0,98059,47.4981,-122.162,2380.0,5539.0,2014-09-11,423000.0
952003435,2.0,1.0,820.0,4025.0,1.0,0.0,2.0,5,6,820.0,0.0,1922,0.0,98126,47.5649,-122.38,1410.0,5750.0,2014-08-26,420000.0
6204200340,3.0,1.75,1730.0,18250.0,1.0,,0.0,3,8,1730.0,0.0,1988,0.0,98011,47.737,-122.201,2180.0,10027.0,2014-11-10,521000.0
1737100830,4.0,2.25,2360.0,7490.0,2.0,0.0,0.0,3,8,2360.0,0.0,1979,0.0,98033,47.6988,-122.169,2360.0,7490.0,2015-02-05,577000.0
2207200520,3.0,1.0,970.0,8040.0,1.0,0.0,0.0,3,7,970.0,0.0,1956,0.0,98007,47.603,-122.132,1250.0,7000.0,2014-09-29,425000.0
3818400060,4.0,2.5,2460.0,4862.0,2.0,,0.0,3,8,2460.0,0.0,2004,0.0,98028,47.7719,-122.235,2900.0,4895.0,2014-10-31,495000.0
9264960560,3.0,2.5,2690.0,8577.0,2.0,,0.0,3,9,2690.0,0.0,1987,0.0,98023,47.3026,-122.351,2570.0,8066.0,2014-10-01,340000.0
6362900172,3.0,3.5,1820.0,1991.0,2.0,0.0,0.0,3,8,1430.0,390.0,2014,0.0,98144,47.596,-122.298,1550.0,1460.0,2014-09-23,499950.0
9272200810,4.0,3.0,3470.0,4750.0,2.0,0.0,2.0,3,9,2370.0,1100.0,2014,0.0,98116,47.5917,-122.386,2420.0,4761.0,2015-03-16,1220000.0
3629160060,4.0,2.75,3370.0,7634.0,1.0,,2.0,5,8,2110.0,1260.0,1977,0.0,98056,47.5259,-122.204,2460.0,7634.0,2015-02-27,720000.0
4324200060,3.0,1.5,1700.0,8247.0,1.0,0.0,0.0,3,7,1010.0,690.0,1970,0.0,98031,47.4216,-122.174,1440.0,8400.0,2015-03-12,249000.0
3830620710,3.0,1.0,1340.0,11070.0,1.0,0.0,0.0,4,7,1340.0,0.0,1978,0.0,98030,47.3527,-122.178,1650.0,7630.0,2014-06-13,206135.0
3276900030,5.0,2.75,2000.0,9276.0,2.0,0.0,0.0,4,7,2000.0,0.0,1968,0.0,98055,47.444,-122.19,1240.0,8270.0,2014-10-06,300000.0
4058800830,6.0,3.0,3840.0,14040.0,1.5,0.0,3.0,3,8,2460.0,1380.0,1949,0.0,98178,47.506,-122.241,2170.0,6765.0,2015-03-18,612000.0
6202600070,5.0,2.5,3890.0,27311.0,2.0,0.0,2.0,3,10,3890.0,0.0,1950,19900.0,98177,47.7291,-122.363,3160.0,22641.0,2014-11-06,1100000.0
8581200030,4.0,2.0,1220.0,9100.0,1.5,0.0,0.0,4,7,1220.0,0.0,1970,0.0,98023,47.2964,-122.376,1160.0,7700.0,2015-02-24,230000.0
2771601940,3.0,1.0,2280.0,4600.0,1.0,0.0,2.0,3,8,1250.0,1030.0,1936,0.0,98119,47.6378,-122.372,1910.0,4000.0,2015-05-04,850000.0
2214800270,4.0,2.5,2770.0,7000.0,1.0,0.0,0.0,4,7,1940.0,830.0,1979,0.0,98001,47.3396,-122.256,2140.0,7684.0,2014-09-25,355000.0
7312000240,4.0,2.5,2520.0,7253.0,2.0,,0.0,3,9,2520.0,0.0,1990,0.0,98059,47.5148,-122.159,2570.0,8359.0,2014-06-23,442000.0
8562890560,4.0,3.0,3060.0,5000.0,2.0,0.0,0.0,3,8,3060.0,0.0,2001,0.0,98042,47.3786,-122.126,3060.0,5668.0,2014-06-26,399000.0
4136930310,4.0,2.5,2390.0,7115.0,2.0,0.0,0.0,3,9,2390.0,0.0,1999,0.0,98092,47.2593,-122.222,2600.0,7916.0,2014-11-06,360000.0
1328330350,3.0,1.75,1320.0,7725.0,1.0,0.0,0.0,3,8,1320.0,0.0,1978,0.0,98058,47.4425,-122.133,2020.0,7210.0,2015-02-13,390000.0
5255690060,5.0,2.5,2900.0,8711.0,1.0,0.0,0.0,3,8,1650.0,1250.0,1977,0.0,98011,47.7752,-122.197,2340.0,8869.0,2015-03-18,413000.0
402000260,2.0,1.0,700.0,9500.0,1.0,0.0,0.0,3,6,700.0,0.0,1951,0.0,98118,47.5294,-122.276,1020.0,5617.0,2015-02-11,190000.0
7787110060,3.0,2.5,2210.0,9226.0,2.0,0.0,0.0,3,8,2210.0,0.0,1998,0.0,98045,47.4849,-121.782,2430.0,8902.0,2014-10-13,432900.0
8651580310,3.0,2.25,2180.0,7741.0,2.0,,0.0,3,9,2180.0,0.0,1986,0.0,98074,47.6482,-122.072,2300.0,8581.0,2014-05-28,621138.0
3705000060,3.0,2.25,2080.0,4252.0,1.5,0.0,0.0,3,7,1550.0,530.0,2003,0.0,98042,47.4203,-122.157,2080.0,2275.0,2014-06-04,270000.0
7525410060,4.0,2.25,2090.0,35040.0,1.0,0.0,0.0,3,8,1490.0,600.0,1980,0.0,98075,47.5739,-122.032,2910.0,21132.0,2015-01-09,610000.0
3295700060,3.0,2.0,1720.0,5525.0,1.0,0.0,2.0,5,7,960.0,760.0,1941,0.0,98108,47.559,-122.298,1760.0,5525.0,2014-06-02,500000.0
8121500060,4.0,2.25,2460.0,40635.0,1.0,0.0,0.0,5,8,2460.0,0.0,1968,0.0,98053,47.6627,-122.032,2250.0,40635.0,2014-08-07,715000.0
3728800320,3.0,1.5,1470.0,14821.0,1.0,0.0,0.0,4,7,1470.0,0.0,1958,0.0,98042,47.3658,-122.148,1760.0,15370.0,2014-05-29,264000.0
6003501535,3.0,1.75,1650.0,3200.0,1.5,0.0,0.0,3,8,1650.0,0.0,1901,0.0,98102,47.6209,-122.317,1500.0,2400.0,2014-08-28,550000.0
2621750340,3.0,2.0,1690.0,9087.0,1.0,0.0,0.0,3,8,1690.0,0.0,1997,0.0,98042,47.3724,-122.108,2090.0,8100.0,2014-10-15,337000.0
3445000274,3.0,1.0,970.0,8710.0,1.0,0.0,0.0,4,6,970.0,0.0,1962,0.0,98198,47.4167,-122.302,1280.0,11805.0,2015-05-13,170000.0
3288200030,4.0,2.5,2030.0,9095.0,1.0,0.0,0.0,4,7,1130.0,900.0,1972,0.0,98034,47.7321,-122.185,1940.0,8000.0,2014-08-29,405000.0
4188000640,4.0,2.5,2540.0,28563.0,1.0,0.0,0.0,3,10,2540.0,0.0,1984,0.0,98052,47.7185,-122.114,2790.0,20301.0,2014-09-11,775000.0
2558730070,3.0,2.25,1570.0,7475.0,1.0,0.0,0.0,4,7,1200.0,370.0,1983,0.0,98034,47.7223,-122.174,1700.0,7230.0,2014-08-25,425000.0
7923500060,5.0,2.75,2580.0,9242.0,2.0,0.0,2.0,4,8,1720.0,860.0,1967,0.0,98007,47.5943,-122.133,2240.0,9316.0,2014-09-22,713000.0
8016300030,5.0,2.5,2090.0,8712.0,1.0,0.0,0.0,3,8,1420.0,670.0,1966,0.0,98008,47.5968,-122.127,2490.0,8712.0,2014-11-03,555000.0
3629920830,4.0,2.5,3260.0,5608.0,2.0,,0.0,3,9,3260.0,0.0,2003,0.0,98029,47.5453,-121.995,3010.0,5608.0,2015-05-06,810000.0
4054510270,4.0,3.75,3830.0,41263.0,2.0,0.0,0.0,4,11,3830.0,0.0,1990,0.0,98077,47.7237,-122.042,5600.0,56568.0,2014-08-27,1250000.0
2864600105,3.0,3.5,2130.0,6150.0,2.0,,2.0,5,8,1530.0,600.0,1908,0.0,98199,47.6491,-122.405,2040.0,5381.0,2014-06-24,819000.0
8165500830,3.0,2.5,1690.0,1200.0,2.0,0.0,0.0,3,8,1410.0,280.0,2013,0.0,98106,47.5389,-122.367,1690.0,1760.0,2015-03-27,409900.0
4395600060,2.0,2.5,1780.0,2067.0,2.0,0.0,0.0,5,9,1780.0,0.0,1974,0.0,98004,47.6132,-122.21,2320.0,2067.0,2014-06-30,935000.0
4444800045,4.0,1.75,1620.0,7560.0,1.0,0.0,3.0,4,7,1380.0,240.0,1947,0.0,98117,47.6981,-122.4,2170.0,8650.0,2015-04-20,657500.0
1115300270,6.0,3.75,4210.0,6105.0,2.0,0.0,0.0,3,9,3280.0,930.0,2008,0.0,98059,47.5211,-122.157,3820.0,6368.0,2015-04-28,900000.0
5363200200,5.0,3.25,2980.0,7095.0,2.5,0.0,0.0,3,9,2980.0,0.0,1998,20070.0,98115,47.6919,-122.294,1670.0,7140.0,2015-04-02,932800.0
6067900640,3.0,2.0,1490.0,9000.0,1.0,0.0,0.0,4,8,1490.0,0.0,1977,0.0,98006,47.5455,-122.184,2190.0,9000.0,2015-04-20,391000.0
4279200060,4.0,2.5,2110.0,9825.0,2.0,0.0,0.0,3,8,2110.0,0.0,2000,0.0,98059,47.4979,-122.153,1650.0,9900.0,2014-12-30,420000.0
3425059222,6.0,3.5,6563.0,32670.0,2.0,0.0,0.0,3,10,5153.0,1410.0,2002,0.0,98005,47.6078,-122.157,2610.0,22651.0,2014-11-24,1300000.0
5253300397,3.0,1.5,1510.0,16800.0,1.0,0.0,0.0,5,8,1510.0,0.0,1956,0.0,98133,47.751,-122.338,1560.0,7276.0,2015-04-09,415000.0
1769600204,3.0,1.75,1830.0,9425.0,1.0,0.0,0.0,3,8,1590.0,240.0,1946,0.0,98146,47.5038,-122.379,1670.0,8430.0,2015-02-25,350000.0
1176001195,2.0,1.0,1230.0,1820.0,2.0,0.0,0.0,4,7,830.0,400.0,1948,0.0,98107,47.6684,-122.401,1660.0,3056.0,2014-06-21,375000.0
1239400570,3.0,1.75,2180.0,14135.0,1.0,0.0,2.0,5,8,1300.0,880.0,1947,0.0,98033,47.673,-122.187,3540.0,10318.0,2014-11-17,860000.0
6071600270,4.0,2.25,2220.0,8872.0,1.0,0.0,0.0,4,8,1110.0,1110.0,1961,0.0,98006,47.5491,-122.17,2220.0,9106.0,2014-06-03,495000.0
1311100520,4.0,2.25,1730.0,8400.0,1.0,0.0,0.0,3,7,1730.0,0.0,1962,0.0,98001,47.3386,-122.288,1550.0,7920.0,2015-04-14,250000.0
1402200070,4.0,2.25,1990.0,21312.0,1.0,,0.0,4,8,1990.0,0.0,1968,0.0,98058,47.439,-122.144,2400.0,19210.0,2014-10-13,365000.0
1419700270,3.0,2.75,1540.0,6760.0,1.0,0.0,0.0,5,7,1210.0,330.0,1980,0.0,98034,47.7163,-122.212,1540.0,7416.0,2014-05-07,503000.0
5126900310,2.0,1.0,1100.0,7200.0,1.0,,0.0,4,6,1100.0,0.0,1944,0.0,98058,47.4752,-122.172,1390.0,7200.0,2015-03-25,150000.0
8816400885,4.0,1.75,1640.0,1480.0,1.0,0.0,0.0,4,7,820.0,820.0,1912,0.0,98105,47.6684,-122.314,1420.0,2342.0,2014-10-08,450000.0
5412100550,4.0,3.0,2590.0,7213.0,2.0,0.0,0.0,3,8,2590.0,0.0,2001,0.0,98001,47.2609,-122.289,2550.0,6800.0,2014-12-08,355000.0
7203000465,3.0,2.0,1450.0,9333.0,2.0,0.0,0.0,4,7,1450.0,0.0,1972,0.0,98003,47.346,-122.315,1910.0,7701.0,2014-10-18,245000.0
1862900160,3.0,2.0,1180.0,7793.0,1.0,0.0,0.0,4,7,1180.0,0.0,1992,0.0,98031,47.4053,-122.181,1720.0,7793.0,2014-07-03,265900.0
984220240,4.0,2.5,1820.0,7575.0,1.0,0.0,0.0,3,7,1220.0,600.0,1975,0.0,98058,47.4339,-122.167,1840.0,7650.0,2014-11-25,299000.0
4458800060,4.0,2.25,2360.0,11523.0,2.0,0.0,0.0,4,10,2360.0,0.0,1968,0.0,98040,47.5318,-122.224,2850.0,11362.0,2015-04-09,957500.0
1138000160,3.0,1.0,1120.0,7250.0,1.0,0.0,0.0,4,7,1120.0,0.0,1972,0.0,98034,47.7143,-122.211,1340.0,7302.0,2014-09-08,343000.0
9406520550,3.0,2.25,1646.0,7364.0,2.0,0.0,0.0,3,7,1646.0,0.0,1994,0.0,98038,47.3646,-122.037,1975.0,9161.0,2014-10-27,307500.0
7852160070,5.0,3.75,4210.0,14599.0,2.0,0.0,3.0,3,10,4210.0,0.0,2004,0.0,98065,47.5364,-121.858,3950.0,13591.0,2015-01-05,937500.0
7214700160,3.0,3.0,2480.0,45302.0,1.0,0.0,0.0,4,8,1620.0,860.0,1976,0.0,98077,47.7591,-122.073,1260.0,14100.0,2014-05-09,610000.0
2483700160,3.0,1.5,1590.0,7080.0,1.0,,2.0,3,8,1310.0,280.0,1952,0.0,98136,47.5244,-122.386,2080.0,7200.0,2014-09-17,720000.0
1972201820,4.0,2.0,2130.0,2620.0,1.5,0.0,0.0,5,7,1650.0,,1919,0.0,98103,47.6515,-122.346,1330.0,2719.0,2014-10-16,610000.0
9477000060,3.0,1.75,1650.0,7965.0,1.0,0.0,0.0,4,7,1650.0,0.0,1967,0.0,98034,47.7335,-122.193,1560.0,7350.0,2015-03-31,434500.0
7932000041,2.0,2.5,3090.0,47044.0,1.0,,0.0,4,10,2250.0,840.0,1979,0.0,98058,47.4291,-122.177,1860.0,62829.0,2015-05-12,602500.0
1231000520,4.0,2.5,2180.0,4000.0,2.0,0.0,0.0,3,8,1700.0,480.0,2002,0.0,98118,47.5553,-122.269,2180.0,4000.0,2014-11-18,607010.0
7522500070,3.0,1.0,1800.0,5750.0,1.0,0.0,0.0,3,7,1040.0,760.0,1947,0.0,98117,47.686,-122.395,1320.0,5625.0,2015-02-04,610000.0
4215250310,4.0,2.5,3720.0,35000.0,2.0,0.0,0.0,3,10,3720.0,0.0,1983,0.0,98072,47.7582,-122.13,3720.0,35000.0,2014-09-19,828500.0
5560000070,3.0,1.0,1100.0,8560.0,1.0,0.0,0.0,3,6,1100.0,0.0,1961,0.0,98023,47.329,-122.338,1120.0,8470.0,2014-07-07,199990.0
1545804460,3.0,1.75,1530.0,9362.0,1.0,0.0,0.0,3,7,1530.0,0.0,1987,0.0,98038,47.3643,-122.049,1480.0,8125.0,2015-04-01,294000.0
9510970310,4.0,2.5,3010.0,6100.0,2.0,0.0,0.0,3,9,3010.0,0.0,2005,0.0,98052,47.6647,-122.08,2890.0,5176.0,2014-06-12,789500.0
98030160,3.0,3.5,3500.0,9473.0,2.0,0.0,0.0,3,10,3500.0,0.0,2008,0.0,98075,47.5807,-121.972,3510.0,7833.0,2015-02-12,797000.0
7853300070,5.0,3.0,3100.0,5250.0,2.0,0.0,0.0,3,7,3100.0,0.0,2006,0.0,98065,47.5369,-121.888,2460.0,5250.0,2014-08-18,539950.0
934300140,4.0,1.5,2000.0,6778.0,1.0,0.0,0.0,4,7,1170.0,830.0,1962,0.0,98198,47.3708,-122.311,1940.0,7531.0,2015-03-23,284950.0
1245001820,4.0,1.5,2290.0,10372.0,1.0,0.0,0.0,3,7,1510.0,780.0,1965,19870.0,98033,47.6888,-122.199,1900.0,8109.0,2015-04-29,776500.0
1974200060,4.0,2.5,2400.0,10070.0,1.0,0.0,0.0,3,7,1510.0,890.0,1967,0.0,98034,47.7104,-122.24,2030.0,9964.0,2015-04-24,525000.0
7300410060,3.0,2.5,1850.0,4957.0,2.0,0.0,0.0,3,8,1850.0,0.0,1999,0.0,98092,47.3311,-122.17,2400.0,6367.0,2015-04-25,303000.0
1939110310,3.0,3.25,3680.0,7650.0,2.0,,0.0,3,9,2340.0,1340.0,1988,0.0,98074,47.6272,-122.033,2280.0,8515.0,2015-03-10,722080.0
7888000390,3.0,1.0,1060.0,7473.0,1.0,0.0,0.0,3,7,1060.0,0.0,1959,0.0,98198,47.3699,-122.309,1320.0,7912.0,2014-06-27,140000.0
7888000390,3.0,1.0,1060.0,7473.0,1.0,0.0,0.0,3,7,1060.0,0.0,1959,0.0,98198,47.3699,-122.309,1320.0,7912.0,2015-04-01,235000.0
1529300435,3.0,1.0,1610.0,5500.0,1.5,0.0,0.0,3,7,1610.0,0.0,1903,0.0,98103,47.698,-122.351,1200.0,5701.0,2014-11-20,440000.0
2960900045,3.0,1.75,2330.0,6000.0,1.5,0.0,0.0,4,7,1630.0,700.0,1940,0.0,98126,47.5765,-122.378,1600.0,4000.0,2014-07-18,605000.0
3959400135,2.0,1.0,1210.0,4800.0,1.0,0.0,0.0,3,8,1060.0,150.0,1950,0.0,98108,47.5625,-122.316,1380.0,4800.0,2014-06-02,380000.0
7972600765,4.0,1.0,1530.0,8890.0,1.0,0.0,0.0,3,7,980.0,550.0,1925,0.0,98106,47.5308,-122.35,1100.0,5203.0,2014-06-25,352000.0
7214810550,4.0,2.25,2270.0,12000.0,1.0,0.0,0.0,4,7,1360.0,910.0,1979,0.0,98072,47.7559,-122.148,2500.0,10120.0,2015-04-13,420000.0
3271801090,4.0,2.0,2590.0,7220.0,2.0,0.0,2.0,4,10,2590.0,0.0,1930,0.0,98199,47.647,-122.41,2530.0,6380.0,2015-04-30,1180000.0
8964800370,3.0,1.5,1850.0,10572.0,1.0,0.0,0.0,4,8,1850.0,0.0,1953,0.0,98004,47.6194,-122.208,3030.0,12752.0,2014-10-22,1380000.0
8019200030,3.0,1.5,1500.0,14750.0,1.5,0.0,0.0,4,6,1500.0,0.0,1933,0.0,98168,47.495,-122.318,1270.0,15100.0,2014-09-26,300000.0
2954400400,4.0,3.25,4740.0,49091.0,2.0,,0.0,3,11,4740.0,0.0,1990,0.0,98053,47.6624,-122.071,4800.0,42387.0,2014-11-12,1150000.0
3013301525,2.0,1.5,1710.0,4189.0,1.0,0.0,1.0,5,7,1160.0,550.0,1951,0.0,98136,47.5286,-122.383,1530.0,5608.0,2014-10-13,453500.0
3303100075,3.0,2.0,1920.0,7598.0,1.0,0.0,0.0,4,8,1920.0,0.0,1972,0.0,98177,47.7735,-122.363,2220.0,7598.0,2014-10-14,443500.0
2004100075,2.0,1.0,1150.0,8138.0,1.0,0.0,0.0,3,7,1150.0,0.0,1954,0.0,98155,47.737,-122.325,1300.0,8139.0,2015-03-26,332000.0
4221270340,3.0,2.5,2320.0,4721.0,2.0,0.0,0.0,3,8,2320.0,0.0,2004,0.0,98075,47.591,-122.017,2250.0,4356.0,2015-03-27,655000.0
7177300575,4.0,1.0,1420.0,6000.0,1.5,,0.0,3,7,1420.0,0.0,1950,0.0,98115,47.6844,-122.302,1420.0,6180.0,2014-09-03,475000.0
1471630350,3.0,1.75,1550.0,12956.0,1.0,0.0,0.0,3,7,1210.0,340.0,1988,0.0,98045,47.4711,-121.752,1630.0,15360.0,2014-10-24,372500.0
1250203335,4.0,2.5,2920.0,7200.0,1.0,0.0,3.0,3,8,1470.0,1450.0,1921,20060.0,98144,47.5947,-122.288,3210.0,6825.0,2014-05-27,1050000.0
8815400105,3.0,1.75,1620.0,4200.0,1.0,,0.0,5,7,830.0,790.0,1945,0.0,98115,47.6743,-122.285,1580.0,5000.0,2014-06-03,500000.0
5315100737,6.0,2.75,2300.0,24773.0,1.5,0.0,0.0,4,9,2300.0,0.0,1950,19850.0,98040,47.5833,-122.242,2720.0,11740.0,2014-05-28,900000.0
3333002440,3.0,1.0,1070.0,7140.0,1.0,0.0,0.0,3,7,1070.0,0.0,1989,0.0,98118,47.5427,-122.288,1390.0,2374.0,2014-06-04,327500.0
2130702205,3.0,1.75,1790.0,7123.0,1.0,0.0,0.0,3,7,1790.0,0.0,1913,0.0,98019,47.7429,-121.981,1660.0,8128.0,2015-04-06,390000.0
2159900060,2.0,1.5,1510.0,1962.0,2.0,,0.0,4,8,1510.0,0.0,1985,0.0,98007,47.6214,-122.153,1510.0,2182.0,2015-01-13,451101.0
194000575,4.0,1.0,1340.0,5800.0,1.5,0.0,2.0,3,7,1340.0,0.0,1914,0.0,98116,47.5658,-122.389,1900.0,5800.0,2014-10-14,455000.0
1531000140,4.0,2.5,3350.0,46748.0,2.0,0.0,0.0,3,10,3350.0,0.0,2004,0.0,98010,47.3432,-122.025,3350.0,39683.0,2014-07-01,650000.0
2125049139,3.0,2.5,2500.0,7746.0,2.0,0.0,0.0,4,10,1910.0,590.0,1993,0.0,98112,47.6393,-122.311,2480.0,5099.0,2014-08-06,895000.0
3623500135,4.0,2.25,2350.0,10664.0,1.0,0.0,1.0,2,7,1510.0,,1952,0.0,98040,47.5743,-122.238,2350.0,10140.0,2015-03-26,800000.0
7805460310,4.0,2.25,2550.0,12918.0,2.0,0.0,0.0,3,9,2550.0,0.0,1987,0.0,98006,47.5623,-122.109,2550.0,11036.0,2014-11-13,703770.0
3021059244,3.0,1.75,1320.0,10454.0,1.0,0.0,0.0,4,7,1320.0,0.0,1968,0.0,98002,47.2844,-122.216,1680.0,10183.0,2014-08-14,249950.0
925049360,2.0,2.0,1270.0,3881.0,1.0,0.0,0.0,4,6,610.0,660.0,1926,0.0,98105,47.6694,-122.298,1370.0,5000.0,2015-04-28,512000.0
3286800260,5.0,2.5,3480.0,74052.0,1.0,0.0,0.0,4,8,1980.0,1500.0,1972,0.0,98027,47.4961,-122.063,2610.0,65775.0,2015-05-06,780000.0
4137010240,3.0,2.25,2820.0,11625.0,2.0,0.0,0.0,3,8,2820.0,0.0,1986,0.0,98092,47.2621,-122.218,2290.0,8488.0,2014-07-16,336000.0
9368700341,3.0,2.0,2110.0,6900.0,1.5,0.0,0.0,5,6,1220.0,890.0,1955,0.0,98178,47.504,-122.26,1350.0,7683.0,2014-08-22,285000.0
3832310350,3.0,1.75,1100.0,7224.0,1.0,0.0,0.0,3,7,1100.0,0.0,1981,0.0,98032,47.3717,-122.277,1700.0,8447.0,2014-10-21,229900.0
324000350,4.0,3.0,1920.0,4000.0,1.5,0.0,0.0,4,8,1540.0,380.0,1931,0.0,98116,47.5718,-122.385,1660.0,4000.0,2015-04-15,667500.0
9407101840,4.0,2.5,1890.0,12236.0,1.0,,0.0,3,7,1230.0,660.0,1978,0.0,98045,47.4491,-121.78,1390.0,11360.0,2014-06-20,378000.0
1422300140,3.0,2.5,2530.0,43733.0,2.0,0.0,0.0,3,8,1530.0,1000.0,1991,0.0,98045,47.46,-121.708,1730.0,43548.0,2014-09-05,454000.0
6127011000,4.0,2.5,2550.0,4630.0,2.0,0.0,0.0,3,7,2550.0,0.0,2005,0.0,98075,47.5928,-122.004,2550.0,5151.0,2014-05-08,537500.0
2624049117,3.0,1.0,1550.0,4160.0,1.5,,0.0,4,6,1550.0,0.0,1926,0.0,98118,47.5387,-122.265,1590.0,5000.0,2014-09-03,425000.0
3295750550,3.0,2.0,1760.0,6600.0,1.0,0.0,0.0,3,7,1760.0,0.0,1998,0.0,98030,47.3836,-122.184,2590.0,6600.0,2014-11-24,290000.0
7960100260,3.0,2.0,1270.0,3600.0,1.0,0.0,0.0,3,7,1270.0,0.0,1963,0.0,98122,47.6099,-122.297,1660.0,3600.0,2014-07-01,349500.0
7625700012,3.0,2.75,1250.0,1655.0,2.0,0.0,0.0,3,7,830.0,420.0,2006,0.0,98136,47.5554,-122.382,1520.0,3001.0,2014-12-02,370000.0
5418200295,3.0,1.75,1620.0,8438.0,1.0,0.0,0.0,4,8,1620.0,0.0,1961,0.0,98125,47.703,-122.281,2040.0,9450.0,2015-03-09,549500.0
7454000295,2.0,1.0,710.0,6322.0,1.0,0.0,0.0,3,6,710.0,0.0,1942,0.0,98126,47.5165,-122.376,740.0,6720.0,2015-01-30,245000.0
8100000060,3.0,1.75,1070.0,7200.0,1.0,0.0,0.0,3,7,1070.0,0.0,1994,0.0,98010,47.3134,-122.023,1480.0,7200.0,2014-07-29,208000.0
1310500550,4.0,2.25,2320.0,8760.0,1.0,0.0,0.0,4,8,1160.0,1160.0,1966,0.0,98032,47.3627,-122.285,1970.0,8690.0,2014-12-20,248000.0
9485950310,4.0,3.25,5450.0,37058.0,1.5,0.0,0.0,5,9,5450.0,0.0,1984,0.0,98042,47.351,-122.087,2800.0,35716.0,2014-10-03,610000.0
4213910030,4.0,2.5,1670.0,5116.0,2.0,0.0,0.0,3,8,1670.0,0.0,1999,0.0,98155,47.7667,-122.33,1910.0,7210.0,2015-04-01,550000.0
1223089083,3.0,2.75,3010.0,206910.0,2.0,0.0,2.0,3,10,3010.0,0.0,2001,0.0,98045,47.4881,-121.721,1580.0,120675.0,2014-10-28,750000.0
2143700861,2.0,1.75,1340.0,7380.0,1.0,0.0,0.0,3,6,1340.0,0.0,1940,0.0,98055,47.4785,-122.229,1980.0,9600.0,2014-10-30,192000.0
5016003230,2.0,1.0,790.0,4000.0,1.0,0.0,2.0,3,7,790.0,0.0,1908,0.0,98112,47.6248,-122.301,1700.0,4200.0,2015-02-18,169317.0
1338801019,4.0,3.5,3400.0,3850.0,2.5,0.0,0.0,3,10,2790.0,610.0,2008,0.0,98112,47.6258,-122.302,2030.0,4000.0,2014-07-01,1200000.0
3592500565,2.0,1.0,1530.0,6350.0,1.5,0.0,0.0,4,7,1530.0,0.0,1923,0.0,98112,47.6325,-122.303,2640.0,6350.0,2014-10-29,880000.0
6414600070,1.0,1.0,930.0,7129.0,1.0,,0.0,3,6,930.0,0.0,1948,0.0,98133,47.7234,-122.333,1300.0,8075.0,2014-06-17,210000.0
8645500160,3.0,1.5,1540.0,9800.0,1.0,0.0,0.0,3,7,1010.0,530.0,1973,0.0,98058,47.4676,-122.184,1600.0,8250.0,2015-01-07,180500.0
8651520240,4.0,2.0,1990.0,29078.0,2.0,0.0,0.0,3,9,1990.0,0.0,1984,0.0,98074,47.6471,-122.057,2310.0,28353.0,2014-07-28,540000.0
9408300310,3.0,1.75,2300.0,35722.0,1.0,0.0,0.0,3,9,2300.0,0.0,1984,0.0,98072,47.7455,-122.112,2600.0,34798.0,2014-06-24,520000.0
4202400135,3.0,1.5,1220.0,6000.0,1.0,0.0,0.0,3,7,1220.0,0.0,1968,0.0,98055,47.4904,-122.222,1660.0,6000.0,2014-06-26,177500.0
7129300935,3.0,1.75,2380.0,5650.0,1.0,0.0,2.0,4,8,1190.0,1190.0,1956,0.0,98118,47.5119,-122.255,2350.0,6554.0,2014-11-05,415000.0
8143000310,4.0,2.5,2020.0,7200.0,1.0,0.0,0.0,5,7,1010.0,1010.0,1968,0.0,98034,47.7289,-122.201,1620.0,7275.0,2014-09-09,495000.0
6082400152,3.0,2.25,1890.0,9646.0,1.0,0.0,0.0,3,8,1890.0,0.0,1966,0.0,98168,47.4838,-122.299,1580.0,9488.0,2015-03-04,325000.0
6838000520,2.0,1.75,1330.0,4903.0,1.0,0.0,0.0,3,7,1330.0,0.0,1985,0.0,98052,47.6819,-122.161,1470.0,2735.0,2015-02-20,440000.0
4023500118,3.0,1.75,1490.0,9844.0,1.0,0.0,0.0,4,7,1190.0,300.0,1959,0.0,98155,47.7626,-122.297,1840.0,10150.0,2014-07-23,411000.0
8952900204,5.0,3.5,3550.0,9600.0,2.0,0.0,0.0,3,9,2550.0,1000.0,1998,0.0,98118,47.5484,-122.269,2030.0,9600.0,2014-10-29,810000.0
7922800320,5.0,1.75,2040.0,8996.0,1.0,0.0,2.0,4,7,1020.0,1020.0,1962,0.0,98008,47.588,-122.118,1950.0,8270.0,2014-10-16,561750.0
9542000030,4.0,2.5,2380.0,12573.0,1.0,0.0,0.0,4,9,2380.0,0.0,1963,0.0,98005,47.5984,-122.176,2900.0,10700.0,2014-07-22,835100.0
3787000140,3.0,2.25,1780.0,9969.0,1.0,,0.0,3,8,1450.0,330.0,1985,0.0,98034,47.7286,-122.168,1950.0,7974.0,2014-09-01,450000.0
646910030,3.0,2.5,1650.0,2807.0,2.0,0.0,0.0,3,7,1650.0,0.0,2004,0.0,98055,47.4328,-122.196,1460.0,1875.0,2014-11-04,238000.0
5515600075,3.0,1.0,1510.0,142803.0,1.0,0.0,0.0,3,7,1510.0,0.0,1974,0.0,98001,47.3192,-122.287,1330.0,46609.0,2014-12-05,299000.0
1377300135,2.0,1.0,1100.0,6240.0,1.0,0.0,0.0,4,7,1100.0,0.0,1941,0.0,98199,47.6446,-122.403,1250.0,6240.0,2014-10-17,570000.0
5469501940,3.0,1.75,2190.0,12626.0,2.0,0.0,0.0,4,8,2190.0,0.0,1978,0.0,98042,47.3845,-122.154,3110.0,14592.0,2014-06-04,340000.0
9276200890,2.0,1.75,1760.0,2275.0,1.5,,0.0,3,6,1040.0,720.0,1912,0.0,98116,47.5803,-122.393,1380.0,3750.0,2015-04-29,450000.0
6385910260,4.0,1.5,1800.0,8786.0,1.0,0.0,0.0,3,7,1330.0,470.0,1966,0.0,98146,47.4982,-122.345,1780.0,8664.0,2014-09-10,272750.0
5101402482,4.0,2.0,2000.0,6380.0,2.0,0.0,0.0,4,6,1860.0,140.0,1949,0.0,98115,47.6956,-122.303,1600.0,6380.0,2014-07-24,520000.0
9353300140,3.0,1.0,990.0,10723.0,1.0,0.0,0.0,5,7,990.0,0.0,1960,0.0,98059,47.4887,-122.133,1460.0,10723.0,2014-06-18,284950.0
5379801600,2.0,1.5,1480.0,9660.0,1.0,0.0,0.0,3,7,1480.0,0.0,1949,0.0,98188,47.4577,-122.289,1990.0,9660.0,2015-04-24,255000.0
6082400260,2.0,1.0,1200.0,9488.0,1.0,0.0,0.0,5,7,1200.0,0.0,1941,0.0,98168,47.4832,-122.299,1200.0,9488.0,2014-11-12,231500.0
2025079033,1.0,2.0,3000.0,204732.0,2.5,0.0,2.0,3,8,3000.0,0.0,1979,0.0,98014,47.6331,-121.945,2330.0,213008.0,2014-12-10,415000.0
6181430800,4.0,2.5,3504.0,6000.0,2.0,0.0,0.0,3,7,3504.0,0.0,2006,0.0,98001,47.3012,-122.285,2790.0,5231.0,2015-01-05,330000.0
3649100473,3.0,1.5,1300.0,12240.0,1.0,0.0,0.0,3,7,1300.0,0.0,1963,0.0,98028,47.737,-122.243,2040.0,9326.0,2014-05-28,365000.0
2011400791,4.0,2.0,1330.0,9188.0,1.5,0.0,0.0,3,7,1330.0,0.0,1928,20040.0,98198,47.401,-122.319,1770.0,10419.0,2014-10-07,425000.0
7549802030,4.0,1.75,1850.0,6480.0,1.0,0.0,0.0,4,7,1120.0,730.0,1958,0.0,98108,47.5525,-122.313,1610.0,5040.0,2014-11-04,400000.0
1898200030,4.0,2.5,2240.0,9701.0,2.0,0.0,0.0,3,9,2240.0,0.0,1989,0.0,98023,47.3086,-122.392,2240.0,9410.0,2014-09-22,335000.0
567000672,3.0,3.0,1260.0,1251.0,2.0,0.0,0.0,3,7,1040.0,220.0,2003,0.0,98144,47.5943,-122.296,1780.0,7715.0,2014-09-30,342000.0
9126101740,8.0,5.0,2800.0,2580.0,2.0,0.0,0.0,3,8,1880.0,920.0,1997,0.0,98122,47.6086,-122.303,1800.0,2580.0,2014-12-04,490000.0
5127001600,4.0,1.75,1820.0,14319.0,1.0,0.0,0.0,4,7,1820.0,0.0,1969,0.0,98059,47.4757,-122.148,1440.0,10018.0,2014-11-06,331500.0
1925069121,3.0,2.5,1730.0,4102.0,3.0,1.0,4.0,3,8,1730.0,0.0,1996,0.0,98074,47.645,-122.084,2340.0,16994.0,2015-03-30,960000.0
7511210310,4.0,2.5,3350.0,35298.0,2.0,0.0,0.0,4,9,3350.0,0.0,1985,0.0,98053,47.6506,-122.036,2620.0,35604.0,2014-07-09,720500.0
65000260,3.0,2.5,3370.0,6550.0,2.0,0.0,2.0,4,8,2840.0,,1912,20010.0,98126,47.5442,-122.38,1500.0,6550.0,2014-08-20,830000.0
6372000060,3.0,1.75,1240.0,3600.0,1.5,0.0,0.0,5,7,1240.0,0.0,1926,0.0,98116,47.5797,-122.405,1660.0,3600.0,2014-05-23,662990.0
2005300140,4.0,2.0,2340.0,10507.0,1.5,,0.0,4,6,2340.0,0.0,1959,0.0,98030,47.3578,-122.178,990.0,10507.0,2015-03-30,220000.0
5649600435,5.0,2.0,1880.0,4179.0,1.0,0.0,0.0,3,7,940.0,940.0,1952,20000.0,98118,47.5536,-122.283,1350.0,5150.0,2015-01-08,349950.0
2249500059,3.0,2.0,1810.0,2159.0,1.0,0.0,0.0,3,7,1010.0,800.0,1922,0.0,98109,47.6273,-122.345,1810.0,2159.0,2015-01-07,550000.0
1773100510,3.0,1.75,2340.0,5668.0,1.0,0.0,0.0,4,6,1200.0,1140.0,1941,0.0,98106,47.5588,-122.364,860.0,4800.0,2014-09-15,396000.0
9521100960,4.0,1.5,2820.0,4000.0,2.0,0.0,0.0,3,7,2820.0,0.0,1911,0.0,98103,47.6638,-122.348,1470.0,1627.0,2015-01-16,635000.0
1785500132,3.0,1.0,1020.0,7650.0,1.0,0.0,0.0,3,7,1020.0,,1940,0.0,98133,47.7198,-122.352,1440.0,7650.0,2014-11-18,293000.0
8645530060,3.0,2.25,2090.0,10120.0,1.0,,0.0,4,7,1290.0,800.0,1979,0.0,98058,47.4654,-122.174,1820.0,7983.0,2014-07-11,339000.0
7697920060,4.0,2.25,1830.0,8734.0,2.0,0.0,0.0,4,7,1830.0,0.0,1991,0.0,98030,47.3679,-122.179,1870.0,7212.0,2014-06-30,285000.0
9550202010,6.0,2.75,2980.0,5000.0,1.5,0.0,0.0,3,7,2480.0,500.0,1916,0.0,98103,47.6684,-122.331,1470.0,5000.0,2014-07-10,775000.0
1821059264,4.0,1.5,1600.0,9289.0,1.0,0.0,0.0,4,7,1600.0,0.0,1959,0.0,98002,47.3107,-122.212,1540.0,9918.0,2014-06-26,224000.0
5700003985,4.0,3.5,4440.0,8125.0,2.0,0.0,3.0,5,10,3140.0,1300.0,1922,0.0,98144,47.5744,-122.283,3990.0,8505.0,2014-10-29,2250000.0
2320069248,3.0,1.0,1200.0,8514.0,1.0,0.0,0.0,3,7,1200.0,0.0,1959,0.0,98022,47.2043,-122.008,1210.0,8985.0,2014-07-01,165050.0
2658000335,3.0,1.25,1230.0,4500.0,1.5,0.0,0.0,4,7,1230.0,0.0,1913,0.0,98118,47.5301,-122.271,1310.0,5000.0,2014-10-27,275000.0
1702901557,5.0,3.0,2930.0,5500.0,1.0,0.0,0.0,3,7,1750.0,1180.0,1951,0.0,98118,47.5572,-122.281,1400.0,5500.0,2014-09-11,445000.0
1774220350,3.0,2.25,2370.0,38639.0,1.0,0.0,0.0,3,8,1930.0,440.0,1978,0.0,98077,47.771,-122.099,2900.0,37452.0,2015-04-01,510000.0
7355700171,4.0,2.5,3040.0,7000.0,2.0,0.0,0.0,3,9,3040.0,0.0,2001,0.0,98040,47.5934,-122.244,2320.0,17511.0,2014-06-10,1230000.0
3971701922,3.0,1.5,1610.0,13500.0,1.0,0.0,0.0,3,7,1060.0,550.0,1970,0.0,98155,47.7674,-122.31,1540.0,11479.0,2014-10-29,390000.0
3583300135,3.0,2.25,2350.0,10450.0,1.0,0.0,0.0,3,8,1390.0,960.0,1977,0.0,98028,47.7433,-122.259,2250.0,10450.0,2014-05-13,460000.0
9542000075,3.0,1.75,2000.0,14733.0,1.0,0.0,0.0,4,8,2000.0,0.0,1958,0.0,98005,47.6001,-122.178,2620.0,14733.0,2015-03-27,700000.0
4055700955,4.0,3.5,3530.0,14406.0,2.0,0.0,1.0,3,10,2570.0,960.0,1987,0.0,98034,47.7073,-122.244,3170.0,15181.0,2014-06-22,874150.0
4022902505,3.0,2.25,2220.0,9800.0,2.0,0.0,0.0,3,8,2220.0,0.0,1987,0.0,98155,47.7635,-122.286,2420.0,10232.0,2014-07-31,470000.0
8680100030,3.0,1.75,2000.0,9416.0,1.0,,0.0,4,6,2000.0,0.0,1961,0.0,98033,47.697,-122.175,1440.0,9555.0,2014-05-21,374000.0
2923039017,2.0,1.75,1210.0,131115.0,1.5,0.0,0.0,5,7,1210.0,0.0,1950,0.0,98070,47.4599,-122.45,2020.0,185565.0,2014-07-17,510000.0
2767604247,2.0,2.5,1140.0,1181.0,3.0,0.0,0.0,3,8,1140.0,0.0,2007,0.0,98107,47.6713,-122.383,1220.0,1189.0,2014-07-11,467000.0
5631500505,4.0,2.5,2440.0,28405.0,2.0,0.0,0.0,3,8,2440.0,0.0,2002,0.0,98028,47.7386,-122.238,2480.0,11429.0,2014-06-16,576000.0
3356406510,3.0,2.0,1560.0,7352.0,1.0,0.0,0.0,3,6,1560.0,0.0,1992,0.0,98001,47.2804,-122.251,1120.0,7950.0,2014-05-30,196440.0
7701990700,4.0,2.5,3210.0,18901.0,2.0,0.0,0.0,3,10,3210.0,0.0,1993,0.0,98077,47.709,-122.073,3330.0,18901.0,2014-12-31,825000.0
8835200800,2.0,1.0,930.0,2600.0,1.0,0.0,0.0,3,7,930.0,0.0,1981,0.0,98034,47.7242,-122.161,1370.0,3488.0,2015-04-08,281000.0
8902500118,3.0,2.5,1782.0,1577.0,3.0,0.0,0.0,3,7,1782.0,0.0,2000,0.0,98125,47.7114,-122.301,1550.0,1744.0,2014-08-12,326000.0
2822079012,3.0,1.75,1740.0,46580.0,1.0,0.0,0.0,4,7,1740.0,0.0,1980,0.0,98010,47.3583,-121.927,1576.0,54685.0,2015-04-10,340000.0
9485950060,5.0,1.75,3690.0,36036.0,1.0,,0.0,3,9,1890.0,1800.0,1985,0.0,98042,47.3473,-122.085,2680.0,44131.0,2014-12-08,440000.0
424069264,4.0,2.5,2930.0,18199.0,2.0,0.0,0.0,3,9,2930.0,0.0,1998,0.0,98075,47.5937,-122.047,2930.0,33976.0,2014-05-22,749000.0
3581000340,4.0,1.0,1230.0,8316.0,1.5,0.0,0.0,3,7,1230.0,0.0,1963,0.0,98034,47.7269,-122.24,1490.0,8316.0,2015-02-27,340000.0
7625704005,3.0,2.0,2000.0,7000.0,2.0,,0.0,3,7,2000.0,0.0,1916,19860.0,98136,47.5452,-122.393,1840.0,7000.0,2014-05-06,561000.0
1545803240,3.0,2.25,1520.0,7930.0,1.0,0.0,0.0,3,7,1160.0,360.0,1988,0.0,98038,47.3605,-122.049,1530.0,7930.0,2014-10-31,270000.0
8080400045,2.0,1.0,1040.0,3600.0,1.0,0.0,0.0,4,7,1040.0,0.0,1919,19800.0,98112,47.619,-122.311,2250.0,4800.0,2014-06-20,600000.0
8651402920,4.0,1.5,1120.0,5427.0,1.0,0.0,0.0,3,6,1120.0,0.0,1969,0.0,98042,47.3628,-122.087,1150.0,5304.0,2014-05-05,219900.0
3121069036,3.0,1.75,3020.0,360241.0,2.0,0.0,0.0,3,8,3020.0,0.0,1992,0.0,98092,47.2662,-122.088,1890.0,209959.0,2014-12-08,617000.0
2540800390,3.0,2.25,1820.0,8446.0,2.0,0.0,0.0,3,8,1820.0,0.0,1978,0.0,98034,47.7208,-122.236,1850.0,8437.0,2014-09-04,469000.0
7978800621,3.0,1.0,1370.0,56628.0,1.0,0.0,0.0,3,7,1370.0,0.0,1942,0.0,98003,47.3058,-122.306,1768.0,8702.0,2014-08-11,229000.0
1336300445,4.0,3.0,3130.0,2646.0,2.5,0.0,0.0,5,9,2290.0,840.0,1906,0.0,98102,47.6272,-122.316,2920.0,4500.0,2015-04-22,1270000.0
6159400060,3.0,1.5,1640.0,8301.0,1.0,0.0,0.0,3,7,1290.0,350.0,1958,0.0,98155,47.7443,-122.327,1640.0,8955.0,2014-08-05,365000.0
9510930350,4.0,2.5,2650.0,9301.0,2.0,0.0,0.0,3,9,2650.0,0.0,2001,0.0,98001,47.3477,-122.271,2730.0,8688.0,2014-12-12,429000.0
5535600520,4.0,2.5,2850.0,6809.0,2.0,0.0,0.0,3,9,2850.0,0.0,2003,0.0,98019,47.7353,-121.973,2820.0,7500.0,2014-12-08,550000.0
7634800070,3.0,2.5,1820.0,16300.0,1.0,0.0,0.0,4,7,1220.0,600.0,1955,0.0,98166,47.4582,-122.365,1870.0,16300.0,2015-01-16,453000.0
8581200350,3.0,1.5,1180.0,7000.0,1.0,0.0,0.0,4,7,1180.0,0.0,1977,0.0,98023,47.2966,-122.374,1180.0,7370.0,2014-06-17,187500.0
6190701146,6.0,2.5,1880.0,14350.0,1.0,0.0,0.0,5,7,1640.0,240.0,1955,0.0,98133,47.7556,-122.352,1510.0,9840.0,2015-04-15,520500.0
522059299,3.0,1.75,1280.0,12776.0,1.0,,0.0,4,7,1280.0,0.0,1977,0.0,98031,47.4212,-122.199,1680.0,11704.0,2015-02-04,300000.0
1513800036,4.0,3.25,3120.0,5000.0,2.0,0.0,0.0,3,9,2370.0,750.0,2005,0.0,98115,47.69,-122.299,2520.0,6000.0,2014-05-16,799000.0
6699930550,3.0,2.5,2470.0,4948.0,2.0,0.0,0.0,3,8,2470.0,0.0,2003,0.0,98038,47.3438,-122.039,2500.0,4993.0,2015-02-03,338000.0
9839300875,3.0,1.0,1700.0,4400.0,1.5,0.0,0.0,4,8,1700.0,0.0,1906,0.0,98122,47.612,-122.292,1610.0,4180.0,2014-05-14,800000.0
2493200435,2.0,2.0,1180.0,3200.0,1.0,0.0,1.0,4,6,590.0,590.0,1945,0.0,98136,47.5275,-122.383,1350.0,4000.0,2014-08-25,360000.0
226039282,6.0,2.5,2800.0,10490.0,1.0,0.0,0.0,3,7,1400.0,1400.0,1968,0.0,98177,47.7735,-122.378,2290.0,8716.0,2014-07-28,442500.0
1020069017,4.0,1.0,1300.0,1651359.0,1.0,0.0,3.0,4,6,1300.0,0.0,1920,0.0,98022,47.2313,-122.023,2560.0,425581.0,2015-03-27,700000.0
5450900140,5.0,3.0,3040.0,9601.0,1.0,0.0,0.0,5,9,1970.0,1070.0,1968,0.0,98040,47.5562,-122.22,3180.0,12390.0,2014-05-08,830000.0
8093800200,3.0,2.5,1630.0,11592.0,2.0,,0.0,3,8,1630.0,0.0,1987,0.0,98011,47.7574,-122.228,1700.0,8850.0,2014-11-18,360400.0
3205000310,3.0,1.0,1340.0,9339.0,1.0,0.0,0.0,5,7,1340.0,0.0,1960,0.0,98056,47.5407,-122.177,1310.0,9350.0,2014-11-21,345000.0
7230000350,3.0,1.75,1830.0,51836.0,1.0,,0.0,4,7,1430.0,400.0,1966,0.0,98059,47.4774,-122.098,1320.0,51400.0,2014-09-09,300000.0
1066600045,3.0,1.0,1240.0,10800.0,1.0,0.0,0.0,5,7,1240.0,0.0,1959,0.0,98056,47.5233,-122.185,1810.0,10800.0,2014-09-04,350000.0
2822069078,4.0,2.0,2500.0,36900.0,1.0,0.0,0.0,3,7,1540.0,960.0,1972,0.0,98038,47.3708,-122.049,1960.0,36900.0,2014-10-08,368000.0
8731900340,3.0,1.75,1760.0,7482.0,1.0,0.0,0.0,4,8,1760.0,0.0,1966,0.0,98023,47.3129,-122.369,2000.0,7500.0,2014-06-23,264000.0
5088500310,3.0,2.0,2660.0,16677.0,1.0,0.0,0.0,3,9,2210.0,450.0,1990,0.0,98038,47.3689,-122.055,2660.0,11355.0,2015-03-12,435000.0
1823059205,3.0,1.5,2060.0,15837.0,1.5,0.0,0.0,3,6,2060.0,0.0,1903,0.0,98055,47.4819,-122.223,2190.0,8549.0,2014-06-04,200000.0
225039082,5.0,2.5,2540.0,3832.0,2.0,0.0,0.0,5,8,1760.0,780.0,1929,0.0,98117,47.6848,-122.398,2000.0,5289.0,2014-05-14,620000.0
5021900140,5.0,4.25,4830.0,11466.0,2.0,0.0,0.0,3,10,3720.0,1110.0,2014,0.0,98040,47.5774,-122.222,2180.0,11017.0,2014-11-20,1680000.0
7883603750,3.0,1.75,1400.0,6000.0,1.0,0.0,0.0,4,7,700.0,700.0,1919,0.0,98108,47.5283,-122.321,1030.0,6000.0,2014-12-09,337000.0
8081500060,4.0,3.25,4280.0,20296.0,2.0,,0.0,4,11,4280.0,0.0,1984,0.0,98004,47.6377,-122.212,3420.0,16351.0,2014-10-01,1930000.0
8099900260,4.0,2.5,2230.0,10414.0,1.0,0.0,0.0,5,7,1450.0,780.0,1974,0.0,98075,47.5816,-122.0,1960.0,10240.0,2014-05-28,544500.0
913000340,1.0,1.0,680.0,1638.0,1.0,,4.0,1,6,680.0,0.0,1910,19920.0,98116,47.5832,-122.399,1010.0,3621.0,2015-01-02,252000.0
2115200160,4.0,2.5,2340.0,3784.0,2.0,0.0,0.0,3,8,2340.0,0.0,2008,0.0,98106,47.535,-122.348,1730.0,4000.0,2014-06-05,445000.0
5095600310,3.0,2.25,2070.0,14196.0,2.0,0.0,0.0,3,7,2070.0,0.0,1989,0.0,98059,47.4617,-122.07,1550.0,13860.0,2014-07-25,379500.0
5402100045,4.0,2.0,1910.0,4225.0,1.0,0.0,0.0,4,6,910.0,1000.0,1919,0.0,98001,47.3084,-122.234,1060.0,4800.0,2015-03-11,189950.0
2258500049,3.0,1.0,950.0,4250.0,1.5,0.0,0.0,5,6,950.0,0.0,1948,0.0,98122,47.609,-122.307,2130.0,5120.0,2014-06-02,469000.0
626100023,5.0,2.75,2910.0,53898.0,1.0,0.0,0.0,5,7,1510.0,1400.0,1979,0.0,98077,47.7201,-122.062,3210.0,216928.0,2014-06-11,600000.0
4309720160,3.0,2.5,2930.0,33981.0,2.0,0.0,2.0,3,9,2930.0,0.0,2000,0.0,98059,47.5151,-122.12,3720.0,35230.0,2014-11-07,785000.0
1843100070,4.0,2.75,2610.0,8967.0,2.0,0.0,0.0,4,8,2610.0,0.0,1990,0.0,98042,47.3747,-122.124,2390.0,7852.0,2015-02-10,372000.0
4307350520,5.0,3.0,3880.0,7180.0,2.0,0.0,0.0,3,7,3880.0,0.0,2004,0.0,98056,47.4797,-122.179,2160.0,4793.0,2015-02-25,445000.0
5561401260,4.0,2.25,3320.0,53392.0,2.0,0.0,0.0,4,8,2000.0,1320.0,1986,0.0,98027,47.4724,-122.014,3230.0,43129.0,2014-10-14,508000.0
2883200966,5.0,1.5,1940.0,4800.0,2.0,,0.0,3,8,1940.0,0.0,1905,0.0,98103,47.6845,-122.332,1750.0,4800.0,2015-03-18,780000.0
7214800240,4.0,2.25,2510.0,9800.0,2.0,0.0,0.0,3,9,2510.0,0.0,1978,0.0,98072,47.753,-122.145,2440.0,11000.0,2015-03-16,541100.0
3629920860,4.0,2.5,2660.0,5608.0,2.0,0.0,0.0,3,9,2660.0,0.0,2003,0.0,98029,47.5449,-121.995,3010.0,5608.0,2015-01-05,729000.0
1320069179,3.0,2.0,1710.0,134489.0,1.0,,2.0,5,7,1710.0,0.0,1952,0.0,98022,47.2207,-121.984,1700.0,63823.0,2014-11-04,397000.0
9424400200,2.0,1.0,1320.0,4520.0,1.0,0.0,1.0,3,6,1320.0,0.0,1912,19710.0,98116,47.5655,-122.394,1420.0,4560.0,2014-05-15,451555.0
3500100189,2.0,1.0,960.0,8153.0,1.0,0.0,0.0,3,6,960.0,0.0,1947,0.0,98155,47.7341,-122.3,1160.0,8199.0,2014-06-30,300000.0
2787720140,3.0,2.5,1790.0,11542.0,1.0,0.0,0.0,5,7,1190.0,600.0,1969,0.0,98059,47.5124,-122.16,1790.0,9131.0,2015-04-07,416000.0
3856904740,2.0,1.0,950.0,3060.0,1.0,0.0,0.0,3,6,810.0,140.0,1925,0.0,98105,47.6698,-122.323,1510.0,3780.0,2014-10-21,490000.0
254000445,6.0,3.75,2940.0,5054.0,2.0,0.0,0.0,3,7,2940.0,0.0,1942,20030.0,98146,47.5122,-122.385,1530.0,5320.0,2015-01-29,480000.0
6821101837,2.0,2.0,930.0,1662.0,1.0,0.0,0.0,3,7,670.0,260.0,2002,0.0,98199,47.6518,-122.4,1780.0,2343.0,2015-02-03,368000.0
5608000700,3.0,2.5,4570.0,10615.0,2.0,,0.0,3,12,4570.0,0.0,1991,0.0,98027,47.5533,-122.097,3860.0,11576.0,2014-09-18,1040000.0
7784400060,3.0,2.5,2370.0,9000.0,1.0,0.0,3.0,4,8,1570.0,800.0,1952,0.0,98146,47.4922,-122.365,2120.0,9500.0,2015-01-20,545000.0
3295610350,5.0,2.75,3430.0,15119.0,2.0,0.0,0.0,3,10,3430.0,0.0,1998,0.0,98075,47.5678,-122.032,3430.0,12045.0,2015-03-23,850000.0
3260570260,4.0,3.5,3540.0,4750.0,2.0,0.0,0.0,3,10,3540.0,0.0,2003,0.0,98055,47.473,-122.193,3310.0,5655.0,2014-12-04,550000.0
1592000260,3.0,2.25,2240.0,9314.0,2.0,0.0,0.0,3,9,2240.0,0.0,1984,0.0,98074,47.6216,-122.032,2240.0,9314.0,2015-02-17,600000.0
8670000060,4.0,2.5,2710.0,12138.0,1.0,0.0,0.0,3,8,1700.0,1010.0,1968,0.0,98155,47.7657,-122.29,2390.0,10052.0,2014-08-27,535000.0
8113600004,3.0,2.5,2660.0,4975.0,2.0,0.0,0.0,3,8,2660.0,0.0,2014,0.0,98118,47.5487,-122.272,1840.0,6653.0,2014-05-20,599950.0
235000075,5.0,2.75,2540.0,5022.0,1.0,,0.0,4,8,1540.0,1000.0,1955,0.0,98108,47.5593,-122.3,2510.0,5182.0,2014-07-18,531000.0
1951700700,4.0,2.25,2210.0,7665.0,2.0,0.0,0.0,4,8,2210.0,0.0,1968,0.0,98006,47.5424,-122.168,1960.0,7903.0,2014-06-05,530000.0
1832100030,4.0,4.0,3570.0,8250.0,2.0,0.0,0.0,3,10,2860.0,710.0,2015,0.0,98040,47.5784,-122.226,2230.0,10000.0,2014-06-25,597326.0
8565000030,4.0,2.5,3450.0,33460.0,2.0,0.0,0.0,3,9,3450.0,0.0,1997,0.0,98077,47.7673,-122.1,2820.0,35250.0,2015-04-29,805000.0
2473350710,4.0,1.75,2330.0,8364.0,1.0,0.0,0.0,4,8,2330.0,0.0,1968,0.0,98058,47.4568,-122.146,2180.0,9630.0,2014-10-27,390000.0
9521101221,4.0,2.0,1690.0,3250.0,1.5,0.0,0.0,3,7,1550.0,140.0,1901,0.0,98103,47.6637,-122.346,1620.0,3250.0,2014-05-19,487250.0
6152900273,3.0,1.5,1030.0,8414.0,1.0,0.0,0.0,4,7,1030.0,0.0,1967,0.0,98155,47.7654,-122.297,1750.0,8414.0,2014-09-09,301000.0
2721600125,5.0,2.75,2560.0,5618.0,1.5,0.0,2.0,3,8,2220.0,340.0,1923,0.0,98109,47.6416,-122.355,2740.0,4000.0,2015-02-05,1180000.0
1180002378,4.0,2.5,1950.0,3000.0,2.0,0.0,0.0,3,7,1950.0,0.0,2002,0.0,98178,47.4977,-122.226,1170.0,6000.0,2014-09-26,299000.0
625059051,4.0,2.25,4370.0,22863.0,2.5,0.0,3.0,4,10,3670.0,,1907,19940.0,98033,47.6878,-122.215,2980.0,22863.0,2014-09-03,2350000.0
2113700060,4.0,2.5,2350.0,3904.0,2.5,0.0,0.0,3,7,2350.0,0.0,1999,0.0,98106,47.5305,-122.351,1120.0,4000.0,2014-10-14,400000.0
7016100570,4.0,2.5,3160.0,7210.0,1.0,0.0,0.0,4,7,1880.0,1280.0,1969,0.0,98034,47.7368,-122.183,2070.0,7560.0,2014-12-01,467500.0
2944500710,4.0,2.5,2430.0,9103.0,2.0,0.0,0.0,3,8,2430.0,0.0,1990,0.0,98023,47.2939,-122.368,2260.0,8090.0,2015-02-20,305000.0
1549500370,3.0,1.0,1340.0,306848.0,1.0,,0.0,3,5,1340.0,0.0,1953,0.0,98019,47.7534,-121.912,1800.0,128066.0,2014-05-05,210000.0
7211340030,3.0,1.0,1010.0,10168.0,1.0,0.0,0.0,3,6,1010.0,0.0,1979,0.0,98014,47.6453,-121.912,1180.0,10318.0,2015-04-28,300000.0
2473480520,3.0,2.25,1770.0,8755.0,1.0,0.0,0.0,3,8,1330.0,440.0,1981,0.0,98058,47.4464,-122.123,1910.0,8710.0,2014-09-08,327500.0
1722059326,3.0,2.0,1210.0,7136.0,1.0,0.0,0.0,3,7,1210.0,0.0,2003,0.0,98031,47.3996,-122.203,1210.0,5765.0,2014-08-05,269000.0
9414100030,4.0,3.25,3330.0,17533.0,1.0,0.0,2.0,3,9,1750.0,1580.0,1969,0.0,98033,47.652,-122.2,3340.0,12798.0,2015-03-31,975000.0
8911000030,3.0,1.0,1240.0,5400.0,1.0,0.0,0.0,4,7,1060.0,180.0,1940,0.0,98133,47.7115,-122.355,1429.0,5400.0,2014-12-10,355000.0
2264500890,3.0,1.0,1250.0,4620.0,1.5,0.0,0.0,4,7,1150.0,100.0,1900,0.0,98103,47.651,-122.341,1900.0,4400.0,2014-05-08,712000.0
2481630200,4.0,2.5,2960.0,41656.0,2.0,0.0,0.0,3,10,2960.0,0.0,1985,0.0,98072,47.7319,-122.132,3900.0,35104.0,2014-06-14,883000.0
7299500200,2.0,1.0,840.0,12252.0,1.0,,0.0,3,6,840.0,0.0,1994,0.0,98010,47.3069,-122.013,1010.0,11876.0,2014-08-15,190000.0
8598900125,3.0,1.75,1530.0,8028.0,1.0,0.0,0.0,3,7,1200.0,330.0,1967,0.0,98177,47.7768,-122.361,1530.0,8028.0,2015-04-06,443000.0
7504010560,4.0,3.0,3750.0,11025.0,2.0,0.0,0.0,3,10,3750.0,0.0,1976,0.0,98074,47.6367,-122.059,2930.0,12835.0,2014-05-09,920000.0
8732130140,4.0,2.25,2150.0,8250.0,1.0,0.0,0.0,4,7,1240.0,910.0,1978,0.0,98023,47.3045,-122.378,2050.0,7875.0,2014-12-22,285000.0
2492200335,4.0,3.25,1560.0,4080.0,1.0,0.0,0.0,3,7,1560.0,0.0,1916,0.0,98126,47.5347,-122.38,1370.0,4080.0,2015-04-23,901000.0
2770606602,3.0,1.75,2040.0,5775.0,1.0,,0.0,3,7,1410.0,630.0,1958,0.0,98199,47.6592,-122.393,1360.0,4400.0,2015-03-05,552500.0
7211400990,2.0,1.0,860.0,5000.0,1.0,0.0,0.0,3,6,860.0,0.0,1915,19450.0,98146,47.5133,-122.356,1220.0,5000.0,2015-03-03,256000.0
7148700160,3.0,1.5,1720.0,7119.0,1.5,0.0,0.0,4,7,1720.0,0.0,1952,0.0,98155,47.7535,-122.314,1590.0,7616.0,2014-05-12,341000.0
984220370,4.0,2.25,2090.0,8941.0,2.0,0.0,0.0,3,7,2090.0,0.0,1975,0.0,98058,47.4332,-122.167,1890.0,7946.0,2015-03-26,279000.0
2600000510,4.0,2.25,2130.0,10650.0,2.0,0.0,0.0,4,8,2130.0,0.0,1977,0.0,98006,47.5567,-122.159,3380.0,10050.0,2014-07-26,686000.0
7123400045,2.0,1.0,1300.0,11867.0,1.5,0.0,0.0,4,6,1300.0,0.0,1975,0.0,98010,47.3221,-121.903,820.0,11867.0,2014-05-23,225000.0
3751602329,2.0,1.75,1220.0,15600.0,1.0,,0.0,3,6,1220.0,0.0,1972,0.0,98001,47.2853,-122.265,1510.0,17818.0,2014-06-27,215500.0
6819100310,4.0,3.0,2420.0,4800.0,1.5,0.0,0.0,3,7,1520.0,900.0,1919,0.0,98119,47.6453,-122.358,1090.0,3800.0,2015-04-14,950000.0
2925079012,4.0,2.5,2940.0,156988.0,2.0,0.0,2.0,3,9,1870.0,1070.0,1996,0.0,98014,47.6214,-121.946,2940.0,71002.0,2014-11-05,503000.0
7202430060,3.0,2.5,2610.0,7567.0,2.0,0.0,0.0,3,9,2610.0,0.0,1997,0.0,98052,47.6654,-122.137,2610.0,8458.0,2015-01-22,780000.0
185000118,4.0,2.0,1880.0,7500.0,1.0,0.0,0.0,5,6,980.0,900.0,1946,0.0,98178,47.495,-122.266,1670.0,14350.0,2015-02-23,212000.0
1139000685,4.0,2.75,2330.0,6703.0,1.5,0.0,0.0,3,7,1710.0,620.0,1983,0.0,98177,47.7066,-122.359,2060.0,7500.0,2014-07-29,580000.0
5312100060,4.0,2.5,2200.0,3141.0,2.0,0.0,0.0,3,7,2060.0,140.0,1994,0.0,98144,47.5726,-122.305,1660.0,3175.0,2014-11-11,465000.0
3356404330,4.0,2.0,1720.0,7560.0,1.0,0.0,0.0,3,7,1720.0,0.0,1959,0.0,98001,47.2845,-122.25,1750.0,7988.0,2014-11-19,206000.0
7805460030,3.0,2.5,2250.0,10171.0,2.0,0.0,0.0,3,9,2250.0,0.0,1987,0.0,98006,47.5613,-122.11,2440.0,13390.0,2015-02-23,615000.0
1705400055,4.0,1.0,1640.0,6305.0,1.5,0.0,0.0,5,6,1640.0,0.0,1907,0.0,98118,47.5563,-122.28,1590.0,4816.0,2014-07-19,519000.0
3303980520,4.0,3.25,4130.0,11444.0,2.0,0.0,0.0,3,11,4130.0,0.0,2001,0.0,98059,47.5208,-122.15,3720.0,11431.0,2015-04-23,1140000.0
2538410140,5.0,2.5,2600.0,3839.0,2.0,0.0,0.0,3,7,2600.0,0.0,2005,0.0,98058,47.4324,-122.145,2180.0,4800.0,2014-08-08,330000.0
3810000860,4.0,1.5,1920.0,7973.0,1.0,0.0,0.0,3,8,1920.0,0.0,1955,0.0,98178,47.4961,-122.235,2020.0,8840.0,2015-05-06,240000.0
8079100370,3.0,2.0,2060.0,7000.0,1.0,0.0,0.0,4,9,2060.0,,1988,0.0,98029,47.5644,-122.012,2110.0,7000.0,2014-11-07,574000.0
2025770560,4.0,4.25,5710.0,24663.0,2.0,0.0,0.0,3,11,5710.0,0.0,2007,0.0,98092,47.3065,-122.158,4060.0,23847.0,2014-11-03,930000.0
225069017,4.0,3.0,2720.0,183823.0,2.0,0.0,0.0,3,8,2720.0,0.0,1975,20070.0,98053,47.6749,-122.002,2140.0,173804.0,2014-07-14,850000.0
1138010510,3.0,1.5,1490.0,7275.0,1.0,0.0,0.0,3,7,1090.0,400.0,1974,0.0,98034,47.7148,-122.213,1420.0,7330.0,2014-12-12,415000.0
4358700135,3.0,2.5,2360.0,9005.0,1.0,0.0,0.0,5,7,1340.0,1020.0,1929,0.0,98133,47.7076,-122.337,1520.0,9005.0,2014-11-18,480000.0
4327100045,5.0,1.0,1940.0,8875.0,1.0,0.0,0.0,3,7,1940.0,0.0,1957,0.0,98188,47.4407,-122.275,1380.0,8875.0,2014-07-21,300000.0
6804600550,4.0,2.25,2570.0,9503.0,2.0,0.0,0.0,3,8,2570.0,0.0,1980,0.0,98011,47.764,-122.167,1950.0,9600.0,2014-07-08,439000.0
5634500251,3.0,1.0,1160.0,36831.0,1.0,0.0,0.0,3,7,1160.0,0.0,1938,0.0,98028,47.7507,-122.237,1800.0,15640.0,2015-03-27,450000.0
3125079062,3.0,2.5,2660.0,206480.0,1.0,0.0,0.0,3,8,2660.0,0.0,1989,0.0,98024,47.6042,-121.956,2660.0,206736.0,2015-04-26,589000.0
3629920140,3.0,2.25,1260.0,3000.0,2.0,0.0,0.0,3,7,1260.0,0.0,2003,0.0,98029,47.5459,-121.997,1630.0,3023.0,2015-04-07,477000.0
6844703410,4.0,2.25,1780.0,6120.0,1.0,0.0,0.0,3,8,1310.0,470.0,1951,0.0,98115,47.6955,-122.287,1780.0,6120.0,2014-09-24,587500.0
1337300070,4.0,2.25,3180.0,6105.0,2.0,,0.0,3,10,3180.0,0.0,1905,0.0,98112,47.6255,-122.314,3180.0,6029.0,2014-09-24,1320000.0
9290900160,4.0,2.5,3380.0,27589.0,2.0,0.0,0.0,3,10,3380.0,0.0,1966,0.0,98004,47.6292,-122.225,3390.0,20075.0,2014-09-11,1430000.0
2251500270,4.0,2.25,2690.0,15000.0,2.0,0.0,0.0,3,9,1890.0,800.0,1978,0.0,98074,47.612,-122.064,2670.0,15030.0,2015-04-13,700000.0
414100295,2.0,1.0,1180.0,6552.0,1.0,0.0,0.0,4,6,1180.0,0.0,1949,0.0,98133,47.7477,-122.342,1070.0,7200.0,2014-06-23,275000.0
1771110640,3.0,1.0,1660.0,11783.0,1.0,,0.0,4,7,1160.0,500.0,1978,0.0,98077,47.7563,-122.075,1320.0,10541.0,2014-06-24,367500.0
808300550,4.0,2.5,2260.0,6300.0,2.0,0.0,0.0,3,7,2260.0,0.0,2001,0.0,98019,47.7235,-121.958,2300.0,6300.0,2015-05-05,453250.0
4322500055,5.0,1.75,1910.0,5428.0,1.0,0.0,0.0,3,8,1390.0,520.0,1954,0.0,98136,47.5333,-122.392,1820.0,5900.0,2015-04-17,607000.0
3810000565,4.0,2.0,2430.0,8960.0,1.0,0.0,0.0,3,7,1430.0,1000.0,1960,0.0,98178,47.4979,-122.232,2430.0,8960.0,2014-07-02,255000.0
461002025,2.0,2.0,1300.0,2500.0,1.0,0.0,0.0,4,7,770.0,530.0,1926,0.0,98117,47.6831,-122.373,1160.0,5000.0,2015-05-01,501000.0
8559900140,3.0,1.0,1060.0,4650.0,1.0,0.0,0.0,3,7,910.0,150.0,1950,0.0,98116,47.5784,-122.393,1480.0,4750.0,2015-03-31,450000.0
8899210320,3.0,2.25,2200.0,8000.0,2.0,0.0,0.0,3,8,2200.0,0.0,1981,0.0,98055,47.4522,-122.208,2170.0,8000.0,2014-08-20,360000.0
952002765,4.0,1.75,1720.0,3050.0,1.5,0.0,0.0,5,7,1040.0,680.0,1929,0.0,98116,47.5654,-122.384,1570.0,6100.0,2014-11-14,460000.0
7101100055,3.0,1.75,2360.0,8290.0,1.0,0.0,0.0,4,7,1180.0,1180.0,1950,0.0,98115,47.6738,-122.281,1880.0,7670.0,2015-03-03,753000.0
3013300510,2.0,1.0,820.0,4234.0,1.0,0.0,1.0,3,6,820.0,0.0,1951,0.0,98136,47.5294,-122.386,1550.0,4236.0,2015-05-06,389950.0
1623300765,2.0,1.0,1030.0,4400.0,1.0,0.0,0.0,3,7,1030.0,0.0,1924,0.0,98117,47.681,-122.361,1400.0,4200.0,2014-05-06,469000.0
9322800260,4.0,1.75,2030.0,5688.0,2.0,0.0,4.0,4,9,1730.0,300.0,1939,0.0,98146,47.5071,-122.387,2320.0,11107.0,2014-09-12,550000.0
6141600140,5.0,3.5,2700.0,11675.0,1.5,,2.0,4,6,1950.0,750.0,1948,0.0,98133,47.7172,-122.349,2160.0,8114.0,2014-09-04,565000.0
9315300260,2.0,1.75,1100.0,7600.0,1.0,0.0,0.0,3,6,1100.0,0.0,1980,0.0,98198,47.4136,-122.318,1230.0,7350.0,2014-05-21,189650.0
7015200335,4.0,3.25,3620.0,5131.0,2.0,0.0,3.0,4,11,2350.0,1270.0,1927,0.0,98119,47.6499,-122.37,2550.0,5174.0,2014-06-19,1530000.0
1545806510,3.0,1.75,1340.0,8000.0,1.0,0.0,0.0,3,7,1340.0,0.0,1980,0.0,98038,47.3651,-122.044,1690.0,8000.0,2014-08-20,260000.0
8643200055,3.0,1.75,1790.0,12000.0,1.0,0.0,0.0,3,7,1040.0,750.0,1960,0.0,98198,47.3945,-122.313,1840.0,12000.0,2014-06-01,243000.0
7855000550,4.0,2.5,3830.0,13800.0,1.0,0.0,4.0,4,9,2030.0,1800.0,1969,0.0,98006,47.5671,-122.157,3460.0,9875.0,2014-12-01,1100000.0
1313500070,3.0,1.5,1580.0,7200.0,1.0,0.0,0.0,4,7,1080.0,500.0,1976,0.0,98092,47.2761,-122.152,1580.0,7470.0,2014-08-20,249000.0
290000055,2.0,1.0,2020.0,7200.0,1.0,0.0,3.0,4,7,1700.0,320.0,1947,0.0,98146,47.506,-122.384,2020.0,7200.0,2014-05-16,720000.0
4139460200,4.0,2.5,3330.0,9557.0,2.0,0.0,0.0,3,10,3330.0,0.0,1995,0.0,98006,47.5526,-122.102,3360.0,9755.0,2015-03-25,905000.0
3931900295,4.0,2.5,2610.0,3500.0,1.5,0.0,0.0,5,7,1610.0,1000.0,1927,0.0,98115,47.6848,-122.326,1820.0,3900.0,2015-04-23,824500.0
7365600070,4.0,2.75,2610.0,8760.0,1.0,0.0,0.0,4,8,1760.0,850.0,1978,0.0,98040,47.5875,-122.229,2550.0,10376.0,2014-06-24,762500.0
9274200320,3.0,2.5,1740.0,1280.0,3.0,0.0,2.0,3,8,1740.0,0.0,2008,0.0,98116,47.589,-122.387,1740.0,1308.0,2015-04-13,580000.0
8856920260,3.0,2.0,1840.0,8580.0,1.0,,0.0,3,8,1840.0,0.0,1990,0.0,98058,47.4626,-122.132,2190.0,8580.0,2014-08-18,380000.0
4083306175,3.0,1.75,1080.0,3200.0,1.0,0.0,0.0,4,7,880.0,200.0,1926,0.0,98103,47.6503,-122.338,1780.0,5200.0,2015-04-01,805000.0
7588700204,4.0,1.75,1240.0,4532.0,1.5,0.0,0.0,4,7,1240.0,0.0,1944,0.0,98117,47.6892,-122.378,1260.0,4468.0,2014-07-16,520000.0
3271800295,5.0,4.5,5620.0,5800.0,3.0,0.0,3.0,3,11,4700.0,920.0,1999,0.0,98199,47.6482,-122.412,2360.0,5800.0,2015-02-03,1570000.0
6052400575,2.0,1.0,1170.0,8925.0,1.0,0.0,2.0,3,6,1170.0,0.0,1911,0.0,98198,47.4017,-122.321,1380.0,7440.0,2014-05-14,175000.0
7861300140,4.0,2.25,1760.0,9602.0,2.0,0.0,0.0,3,7,1760.0,0.0,1987,0.0,98058,47.4248,-122.158,1860.0,9656.0,2014-06-16,353500.0
6117501176,4.0,2.5,2230.0,26989.0,1.0,0.0,1.0,4,8,1400.0,830.0,1962,0.0,98166,47.4285,-122.345,2570.0,17702.0,2015-01-02,500000.0
2592400140,3.0,1.75,1520.0,7350.0,1.0,0.0,0.0,4,7,1140.0,380.0,1972,0.0,98034,47.7167,-122.17,1380.0,7350.0,2015-02-11,386500.0
7135300046,2.0,1.0,1450.0,4750.0,1.0,0.0,0.0,3,7,850.0,600.0,1950,0.0,98118,47.5293,-122.272,1190.0,5000.0,2014-07-16,210000.0
8665900295,3.0,2.5,1600.0,6510.0,1.0,0.0,0.0,3,7,940.0,,1983,0.0,98155,47.7679,-122.308,1600.0,10507.0,2015-04-23,439500.0
6699000810,5.0,2.5,3220.0,5751.0,2.0,0.0,0.0,3,8,3220.0,0.0,2002,0.0,98042,47.3717,-122.104,2740.0,5500.0,2014-08-13,315000.0
5104510240,4.0,2.5,1830.0,8601.0,2.0,0.0,0.0,3,7,1830.0,0.0,2003,0.0,98038,47.3576,-122.016,1830.0,5184.0,2014-05-19,339000.0
7856700990,4.0,2.25,2200.0,9163.0,1.0,0.0,0.0,4,8,1430.0,770.0,1971,0.0,98006,47.5653,-122.146,2420.0,9163.0,2014-09-24,655000.0
8682300640,2.0,2.5,2170.0,8678.0,1.0,0.0,0.0,3,8,2170.0,0.0,2008,0.0,98053,47.7161,-122.014,2170.0,5890.0,2014-08-28,740000.0
6918700320,5.0,2.5,1900.0,7843.0,2.0,0.0,0.0,5,7,1900.0,0.0,1966,0.0,98008,47.6273,-122.123,1900.0,7350.0,2015-03-06,685000.0
9560700055,5.0,2.5,2960.0,9877.0,1.0,0.0,0.0,4,7,1480.0,1480.0,1960,0.0,98005,47.5866,-122.171,1900.0,9877.0,2015-03-10,550000.0
3013300055,2.0,1.75,1710.0,4234.0,2.0,0.0,0.0,3,7,1330.0,380.0,1920,19790.0,98136,47.5319,-122.386,1530.0,4556.0,2014-06-02,405000.0
9201000320,4.0,2.25,2620.0,17366.0,1.0,0.0,3.0,3,9,1430.0,1190.0,1984,0.0,98075,47.584,-122.077,2620.0,15335.0,2015-04-16,765000.0
9151600695,3.0,2.0,2140.0,3600.0,2.0,0.0,0.0,3,8,1680.0,460.0,1911,19970.0,98116,47.5846,-122.383,2340.0,5400.0,2015-03-04,625000.0
2143700830,4.0,2.5,2100.0,19680.0,1.5,0.0,0.0,3,6,2100.0,0.0,1914,0.0,98055,47.4787,-122.23,1340.0,12300.0,2014-10-06,207000.0
2143700830,4.0,2.5,2100.0,19680.0,1.5,0.0,0.0,3,6,2100.0,0.0,1914,0.0,98055,47.4787,-122.23,1340.0,12300.0,2015-03-12,370000.0
2591020140,3.0,2.5,1460.0,4961.0,1.0,0.0,0.0,4,8,1150.0,310.0,1988,0.0,98033,47.6955,-122.183,1550.0,5449.0,2014-12-02,475000.0
6414600262,2.0,1.0,990.0,8250.0,1.0,0.0,0.0,3,7,990.0,0.0,1955,0.0,98133,47.7252,-122.331,1080.0,8168.0,2014-08-29,365000.0
1387301360,4.0,2.25,2190.0,6800.0,1.0,0.0,0.0,5,7,1340.0,850.0,1969,0.0,98011,47.7367,-122.195,1560.0,7611.0,2014-12-22,411800.0
5561400260,5.0,3.5,3990.0,42436.0,2.0,0.0,0.0,3,9,2710.0,1280.0,2002,0.0,98027,47.461,-122.0,3030.0,41684.0,2014-07-21,668000.0
7942601805,3.0,2.5,2340.0,3630.0,2.0,0.0,0.0,3,9,2340.0,0.0,1998,0.0,98122,47.6059,-122.307,1820.0,5120.0,2014-09-11,618000.0
1887500045,4.0,2.0,2460.0,5921.0,1.0,,0.0,4,7,1230.0,1230.0,1948,0.0,98002,47.308,-122.209,1260.0,6648.0,2014-12-26,247500.0
5505700055,5.0,3.0,2080.0,6150.0,1.0,0.0,0.0,3,7,1040.0,1040.0,1950,0.0,98116,47.5707,-122.394,1420.0,6150.0,2014-07-30,345000.0
3886902505,3.0,2.0,1700.0,8400.0,2.0,0.0,2.0,3,7,1700.0,0.0,1927,0.0,98033,47.6825,-122.19,1820.0,9000.0,2015-03-11,616300.0
6703100135,3.0,1.5,1330.0,6768.0,1.0,,0.0,4,7,1330.0,0.0,1952,0.0,98155,47.7366,-122.319,1320.0,6910.0,2015-01-16,348000.0
1552520070,3.0,2.5,1630.0,10762.0,1.0,0.0,0.0,3,7,1630.0,0.0,1994,0.0,98011,47.7508,-122.175,1770.0,10762.0,2014-12-02,425000.0
8163300320,5.0,2.75,2920.0,11880.0,1.0,0.0,0.0,5,8,1660.0,1260.0,1968,0.0,98027,47.5133,-122.031,3910.0,14491.0,2014-06-14,850000.0
1853081000,5.0,2.75,2830.0,6137.0,2.0,0.0,0.0,3,9,2830.0,0.0,2010,0.0,98074,47.5932,-122.058,3170.0,6285.0,2014-07-17,820000.0
4403600240,4.0,2.25,3190.0,52953.0,2.0,0.0,0.0,4,10,3190.0,0.0,1980,0.0,98075,47.5933,-122.075,3190.0,51400.0,2015-01-13,832000.0
3885803625,3.0,1.75,1490.0,3840.0,2.0,0.0,0.0,3,8,1490.0,0.0,1984,20140.0,98033,47.6916,-122.214,3450.0,8500.0,2014-12-03,835000.0
869700370,3.0,2.5,1630.0,3425.0,2.0,,0.0,3,8,1630.0,0.0,1999,0.0,98059,47.4913,-122.154,1420.0,3425.0,2015-04-10,350000.0
4307301160,4.0,2.5,2280.0,4096.0,2.0,0.0,0.0,3,7,2280.0,0.0,2003,0.0,98056,47.4834,-122.182,2280.0,3600.0,2014-07-22,349000.0
2402100575,6.0,3.75,3010.0,4360.0,2.0,0.0,0.0,3,9,2000.0,1010.0,2014,0.0,98103,47.6873,-122.333,1600.0,5160.0,2014-06-13,1130000.0
4307350990,3.0,2.5,1590.0,3480.0,2.0,0.0,0.0,3,7,1590.0,0.0,2004,0.0,98056,47.4805,-122.178,1680.0,3480.0,2015-03-09,320000.0
2873000260,3.0,1.0,1250.0,7210.0,1.0,,0.0,4,7,1250.0,0.0,1968,0.0,98031,47.4169,-122.168,1010.0,7210.0,2015-03-05,150000.0
795001600,3.0,1.0,1710.0,10190.0,1.0,0.0,0.0,3,6,1310.0,400.0,1949,0.0,98168,47.506,-122.331,1200.0,6251.0,2014-11-25,340000.0
98030140,4.0,4.0,3280.0,8448.0,2.0,0.0,0.0,3,10,3280.0,0.0,2007,0.0,98075,47.5818,-121.973,3730.0,8030.0,2014-10-13,785500.0
5409800140,4.0,2.5,3362.0,8601.0,2.0,0.0,0.0,3,8,3362.0,0.0,2004,0.0,98003,47.2592,-122.304,2770.0,8601.0,2015-02-17,410500.0
9253900354,3.0,2.5,2200.0,11000.0,2.0,0.0,2.0,3,9,2200.0,0.0,1978,0.0,98008,47.5916,-122.112,2200.0,12851.0,2014-07-01,580000.0
3319500922,2.0,1.5,830.0,920.0,2.0,0.0,0.0,3,7,830.0,0.0,2005,0.0,98144,47.5998,-122.306,830.0,1200.0,2015-04-21,345000.0
3404700041,3.0,2.25,2160.0,37000.0,1.5,0.0,0.0,4,7,1760.0,400.0,1933,0.0,98052,47.7297,-122.139,2540.0,37000.0,2014-09-29,550000.0
2314300200,4.0,3.0,2580.0,7299.0,2.0,0.0,0.0,3,8,2580.0,0.0,1998,0.0,98058,47.4646,-122.15,2250.0,6165.0,2014-10-21,449500.0
9265700045,3.0,1.0,2150.0,7007.0,1.0,,0.0,3,6,2150.0,0.0,1954,0.0,98177,47.7615,-122.362,1720.0,9000.0,2014-06-24,300000.0
3528000260,4.0,2.5,3510.0,28052.0,2.0,0.0,0.0,3,10,3510.0,0.0,1988,0.0,98053,47.6671,-122.057,2890.0,28295.0,2014-11-11,915000.0
3066120030,4.0,3.75,3810.0,9916.0,2.0,0.0,0.0,3,11,3810.0,0.0,1989,0.0,98040,47.5739,-122.234,3040.0,11250.0,2015-01-27,1580000.0
4278900055,4.0,2.75,2020.0,2750.0,1.0,0.0,0.0,3,8,1010.0,1010.0,1917,20140.0,98122,47.6053,-122.291,1840.0,4000.0,2014-05-28,599000.0
9512000140,4.0,2.5,2120.0,10202.0,1.0,0.0,0.0,4,7,1620.0,500.0,1960,0.0,98005,47.5858,-122.17,1570.0,10762.0,2014-05-05,755000.0
6381500505,3.0,1.0,1250.0,7157.0,1.0,0.0,0.0,3,7,1250.0,0.0,1944,20100.0,98125,47.7323,-122.304,1300.0,6796.0,2015-04-02,400000.0
1697000400,3.0,1.0,980.0,9115.0,1.0,,0.0,3,7,980.0,0.0,1968,0.0,98198,47.3737,-122.312,1470.0,8716.0,2015-03-30,133000.0
2548100140,4.0,1.5,1250.0,8400.0,1.0,0.0,0.0,3,7,960.0,290.0,1951,0.0,98155,47.7505,-122.315,1560.0,8400.0,2015-01-16,330000.0
7225000140,4.0,1.0,1100.0,5000.0,1.5,0.0,0.0,5,6,1100.0,0.0,1904,0.0,98055,47.4868,-122.204,1560.0,4838.0,2015-02-18,330000.0
2126049032,3.0,1.75,1330.0,9417.0,1.0,0.0,0.0,5,6,710.0,620.0,1936,0.0,98125,47.7231,-122.301,1690.0,7937.0,2014-09-05,375000.0
3876300890,4.0,2.75,2560.0,8956.0,1.0,,0.0,4,7,1500.0,1060.0,1968,0.0,98034,47.7278,-122.177,2280.0,9234.0,2014-12-11,485000.0
7715800710,4.0,2.5,1850.0,11250.0,1.5,0.0,0.0,3,7,1210.0,640.0,1981,0.0,98074,47.6264,-122.062,1650.0,7623.0,2014-07-22,470000.0
2397101200,4.0,3.0,2790.0,3600.0,2.0,0.0,0.0,3,8,1880.0,910.0,1905,20130.0,98119,47.6362,-122.363,1360.0,3600.0,2014-12-21,1050000.0
5100401160,4.0,1.0,1660.0,4704.0,1.5,0.0,0.0,3,7,1260.0,400.0,1930,0.0,98115,47.6918,-122.32,1360.0,5413.0,2014-07-07,548800.0
2741100800,2.0,1.0,1080.0,2674.0,1.0,0.0,0.0,4,6,720.0,360.0,1919,0.0,98108,47.5595,-122.317,1250.0,5000.0,2014-07-08,315000.0
34001160,3.0,2.0,3030.0,9374.0,1.0,0.0,1.0,4,7,2100.0,930.0,1959,0.0,98136,47.5289,-122.391,1990.0,6012.0,2014-09-19,590000.0
5637200200,4.0,2.5,2380.0,12067.0,2.0,0.0,0.0,3,7,2380.0,0.0,2002,0.0,98059,47.4873,-122.144,2330.0,8621.0,2014-05-23,439950.0
3410600335,3.0,1.75,2250.0,26337.0,1.0,0.0,0.0,3,8,2250.0,0.0,1980,0.0,98092,47.3032,-122.123,1830.0,26337.0,2014-06-03,325000.0
8024201370,2.0,1.0,880.0,5111.0,1.0,0.0,0.0,3,6,880.0,0.0,1931,0.0,98115,47.6997,-122.314,1370.0,5111.0,2014-12-08,400000.0
3066410800,4.0,2.5,2770.0,10051.0,2.0,0.0,0.0,3,10,2770.0,0.0,1987,0.0,98074,47.6288,-122.043,2730.0,10675.0,2014-12-11,685000.0
5306100240,3.0,2.0,1340.0,10200.0,1.5,0.0,0.0,3,7,1340.0,0.0,1953,0.0,98133,47.7756,-122.351,1420.0,10200.0,2014-09-18,339950.0
9334800140,3.0,1.75,1660.0,8160.0,1.0,0.0,0.0,4,7,1660.0,0.0,1951,0.0,98166,47.4608,-122.358,1490.0,8100.0,2014-10-23,315000.0
7203101260,3.0,2.5,1710.0,3795.0,2.0,0.0,0.0,3,7,1710.0,0.0,2009,0.0,98053,47.6968,-122.024,1600.0,3821.0,2015-02-11,411753.0
7577700070,2.0,1.75,1620.0,4879.0,1.0,0.0,0.0,3,7,1040.0,580.0,1924,20110.0,98116,47.5703,-122.385,1500.0,5000.0,2014-08-28,577000.0
6072100140,3.0,1.75,1530.0,8829.0,1.0,0.0,0.0,5,8,1530.0,0.0,1972,0.0,98006,47.545,-122.171,2060.0,9226.0,2014-10-17,500000.0
3874000240,3.0,2.0,1440.0,10111.0,1.0,0.0,0.0,3,7,1440.0,0.0,1963,0.0,98001,47.345,-122.283,1580.0,10200.0,2014-12-02,210000.0
6151800135,4.0,1.75,2020.0,16120.0,1.0,,0.0,3,7,2020.0,0.0,1969,0.0,98010,47.3413,-122.048,1940.0,16350.0,2014-08-27,640000.0
1826049225,4.0,1.75,1870.0,8663.0,1.0,0.0,0.0,5,7,1870.0,0.0,1949,0.0,98133,47.7366,-122.35,1560.0,7800.0,2015-04-17,460000.0
8150100240,2.0,1.0,620.0,4760.0,1.0,0.0,0.0,3,6,620.0,0.0,1941,0.0,98126,47.5286,-122.376,620.0,4760.0,2015-02-18,265000.0
5152960710,5.0,5.0,5774.0,31675.0,1.0,0.0,2.0,3,11,4490.0,1284.0,1984,0.0,98003,47.3466,-122.323,3260.0,13200.0,2014-05-14,740000.0
4027701275,3.0,1.0,1240.0,6195.0,1.0,0.0,0.0,3,6,1240.0,0.0,1948,0.0,98028,47.7681,-122.266,1760.0,11080.0,2014-07-18,230000.0
1545807990,3.0,1.75,1890.0,10661.0,1.0,0.0,0.0,5,7,1460.0,430.0,1978,0.0,98038,47.3583,-122.056,1680.0,9604.0,2015-02-17,315000.0
1726069179,3.0,1.75,2410.0,51763.0,1.0,0.0,0.0,4,8,1410.0,1000.0,1981,0.0,98077,47.7429,-122.056,2410.0,49207.0,2014-12-23,432000.0
3905100070,3.0,2.5,1530.0,3984.0,2.0,0.0,0.0,3,8,1530.0,0.0,1995,0.0,98029,47.569,-122.007,1720.0,4005.0,2015-02-03,467000.0
7316400070,5.0,3.75,2800.0,9900.0,1.0,0.0,0.0,3,7,2800.0,0.0,1964,0.0,98023,47.319,-122.344,1700.0,13200.0,2014-09-25,255000.0
2113700335,3.0,1.75,1460.0,6360.0,1.0,0.0,2.0,3,7,1010.0,450.0,1979,0.0,98106,47.5311,-122.353,1400.0,4240.0,2015-04-08,316500.0
3972900160,4.0,2.0,1580.0,6250.0,1.0,0.0,0.0,3,7,860.0,720.0,1977,0.0,98155,47.7659,-122.31,1580.0,6250.0,2015-04-03,190000.0
2767603215,3.0,2.0,1450.0,2400.0,1.5,,0.0,3,8,1450.0,0.0,1900,20030.0,98107,47.6726,-122.381,1450.0,4275.0,2014-05-16,490000.0
3664500041,4.0,1.75,1990.0,23200.0,1.0,0.0,0.0,4,7,1990.0,0.0,1976,0.0,98059,47.486,-122.129,1950.0,17040.0,2015-04-17,378000.0
5379804150,6.0,4.0,4470.0,17877.0,3.0,0.0,3.0,3,9,3230.0,1240.0,2013,0.0,98188,47.4514,-122.273,1790.0,18260.0,2015-02-11,598800.0
9188200570,5.0,3.0,1980.0,3868.0,1.0,0.0,0.0,3,7,1220.0,760.0,1990,0.0,98118,47.5173,-122.275,1970.0,3868.0,2014-09-02,333800.0
3905010140,4.0,2.5,2920.0,9904.0,2.0,0.0,0.0,4,9,2920.0,0.0,1990,0.0,98029,47.5759,-121.995,1810.0,5617.0,2014-05-29,690000.0
5141000685,4.0,1.75,1660.0,6200.0,1.0,0.0,0.0,4,6,830.0,830.0,1948,0.0,98108,47.56,-122.316,1780.0,5968.0,2014-10-21,320000.0
6738700320,4.0,3.5,3190.0,6000.0,1.5,0.0,3.0,4,9,2410.0,780.0,1912,0.0,98144,47.5846,-122.29,2840.0,4000.0,2015-04-14,1250000.0
1246700152,3.0,1.5,1560.0,9600.0,1.0,0.0,0.0,4,7,1560.0,0.0,1961,0.0,98033,47.6918,-122.163,1520.0,10000.0,2014-07-21,335000.0
2926069062,3.0,2.5,3050.0,33920.0,1.0,0.0,0.0,3,8,3050.0,0.0,2004,0.0,98052,47.7034,-122.072,1970.0,60984.0,2014-08-11,840000.0
6114400136,4.0,2.75,3030.0,21780.0,2.0,0.0,0.0,3,8,3030.0,0.0,1986,0.0,98166,47.4481,-122.338,3020.0,28027.0,2014-07-14,608250.0
6127010800,3.0,2.5,2260.0,4165.0,2.0,,0.0,3,7,2260.0,0.0,2005,0.0,98075,47.5922,-122.008,2770.0,4566.0,2014-06-09,550000.0
4222000320,3.0,1.0,1260.0,7920.0,1.0,,0.0,3,7,1260.0,0.0,1966,0.0,98003,47.3452,-122.308,1300.0,7920.0,2015-04-22,240000.0
2600010070,3.0,2.25,3370.0,11757.0,2.0,0.0,2.0,4,9,3370.0,0.0,1980,0.0,98006,47.5573,-122.16,2690.0,10500.0,2015-04-14,998000.0
3826500570,3.0,1.75,1490.0,8000.0,1.0,0.0,0.0,3,8,1490.0,0.0,1978,0.0,98030,47.3817,-122.166,1740.0,8165.0,2014-08-29,275000.0
8159620160,3.0,2.5,1570.0,9292.0,1.0,0.0,0.0,3,7,1110.0,460.0,1977,0.0,98001,47.3386,-122.272,1470.0,9222.0,2015-04-24,284200.0
1118001805,4.0,3.75,4490.0,7623.0,2.0,0.0,0.0,4,10,3090.0,1400.0,1941,0.0,98112,47.6315,-122.29,3760.0,7653.0,2014-07-24,1720000.0
3398800055,4.0,3.75,4090.0,24825.0,2.0,0.0,0.0,4,11,3400.0,690.0,1926,0.0,98102,47.6338,-122.319,3910.0,11500.0,2014-11-19,2400000.0
3528000510,5.0,2.5,4150.0,96574.0,2.0,0.0,0.0,3,10,4150.0,0.0,1988,0.0,98053,47.6664,-122.045,3320.0,40803.0,2014-09-05,930800.0
627300105,4.0,3.0,2900.0,10400.0,1.0,,3.0,5,8,1530.0,1370.0,1959,0.0,98008,47.5854,-122.114,2820.0,10400.0,2014-07-29,930000.0
3279000070,4.0,1.5,1430.0,8775.0,1.0,0.0,0.0,3,7,1030.0,400.0,1979,0.0,98023,47.3034,-122.383,1390.0,7800.0,2014-08-28,215000.0
1922039062,2.0,1.5,1008.0,26487.0,1.0,1.0,4.0,4,6,1008.0,0.0,1943,20020.0,98070,47.3853,-122.479,1132.0,24079.0,2015-04-20,480000.0
312000135,2.0,1.75,1480.0,5120.0,1.0,,0.0,4,6,840.0,640.0,1951,0.0,98116,47.558,-122.392,1090.0,5120.0,2014-05-20,483945.0
6054650510,3.0,1.75,1240.0,8050.0,1.0,0.0,0.0,4,7,1240.0,0.0,1978,0.0,98074,47.6108,-122.044,1370.0,9856.0,2014-06-09,347000.0
3279000240,3.0,2.0,1370.0,9760.0,1.0,0.0,0.0,4,7,1110.0,260.0,1979,0.0,98023,47.3009,-122.384,1640.0,9040.0,2015-03-30,232500.0
1402000070,4.0,2.25,1770.0,33132.0,1.0,0.0,0.0,4,8,1190.0,580.0,1965,0.0,98058,47.4413,-122.151,2490.0,20000.0,2014-05-20,390000.0
1562200240,3.0,2.25,2160.0,15360.0,1.0,0.0,0.0,3,8,1410.0,750.0,1965,20000.0,98007,47.6232,-122.138,2180.0,8480.0,2014-09-18,550000.0
3904921070,4.0,2.5,2340.0,8971.0,2.0,0.0,0.0,3,9,2340.0,0.0,1987,0.0,98029,47.5679,-122.011,2510.0,9219.0,2014-08-12,590000.0
4045500510,1.0,1.0,960.0,40946.0,1.0,0.0,0.0,5,5,960.0,0.0,1945,0.0,98014,47.6951,-121.864,1320.0,20350.0,2014-05-21,420850.0
8849300160,4.0,2.5,2280.0,8190.0,1.0,0.0,3.0,3,7,1390.0,890.0,1983,0.0,98188,47.4414,-122.272,1990.0,9000.0,2015-02-05,345000.0
4123810140,3.0,2.0,1970.0,7000.0,1.0,0.0,0.0,3,8,1970.0,0.0,1986,0.0,98038,47.3744,-122.043,1970.0,7365.0,2015-02-27,429800.0
2473251170,4.0,1.75,1530.0,17664.0,1.5,0.0,0.0,3,7,1530.0,0.0,1968,0.0,98058,47.4549,-122.155,1530.0,11625.0,2014-06-26,302000.0
6430500186,4.0,1.5,1790.0,3952.0,1.5,0.0,0.0,4,8,1790.0,0.0,1932,0.0,98103,47.689,-122.352,1200.0,3876.0,2014-11-04,800000.0
4136950140,3.0,2.5,1700.0,6000.0,2.0,0.0,0.0,3,8,1700.0,0.0,1997,0.0,98092,47.2615,-122.221,1940.0,6626.0,2014-12-15,250000.0
1370802650,3.0,2.0,2660.0,4500.0,1.0,0.0,0.0,4,7,1330.0,1330.0,1922,0.0,98199,47.6391,-122.403,1790.0,5000.0,2014-07-29,605000.0
1721069036,3.0,1.75,1950.0,52256.0,1.0,0.0,0.0,4,8,1950.0,0.0,1985,0.0,98042,47.3133,-122.078,2450.0,51836.0,2014-05-29,412000.0
8637100370,3.0,2.0,1340.0,5670.0,2.0,,0.0,3,6,1340.0,0.0,1994,0.0,98055,47.4498,-122.194,1290.0,4892.0,2014-11-12,252000.0
8952900260,3.0,1.0,1130.0,12500.0,1.5,0.0,0.0,3,7,1130.0,0.0,1954,0.0,98118,47.5491,-122.268,2280.0,8750.0,2014-09-19,375000.0
1972202080,2.0,1.75,1950.0,2719.0,1.0,0.0,0.0,5,7,1010.0,940.0,1919,0.0,98103,47.6513,-122.346,1360.0,1256.0,2014-07-10,725000.0
9476200350,5.0,3.5,3790.0,8200.0,1.0,0.0,1.0,3,8,2120.0,1670.0,2001,0.0,98056,47.4891,-122.19,1740.0,8676.0,2014-10-13,471750.0
1523069204,4.0,2.25,2020.0,85813.0,2.0,0.0,0.0,3,7,2020.0,0.0,1995,0.0,98027,47.483,-122.026,2120.0,85813.0,2014-12-08,490000.0
2856100125,2.0,1.0,800.0,5100.0,1.0,0.0,0.0,3,7,800.0,0.0,1945,0.0,98117,47.6775,-122.388,1330.0,5100.0,2014-10-01,439000.0
2968800626,4.0,2.0,1770.0,8890.0,1.0,0.0,0.0,5,6,1770.0,0.0,1949,0.0,98166,47.4589,-122.353,1010.0,7620.0,2014-08-22,355000.0
2129700320,1.0,0.75,940.0,87120.0,1.0,0.0,0.0,3,6,940.0,0.0,1944,0.0,98019,47.7182,-121.956,1930.0,165528.0,2015-05-05,250000.0
8965500320,4.0,2.25,2260.0,16188.0,1.0,0.0,0.0,3,10,2260.0,0.0,1984,0.0,98006,47.5637,-122.112,2840.0,10158.0,2015-03-26,780000.0
952005224,2.0,1.0,890.0,3271.0,1.0,0.0,0.0,4,6,890.0,0.0,1918,0.0,98116,47.5631,-122.381,1190.0,5175.0,2014-11-05,409000.0
4443801160,2.0,1.0,860.0,3880.0,1.0,0.0,0.0,4,6,860.0,0.0,1916,0.0,98117,47.6862,-122.391,1230.0,4260.0,2014-06-10,420000.0
5101404170,1.0,0.75,680.0,9600.0,1.0,0.0,0.0,3,5,680.0,0.0,1947,0.0,98115,47.6964,-122.306,1580.0,6624.0,2014-11-13,200000.0
1241500350,2.0,1.5,2130.0,35679.0,1.0,0.0,0.0,4,7,2130.0,0.0,1963,0.0,98033,47.6638,-122.171,2670.0,35679.0,2015-01-05,830000.0
4379400560,3.0,2.5,2390.0,4555.0,2.0,0.0,0.0,3,9,2390.0,0.0,2006,0.0,98074,47.6199,-122.025,2540.0,4500.0,2014-05-29,695000.0
629810350,4.0,2.75,3488.0,9614.0,2.0,0.0,0.0,3,10,3488.0,0.0,1998,0.0,98074,47.6055,-122.013,3600.0,10891.0,2014-05-21,815000.0
5466400550,3.0,1.75,1260.0,6223.0,1.0,0.0,0.0,3,7,820.0,440.0,1983,0.0,98042,47.3574,-122.158,1260.0,6553.0,2014-11-13,210000.0
3619600132,3.0,1.75,2940.0,6000.0,1.0,0.0,2.0,4,8,1590.0,1350.0,1957,0.0,98177,47.7235,-122.369,2880.0,8100.0,2014-09-15,635000.0
4113800550,4.0,2.5,2440.0,7322.0,2.0,0.0,0.0,3,9,2440.0,0.0,1991,0.0,98056,47.5357,-122.179,2590.0,9927.0,2014-07-21,562500.0
7298020240,4.0,2.5,2600.0,11951.0,2.0,0.0,0.0,3,10,2600.0,0.0,1988,0.0,98023,47.3053,-122.34,2820.0,12093.0,2014-05-09,402500.0
434000030,3.0,2.0,2080.0,7020.0,1.0,0.0,0.0,4,7,1040.0,1040.0,1951,0.0,98115,47.6768,-122.285,1920.0,7000.0,2014-12-19,555000.0
1138000830,3.0,1.0,1990.0,7173.0,1.0,0.0,0.0,3,7,1990.0,0.0,1972,0.0,98034,47.7116,-122.213,1320.0,7245.0,2014-09-09,310000.0
8568000070,4.0,2.5,2840.0,18001.0,2.0,0.0,0.0,3,9,2840.0,0.0,1994,0.0,98019,47.7359,-121.962,2500.0,18001.0,2014-09-05,500000.0
8822901200,6.0,3.0,2630.0,8800.0,1.0,,0.0,3,7,1610.0,1020.0,1959,0.0,98125,47.7166,-122.293,1220.0,1173.0,2014-07-23,430000.0
1118002090,3.0,4.25,2820.0,7200.0,2.0,0.0,0.0,4,10,2460.0,360.0,1930,0.0,98112,47.6298,-122.29,3300.0,7522.0,2014-06-28,1600000.0
3856901525,4.0,1.0,1560.0,4080.0,1.5,0.0,0.0,3,7,1560.0,0.0,1923,0.0,98103,47.6711,-122.331,1890.0,4080.0,2014-10-01,627500.0
1180500070,4.0,2.5,2330.0,7050.0,2.0,0.0,0.0,3,8,2330.0,0.0,1998,0.0,98178,47.5001,-122.231,1810.0,5424.0,2014-11-24,335000.0
7856560320,4.0,2.25,3320.0,20100.0,1.0,0.0,0.0,4,8,1810.0,1510.0,1981,0.0,98006,47.5566,-122.153,2450.0,9821.0,2015-03-17,962000.0
5103900045,3.0,1.75,1730.0,14270.0,1.0,0.0,0.0,3,7,1730.0,0.0,1959,0.0,98065,47.5318,-121.833,1600.0,11232.0,2014-07-25,299000.0
8562890370,4.0,2.5,3110.0,5868.0,2.0,0.0,0.0,3,8,3110.0,0.0,2001,0.0,98042,47.3781,-122.126,2950.0,5924.0,2015-04-14,399950.0
8807600340,3.0,1.0,1230.0,9660.0,1.0,0.0,0.0,3,7,1230.0,0.0,1968,0.0,98053,47.6829,-122.06,1380.0,10125.0,2015-03-25,322000.0
993002325,2.0,1.5,950.0,4625.0,1.0,0.0,0.0,4,7,950.0,0.0,1949,0.0,98103,47.6912,-122.34,1440.0,4625.0,2014-06-23,430000.0
1022059082,3.0,1.75,1890.0,13860.0,1.0,0.0,0.0,5,7,1890.0,0.0,1966,0.0,98042,47.4156,-122.149,1500.0,14536.0,2014-05-08,307000.0
179000350,3.0,1.5,1010.0,5000.0,1.0,0.0,0.0,3,6,1010.0,0.0,1943,0.0,98178,47.4925,-122.278,980.0,5000.0,2014-11-05,194000.0
3915500045,3.0,1.0,1010.0,8581.0,1.0,0.0,0.0,4,6,1010.0,0.0,1920,0.0,98002,47.3043,-122.216,1060.0,10354.0,2014-11-14,180000.0
3578400030,4.0,2.25,2340.0,13383.0,1.0,0.0,0.0,3,8,1170.0,1170.0,1983,0.0,98074,47.6211,-122.037,1810.0,12532.0,2014-07-18,465000.0
9346700320,4.0,2.5,2460.0,9296.0,2.0,0.0,0.0,3,9,2460.0,0.0,1978,0.0,98007,47.6125,-122.152,2730.0,9900.0,2015-03-23,722500.0
3856901715,2.0,1.0,1010.0,3400.0,1.0,0.0,0.0,3,7,1010.0,0.0,1921,0.0,98103,47.6711,-122.329,1800.0,3600.0,2014-09-24,470450.0
8700120520,3.0,2.5,1650.0,6000.0,2.0,0.0,0.0,3,7,1650.0,0.0,1990,0.0,98030,47.36,-122.194,1750.0,6000.0,2015-01-27,280000.0
7335400400,4.0,2.0,1440.0,6702.0,1.0,0.0,0.0,4,7,1440.0,0.0,1966,0.0,98002,47.3056,-122.217,1030.0,6702.0,2015-04-10,176250.0
4319200505,5.0,1.0,1710.0,9100.0,1.5,,0.0,4,7,1320.0,390.0,1926,0.0,98126,47.5379,-122.378,1880.0,9100.0,2014-06-17,560000.0
1426049083,3.0,2.5,2760.0,11287.0,2.0,0.0,3.0,3,10,2000.0,760.0,1991,0.0,98028,47.739,-122.264,2760.0,13719.0,2014-10-22,830000.0
7795400046,2.0,1.0,1350.0,10096.0,1.0,0.0,2.0,4,7,1350.0,0.0,1952,0.0,98045,47.4967,-121.778,1280.0,10095.0,2014-06-11,276900.0
1337800045,3.0,1.75,1660.0,4800.0,2.0,0.0,0.0,3,7,1660.0,0.0,1906,0.0,98112,47.6296,-122.308,1660.0,4800.0,2014-10-01,625000.0
2207500695,4.0,2.5,2960.0,4760.0,2.0,0.0,0.0,3,8,2160.0,800.0,1900,0.0,98102,47.6367,-122.318,1600.0,4760.0,2015-03-04,1020000.0
1112000125,1.0,1.0,1090.0,8750.0,1.0,0.0,0.0,4,6,1090.0,0.0,1924,0.0,98118,47.54,-122.269,1830.0,5000.0,2014-09-30,463500.0
2472930270,3.0,2.5,3110.0,9015.0,2.0,,0.0,3,9,3110.0,0.0,1990,0.0,98058,47.4369,-122.147,2650.0,8960.0,2014-09-05,485000.0
5651500140,3.0,2.0,1380.0,7476.0,1.0,0.0,0.0,3,7,1380.0,0.0,1989,0.0,98001,47.3336,-122.272,1600.0,7227.0,2014-06-17,272000.0
7203102080,2.0,1.0,1290.0,3140.0,2.0,0.0,0.0,3,7,1290.0,0.0,2008,0.0,98053,47.6971,-122.026,1290.0,2628.0,2014-12-17,305000.0
3626500045,3.0,2.5,1980.0,13964.0,1.0,0.0,0.0,5,7,1980.0,0.0,1959,0.0,98040,47.571,-122.227,2040.0,13964.0,2014-06-26,760000.0
3226049117,2.0,1.0,870.0,6126.0,1.0,0.0,0.0,4,7,870.0,0.0,1938,0.0,98125,47.7024,-122.322,1620.0,6126.0,2015-02-13,387500.0
6699940140,4.0,2.5,2470.0,5015.0,2.0,,0.0,3,8,2470.0,0.0,2004,0.0,98038,47.3457,-122.041,2470.0,5100.0,2014-09-08,352000.0
7702600160,3.0,1.75,2140.0,40098.0,1.0,0.0,0.0,5,8,1490.0,650.0,1950,0.0,98058,47.4296,-122.111,2220.0,35371.0,2014-07-09,507000.0
5379804730,3.0,1.0,770.0,9750.0,1.0,0.0,0.0,3,6,770.0,0.0,1941,0.0,98188,47.4509,-122.275,1560.0,10707.0,2014-07-18,156000.0
3383900058,3.0,3.25,1490.0,857.0,3.0,0.0,0.0,3,8,1220.0,270.0,2001,0.0,98102,47.6357,-122.324,1550.0,1092.0,2014-11-18,580000.0
629600030,4.0,2.5,2510.0,35020.0,1.0,0.0,0.0,4,8,1610.0,900.0,1977,0.0,98075,47.5834,-122.003,2080.0,34398.0,2014-07-14,630000.0
1823049171,5.0,1.5,1950.0,9000.0,1.0,0.0,0.0,3,7,1130.0,820.0,1964,0.0,98146,47.4882,-122.339,1680.0,9526.0,2014-12-18,275000.0
3760500516,5.0,4.0,3600.0,14720.0,1.0,,2.0,5,8,1800.0,1800.0,1960,0.0,98034,47.7022,-122.227,3600.0,15358.0,2014-07-24,835000.0
2641400160,4.0,2.5,2380.0,7850.0,2.0,0.0,0.0,3,8,2380.0,0.0,1995,0.0,98055,47.4356,-122.201,1940.0,7334.0,2014-12-05,340000.0
534000075,2.0,1.0,720.0,6687.0,1.0,0.0,0.0,3,6,720.0,0.0,1942,0.0,98117,47.7001,-122.362,840.0,6687.0,2014-05-06,329350.0
3892500070,3.0,3.5,4070.0,26000.0,2.0,,0.0,3,11,4070.0,0.0,1991,0.0,98033,47.659,-122.174,3770.0,26000.0,2014-07-28,1480000.0
224069084,3.0,1.0,1250.0,150117.0,1.0,0.0,0.0,3,7,1250.0,0.0,1975,0.0,98075,47.5956,-122.009,3060.0,50055.0,2015-03-25,475000.0
2767600400,3.0,2.25,2190.0,2416.0,3.0,0.0,0.0,3,8,2190.0,0.0,2014,0.0,98117,47.6758,-122.38,1510.0,3615.0,2014-11-18,719950.0
5347200160,1.0,1.0,810.0,2451.0,1.0,,0.0,5,7,810.0,0.0,1941,0.0,98126,47.5188,-122.376,980.0,1198.0,2014-05-12,235000.0
9553200125,3.0,1.5,2440.0,5750.0,1.0,0.0,0.0,3,8,1320.0,1120.0,1939,0.0,98115,47.6991,-122.296,2160.0,6820.0,2015-03-31,875000.0
5379804888,4.0,1.75,1740.0,9150.0,1.0,0.0,0.0,3,7,1740.0,0.0,1974,0.0,98188,47.4498,-122.28,1540.0,9147.0,2015-04-21,380000.0
421079105,3.0,2.25,1480.0,97138.0,1.5,0.0,0.0,3,7,1480.0,0.0,1984,0.0,98010,47.3317,-121.927,1730.0,176418.0,2015-03-09,325000.0
4215250030,4.0,2.5,2120.0,57050.0,2.0,0.0,0.0,3,9,2120.0,0.0,1989,0.0,98072,47.7611,-122.128,3320.0,39082.0,2014-08-19,475000.0
2420069017,1.0,1.0,900.0,4368.0,1.0,0.0,0.0,5,6,900.0,0.0,1915,19500.0,98022,47.2107,-121.99,1290.0,5000.0,2015-03-24,152900.0
2414600400,2.0,2.0,1190.0,7570.0,1.0,0.0,0.0,3,6,1190.0,0.0,1939,0.0,98146,47.5113,-122.338,1190.0,7635.0,2014-08-05,210000.0
2461900510,4.0,1.0,1010.0,6000.0,1.0,0.0,0.0,3,6,750.0,260.0,1925,0.0,98136,47.5518,-122.383,1450.0,6000.0,2014-09-26,350000.0
7695500200,3.0,2.5,2100.0,17882.0,2.0,0.0,0.0,4,8,2100.0,0.0,1985,0.0,98059,47.4754,-122.119,2080.0,16686.0,2015-03-23,505000.0
251200200,4.0,2.25,2020.0,8424.0,1.0,,0.0,4,7,1380.0,640.0,1979,0.0,98034,47.7262,-122.233,2030.0,7236.0,2014-06-27,464900.0
513000550,3.0,2.0,2520.0,5980.0,1.0,0.0,0.0,3,8,1790.0,730.0,1957,0.0,98116,47.5767,-122.383,1590.0,5750.0,2014-09-22,650000.0
8730000260,2.0,2.75,1370.0,1140.0,2.0,0.0,0.0,3,8,1080.0,290.0,2009,0.0,98133,47.7053,-122.342,1370.0,1090.0,2015-05-04,369950.0
3395040550,3.0,2.5,1530.0,2890.0,2.0,0.0,0.0,3,7,1530.0,0.0,2001,0.0,98108,47.5434,-122.293,1540.0,2890.0,2014-07-28,250000.0
3395040550,3.0,2.5,1530.0,2890.0,2.0,0.0,0.0,3,7,1530.0,0.0,2001,0.0,98108,47.5434,-122.293,1540.0,2890.0,2015-04-29,320000.0
9471200200,4.0,4.25,5040.0,16048.0,1.0,0.0,3.0,3,10,3420.0,1620.0,1950,0.0,98105,47.6702,-122.26,3960.0,14000.0,2015-03-25,2530000.0
5469700260,4.0,2.25,2530.0,24700.0,2.0,0.0,0.0,3,7,2530.0,0.0,1974,0.0,98031,47.3939,-122.177,2650.0,24700.0,2014-09-03,340000.0
2767600171,2.0,1.5,1010.0,1968.0,1.5,0.0,0.0,5,5,1010.0,0.0,1906,0.0,98107,47.6757,-122.385,1760.0,4200.0,2014-05-19,440000.0
898000200,3.0,1.0,1200.0,7727.0,1.0,0.0,0.0,4,7,1200.0,,1959,0.0,98022,47.2021,-121.999,1300.0,7718.0,2015-04-02,219950.0
5315100806,4.0,3.0,2720.0,11740.0,1.0,0.0,0.0,5,9,2720.0,0.0,1957,0.0,98040,47.5833,-122.242,2640.0,11740.0,2014-09-15,940000.0
9269200786,4.0,1.5,1850.0,6125.0,1.5,0.0,0.0,3,6,1110.0,740.0,1945,0.0,98126,47.5352,-122.37,990.0,6125.0,2014-07-22,399950.0
1118001370,3.0,2.75,2340.0,8828.0,1.0,0.0,0.0,4,9,2340.0,0.0,1954,0.0,98112,47.632,-122.289,3480.0,8526.0,2015-01-02,1570000.0
3558910640,4.0,1.75,1860.0,9750.0,1.0,0.0,0.0,3,7,1460.0,400.0,1969,0.0,98034,47.7097,-122.202,1900.0,8913.0,2015-04-01,528000.0
3761100341,4.0,1.75,1940.0,8990.0,1.0,0.0,0.0,4,8,1560.0,380.0,1956,0.0,98034,47.7021,-122.241,2310.0,11745.0,2014-08-28,545000.0
8682261070,2.0,2.0,1680.0,6194.0,1.0,0.0,0.0,3,8,1680.0,0.0,2004,0.0,98053,47.7136,-122.03,1900.0,5850.0,2015-04-27,575000.0
8732040810,4.0,2.75,1770.0,10184.0,1.0,0.0,0.0,3,8,1250.0,520.0,1979,0.0,98023,47.3074,-122.385,2070.0,8320.0,2014-11-04,235000.0
2991000400,3.0,2.5,1790.0,6371.0,2.0,0.0,0.0,3,8,1790.0,0.0,1998,0.0,98092,47.3291,-122.168,1850.0,6371.0,2014-07-23,272000.0
2155500030,4.0,1.75,1720.0,9600.0,1.0,0.0,0.0,4,8,1720.0,0.0,1969,0.0,98059,47.4764,-122.155,1660.0,10720.0,2015-04-28,380000.0
5727500102,3.0,1.0,1280.0,6967.0,1.5,0.0,0.0,3,7,1280.0,0.0,1949,0.0,98155,47.7512,-122.329,1280.0,7245.0,2015-04-26,195000.0
5104510370,3.0,2.5,1690.0,4988.0,2.0,0.0,0.0,3,7,1690.0,0.0,2002,0.0,98038,47.3561,-122.015,1830.0,4733.0,2014-10-14,297000.0
1895450200,4.0,2.5,2190.0,7294.0,2.0,0.0,0.0,3,8,2190.0,0.0,2003,0.0,98023,47.2923,-122.357,2240.0,7379.0,2015-04-15,349000.0
8122101146,2.0,1.0,710.0,5200.0,1.0,0.0,2.0,4,6,710.0,0.0,1942,0.0,98126,47.5376,-122.371,1610.0,5200.0,2014-09-29,320000.0
7789900030,4.0,1.5,1890.0,10707.0,1.0,0.0,0.0,3,7,1890.0,0.0,1962,0.0,98148,47.428,-122.326,1610.0,8827.0,2014-07-25,319990.0
6893300350,2.0,2.0,1410.0,12282.0,1.5,0.0,0.0,5,8,1410.0,0.0,1909,0.0,98024,47.5242,-121.926,1410.0,8931.0,2014-06-02,439900.0
4073800140,3.0,3.25,2210.0,3600.0,2.0,0.0,0.0,3,8,1820.0,390.0,1995,0.0,98125,47.7031,-122.279,2010.0,6690.0,2014-08-11,429000.0
538000030,3.0,2.0,1540.0,6250.0,1.0,0.0,0.0,3,7,1540.0,0.0,1998,0.0,98038,47.3539,-122.025,2070.0,6250.0,2014-07-30,272500.0
6632300478,4.0,2.0,1350.0,7255.0,1.0,0.0,0.0,4,7,1350.0,0.0,1959,0.0,98125,47.7287,-122.31,1050.0,7288.0,2014-09-16,400000.0
4083800340,5.0,2.0,1380.0,4300.0,1.5,0.0,0.0,3,7,1380.0,0.0,1916,0.0,98103,47.6647,-122.337,1830.0,3800.0,2015-04-02,462000.0
9214400135,2.0,1.0,890.0,6095.0,1.0,0.0,0.0,3,7,890.0,0.0,1947,0.0,98115,47.6823,-122.298,1450.0,5985.0,2015-03-10,510000.0
8944600200,3.0,2.5,1900.0,3255.0,2.0,0.0,0.0,3,8,1900.0,0.0,1988,20000.0,98007,47.6075,-122.147,1880.0,3350.0,2014-06-23,550000.0
8651430370,3.0,1.0,1240.0,5200.0,1.0,0.0,0.0,3,6,1240.0,0.0,1969,0.0,98042,47.3701,-122.079,870.0,5200.0,2015-04-25,150000.0
2296700260,3.0,2.5,1730.0,8490.0,1.0,0.0,0.0,3,7,1210.0,520.0,1969,0.0,98034,47.7187,-122.219,1870.0,7400.0,2014-06-26,460000.0
3066400140,4.0,2.5,2090.0,10306.0,2.0,0.0,0.0,3,10,2090.0,0.0,1986,0.0,98074,47.6304,-122.051,2660.0,11481.0,2014-06-20,632500.0
1771100240,3.0,1.75,1650.0,11220.0,1.0,0.0,0.0,4,7,1650.0,0.0,1969,0.0,98077,47.7567,-122.071,1340.0,10129.0,2014-09-25,361000.0
461003251,3.0,2.25,1130.0,1221.0,2.0,0.0,0.0,3,8,1030.0,100.0,2004,0.0,98117,47.6799,-122.375,1300.0,5000.0,2014-08-01,437000.0
8699100240,6.0,2.75,3240.0,5750.0,1.0,0.0,0.0,4,6,2160.0,1080.0,1950,0.0,98002,47.3054,-122.221,1230.0,5750.0,2015-05-05,370000.0
8691350200,4.0,2.5,3840.0,12151.0,2.0,0.0,0.0,3,10,3840.0,0.0,1998,0.0,98075,47.5953,-121.986,3560.0,11044.0,2015-04-17,884250.0
2525300550,3.0,1.0,1200.0,9936.0,1.0,,0.0,4,6,1200.0,0.0,1969,0.0,98038,47.3609,-122.029,1200.0,10189.0,2014-06-03,225000.0
7452500045,2.0,1.0,870.0,5000.0,1.0,0.0,0.0,3,6,870.0,0.0,1949,0.0,98126,47.5186,-122.375,820.0,5000.0,2014-08-05,235000.0
2489200070,6.0,3.5,2410.0,6000.0,2.0,0.0,4.0,3,9,2220.0,190.0,1916,19900.0,98136,47.54,-122.382,1980.0,6000.0,2014-07-20,767500.0
3623500260,3.0,1.75,1560.0,8078.0,1.5,1.0,4.0,4,6,1560.0,0.0,1928,0.0,98040,47.5779,-122.246,2890.0,16710.0,2014-05-12,1200000.0
425069104,3.0,2.5,2410.0,46609.0,2.0,0.0,0.0,3,9,2410.0,0.0,1989,0.0,98053,47.6789,-122.048,3370.0,40072.0,2014-12-15,715000.0
2239800070,4.0,2.25,2300.0,7700.0,1.0,0.0,0.0,3,7,1380.0,920.0,1959,0.0,98125,47.7137,-122.322,2010.0,8820.0,2014-06-27,417000.0
2618300350,3.0,1.0,1390.0,12145.0,1.0,0.0,0.0,4,7,1390.0,0.0,1964,0.0,98042,47.4225,-122.15,1030.0,10800.0,2014-07-18,199000.0
1336800160,5.0,2.5,2920.0,5568.0,2.0,0.0,0.0,3,8,2320.0,600.0,1906,0.0,98112,47.6265,-122.312,2970.0,5568.0,2014-06-05,875000.0
7519000570,4.0,1.5,1370.0,3708.0,1.5,0.0,0.0,3,7,1370.0,0.0,1926,0.0,98117,47.6849,-122.363,2030.0,3708.0,2014-11-10,545000.0
257000105,2.0,1.0,950.0,7692.0,1.0,0.0,0.0,3,6,950.0,0.0,1926,0.0,98168,47.4909,-122.298,1820.0,8221.0,2014-05-20,192500.0
4401200350,3.0,2.5,3090.0,7708.0,2.0,0.0,0.0,3,10,3090.0,0.0,1999,0.0,98052,47.6868,-122.108,3140.0,8592.0,2015-02-10,822500.0
6402300070,4.0,2.5,2390.0,10000.0,1.0,0.0,0.0,3,9,1590.0,800.0,1975,0.0,98040,47.5801,-122.229,1900.0,9752.0,2014-12-08,800000.0
5317100570,3.0,2.5,2070.0,4944.0,2.0,0.0,0.0,3,9,2070.0,0.0,1930,0.0,98112,47.6256,-122.284,3300.0,6179.0,2014-12-15,1250000.0
8106100105,4.0,4.25,5770.0,21300.0,2.0,1.0,4.0,4,11,5770.0,0.0,1980,0.0,98040,47.585,-122.222,4620.0,22748.0,2014-11-14,3850000.0
9407150240,3.0,2.5,1460.0,7936.0,2.0,0.0,0.0,3,7,1460.0,0.0,1995,0.0,98038,47.3673,-122.017,1830.0,7936.0,2014-10-01,295000.0
8682291940,2.0,1.75,1510.0,4980.0,1.0,,0.0,3,8,1510.0,0.0,2006,0.0,98053,47.7191,-122.023,1350.0,4157.0,2014-06-30,419000.0
4139420070,5.0,3.25,5180.0,19606.0,1.0,0.0,0.0,3,11,2610.0,2570.0,1993,0.0,98006,47.555,-122.114,4050.0,15296.0,2014-09-10,1200000.0
629400340,4.0,2.75,3430.0,13907.0,2.0,0.0,0.0,3,11,3430.0,0.0,1995,0.0,98075,47.5879,-121.993,3250.0,13851.0,2014-12-22,750000.0
3380900160,4.0,1.5,1700.0,8400.0,1.0,0.0,0.0,3,7,1700.0,0.0,1953,0.0,98177,47.7677,-122.359,1750.0,8475.0,2015-04-28,502000.0
2175100270,3.0,1.75,2640.0,8000.0,1.0,0.0,3.0,4,9,1320.0,1320.0,1960,0.0,98040,47.5826,-122.246,2740.0,6000.0,2014-06-04,1030000.0
3448000270,3.0,1.0,1200.0,15960.0,1.5,0.0,0.0,3,6,1200.0,0.0,1945,0.0,98125,47.7163,-122.299,1120.0,7800.0,2015-03-13,398500.0
8701600510,2.0,1.5,1850.0,4945.0,1.5,0.0,2.0,4,7,1850.0,0.0,1907,19690.0,98126,47.5742,-122.379,1850.0,4950.0,2015-04-14,700000.0
6083000083,5.0,1.5,1510.0,9078.0,1.0,0.0,0.0,4,7,1510.0,0.0,1959,0.0,98168,47.4852,-122.305,1480.0,9078.0,2014-06-11,248000.0
9178600135,4.0,2.0,2130.0,2800.0,1.0,0.0,0.0,5,7,1070.0,1060.0,1922,0.0,98103,47.6545,-122.333,1990.0,3990.0,2014-08-26,800000.0
1721059286,4.0,2.5,2640.0,8055.0,2.0,0.0,0.0,3,9,2640.0,0.0,2004,0.0,98092,47.315,-122.193,1650.0,8055.0,2015-01-21,383000.0
8161600135,4.0,3.0,3000.0,4000.0,1.5,0.0,3.0,3,8,1970.0,1030.0,1913,20140.0,98144,47.5744,-122.307,1900.0,4000.0,2014-05-27,688000.0
2568300132,3.0,2.0,1870.0,5455.0,1.0,0.0,0.0,5,7,1060.0,810.0,1926,0.0,98125,47.7029,-122.297,1870.0,7435.0,2014-10-08,521000.0
6414100111,2.0,1.0,990.0,9223.0,1.0,0.0,0.0,3,7,990.0,0.0,1949,0.0,98125,47.72,-122.32,1230.0,7244.0,2014-11-05,365000.0
9818700320,3.0,2.0,2005.0,7000.0,1.0,0.0,0.0,3,7,1605.0,400.0,1980,0.0,98122,47.6039,-122.298,1750.0,4500.0,2014-10-07,491000.0
686200510,3.0,2.75,2030.0,7700.0,1.0,0.0,0.0,5,8,1400.0,630.0,1965,0.0,98008,47.626,-122.112,1780.0,8160.0,2014-11-22,643000.0
3279000370,3.0,2.5,1500.0,7350.0,1.0,0.0,0.0,2,7,1060.0,440.0,1979,0.0,98023,47.3025,-122.382,1390.0,7770.0,2015-02-02,279000.0
2767601031,4.0,1.0,1530.0,3900.0,1.5,0.0,0.0,4,7,1530.0,0.0,1908,0.0,98107,47.6748,-122.379,1300.0,3900.0,2015-02-02,583500.0
4142450510,3.0,2.5,1990.0,3600.0,2.0,0.0,0.0,3,7,1990.0,0.0,2004,0.0,98038,47.3841,-122.041,1790.0,3600.0,2014-07-23,310000.0
3291800510,3.0,1.75,1420.0,7650.0,1.0,,0.0,4,7,1100.0,320.0,1984,0.0,98056,47.4892,-122.182,1810.0,7650.0,2014-06-10,310000.0
7893203450,3.0,1.0,1400.0,13975.0,1.0,0.0,0.0,4,6,1400.0,0.0,1956,0.0,98198,47.4195,-122.33,1260.0,7500.0,2015-03-23,280000.0
908000260,4.0,2.5,1870.0,5692.0,2.0,0.0,0.0,3,7,1870.0,0.0,2004,0.0,98058,47.4334,-122.148,2390.0,5293.0,2014-11-17,272000.0
3225069239,4.0,3.0,3040.0,36246.0,1.5,0.0,0.0,3,9,2680.0,360.0,1923,20140.0,98074,47.6093,-122.07,3520.0,13178.0,2014-07-07,870000.0
8645540320,3.0,2.0,1790.0,7259.0,1.0,0.0,0.0,3,7,1390.0,400.0,1980,0.0,98058,47.4643,-122.171,1790.0,7700.0,2014-11-18,307000.0
9280200030,2.0,1.5,1590.0,4500.0,1.0,0.0,0.0,4,7,920.0,670.0,1946,0.0,98116,47.5831,-122.392,1900.0,4450.0,2014-07-17,490000.0
6159400030,3.0,2.0,2050.0,9396.0,1.0,0.0,0.0,5,7,1170.0,880.0,1960,0.0,98155,47.7447,-122.328,1680.0,9391.0,2014-10-08,399950.0
7787400030,5.0,3.5,4220.0,26784.0,1.0,0.0,0.0,3,10,2110.0,2110.0,1958,20060.0,98004,47.6003,-122.206,3450.0,33945.0,2014-06-09,1640000.0
1888120140,5.0,4.5,4030.0,13474.0,2.0,0.0,0.0,3,11,4030.0,0.0,2000,0.0,98075,47.5812,-121.995,3860.0,12438.0,2014-07-09,989000.0
2916620240,4.0,1.75,1770.0,9011.0,1.0,0.0,0.0,5,7,1050.0,720.0,1983,0.0,98042,47.3646,-122.076,1410.0,8530.0,2014-06-18,264950.0
251200240,4.0,2.75,2100.0,7236.0,1.0,0.0,0.0,3,8,1400.0,700.0,1979,0.0,98034,47.7267,-122.232,1900.0,7519.0,2014-07-25,491500.0
7695500240,3.0,2.25,2120.0,15003.0,2.0,0.0,0.0,3,7,2120.0,0.0,1984,0.0,98059,47.4745,-122.12,2070.0,15203.0,2014-05-14,345000.0
7749500070,4.0,1.75,2600.0,18042.0,1.0,0.0,0.0,4,8,2020.0,580.0,1969,0.0,98092,47.2969,-122.189,2200.0,9408.0,2015-01-19,339900.0
6762700340,3.0,3.0,2400.0,4000.0,2.0,0.0,0.0,3,7,1860.0,540.0,1905,0.0,98102,47.6288,-122.321,1750.0,3940.0,2015-04-27,852000.0
824069121,5.0,3.5,3180.0,40946.0,1.0,0.0,3.0,3,7,1690.0,1490.0,1968,0.0,98075,47.5833,-122.073,2430.0,29620.0,2014-12-22,585000.0
2600100370,4.0,2.0,2790.0,8793.0,1.0,0.0,0.0,4,8,1640.0,1150.0,1977,0.0,98006,47.5509,-122.16,2400.0,9286.0,2015-02-11,723000.0
2326059082,3.0,2.25,2080.0,70567.0,2.0,0.0,0.0,3,8,2080.0,0.0,1990,0.0,98072,47.7221,-122.124,3730.0,43560.0,2015-01-26,594000.0
2591010240,2.0,1.5,1370.0,4102.0,2.0,0.0,0.0,4,7,1370.0,0.0,1987,0.0,98033,47.6943,-122.184,1380.0,3211.0,2014-12-01,405000.0
1085610030,4.0,2.5,2790.0,74495.0,2.0,0.0,0.0,3,9,2790.0,0.0,1997,0.0,98053,47.6628,-122.056,2790.0,24643.0,2014-08-01,725500.0
9551202025,2.0,1.0,1740.0,5719.0,1.0,0.0,0.0,3,8,1740.0,0.0,1955,0.0,98103,47.6729,-122.335,1980.0,5000.0,2014-06-25,800000.0
4379600030,3.0,3.75,6400.0,76665.0,1.0,0.0,2.0,4,10,3810.0,,1966,0.0,98177,47.7313,-122.37,3430.0,60548.0,2014-07-29,1330000.0
4345000510,3.0,2.5,1800.0,8518.0,2.0,,0.0,3,7,1800.0,0.0,1996,0.0,98030,47.3643,-122.185,1770.0,7570.0,2014-10-15,180500.0
4345000510,3.0,2.5,1800.0,8518.0,2.0,,0.0,3,7,1800.0,0.0,1996,0.0,98030,47.3643,-122.185,1770.0,7570.0,2015-04-28,325000.0
3327000140,3.0,1.75,1190.0,7280.0,1.0,0.0,0.0,4,7,1190.0,,1968,0.0,98092,47.3151,-122.19,1250.0,7800.0,2014-06-17,235000.0
7100000135,2.0,1.0,860.0,8308.0,1.0,0.0,0.0,4,7,860.0,0.0,1948,0.0,98146,47.5075,-122.377,1310.0,8308.0,2014-05-20,330000.0
2483200060,3.0,2.0,2460.0,6600.0,1.0,0.0,2.0,4,8,1370.0,1090.0,1952,0.0,98136,47.5215,-122.383,2150.0,6600.0,2014-06-12,678500.0
2592400550,4.0,2.5,1980.0,6660.0,2.0,0.0,0.0,4,7,1980.0,0.0,1974,0.0,98034,47.7158,-122.167,1980.0,7150.0,2014-07-09,463000.0
2113701200,2.0,1.0,670.0,4640.0,1.0,0.0,0.0,3,6,670.0,0.0,1943,0.0,98106,47.53,-122.351,870.0,4501.0,2014-09-12,250000.0
5249804510,3.0,2.0,1410.0,4800.0,1.5,0.0,0.0,4,8,1410.0,0.0,1927,0.0,98118,47.5597,-122.267,1820.0,7200.0,2014-07-16,655000.0
9264901040,4.0,2.25,1860.0,7000.0,1.0,0.0,0.0,3,8,1120.0,740.0,1979,0.0,98023,47.3127,-122.339,1990.0,8937.0,2014-05-16,239900.0
7967600069,3.0,1.0,980.0,9135.0,1.0,0.0,0.0,3,7,980.0,,1955,0.0,98001,47.3496,-122.289,1780.0,9135.0,2014-11-17,185000.0
4219400520,4.0,2.25,3040.0,5000.0,2.0,0.0,3.0,4,9,2080.0,960.0,1926,0.0,98105,47.6565,-122.278,2870.0,5000.0,2014-06-16,1740000.0
3810000202,3.0,2.25,1810.0,11800.0,1.0,0.0,0.0,3,7,1240.0,570.0,1977,0.0,98178,47.4997,-122.231,1810.0,5641.0,2014-09-05,251700.0
1226039129,4.0,2.0,1560.0,8250.0,1.0,0.0,0.0,3,8,1320.0,240.0,1964,0.0,98177,47.7565,-122.358,1870.0,8258.0,2015-02-09,400000.0
8146100370,4.0,1.75,2100.0,7960.0,1.0,0.0,0.0,3,8,1340.0,760.0,1955,0.0,98004,47.6079,-122.195,2060.0,7960.0,2014-09-04,735000.0
1224059053,5.0,2.0,2500.0,15250.0,2.0,1.0,4.0,5,8,2500.0,0.0,1942,0.0,98008,47.5883,-122.111,1880.0,18782.0,2014-10-27,1700000.0
1623049041,2.0,1.0,520.0,22334.0,1.0,0.0,0.0,2,5,520.0,0.0,1951,0.0,98168,47.4799,-122.296,1572.0,10570.0,2014-05-08,82500.0
98020140,4.0,4.0,3010.0,7221.0,2.0,0.0,0.0,3,10,3010.0,0.0,2004,0.0,98075,47.5833,-121.97,3490.0,7518.0,2014-07-08,765000.0
9510900070,4.0,1.75,2140.0,8162.0,1.0,0.0,0.0,3,7,1420.0,720.0,1968,0.0,98023,47.3096,-122.377,2040.0,7632.0,2014-09-23,292500.0
2473381090,3.0,2.25,2390.0,7000.0,1.0,0.0,0.0,4,7,1990.0,400.0,1970,0.0,98058,47.4568,-122.169,1610.0,7000.0,2015-03-25,270000.0
6378500105,2.0,1.0,1510.0,6807.0,1.0,0.0,0.0,3,7,1090.0,420.0,1939,0.0,98133,47.711,-122.353,1460.0,6807.0,2014-12-24,415000.0
3861400030,4.0,1.75,2210.0,19025.0,1.0,0.0,0.0,4,7,1460.0,750.0,1952,0.0,98004,47.5927,-122.203,2640.0,14999.0,2014-11-24,950000.0
705700640,3.0,2.75,2170.0,8396.0,2.0,0.0,0.0,3,7,2170.0,0.0,1995,0.0,98038,47.3812,-122.023,2170.0,8378.0,2014-09-16,353000.0
2767603210,3.0,2.5,1790.0,2375.0,3.0,0.0,0.0,3,8,1790.0,0.0,2007,0.0,98107,47.6726,-122.38,1450.0,2400.0,2014-12-10,670950.0
3294700030,3.0,1.75,1390.0,8700.0,1.0,,3.0,4,7,840.0,550.0,1912,0.0,98055,47.4725,-122.202,1390.0,10875.0,2014-05-09,280950.0
7524950830,3.0,1.75,1850.0,7735.0,1.0,0.0,0.0,4,8,1850.0,0.0,1983,0.0,98027,47.5608,-122.082,2220.0,7639.0,2014-05-27,585000.0
2124069078,2.0,1.5,1480.0,43645.0,1.0,0.0,0.0,3,8,1480.0,0.0,1974,0.0,98027,47.5484,-122.045,1600.0,34326.0,2014-12-11,525000.0
5728000060,3.0,1.75,1850.0,8823.0,1.0,0.0,0.0,4,8,1370.0,480.0,1973,0.0,98008,47.6379,-122.112,1880.0,7580.0,2014-08-01,605000.0
2880100160,4.0,3.5,3350.0,3752.0,2.0,0.0,0.0,3,9,2550.0,800.0,2007,0.0,98117,47.6782,-122.365,1050.0,4960.0,2014-11-19,1010000.0
4435000520,3.0,1.0,1040.0,8410.0,1.0,0.0,0.0,3,7,1040.0,,1942,20140.0,98188,47.453,-122.289,1350.0,8410.0,2014-09-26,245990.0
8856900310,4.0,2.25,2810.0,12607.0,2.0,0.0,0.0,3,10,2810.0,0.0,1985,0.0,98058,47.4585,-122.13,2810.0,17400.0,2015-02-03,535000.0
4315700390,1.0,1.5,1010.0,5750.0,1.0,0.0,0.0,3,7,1010.0,0.0,1911,19480.0,98136,47.5411,-122.392,1230.0,5750.0,2014-06-30,410000.0
2095800520,3.0,2.5,2250.0,7752.0,2.0,0.0,0.0,4,8,2250.0,0.0,1988,0.0,98011,47.7489,-122.185,2080.0,7033.0,2015-04-24,550000.0
4193500140,3.0,1.75,1800.0,8000.0,1.0,0.0,0.0,3,8,1800.0,0.0,1972,0.0,98008,47.6357,-122.119,1950.0,8500.0,2014-09-11,665000.0
3582200200,3.0,1.0,2400.0,17239.0,1.0,0.0,0.0,4,7,1890.0,510.0,1940,0.0,98028,47.75,-122.245,2390.0,7350.0,2015-04-27,455000.0
9521100106,4.0,1.0,1780.0,4000.0,1.5,0.0,0.0,3,7,1780.0,0.0,1922,0.0,98103,47.6624,-122.354,1750.0,4000.0,2014-08-26,440000.0
7351000160,3.0,2.25,2120.0,14915.0,1.0,0.0,0.0,3,9,1720.0,400.0,1979,0.0,98001,47.3524,-122.285,2320.0,13100.0,2014-07-08,332000.0
5422420140,3.0,2.5,1860.0,6607.0,2.0,0.0,0.0,3,7,1860.0,0.0,1989,0.0,98023,47.2891,-122.351,1760.0,6766.0,2014-06-11,280000.0
7234601162,3.0,3.5,1460.0,1021.0,2.0,0.0,0.0,3,8,1150.0,310.0,2006,0.0,98122,47.6169,-122.309,1460.0,1245.0,2014-09-15,570000.0
6623400217,3.0,1.0,1230.0,10350.0,1.0,0.0,0.0,4,7,1230.0,0.0,1957,0.0,98055,47.428,-122.199,1510.0,10427.0,2014-05-15,250000.0
3354400060,2.0,1.0,1088.0,8453.0,1.0,0.0,0.0,3,6,1088.0,0.0,1952,20090.0,98001,47.2685,-122.231,1088.0,8016.0,2015-05-01,238000.0
408100105,3.0,1.0,800.0,5760.0,1.0,0.0,0.0,3,6,700.0,,1949,0.0,98155,47.7505,-122.317,1060.0,6628.0,2014-11-03,265000.0
7297700055,3.0,1.0,1190.0,10350.0,1.0,0.0,0.0,4,7,1190.0,0.0,1959,0.0,98028,47.7428,-122.244,1850.0,10500.0,2015-03-05,306000.0
8029740060,5.0,2.75,1940.0,4182.0,1.0,0.0,0.0,3,7,1240.0,700.0,2002,0.0,98056,47.4911,-122.17,1950.0,4182.0,2015-05-07,345000.0
1355200060,4.0,2.5,3300.0,10764.0,1.0,0.0,0.0,4,9,1720.0,1580.0,1971,0.0,98177,47.7119,-122.365,2290.0,10975.0,2014-09-04,765000.0
4136890560,4.0,2.5,2590.0,11018.0,2.0,0.0,0.0,3,8,2590.0,0.0,1998,0.0,98092,47.2634,-122.211,2400.0,8042.0,2015-04-30,346300.0
1320069271,3.0,2.0,2080.0,11375.0,1.0,0.0,0.0,3,8,2080.0,0.0,2002,0.0,98022,47.214,-121.993,1080.0,12899.0,2014-06-12,342500.0
9269260240,4.0,2.25,2680.0,5439.0,2.0,0.0,0.0,3,7,2680.0,0.0,2000,0.0,98011,47.7534,-122.218,2460.0,4473.0,2015-04-24,501000.0
1796381070,3.0,2.5,1670.0,8364.0,1.0,0.0,0.0,4,7,1300.0,370.0,1990,0.0,98042,47.369,-122.084,1490.0,8143.0,2014-06-25,270000.0
6840701125,3.0,1.0,1830.0,4400.0,1.5,0.0,0.0,4,8,1720.0,110.0,1930,0.0,98122,47.6052,-122.3,1650.0,4400.0,2015-04-22,638000.0
7443000640,3.0,1.75,1400.0,2003.0,1.0,0.0,0.0,4,8,700.0,700.0,1908,20060.0,98119,47.6508,-122.368,1370.0,1281.0,2014-09-12,460000.0
6344000060,4.0,1.75,2770.0,8521.0,1.0,0.0,0.0,4,7,1470.0,1300.0,1953,0.0,98004,47.6255,-122.199,1910.0,9380.0,2014-10-15,760000.0
3317500030,3.0,2.5,3630.0,11019.0,1.0,,0.0,4,9,2150.0,1480.0,1972,0.0,98040,47.561,-122.226,3150.0,13555.0,2015-03-16,1090000.0
2130702270,3.0,1.0,1040.0,8128.0,1.0,0.0,0.0,3,6,1040.0,0.0,1983,0.0,98019,47.7425,-121.981,1520.0,7500.0,2014-06-28,234000.0
3343301920,3.0,2.75,2690.0,8890.0,2.0,1.0,4.0,4,10,2690.0,0.0,1975,0.0,98006,47.5487,-122.197,2940.0,8890.0,2015-03-02,1650000.0
2688100075,5.0,2.0,2020.0,5000.0,1.5,0.0,0.0,4,7,2020.0,0.0,1938,0.0,98117,47.6949,-122.37,1510.0,6600.0,2014-05-06,488000.0
6448600060,5.0,2.5,2450.0,20805.0,2.0,0.0,0.0,4,9,2450.0,0.0,1963,0.0,98004,47.6275,-122.227,3020.0,20324.0,2015-02-26,1550000.0
6619510060,4.0,3.0,2030.0,12675.0,2.0,0.0,0.0,3,7,2030.0,0.0,1982,0.0,98177,47.7689,-122.379,1990.0,7705.0,2015-03-27,499000.0
4058802105,3.0,1.0,1450.0,6776.0,1.0,0.0,0.0,3,7,1450.0,0.0,1952,0.0,98178,47.5056,-122.244,1680.0,7200.0,2014-09-04,150000.0
7212660640,4.0,2.5,2400.0,7270.0,2.0,0.0,0.0,3,8,2400.0,0.0,1993,0.0,98003,47.2697,-122.312,2150.0,6584.0,2015-03-26,333000.0
8026700105,4.0,2.75,2870.0,8625.0,1.0,0.0,1.0,4,8,1860.0,1010.0,1959,0.0,98155,47.7425,-122.289,2430.0,8479.0,2015-02-18,700000.0
8018600640,4.0,1.0,1340.0,22500.0,1.5,0.0,0.0,3,7,1340.0,0.0,1926,0.0,98168,47.489,-122.316,1620.0,10800.0,2014-09-18,275000.0
623049315,3.0,2.5,1680.0,11312.0,1.0,0.0,0.0,3,7,1080.0,600.0,1959,0.0,98146,47.5051,-122.344,1390.0,10700.0,2014-07-01,330000.0
6632900340,4.0,2.0,1850.0,8827.0,1.0,0.0,0.0,3,7,1850.0,0.0,1969,0.0,98155,47.7406,-122.313,1310.0,6901.0,2014-11-24,360000.0
6798100070,3.0,1.0,1220.0,8040.0,1.5,0.0,0.0,3,7,1220.0,0.0,1965,0.0,98125,47.7133,-122.308,1360.0,8040.0,2015-05-11,467000.0
8644400060,3.0,2.5,2320.0,57063.0,1.0,,0.0,4,9,1790.0,530.0,1979,0.0,98074,47.6163,-122.056,3290.0,7314.0,2014-10-29,568000.0
4388600030,5.0,2.25,3220.0,9603.0,2.0,0.0,0.0,3,8,3220.0,0.0,1972,0.0,98052,47.6474,-122.11,2260.0,10093.0,2014-11-03,605000.0
629420260,4.0,2.75,3190.0,9023.0,2.0,0.0,0.0,3,9,3190.0,0.0,2005,0.0,98075,47.5898,-121.989,3159.0,5615.0,2014-10-02,750000.0
1117200550,3.0,2.75,3530.0,69834.0,2.0,0.0,0.0,3,10,3530.0,0.0,1994,0.0,98053,47.6377,-121.995,3560.0,74256.0,2014-10-14,760000.0
7461420060,3.0,1.75,2050.0,10519.0,1.0,0.0,0.0,3,7,1240.0,810.0,1979,0.0,98058,47.4257,-122.146,1770.0,9605.0,2014-08-04,265000.0
5566100060,3.0,1.75,1720.0,12540.0,1.0,0.0,0.0,4,7,1720.0,0.0,1956,0.0,98006,47.5699,-122.177,1440.0,11850.0,2014-07-18,490000.0
7714000340,4.0,2.5,2850.0,4650.0,2.0,,0.0,3,8,2850.0,0.0,2004,0.0,98038,47.3552,-122.026,2850.0,4650.0,2014-06-19,360000.0
5149300400,4.0,2.25,2270.0,12000.0,1.0,0.0,0.0,4,7,1290.0,980.0,1976,0.0,98023,47.3287,-122.353,2030.0,23980.0,2015-02-06,311750.0
3815500045,3.0,2.25,1880.0,12473.0,1.0,0.0,0.0,3,8,1420.0,460.0,1958,0.0,98028,47.7623,-122.256,2300.0,10469.0,2014-10-03,399000.0
1843100520,4.0,2.5,2770.0,9751.0,2.0,,0.0,3,8,2770.0,0.0,1989,0.0,98042,47.3739,-122.126,2370.0,6950.0,2014-07-25,347000.0
1329000030,4.0,3.75,4490.0,34982.0,2.0,0.0,0.0,3,12,4490.0,0.0,1998,0.0,98005,47.6406,-122.156,4470.0,37525.0,2014-09-04,1680000.0
7853240560,4.0,2.5,3110.0,6479.0,2.0,0.0,0.0,3,9,3110.0,,2005,0.0,98065,47.5408,-121.861,3110.0,7075.0,2014-09-03,585000.0
8078100260,4.0,2.5,2360.0,7475.0,2.0,0.0,0.0,3,8,2360.0,0.0,1992,0.0,98031,47.4052,-122.17,2280.0,7570.0,2014-09-12,340000.0
3905120830,3.0,2.5,2180.0,5496.0,2.0,0.0,0.0,3,8,2180.0,0.0,1994,0.0,98029,47.5723,-122.007,2120.0,5496.0,2015-04-15,612000.0
1442800400,2.0,1.75,1910.0,3376.0,2.0,0.0,0.0,3,8,1910.0,0.0,1980,0.0,98038,47.3733,-122.057,1470.0,3623.0,2014-06-28,230000.0
3905000200,4.0,2.5,2260.0,7753.0,2.0,0.0,0.0,3,9,2260.0,0.0,1989,0.0,98029,47.5752,-121.995,2690.0,8924.0,2014-05-09,604000.0
4399200075,3.0,1.75,1770.0,8868.0,1.0,0.0,0.0,4,7,1770.0,0.0,1959,0.0,98002,47.3188,-122.212,1630.0,9706.0,2014-07-03,250000.0
1545802830,3.0,2.0,1460.0,7930.0,1.0,0.0,0.0,3,7,1460.0,0.0,1989,0.0,98038,47.359,-122.049,1630.0,7930.0,2015-03-09,258500.0
1370804100,4.0,2.75,2080.0,5000.0,1.0,0.0,0.0,5,8,1470.0,610.0,1940,0.0,98199,47.6422,-122.403,1970.0,5000.0,2015-03-24,783000.0
269000240,5.0,2.25,2960.0,7680.0,1.0,0.0,2.0,5,8,1550.0,1410.0,1958,0.0,98199,47.6456,-122.389,2860.0,7680.0,2014-10-30,1050000.0
2619920030,4.0,2.5,3220.0,4031.0,2.0,0.0,0.0,3,9,3220.0,0.0,2002,0.0,98033,47.688,-122.163,3150.0,5083.0,2015-03-18,760000.0
3438500339,3.0,1.0,1140.0,5000.0,1.0,0.0,0.0,3,7,1140.0,0.0,1960,0.0,98106,47.5535,-122.362,1140.0,5000.0,2014-05-26,276000.0
8563001070,4.0,2.0,1660.0,12377.0,1.0,0.0,0.0,3,8,1660.0,0.0,1966,0.0,98008,47.6231,-122.102,1820.0,8968.0,2015-03-23,550000.0
4427100105,4.0,1.0,1430.0,6240.0,1.5,0.0,0.0,5,7,1430.0,0.0,1953,0.0,98125,47.7272,-122.311,1410.0,6240.0,2015-04-28,398000.0
2767800140,3.0,3.0,1820.0,4300.0,1.5,0.0,0.0,4,8,1620.0,200.0,1914,19830.0,98107,47.6711,-122.364,1440.0,4300.0,2015-03-13,775000.0
2600140070,4.0,3.0,3540.0,10202.0,2.0,,0.0,3,8,2720.0,820.0,1988,0.0,98006,47.5471,-122.155,2780.0,10714.0,2015-04-09,1030000.0
7231501610,4.0,1.0,1620.0,6000.0,1.5,0.0,0.0,5,7,1620.0,0.0,1905,0.0,98055,47.4763,-122.206,1310.0,6000.0,2014-10-23,327000.0
2787250240,4.0,2.75,3100.0,14568.0,2.0,0.0,0.0,3,8,3100.0,0.0,1995,0.0,98019,47.7302,-121.974,2860.0,14396.0,2015-04-21,564500.0
5309100295,4.0,1.75,1500.0,6820.0,1.5,0.0,0.0,5,7,1500.0,,1905,0.0,98117,47.6794,-122.37,1360.0,4125.0,2014-10-17,782000.0
2781260370,4.0,2.5,2820.0,5510.0,2.0,0.0,0.0,3,9,2820.0,0.0,2005,0.0,98038,47.3477,-122.024,2820.0,5510.0,2015-01-28,398000.0
1926059155,3.0,1.75,1850.0,10920.0,1.5,,0.0,3,6,1850.0,0.0,1915,0.0,98034,47.7244,-122.222,1510.0,7871.0,2015-01-30,257000.0
7137900960,4.0,2.0,1570.0,9415.0,2.0,0.0,0.0,4,7,1570.0,0.0,1984,0.0,98092,47.3168,-122.174,1550.0,8978.0,2014-06-25,235000.0
2817100570,4.0,2.75,2300.0,37533.0,1.0,0.0,3.0,5,8,1550.0,750.0,1979,0.0,98070,47.3714,-122.431,2130.0,10092.0,2014-06-27,453000.0
3886902445,2.0,1.0,920.0,9000.0,1.0,0.0,0.0,1,6,920.0,0.0,1954,0.0,98033,47.6831,-122.189,1760.0,8400.0,2015-03-16,535000.0
2215902010,3.0,2.5,1600.0,7000.0,2.0,,0.0,4,8,1600.0,0.0,1993,0.0,98038,47.3534,-122.057,1700.0,7000.0,2014-05-07,275000.0
1778350270,3.0,2.5,2630.0,10047.0,2.0,,0.0,3,9,2630.0,0.0,1996,0.0,98027,47.5515,-122.083,2640.0,10620.0,2014-09-15,665000.0
1449000270,4.0,2.75,3020.0,13530.0,1.0,0.0,0.0,4,8,1540.0,1480.0,1977,0.0,98052,47.6299,-122.099,2230.0,11896.0,2014-08-06,670000.0
3755100520,3.0,1.75,1490.0,10757.0,1.0,0.0,0.0,3,7,1060.0,430.0,1966,0.0,98034,47.72,-122.229,1490.0,10609.0,2015-04-27,465000.0
8651441620,3.0,1.5,1160.0,5200.0,1.0,0.0,0.0,5,7,1160.0,0.0,1970,0.0,98042,47.364,-122.094,1170.0,5200.0,2014-10-23,210000.0
1321970240,4.0,2.5,2040.0,4443.0,2.0,0.0,0.0,3,8,2040.0,0.0,2001,0.0,98092,47.3182,-122.189,2040.0,4637.0,2014-12-04,265000.0
6816300060,2.0,2.5,1550.0,2657.0,2.0,,0.0,4,8,1550.0,0.0,1987,0.0,98033,47.7034,-122.188,1570.0,2442.0,2015-04-13,426000.0
8563000520,4.0,2.25,1990.0,7610.0,1.0,0.0,0.0,4,8,1290.0,700.0,1966,0.0,98008,47.6236,-122.103,1820.0,8198.0,2014-10-29,529219.0
3663000070,3.0,2.25,1900.0,46609.0,1.5,0.0,0.0,4,7,1440.0,460.0,1969,0.0,98072,47.7529,-122.116,2460.0,43560.0,2014-07-08,600000.0
255400070,5.0,3.5,3840.0,8279.0,2.0,,0.0,3,9,3840.0,0.0,2001,0.0,98074,47.6039,-122.059,3570.0,8279.0,2014-07-01,875000.0
269000070,4.0,3.0,2400.0,7680.0,1.0,0.0,0.0,3,7,1200.0,1200.0,1956,0.0,98199,47.6466,-122.389,2670.0,6342.0,2015-01-06,608000.0
1163400070,3.0,1.0,1660.0,21514.0,1.0,0.0,0.0,4,7,1660.0,0.0,1973,0.0,98022,47.2159,-121.964,1660.0,21600.0,2014-11-12,220000.0
4139420370,4.0,5.0,6055.0,21630.0,1.0,0.0,3.0,4,12,3555.0,2500.0,1996,0.0,98006,47.5524,-122.112,4890.0,19223.0,2014-08-11,1760000.0
2599200160,3.0,2.0,2030.0,17120.0,1.0,0.0,2.0,4,8,1890.0,140.0,1966,0.0,98092,47.2953,-122.185,1870.0,13662.0,2014-08-18,295450.0
1704900135,2.0,1.0,840.0,5087.0,1.0,0.0,0.0,3,7,840.0,0.0,1925,0.0,98118,47.5557,-122.278,1590.0,5087.0,2014-11-11,315000.0
6648701420,4.0,2.0,1450.0,8175.0,1.0,0.0,0.0,4,7,1450.0,0.0,1967,0.0,98031,47.3933,-122.195,1570.0,9024.0,2015-02-13,205000.0
6123000070,3.0,1.5,1460.0,9908.0,1.0,0.0,0.0,3,7,1460.0,0.0,1952,0.0,98148,47.4275,-122.331,1420.0,9582.0,2014-07-09,310000.0
7015200136,5.0,1.0,2010.0,5210.0,1.5,0.0,0.0,3,9,1890.0,120.0,1927,0.0,98119,47.6501,-122.37,2330.0,5000.0,2015-05-03,1000000.0
5104531820,4.0,2.5,2910.0,7631.0,2.0,0.0,2.0,3,9,2910.0,0.0,2006,0.0,98038,47.3552,-122.001,3190.0,5552.0,2014-06-02,525000.0
6620400631,4.0,1.75,1880.0,8800.0,1.0,0.0,0.0,3,7,1130.0,750.0,1960,0.0,98168,47.5137,-122.333,1340.0,8733.0,2014-07-09,284000.0
3582500240,3.0,1.75,2170.0,26460.0,1.0,0.0,0.0,3,8,1450.0,720.0,1986,0.0,98074,47.6147,-122.045,2090.0,29075.0,2014-05-14,510000.0
1529300160,2.0,1.0,1260.0,4377.0,1.0,0.0,0.0,4,7,1260.0,0.0,1947,0.0,98103,47.6988,-122.354,1420.0,6376.0,2014-06-19,405000.0
4027700844,3.0,2.5,1970.0,9153.0,2.0,,0.0,3,8,1970.0,0.0,2007,0.0,98028,47.7698,-122.268,1800.0,9800.0,2014-09-16,509950.0
425069139,4.0,2.25,2090.0,45738.0,2.0,0.0,0.0,3,8,2090.0,0.0,1987,0.0,98053,47.6876,-122.049,3420.0,45738.0,2014-10-27,600000.0
3047700105,4.0,3.75,3450.0,4940.0,2.0,0.0,0.0,3,10,2570.0,880.0,2006,0.0,98103,47.692,-122.338,1880.0,5387.0,2015-04-23,990000.0
2976800550,3.0,1.5,1130.0,7200.0,1.0,,0.0,3,7,1130.0,0.0,1954,0.0,98178,47.5041,-122.253,1130.0,7200.0,2015-04-14,280005.0
6151800070,3.0,1.75,2600.0,7668.0,1.0,0.0,0.0,4,8,1300.0,1300.0,1968,0.0,98010,47.3402,-122.046,1980.0,13664.0,2014-09-03,700000.0
4364700105,3.0,1.0,1030.0,7620.0,1.0,0.0,0.0,3,7,1030.0,0.0,1953,0.0,98126,47.5281,-122.375,1030.0,7560.0,2014-08-04,330000.0
7893804845,2.0,1.0,1700.0,6718.0,1.0,0.0,2.0,3,7,1230.0,470.0,1956,0.0,98198,47.4131,-122.331,2040.0,7500.0,2015-02-23,340000.0
7694800070,2.0,2.5,1480.0,2167.0,2.0,0.0,0.0,3,8,1390.0,90.0,2007,0.0,98052,47.6658,-122.132,2130.0,2556.0,2014-08-18,468000.0
1922000070,4.0,2.5,4250.0,19387.0,2.0,0.0,2.0,4,9,3260.0,990.0,1972,0.0,98040,47.5578,-122.212,3690.0,17024.0,2014-06-09,1340000.0
4035900060,3.0,1.75,1600.0,20873.0,1.0,0.0,0.0,3,8,1600.0,0.0,1955,0.0,98006,47.5632,-122.182,2640.0,18364.0,2014-09-19,515000.0
8880600070,4.0,2.0,1870.0,8750.0,1.0,0.0,2.0,3,7,1870.0,0.0,1977,0.0,98022,47.1985,-122.001,1770.0,8207.0,2014-11-12,245000.0
739800070,3.0,2.5,1440.0,7741.0,1.0,0.0,0.0,4,7,1000.0,440.0,1983,0.0,98031,47.4042,-122.194,1680.0,7316.0,2014-05-27,265000.0
1561910270,3.0,2.5,2720.0,11937.0,2.0,0.0,0.0,3,9,2720.0,0.0,1990,0.0,98031,47.4185,-122.212,2590.0,9683.0,2015-03-17,372400.0
7305300370,3.0,1.5,1240.0,8410.0,1.0,0.0,0.0,5,6,1240.0,0.0,1948,0.0,98155,47.753,-122.328,1630.0,8410.0,2015-05-04,390000.0
7345000340,3.0,1.0,1020.0,6120.0,1.0,0.0,0.0,4,7,1020.0,0.0,1967,0.0,98002,47.278,-122.205,1370.0,8000.0,2015-02-03,208000.0
3971701455,2.0,0.5,1180.0,7750.0,1.0,0.0,0.0,4,6,590.0,590.0,1945,0.0,98155,47.769,-122.316,1380.0,8976.0,2014-10-03,273000.0
8035350260,5.0,3.5,3080.0,7759.0,2.0,0.0,0.0,3,8,2310.0,770.0,2003,0.0,98019,47.7454,-121.977,2980.0,8223.0,2014-10-09,455000.0
104550520,4.0,2.5,1750.0,6397.0,2.0,0.0,0.0,3,7,1750.0,0.0,1988,0.0,98023,47.3082,-122.358,1940.0,6502.0,2015-03-30,270000.0
4037400295,4.0,2.25,2530.0,8736.0,1.0,0.0,0.0,4,7,1210.0,1320.0,1958,0.0,98008,47.6049,-122.126,1720.0,8500.0,2014-07-30,618000.0
5413200140,3.0,2.5,1580.0,8541.0,2.0,0.0,0.0,3,7,1580.0,0.0,1990,0.0,98001,47.3334,-122.289,1640.0,7542.0,2014-10-21,213550.0
522049104,5.0,1.75,2340.0,9148.0,2.0,,0.0,3,7,2340.0,0.0,1957,0.0,98198,47.4232,-122.324,1390.0,10019.0,2014-07-29,210000.0
3859900060,5.0,4.0,6300.0,16065.0,2.0,0.0,1.0,3,12,4360.0,1940.0,2004,0.0,98004,47.5922,-122.207,3260.0,17287.0,2015-01-12,2750000.0
6145601715,4.0,2.75,2400.0,3844.0,1.0,0.0,0.0,5,7,1200.0,1200.0,1974,0.0,98133,47.7027,-122.347,1100.0,3844.0,2014-12-15,403500.0
1645000310,3.0,1.5,1300.0,7600.0,1.0,0.0,0.0,4,7,1300.0,0.0,1963,0.0,98022,47.2083,-122.005,1570.0,7600.0,2015-02-25,235000.0
7471900045,3.0,2.0,1760.0,7147.0,1.0,0.0,0.0,4,6,880.0,880.0,1936,0.0,98055,47.4799,-122.232,1720.0,7147.0,2015-04-21,287500.0
7697100030,4.0,1.5,1520.0,5910.0,1.0,,0.0,3,7,1020.0,500.0,1946,0.0,98115,47.6904,-122.295,1710.0,5910.0,2014-09-29,546800.0
3313600340,3.0,1.75,1070.0,8100.0,1.0,0.0,0.0,4,6,1070.0,0.0,1957,0.0,98002,47.2853,-122.22,1260.0,8100.0,2014-06-16,183000.0
1921069082,3.0,2.0,2560.0,216777.0,1.0,0.0,0.0,3,8,2560.0,0.0,1986,0.0,98092,47.295,-122.086,2360.0,108463.0,2014-05-12,560000.0
4263200030,3.0,1.0,1280.0,6726.0,1.0,0.0,0.0,3,6,1280.0,0.0,1958,0.0,98144,47.5724,-122.301,1630.0,5000.0,2014-12-05,299500.0
6918700370,4.0,2.25,1660.0,7350.0,1.0,0.0,0.0,3,8,1660.0,0.0,1965,20140.0,98008,47.6263,-122.124,1790.0,7455.0,2014-10-27,610000.0
8125200483,3.0,1.5,1860.0,7963.0,1.0,0.0,0.0,3,7,1200.0,660.0,1963,0.0,98188,47.4513,-122.268,1800.0,10400.0,2014-06-09,288350.0
1930301555,2.0,1.0,950.0,4500.0,1.0,0.0,2.0,3,7,850.0,100.0,1926,0.0,98103,47.6562,-122.354,1670.0,4000.0,2014-07-01,500000.0
7974200776,4.0,2.75,2140.0,4000.0,1.0,0.0,0.0,3,7,1190.0,950.0,1951,0.0,98115,47.6792,-122.287,2140.0,4770.0,2014-12-05,625000.0
2719100013,2.0,1.5,1480.0,1349.0,2.0,,0.0,3,7,1240.0,240.0,2007,0.0,98136,47.5439,-122.386,1550.0,1349.0,2015-04-29,418000.0
7234601544,3.0,3.0,2260.0,1825.0,2.0,0.0,0.0,3,8,1660.0,600.0,2002,0.0,98122,47.6108,-122.308,2260.0,1834.0,2014-08-25,660000.0
5652601455,4.0,2.5,2300.0,6158.0,2.0,0.0,0.0,3,9,2300.0,0.0,1999,0.0,98115,47.6943,-122.299,2170.0,6434.0,2014-06-23,775000.0
2558600060,3.0,2.75,1650.0,7272.0,1.0,0.0,0.0,4,7,1230.0,420.0,1972,0.0,98034,47.7232,-122.174,1770.0,7272.0,2015-01-23,429500.0
5017000575,3.0,2.0,1990.0,3000.0,1.5,0.0,0.0,3,7,1230.0,760.0,1908,19700.0,98112,47.6272,-122.29,1600.0,4080.0,2014-11-24,569000.0
2796100160,4.0,2.0,1960.0,7560.0,1.0,0.0,0.0,5,7,1160.0,800.0,1978,0.0,98031,47.4081,-122.178,1950.0,7560.0,2014-05-20,250000.0
5470100270,3.0,1.5,1310.0,10491.0,1.0,,0.0,4,7,1310.0,0.0,1969,0.0,98042,47.3682,-122.148,1430.0,9664.0,2014-12-09,225000.0
6112300140,4.0,2.75,2450.0,15002.0,1.0,0.0,0.0,5,9,2450.0,0.0,1974,0.0,98166,47.4268,-122.343,2650.0,15055.0,2014-05-14,530000.0
4024101715,3.0,1.0,910.0,8658.0,1.0,0.0,0.0,3,7,910.0,0.0,1955,0.0,98155,47.7586,-122.303,1170.0,10200.0,2014-09-05,306000.0
3205100060,3.0,1.75,1580.0,9719.0,1.0,0.0,0.0,5,7,1580.0,0.0,1962,0.0,98056,47.5396,-122.18,1760.0,8539.0,2015-04-13,517100.0
4450700030,3.0,1.75,1780.0,9689.0,1.0,0.0,0.0,3,7,1130.0,650.0,1976,0.0,98072,47.7628,-122.163,1660.0,9786.0,2014-08-22,354950.0
7920100083,3.0,1.5,1040.0,1824.0,1.0,0.0,0.0,3,6,1040.0,0.0,1925,0.0,98115,47.6793,-122.3,1010.0,5100.0,2015-04-14,348000.0
1774350160,4.0,2.5,2340.0,41600.0,1.0,0.0,0.0,3,8,1640.0,700.0,1977,0.0,98077,47.7466,-122.077,2340.0,34960.0,2014-07-18,522250.0
2115510340,3.0,2.5,1720.0,8755.0,1.0,0.0,0.0,3,8,1000.0,720.0,1983,0.0,98023,47.3186,-122.391,1720.0,8690.0,2014-06-04,275000.0
8901000445,3.0,1.5,1600.0,10440.0,1.0,0.0,0.0,3,7,1600.0,0.0,1954,0.0,98125,47.7109,-122.311,1600.0,8816.0,2014-12-18,390000.0
6121800060,3.0,1.5,1320.0,9750.0,1.0,0.0,0.0,3,7,1320.0,0.0,1954,0.0,98148,47.4267,-122.331,1530.0,9750.0,2014-09-10,260000.0
8712100320,5.0,2.75,2350.0,4178.0,1.5,0.0,0.0,3,8,1520.0,830.0,1922,20150.0,98112,47.6388,-122.3,1920.0,4178.0,2014-07-28,585000.0
2979800520,5.0,2.75,2740.0,5616.0,1.5,0.0,0.0,5,7,1670.0,1070.0,1925,0.0,98115,47.6866,-122.317,1600.0,4592.0,2014-06-03,605000.0
2331540070,4.0,2.5,2300.0,6448.0,2.0,0.0,0.0,3,8,2300.0,0.0,2001,0.0,98030,47.3813,-122.204,1860.0,5872.0,2014-07-03,342000.0
6345000160,5.0,3.0,4350.0,37169.0,2.0,0.0,0.0,3,10,2950.0,1400.0,1972,0.0,98005,47.6518,-122.16,3280.0,41631.0,2014-08-27,900000.0
5126950340,3.0,1.75,1430.0,7700.0,1.0,0.0,0.0,4,7,980.0,450.0,1981,0.0,98031,47.3993,-122.183,1430.0,8625.0,2015-03-30,252000.0
5152100160,3.0,1.75,2400.0,14012.0,1.0,0.0,0.0,3,9,2400.0,0.0,1971,0.0,98003,47.3371,-122.325,2800.0,13988.0,2015-02-19,357000.0
3298201290,3.0,1.0,940.0,7910.0,1.0,0.0,0.0,4,6,940.0,0.0,1959,0.0,98008,47.6181,-122.117,1000.0,7700.0,2014-12-24,370000.0
428000055,3.0,1.0,1020.0,13504.0,1.0,0.0,0.0,5,7,1020.0,0.0,1959,0.0,98056,47.5121,-122.17,1110.0,11158.0,2015-04-06,322500.0
8698600055,2.0,2.0,1680.0,5756.0,2.0,0.0,0.0,4,7,1680.0,0.0,1910,0.0,98002,47.3065,-122.222,1340.0,5447.0,2014-06-20,210000.0
3034200885,2.0,1.0,1340.0,9840.0,1.0,0.0,0.0,3,7,1340.0,0.0,1949,0.0,98133,47.7202,-122.339,1610.0,8949.0,2014-12-08,290000.0
2538400060,4.0,3.25,3960.0,7012.0,2.0,0.0,0.0,3,10,3960.0,0.0,2005,0.0,98075,47.5854,-122.08,3680.0,8522.0,2014-06-12,860000.0
3145600045,6.0,2.0,2650.0,4621.0,1.5,0.0,0.0,3,8,2650.0,0.0,1911,0.0,98118,47.5543,-122.275,1640.0,4879.0,2015-02-25,302000.0
7183000070,4.0,2.25,2120.0,9680.0,2.0,0.0,2.0,4,8,2120.0,0.0,1965,0.0,98003,47.3367,-122.332,2360.0,9647.0,2014-08-21,369160.0
6788200800,4.0,2.75,2850.0,3000.0,2.5,0.0,0.0,3,9,2530.0,320.0,2003,0.0,98112,47.6406,-122.304,2083.0,4500.0,2015-05-07,1190000.0
824059083,4.0,2.0,2850.0,14810.0,2.0,0.0,0.0,5,8,2490.0,360.0,1954,0.0,98004,47.5892,-122.203,2430.0,10454.0,2014-09-02,993000.0
2724069117,6.0,2.0,1870.0,6969.0,1.0,0.0,0.0,4,7,1870.0,0.0,1968,0.0,98027,47.5342,-122.036,1500.0,6969.0,2014-11-14,380000.0
9157600060,4.0,2.0,2660.0,8160.0,1.0,0.0,0.0,4,7,1380.0,1280.0,1949,0.0,98177,47.7229,-122.359,1660.0,8160.0,2014-09-10,635000.0
943100262,3.0,1.0,1190.0,11120.0,1.0,0.0,0.0,3,6,1190.0,0.0,1947,0.0,98024,47.5687,-121.898,1230.0,12720.0,2014-10-30,260000.0
3810000465,2.0,1.0,1770.0,5522.0,1.5,,0.0,4,7,960.0,810.0,1943,0.0,98178,47.4974,-122.231,1830.0,7378.0,2014-05-20,243000.0
2451000070,4.0,2.5,2770.0,8879.0,2.0,0.0,0.0,3,9,2770.0,0.0,2001,0.0,98004,47.5831,-122.193,2770.0,8882.0,2015-04-02,1400000.0
7640400070,4.0,2.5,2080.0,8100.0,1.0,0.0,2.0,5,8,1220.0,860.0,1952,0.0,98177,47.7228,-122.369,2090.0,8100.0,2014-09-15,665000.0
7732410370,5.0,2.25,2700.0,9000.0,2.0,0.0,0.0,5,9,2700.0,0.0,1987,0.0,98007,47.6599,-122.146,2630.0,9000.0,2014-09-09,898000.0
3253500030,4.0,2.75,2200.0,9453.0,1.0,0.0,0.0,5,8,1100.0,1100.0,1955,0.0,98144,47.5744,-122.305,1390.0,5355.0,2014-07-25,583000.0
2128000160,4.0,1.75,2160.0,7700.0,2.0,0.0,0.0,2,8,2160.0,0.0,1977,0.0,98033,47.6976,-122.169,2080.0,7700.0,2014-12-04,429000.0
3764650070,3.0,2.5,2010.0,4059.0,2.0,0.0,0.0,3,8,2010.0,0.0,1998,0.0,98034,47.7317,-122.197,2010.0,5779.0,2014-12-16,471000.0
1118000465,3.0,3.5,3780.0,8295.0,2.0,,0.0,3,9,2430.0,1350.0,1951,0.0,98112,47.6394,-122.29,3780.0,9127.0,2015-03-12,1810000.0
2622059062,3.0,3.25,4460.0,51177.0,2.0,,0.0,3,9,4460.0,0.0,2005,0.0,98042,47.3648,-122.143,2670.0,38925.0,2014-10-15,739500.0
2211700160,3.0,1.5,1770.0,17208.0,1.0,0.0,0.0,3,8,1160.0,610.0,1959,0.0,98006,47.5659,-122.117,2450.0,17118.0,2014-05-12,450000.0
9376301180,3.0,1.0,1430.0,5000.0,1.0,0.0,0.0,3,7,1430.0,0.0,1949,0.0,98117,47.6895,-122.37,1210.0,5000.0,2015-04-08,552500.0
2203500570,4.0,1.75,1700.0,10642.0,1.0,0.0,0.0,4,7,850.0,850.0,1954,0.0,98006,47.5674,-122.142,1610.0,11200.0,2015-02-17,437000.0
3634100030,4.0,2.0,1830.0,5220.0,1.5,0.0,0.0,3,7,1830.0,0.0,1951,0.0,98118,47.5331,-122.278,1760.0,5757.0,2015-01-09,270000.0
2599200830,3.0,1.5,1410.0,8800.0,1.0,0.0,0.0,4,7,1410.0,0.0,1965,0.0,98092,47.2927,-122.183,2180.0,10108.0,2014-07-16,226740.0
4140090370,4.0,2.5,3060.0,7920.0,1.0,,0.0,3,8,1810.0,,1974,0.0,98028,47.7675,-122.261,2690.0,7767.0,2015-02-18,446500.0
2320069083,3.0,2.0,1820.0,15068.0,2.0,0.0,2.0,3,7,1520.0,300.0,1920,0.0,98022,47.2103,-121.999,1490.0,9589.0,2014-11-25,283000.0
6893300295,4.0,1.75,2430.0,13211.0,1.5,0.0,0.0,4,7,2430.0,0.0,1909,19780.0,98024,47.5245,-121.926,1330.0,10500.0,2014-07-15,445000.0
7454000030,2.0,1.0,740.0,6840.0,1.0,0.0,0.0,5,6,740.0,0.0,1942,0.0,98126,47.5172,-122.375,740.0,6840.0,2014-08-16,250000.0
7454001090,3.0,1.0,770.0,6552.0,1.0,,0.0,3,6,670.0,100.0,1942,0.0,98146,47.5133,-122.372,920.0,7200.0,2015-03-09,307000.0
2944500340,4.0,2.75,2200.0,8580.0,1.0,0.0,0.0,3,8,1860.0,340.0,1991,0.0,98023,47.295,-122.37,2290.0,7816.0,2014-07-21,315000.0
2346800270,3.0,3.0,2920.0,23085.0,1.5,0.0,2.0,3,7,1540.0,1380.0,1908,0.0,98136,47.5159,-122.395,2270.0,18180.0,2015-01-06,555000.0
2796100640,4.0,2.5,2040.0,7000.0,1.0,0.0,0.0,3,7,1250.0,790.0,1979,0.0,98031,47.4056,-122.176,1900.0,7378.0,2015-04-24,264900.0
993000046,3.0,2.0,1600.0,4510.0,1.0,0.0,0.0,3,7,990.0,610.0,1978,0.0,98103,47.6939,-122.34,1580.0,4561.0,2014-09-22,510000.0
2333230270,4.0,2.5,1990.0,3980.0,2.0,0.0,0.0,3,7,1990.0,0.0,2002,0.0,98058,47.4445,-122.17,1990.0,4373.0,2014-08-14,328000.0
5104510340,4.0,2.5,1830.0,7308.0,2.0,0.0,0.0,3,7,1830.0,0.0,2002,0.0,98038,47.3565,-122.015,1830.0,5692.0,2015-05-04,358000.0
2517000700,3.0,2.5,2540.0,4260.0,2.0,0.0,0.0,3,7,2540.0,0.0,2005,0.0,98042,47.3989,-122.164,2190.0,4260.0,2015-04-21,325000.0
1724069062,2.0,3.25,2700.0,3444.0,3.0,1.0,3.0,3,9,2700.0,0.0,1990,0.0,98075,47.5684,-122.06,2710.0,3444.0,2014-07-14,1370000.0
5556800260,4.0,2.0,1440.0,10800.0,1.0,0.0,0.0,4,7,1440.0,0.0,1967,0.0,98001,47.3417,-122.283,1190.0,7380.0,2015-03-05,230000.0
2771603610,3.0,2.0,1550.0,4000.0,1.0,,0.0,3,7,940.0,610.0,1955,0.0,98199,47.6379,-122.387,1880.0,4000.0,2015-04-23,545000.0
3629910240,3.0,2.5,2490.0,4343.0,2.0,0.0,0.0,3,9,2490.0,0.0,2003,0.0,98029,47.5493,-121.993,2130.0,4106.0,2014-05-05,705380.0
5634500036,5.0,2.5,2650.0,12987.0,1.0,0.0,0.0,4,7,1350.0,1300.0,1979,0.0,98028,47.7482,-122.244,2160.0,12726.0,2014-08-20,459000.0
2887703066,4.0,2.25,2000.0,3800.0,2.0,0.0,0.0,3,8,2000.0,0.0,2001,0.0,98115,47.6852,-122.311,1610.0,3800.0,2014-05-28,815000.0
3185600055,6.0,5.0,3440.0,4500.0,2.0,0.0,0.0,3,8,3280.0,160.0,2007,0.0,98055,47.4871,-122.219,1400.0,5500.0,2014-06-11,495000.0
1421069159,3.0,2.5,2280.0,58712.0,2.5,0.0,3.0,3,9,2280.0,0.0,1987,0.0,98010,47.3053,-122.0,2240.0,24332.0,2014-11-10,520000.0
476000335,2.0,1.5,1320.0,1194.0,3.0,,0.0,3,7,1320.0,0.0,2001,0.0,98107,47.6704,-122.39,1320.0,1250.0,2014-12-17,430000.0
251300260,4.0,2.5,2070.0,7800.0,2.0,0.0,0.0,3,8,2070.0,0.0,1989,0.0,98003,47.3487,-122.315,1950.0,7815.0,2014-05-15,255000.0
2887700140,3.0,2.0,1860.0,4777.0,2.0,0.0,0.0,5,7,1860.0,0.0,1908,0.0,98115,47.6892,-122.311,1580.0,3822.0,2014-07-07,588000.0
3298201170,3.0,1.0,940.0,7811.0,1.0,0.0,0.0,3,6,940.0,0.0,1959,0.0,98008,47.6195,-122.118,1180.0,7490.0,2014-11-10,350000.0
2024059084,4.0,2.75,2290.0,21486.0,1.0,0.0,2.0,5,7,2290.0,0.0,1963,0.0,98006,47.5515,-122.189,2540.0,15936.0,2015-03-13,625000.0
7229700105,2.0,2.0,1510.0,20685.0,1.0,0.0,0.0,2,6,1250.0,260.0,1958,0.0,98059,47.481,-122.116,1490.0,29527.0,2015-04-24,172500.0
2313900560,3.0,2.0,1830.0,3500.0,1.5,0.0,0.0,5,7,1290.0,540.0,1909,0.0,98116,47.573,-122.383,1530.0,4000.0,2014-08-25,554000.0
6192400400,4.0,2.5,3090.0,7112.0,2.0,0.0,0.0,3,9,3090.0,0.0,2001,0.0,98052,47.705,-122.118,3050.0,6000.0,2014-07-28,775000.0
1425069116,4.0,3.5,4340.0,217800.0,2.0,0.0,0.0,3,11,4340.0,0.0,2003,0.0,98053,47.6471,-122.013,3430.0,219106.0,2014-11-07,1190000.0
3582900200,3.0,2.75,3200.0,12682.0,2.0,,1.0,3,9,3200.0,0.0,1977,0.0,98028,47.7443,-122.26,2880.0,10432.0,2014-10-28,618000.0
243000335,4.0,1.0,1560.0,8450.0,1.5,0.0,0.0,4,6,1560.0,0.0,1954,0.0,98166,47.4552,-122.354,1380.0,8100.0,2014-09-29,305000.0
7760400350,3.0,2.0,1280.0,13356.0,1.0,0.0,0.0,3,7,1280.0,0.0,1994,0.0,98042,47.3715,-122.074,1590.0,8071.0,2014-12-05,232000.0
128500260,4.0,2.5,2020.0,6236.0,2.0,0.0,0.0,3,7,2020.0,0.0,2002,0.0,98001,47.2796,-122.247,1940.0,5076.0,2014-05-08,262000.0
1697000370,3.0,1.0,1040.0,8122.0,1.0,0.0,0.0,5,7,1040.0,0.0,1971,0.0,98198,47.3731,-122.312,1470.0,8676.0,2015-03-25,234000.0
8902000267,4.0,2.75,2260.0,7209.0,1.0,0.0,3.0,3,7,1330.0,930.0,2002,0.0,98125,47.7088,-122.302,1790.0,10860.0,2015-04-02,500000.0
1218000030,3.0,1.0,860.0,7632.0,1.0,0.0,0.0,3,6,860.0,0.0,1920,0.0,98166,47.4623,-122.345,890.0,7632.0,2014-08-27,278000.0
6099400140,5.0,1.0,1920.0,19040.0,1.0,0.0,0.0,3,7,1160.0,760.0,1961,0.0,98168,47.4756,-122.294,1920.0,11520.0,2014-09-04,230000.0
5710600030,4.0,1.75,2290.0,9215.0,1.0,0.0,0.0,5,8,1270.0,1020.0,1969,0.0,98027,47.5328,-122.051,2290.0,10200.0,2014-09-22,500000.0
7304300570,4.0,2.75,2070.0,9300.0,1.0,0.0,0.0,5,7,1120.0,950.0,1945,0.0,98155,47.7416,-122.32,1010.0,8308.0,2014-05-19,366500.0
1702901180,6.0,3.0,4250.0,4400.0,2.5,0.0,0.0,4,7,3020.0,1230.0,1902,0.0,98118,47.5584,-122.283,1520.0,4950.0,2014-06-11,665000.0
3508100135,3.0,1.5,2220.0,4830.0,2.0,0.0,3.0,3,9,1790.0,430.0,1928,0.0,98116,47.5825,-122.4,1670.0,4830.0,2015-03-16,1100000.0
4443800030,2.0,1.75,1840.0,4076.0,1.0,0.0,0.0,3,8,1140.0,700.0,1957,0.0,98117,47.6875,-122.393,1540.0,4076.0,2014-12-01,575000.0
2553300140,4.0,2.5,2590.0,9753.0,2.0,0.0,0.0,3,10,2590.0,0.0,1993,0.0,98075,47.5848,-122.027,2800.0,9917.0,2014-11-03,674750.0
4154300465,5.0,2.0,3110.0,6131.0,1.0,0.0,0.0,5,7,1560.0,1550.0,1940,0.0,98118,47.5615,-122.279,1720.0,6600.0,2014-09-16,719000.0
3623029045,3.0,1.75,2600.0,105587.0,1.0,0.0,0.0,4,7,1300.0,1300.0,1980,0.0,98070,47.4464,-122.497,1941.0,208438.0,2014-09-25,482000.0
9371700125,2.0,1.0,1060.0,8187.0,1.0,0.0,0.0,4,6,1060.0,0.0,1952,0.0,98133,47.7508,-122.349,1260.0,8188.0,2014-05-28,254000.0
4443800810,3.0,1.75,1250.0,3880.0,1.0,0.0,0.0,4,7,750.0,500.0,1944,0.0,98117,47.6869,-122.392,1240.0,3880.0,2014-08-19,443725.0
1330900570,4.0,2.5,2520.0,35636.0,2.0,0.0,0.0,3,8,2520.0,0.0,1980,0.0,98053,47.652,-122.031,2230.0,35673.0,2014-11-06,575000.0
4017110200,3.0,2.25,2070.0,9957.0,1.0,,0.0,3,8,1440.0,630.0,1977,0.0,98155,47.7766,-122.277,2070.0,10158.0,2015-01-27,469000.0
303000445,2.0,1.0,1300.0,44431.0,1.0,0.0,0.0,5,6,1300.0,0.0,1958,0.0,98001,47.327,-122.267,1470.0,14850.0,2014-05-23,175000.0
7857003505,5.0,2.0,2190.0,8316.0,1.0,,0.0,3,7,1390.0,800.0,1961,0.0,98108,47.5488,-122.298,2010.0,8316.0,2014-09-09,437000.0
4027701291,4.0,3.0,2760.0,13113.0,1.0,0.0,0.0,4,8,1760.0,1000.0,1974,0.0,98028,47.7669,-122.268,1900.0,13113.0,2014-08-20,550000.0
3831200200,3.0,2.25,1710.0,7134.0,1.0,0.0,0.0,4,7,1130.0,580.0,1979,0.0,98031,47.3911,-122.191,1790.0,7455.0,2015-04-20,172040.0
4123830070,3.0,2.0,1750.0,7000.0,1.0,0.0,0.0,3,8,1750.0,0.0,1993,0.0,98038,47.3693,-122.041,1840.0,6969.0,2014-12-24,363000.0
8946750140,3.0,2.25,1552.0,3600.0,2.0,,0.0,3,7,1552.0,0.0,2012,0.0,98092,47.3198,-122.178,1677.0,3600.0,2015-04-30,282000.0
7129300400,6.0,2.0,2350.0,6554.0,2.0,0.0,1.0,3,8,2000.0,350.0,1905,0.0,98178,47.5115,-122.256,1560.0,6554.0,2014-08-14,400000.0
2126059234,5.0,3.5,5110.0,10018.0,2.0,,0.0,3,10,3850.0,1260.0,2003,0.0,98034,47.7261,-122.17,1790.0,10018.0,2014-09-24,650000.0
621069074,3.0,2.5,1720.0,99916.0,2.0,0.0,0.0,4,7,1720.0,0.0,1990,0.0,98042,47.3391,-122.093,1340.0,73180.0,2014-06-03,365000.0
7879600070,4.0,2.5,1960.0,7230.0,2.0,0.0,0.0,3,8,1960.0,0.0,2002,0.0,98023,47.2855,-122.36,1850.0,7208.0,2014-10-24,269950.0
6151800486,2.0,1.0,1270.0,19602.0,1.0,0.0,0.0,3,6,1270.0,0.0,1977,0.0,98010,47.3375,-122.048,1270.0,17699.0,2014-07-18,260000.0
8581200160,3.0,1.5,1180.0,7000.0,1.0,,0.0,4,7,1180.0,0.0,1977,0.0,98023,47.2959,-122.373,1630.0,7500.0,2014-10-24,193000.0
2395710070,4.0,2.25,2230.0,6791.0,2.0,,0.0,3,8,2230.0,0.0,2005,0.0,98038,47.3769,-122.028,2420.0,6297.0,2014-07-25,340000.0
6669100070,4.0,3.25,4700.0,38412.0,2.0,0.0,0.0,3,10,3420.0,1280.0,1978,0.0,98005,47.6445,-122.167,3640.0,35571.0,2014-05-12,900000.0
8856920070,3.0,2.5,2150.0,8361.0,2.0,0.0,0.0,3,8,2150.0,0.0,1991,0.0,98058,47.4627,-122.129,2150.0,9368.0,2014-10-21,371000.0
323089084,3.0,2.5,2400.0,81892.0,2.0,0.0,0.0,3,8,2400.0,0.0,1985,0.0,98045,47.5028,-121.769,1370.0,37270.0,2014-08-27,592000.0
798000342,3.0,2.5,1830.0,12750.0,2.0,0.0,0.0,3,7,1830.0,0.0,1991,0.0,98168,47.5003,-122.328,1610.0,10000.0,2014-08-15,300000.0
5104511840,4.0,3.0,2800.0,6977.0,2.0,,0.0,3,8,2800.0,0.0,2003,0.0,98038,47.3542,-122.014,2800.0,6600.0,2014-08-27,449950.0
5205000400,3.0,2.5,2090.0,7163.0,2.0,0.0,0.0,3,8,2090.0,0.0,1989,0.0,98003,47.2735,-122.295,2320.0,8634.0,2014-10-22,299500.0
8565900160,4.0,2.25,2340.0,13406.0,1.0,,0.0,4,9,2340.0,0.0,1963,0.0,98040,47.5377,-122.221,2340.0,10743.0,2015-03-26,995000.0
4302700445,4.0,1.75,1670.0,9472.0,1.0,0.0,0.0,3,7,1100.0,570.0,1960,0.0,98106,47.5299,-122.357,1080.0,5195.0,2014-09-23,335000.0
2413300240,4.0,2.25,1990.0,7350.0,1.0,0.0,0.0,4,8,1180.0,810.0,1978,0.0,98003,47.3258,-122.328,2030.0,7210.0,2014-11-10,280000.0
9477201620,4.0,2.25,2270.0,7800.0,1.0,0.0,0.0,3,7,1290.0,980.0,1977,0.0,98034,47.7278,-122.192,1480.0,7280.0,2014-05-16,446000.0
3395000070,4.0,2.75,4910.0,15139.0,1.0,0.0,0.0,4,10,2560.0,2350.0,1964,0.0,98004,47.6444,-122.22,3980.0,15139.0,2014-09-27,1540000.0
3336000791,3.0,1.0,950.0,4500.0,1.0,0.0,0.0,4,6,950.0,0.0,1943,0.0,98118,47.5273,-122.265,1140.0,4500.0,2015-04-07,325000.0
1087700030,3.0,1.75,1610.0,11200.0,1.0,,0.0,3,7,1610.0,0.0,1955,0.0,98033,47.6641,-122.176,1610.0,11200.0,2014-06-19,450000.0
8856970570,4.0,2.5,1940.0,7107.0,2.0,0.0,0.0,3,7,1940.0,0.0,2000,0.0,98038,47.3843,-122.032,1850.0,5705.0,2014-10-27,322500.0
2206700295,3.0,1.0,1210.0,9473.0,1.0,0.0,0.0,5,7,1210.0,0.0,1955,0.0,98006,47.5637,-122.139,1700.0,11465.0,2014-09-15,453000.0
293910030,4.0,2.5,2570.0,4412.0,2.0,0.0,0.0,3,9,2570.0,0.0,2001,0.0,98034,47.7076,-122.232,2460.0,5470.0,2014-10-08,655000.0
9547205660,3.0,2.25,1700.0,2800.0,2.0,0.0,0.0,5,7,1150.0,550.0,1926,0.0,98115,47.6819,-122.311,1500.0,3400.0,2015-05-04,603000.0
8856004400,4.0,1.0,1610.0,24000.0,1.5,0.0,0.0,3,6,1610.0,0.0,1947,0.0,98001,47.2751,-122.252,1270.0,9600.0,2014-09-02,235000.0
3888100128,4.0,3.5,4120.0,7304.0,2.0,0.0,0.0,3,11,3070.0,1050.0,2006,0.0,98033,47.681,-122.167,2470.0,9600.0,2014-07-28,968933.0
8562900240,3.0,3.5,2880.0,11340.0,1.0,0.0,0.0,3,8,1690.0,1190.0,1980,0.0,98074,47.6113,-122.058,2530.0,11340.0,2014-11-14,1020000.0
1088000030,4.0,2.25,1990.0,8548.0,2.0,0.0,0.0,3,8,1990.0,0.0,1973,0.0,98033,47.667,-122.178,2320.0,8926.0,2014-12-03,435000.0
1545800640,3.0,2.0,1260.0,8092.0,1.0,0.0,0.0,3,7,1260.0,0.0,1986,0.0,98038,47.3635,-122.054,1950.0,8092.0,2014-06-18,242000.0
3020079078,6.0,3.25,4750.0,248600.0,2.0,,0.0,4,8,4750.0,0.0,1947,0.0,98022,47.1879,-121.973,2230.0,311610.0,2014-10-27,487000.0
11520640,4.0,2.75,3010.0,10450.0,2.0,,0.0,3,9,3010.0,0.0,1996,0.0,98052,47.6979,-122.112,3010.0,10530.0,2014-08-01,810000.0
3407700046,3.0,2.5,2410.0,64073.0,1.0,0.0,0.0,4,8,1820.0,590.0,1976,0.0,98072,47.7457,-122.141,2980.0,48760.0,2014-06-24,625000.0
7696600240,3.0,1.5,1280.0,7742.0,1.0,0.0,0.0,3,7,1280.0,0.0,1973,0.0,98001,47.3323,-122.276,1566.0,7696.0,2014-10-23,165000.0
3904100106,3.0,1.0,2320.0,6750.0,1.0,0.0,0.0,3,7,1160.0,1160.0,1960,0.0,98118,47.5327,-122.276,1230.0,6075.0,2015-04-27,335000.0
7849201600,3.0,1.0,1220.0,6600.0,1.0,0.0,0.0,3,6,1220.0,0.0,1958,0.0,98065,47.5297,-121.827,1100.0,6600.0,2014-07-24,286700.0
8924100111,2.0,1.5,1400.0,4050.0,1.0,0.0,0.0,4,8,1400.0,0.0,1954,0.0,98115,47.6768,-122.269,1900.0,5940.0,2015-04-24,699000.0
2221000070,3.0,1.75,1590.0,7280.0,1.0,0.0,0.0,3,7,1140.0,450.0,1974,0.0,98058,47.4288,-122.153,1590.0,9634.0,2015-03-27,280000.0
8078350030,4.0,2.5,2220.0,7064.0,2.0,0.0,0.0,3,8,2220.0,0.0,1988,0.0,98029,47.5716,-122.022,2220.0,7451.0,2014-06-02,580000.0
8682281710,2.0,2.5,2770.0,7781.0,2.0,0.0,0.0,3,8,2770.0,0.0,2006,0.0,98053,47.7072,-122.017,1870.0,5984.0,2014-06-20,754800.0
1383500070,4.0,2.5,2303.0,16801.0,2.0,0.0,0.0,3,8,2303.0,0.0,1995,0.0,98019,47.7266,-121.966,2080.0,14013.0,2015-02-10,525000.0
6744700181,3.0,1.75,1600.0,10530.0,1.0,0.0,2.0,3,8,1600.0,0.0,1962,0.0,98155,47.7437,-122.291,2590.0,8274.0,2015-02-17,562000.0
6728700075,4.0,1.75,1280.0,6060.0,1.0,0.0,0.0,3,7,860.0,420.0,1926,0.0,98117,47.6805,-122.364,1490.0,4680.0,2014-05-20,575000.0
3630180240,5.0,2.5,2900.0,5901.0,2.0,0.0,0.0,3,9,2900.0,0.0,2006,0.0,98027,47.5396,-121.998,3200.0,5775.0,2014-07-11,808900.0
2162000160,3.0,2.25,2950.0,15207.0,1.0,0.0,0.0,4,10,2070.0,880.0,1966,0.0,98040,47.5571,-122.216,2950.0,22000.0,2015-03-03,992000.0
705700140,3.0,2.5,1700.0,6698.0,2.0,,0.0,3,7,1700.0,0.0,1997,0.0,98038,47.3826,-122.028,2190.0,7346.0,2014-09-19,335000.0
9423400193,3.0,2.75,1050.0,7200.0,1.0,0.0,0.0,3,7,1050.0,0.0,1985,0.0,98125,47.7163,-122.303,1860.0,9000.0,2014-12-26,473000.0
5137200140,4.0,2.75,2990.0,11210.0,1.0,0.0,1.0,4,8,1880.0,1110.0,1977,0.0,98023,47.3357,-122.336,2790.0,9858.0,2015-03-25,350000.0
5026900160,5.0,2.5,3100.0,5374.0,2.5,0.0,0.0,4,9,3100.0,0.0,1906,0.0,98122,47.6154,-122.283,2180.0,5800.0,2015-04-24,1600000.0
4024101052,3.0,1.0,1240.0,6090.0,1.0,0.0,0.0,4,7,1240.0,0.0,1950,0.0,98155,47.7542,-122.307,1550.0,9096.0,2014-12-17,305500.0
1726069051,2.0,1.0,780.0,13500.0,1.0,0.0,0.0,4,7,780.0,0.0,1946,19890.0,98077,47.7383,-122.074,2200.0,67518.0,2014-05-23,306000.0
6300000693,2.0,2.25,850.0,1656.0,2.0,0.0,0.0,3,8,850.0,0.0,2001,0.0,98133,47.7064,-122.344,850.0,1312.0,2014-12-02,233000.0
6413100270,3.0,1.75,1540.0,9000.0,1.0,0.0,0.0,3,8,1540.0,0.0,1971,0.0,98125,47.7152,-122.322,1710.0,7488.0,2015-03-31,490000.0
7215420160,4.0,2.5,2280.0,42077.0,2.0,0.0,0.0,3,8,2280.0,0.0,1994,0.0,98042,47.3424,-122.077,2280.0,36236.0,2014-07-01,445000.0
7878400135,3.0,2.25,2550.0,9674.0,1.0,0.0,0.0,3,7,1850.0,700.0,1959,0.0,98178,47.4856,-122.247,2240.0,9674.0,2014-11-20,355000.0
2597710070,2.0,2.0,1770.0,7607.0,1.0,0.0,0.0,4,8,1770.0,0.0,1987,0.0,98058,47.4287,-122.163,2090.0,7109.0,2015-04-02,360000.0
9244900248,3.0,1.75,2320.0,10900.0,2.0,,0.0,3,7,2320.0,0.0,1935,19740.0,98115,47.6877,-122.283,1610.0,5800.0,2014-07-09,737500.0
824059277,3.0,3.5,2600.0,11920.0,2.0,0.0,0.0,5,8,2600.0,0.0,1969,0.0,98004,47.582,-122.194,2430.0,10050.0,2014-12-15,985000.0
3278601940,2.0,3.25,1570.0,2031.0,2.0,0.0,0.0,3,8,1310.0,260.0,2006,0.0,98126,47.548,-122.375,1570.0,2039.0,2014-08-06,349950.0
7853250160,4.0,2.5,3060.0,7161.0,2.0,,0.0,3,8,2860.0,200.0,2005,0.0,98065,47.5383,-121.879,2950.0,6822.0,2015-02-20,520000.0
1163100070,4.0,2.5,1960.0,8540.0,1.0,0.0,0.0,3,7,1220.0,740.0,1955,0.0,98177,47.7654,-122.359,1910.0,9120.0,2014-12-17,355950.0
8106300510,5.0,2.5,3270.0,6129.0,2.0,0.0,0.0,3,9,3270.0,0.0,2004,0.0,98055,47.4461,-122.208,2980.0,5928.0,2014-12-29,485000.0
4239400960,3.0,1.0,1090.0,3315.0,1.0,0.0,0.0,4,6,1090.0,0.0,1969,0.0,98092,47.3159,-122.183,960.0,3120.0,2014-12-12,143000.0
7524900003,2.0,1.75,6840.0,10000.0,2.5,1.0,4.0,3,11,4350.0,2490.0,2001,0.0,98008,47.6042,-122.112,3120.0,12300.0,2014-12-10,3280000.0
3893100327,3.0,1.0,940.0,8512.0,1.0,0.0,0.0,4,7,940.0,0.0,1967,0.0,98033,47.7002,-122.191,1060.0,8512.0,2014-07-23,355000.0
7856640560,5.0,3.5,3880.0,13885.0,2.0,0.0,3.0,4,9,2540.0,1340.0,1979,0.0,98006,47.5696,-122.156,3690.0,13885.0,2014-06-04,1130000.0
7206900075,5.0,1.75,1770.0,15525.0,1.0,0.0,0.0,4,7,1770.0,0.0,1959,0.0,98059,47.5025,-122.142,1370.0,10395.0,2014-08-18,200000.0
8691310070,4.0,2.5,3640.0,10576.0,2.0,0.0,0.0,3,11,3640.0,0.0,1999,0.0,98075,47.5899,-121.979,3370.0,10351.0,2014-06-18,913000.0
4389200796,3.0,2.5,3160.0,12824.0,1.0,0.0,2.0,4,9,1820.0,1340.0,1966,0.0,98004,47.6151,-122.216,3390.0,11985.0,2014-05-22,1600000.0
7436300160,2.0,2.5,1590.0,1845.0,2.0,0.0,0.0,3,9,1590.0,0.0,1997,0.0,98033,47.6897,-122.175,2320.0,3174.0,2014-06-25,409900.0
7896300070,4.0,1.0,1290.0,6034.0,1.0,0.0,0.0,3,6,1050.0,240.0,1950,0.0,98118,47.5223,-122.286,1060.0,6034.0,2015-05-01,265000.0
2425059074,5.0,3.0,3655.0,51836.0,1.0,0.0,0.0,5,8,2174.0,1481.0,1955,0.0,98008,47.6434,-122.115,2530.0,8606.0,2015-04-10,740000.0
2111010340,4.0,2.5,2490.0,8124.0,2.0,0.0,0.0,3,7,2490.0,0.0,2001,0.0,98092,47.3347,-122.17,2760.0,6300.0,2014-06-12,306000.0
7852150140,3.0,2.5,1470.0,3999.0,2.0,0.0,0.0,3,7,1470.0,0.0,2003,0.0,98065,47.5328,-121.871,1960.0,4444.0,2014-10-07,381000.0
1370800830,3.0,3.25,3960.0,6132.0,2.0,0.0,3.0,3,10,2600.0,1360.0,1933,0.0,98199,47.6396,-122.409,2730.0,5221.0,2015-05-05,1220000.0
7632400400,3.0,3.5,3190.0,29982.0,1.0,,3.0,4,8,2630.0,560.0,1941,0.0,98166,47.458,-122.368,2600.0,19878.0,2015-03-20,1050000.0
5220300140,2.0,1.0,810.0,7440.0,1.0,0.0,0.0,5,6,810.0,0.0,1948,0.0,98133,47.7346,-122.352,830.0,7500.0,2014-09-03,408000.0
2568200140,5.0,2.5,2980.0,5377.0,2.0,0.0,0.0,3,9,2980.0,0.0,2006,0.0,98052,47.7074,-122.101,3150.0,6593.0,2014-06-25,739900.0
1137300340,4.0,2.5,2780.0,35000.0,1.0,0.0,0.0,4,9,2780.0,0.0,1985,0.0,98072,47.7386,-122.091,2740.0,35072.0,2014-11-21,674250.0
7640400106,2.0,1.0,1340.0,8100.0,1.0,0.0,0.0,4,7,1340.0,0.0,1953,0.0,98177,47.7218,-122.37,1700.0,8100.0,2014-09-11,438400.0
2175100055,5.0,5.0,4930.0,14649.0,2.0,0.0,3.0,3,11,4160.0,770.0,2000,0.0,98040,47.5829,-122.247,3030.0,8479.0,2014-12-30,1700000.0
9274200990,3.0,2.0,1360.0,5980.0,1.5,0.0,0.0,3,8,1360.0,0.0,1945,20080.0,98116,47.5852,-122.388,1520.0,4440.0,2014-06-19,703000.0
5028600550,3.0,1.75,1320.0,6530.0,1.0,0.0,0.0,4,7,1320.0,0.0,1989,0.0,98023,47.2871,-122.354,1620.0,6817.0,2014-12-29,262000.0
1471630160,3.0,2.0,1210.0,14499.0,1.0,0.0,0.0,3,7,1210.0,0.0,1984,0.0,98045,47.4705,-121.754,1570.0,15360.0,2015-04-23,353000.0
9430110030,4.0,2.5,1940.0,7607.0,2.0,0.0,0.0,3,8,1940.0,0.0,1995,0.0,98052,47.685,-122.158,2250.0,7600.0,2015-01-14,500000.0
9275700016,4.0,2.5,3160.0,4620.0,1.5,,4.0,3,9,2020.0,1140.0,1917,0.0,98116,47.5875,-122.382,2790.0,5308.0,2014-07-06,1280000.0
6654700240,4.0,2.5,1980.0,6566.0,2.0,0.0,0.0,3,8,1980.0,0.0,2004,0.0,98042,47.3809,-122.097,2590.0,6999.0,2015-04-08,332000.0
8563080270,4.0,2.5,2320.0,14240.0,1.0,0.0,0.0,4,9,1620.0,700.0,1974,0.0,98008,47.6269,-122.09,2810.0,13200.0,2014-08-21,824000.0
7548300326,4.0,2.0,1660.0,4788.0,1.0,,0.0,3,7,1660.0,0.0,1968,0.0,98144,47.5878,-122.312,1150.0,5000.0,2015-02-20,290000.0
5457300696,3.0,2.5,1660.0,1545.0,2.0,0.0,2.0,3,9,1400.0,260.0,2002,0.0,98109,47.6268,-122.353,1820.0,2570.0,2014-06-27,700000.0
1175001125,2.0,1.0,1080.0,3420.0,1.0,0.0,0.0,4,7,780.0,300.0,1922,0.0,98107,47.6715,-122.393,1380.0,3656.0,2014-10-06,550000.0
3034200197,2.0,1.0,1510.0,11165.0,1.5,,0.0,4,7,1510.0,0.0,1921,0.0,98133,47.7212,-122.331,2210.0,8851.0,2014-09-03,549000.0
7787400105,4.0,2.5,2950.0,43560.0,1.0,0.0,2.0,4,9,2550.0,400.0,1951,0.0,98004,47.5988,-122.207,3260.0,41016.0,2015-03-06,1870000.0
9346700270,4.0,2.25,3070.0,13720.0,2.0,0.0,0.0,3,9,3070.0,0.0,1978,0.0,98007,47.6133,-122.152,3010.0,9657.0,2015-03-02,858000.0
6414600260,2.0,1.0,970.0,10423.0,1.0,0.0,0.0,3,7,970.0,0.0,1947,0.0,98133,47.7252,-122.331,1200.0,7857.0,2014-10-30,345000.0
2620069195,4.0,1.75,2140.0,11651.0,2.5,0.0,0.0,3,8,2140.0,,1930,20010.0,98022,47.196,-122.006,2030.0,10978.0,2014-11-04,340000.0
1300301840,4.0,2.25,2570.0,9600.0,2.5,0.0,0.0,4,9,2570.0,0.0,1962,0.0,98040,47.5791,-122.241,2570.0,13200.0,2015-04-25,1220000.0
4358700186,3.0,2.25,1260.0,1488.0,3.0,0.0,0.0,3,7,1260.0,0.0,2009,0.0,98133,47.7071,-122.336,1190.0,1095.0,2014-12-11,275000.0
259600560,3.0,1.0,1220.0,7771.0,1.0,,0.0,3,7,1220.0,0.0,1963,0.0,98008,47.6326,-122.119,1420.0,7674.0,2014-08-27,405000.0
2634500070,3.0,2.0,1720.0,8145.0,2.0,0.0,0.0,5,7,1720.0,0.0,1949,0.0,98155,47.7393,-122.325,1400.0,8138.0,2015-01-16,432500.0
7186800105,4.0,1.0,2140.0,4217.0,1.5,0.0,0.0,3,6,1320.0,820.0,1925,0.0,98118,47.5484,-122.287,1720.0,5413.0,2015-01-12,236500.0
4459800070,4.0,1.5,1420.0,4923.0,1.5,0.0,0.0,4,8,1420.0,0.0,1928,0.0,98103,47.6901,-122.339,1470.0,4923.0,2014-07-18,679000.0
3034200370,4.0,2.5,2060.0,8451.0,2.0,0.0,0.0,3,8,2060.0,0.0,1995,0.0,98133,47.7168,-122.333,2060.0,9460.0,2014-10-31,543000.0
7887200390,3.0,1.0,1320.0,9520.0,1.0,0.0,0.0,3,7,990.0,330.0,1953,0.0,98178,47.4857,-122.253,1460.0,10610.0,2014-09-26,294000.0
2473390710,3.0,1.75,1810.0,10463.0,1.0,0.0,0.0,4,7,1810.0,0.0,1969,0.0,98058,47.4581,-122.162,1620.0,8551.0,2015-04-03,340500.0
2600140370,4.0,2.5,2980.0,16263.0,2.0,0.0,0.0,3,9,2980.0,0.0,1989,0.0,98006,47.5457,-122.153,2730.0,10018.0,2014-07-03,1010000.0
7525100520,2.0,2.0,1350.0,2560.0,1.0,0.0,0.0,3,8,1350.0,0.0,1976,0.0,98052,47.6344,-122.107,1790.0,2560.0,2014-05-02,335000.0
6204200560,3.0,2.0,1540.0,8011.0,1.0,,0.0,3,7,1540.0,0.0,1988,0.0,98011,47.7342,-122.202,1630.0,7141.0,2014-07-23,425000.0
5416100160,3.0,2.5,2510.0,9240.0,2.0,,0.0,4,8,2510.0,0.0,2001,0.0,98022,47.1896,-122.013,2690.0,9240.0,2015-02-10,353000.0
3905040070,3.0,2.5,1670.0,5146.0,2.0,0.0,0.0,3,8,1670.0,0.0,1991,0.0,98029,47.5707,-121.999,1940.0,5146.0,2015-05-04,540000.0
8562900520,5.0,3.5,3690.0,11928.0,2.0,,0.0,3,9,2540.0,1150.0,2006,0.0,98074,47.6108,-122.06,2640.0,11928.0,2014-06-12,640000.0
4027701182,3.0,1.0,1320.0,11457.0,1.0,0.0,0.0,3,8,1320.0,0.0,1959,0.0,98028,47.7738,-122.261,1900.0,9800.0,2014-07-22,339950.0
9407110710,3.0,1.75,1510.0,8400.0,1.0,0.0,0.0,2,7,980.0,530.0,1979,0.0,98045,47.4476,-121.771,1500.0,10125.0,2014-11-07,195000.0
9407110710,3.0,1.75,1510.0,8400.0,1.0,0.0,0.0,2,7,980.0,530.0,1979,0.0,98045,47.4476,-121.771,1500.0,10125.0,2015-02-26,322000.0
5160300030,4.0,1.75,1870.0,10450.0,1.0,0.0,0.0,3,8,1620.0,250.0,1978,0.0,98005,47.5938,-122.154,2060.0,10450.0,2015-04-01,660000.0
1000102,6.0,3.0,2400.0,9373.0,2.0,,0.0,3,7,2400.0,0.0,1991,0.0,98002,47.3262,-122.214,2060.0,7316.0,2014-09-16,280000.0
1000102,6.0,3.0,2400.0,9373.0,2.0,,0.0,3,7,2400.0,0.0,1991,0.0,98002,47.3262,-122.214,2060.0,7316.0,2015-04-22,300000.0
8945300200,3.0,1.0,1170.0,8816.0,1.0,0.0,0.0,4,6,1170.0,0.0,1966,0.0,98023,47.3059,-122.368,1200.0,9108.0,2014-08-15,207500.0
7796600070,3.0,1.5,1190.0,8726.0,1.0,0.0,0.0,3,7,1190.0,0.0,1956,0.0,98146,47.4887,-122.343,1390.0,8741.0,2014-08-25,195000.0
4443800765,3.0,2.0,2080.0,3880.0,1.0,0.0,0.0,5,7,1160.0,920.0,1954,0.0,98117,47.686,-122.391,1330.0,3880.0,2014-06-10,700000.0
3298720030,4.0,1.75,2150.0,8555.0,1.0,0.0,2.0,4,7,1460.0,690.0,1982,0.0,98106,47.5344,-122.345,1480.0,7405.0,2015-04-17,560000.0
1781500435,3.0,1.75,1580.0,7344.0,1.0,0.0,0.0,5,7,1580.0,0.0,1911,0.0,98126,47.5256,-122.38,1580.0,6207.0,2014-08-20,260000.0
1781500435,3.0,1.75,1580.0,7344.0,1.0,0.0,0.0,5,7,1580.0,0.0,1911,0.0,98126,47.5256,-122.38,1580.0,6207.0,2015-02-25,575000.0
6979970140,3.0,2.5,2370.0,3239.0,2.0,0.0,0.0,3,8,1950.0,420.0,2006,0.0,98072,47.7515,-122.174,2520.0,3431.0,2015-04-17,475000.0
1005000036,3.0,1.75,1840.0,8601.0,1.0,0.0,0.0,3,7,920.0,920.0,1905,20140.0,98118,47.5359,-122.276,1390.0,7452.0,2014-06-13,285000.0
3629921160,4.0,2.5,2660.0,5500.0,2.0,0.0,2.0,3,9,2660.0,0.0,2003,0.0,98029,47.5439,-121.996,3620.0,5500.0,2014-05-08,753888.0
3629910370,3.0,2.5,2190.0,3600.0,2.0,,0.0,3,9,2190.0,0.0,2003,0.0,98029,47.5506,-121.993,2300.0,3600.0,2015-04-10,650000.0
5200100105,3.0,2.25,1660.0,3478.0,1.5,,0.0,4,7,1100.0,560.0,1929,0.0,98117,47.6773,-122.372,1610.0,3478.0,2014-08-07,620000.0
1024069159,3.0,1.75,1780.0,37801.0,1.0,0.0,0.0,3,7,1300.0,480.0,1977,0.0,98075,47.5858,-122.015,2380.0,47480.0,2015-03-13,526000.0
418000310,2.0,1.0,700.0,5200.0,1.0,0.0,0.0,5,6,700.0,0.0,1952,0.0,98056,47.4924,-122.175,1030.0,5200.0,2014-05-14,155000.0
765000060,4.0,2.0,1570.0,11200.0,1.0,0.0,0.0,3,7,1120.0,450.0,1959,0.0,98011,47.7573,-122.217,1570.0,11200.0,2014-08-27,342000.0
2126079046,3.0,1.75,1220.0,216332.0,1.0,,0.0,3,7,1220.0,0.0,1981,0.0,98019,47.7224,-121.926,1540.0,61419.0,2015-04-07,390000.0
2024079035,3.0,2.75,3150.0,219978.0,2.0,0.0,0.0,4,9,3000.0,150.0,1990,0.0,98024,47.553,-121.946,3180.0,218235.0,2014-06-05,685000.0
7202270830,4.0,2.5,2690.0,4736.0,2.0,0.0,0.0,3,7,2690.0,0.0,2001,0.0,98053,47.6869,-122.036,2690.0,4791.0,2014-06-25,608000.0
133000070,2.0,1.0,680.0,6400.0,1.0,0.0,0.0,3,6,680.0,0.0,1943,0.0,98168,47.5136,-122.316,1240.0,7800.0,2014-09-16,179900.0
2818600060,6.0,3.25,3750.0,14150.0,2.0,,2.0,5,9,2750.0,1000.0,1936,19680.0,98117,47.6999,-122.393,2140.0,7968.0,2014-09-04,1250000.0
6082400083,3.0,1.0,1010.0,11675.0,1.0,0.0,0.0,3,7,1010.0,0.0,1957,0.0,98168,47.4849,-122.301,1370.0,10042.0,2015-04-30,166000.0
9412900045,3.0,1.5,1710.0,4500.0,1.5,0.0,0.0,3,8,1410.0,300.0,1928,0.0,98118,47.5366,-122.268,1860.0,6000.0,2014-05-19,462000.0
3905030140,4.0,2.5,2090.0,6023.0,2.0,0.0,0.0,3,8,2090.0,0.0,1990,0.0,98029,47.5713,-121.997,2090.0,6023.0,2014-06-22,545000.0
7228501580,3.0,1.0,1560.0,4500.0,1.5,0.0,0.0,3,7,1560.0,0.0,1903,0.0,98122,47.6118,-122.306,1660.0,4500.0,2015-01-16,415000.0
6679000390,3.0,2.5,1560.0,4200.0,2.0,0.0,0.0,3,7,1560.0,0.0,2003,0.0,98038,47.3838,-122.026,1560.0,4200.0,2014-06-10,269000.0
1822500160,4.0,2.5,2570.0,11473.0,2.0,0.0,0.0,3,8,2570.0,0.0,2008,0.0,98003,47.2809,-122.296,2430.0,5997.0,2014-12-12,356500.0
6889000060,3.0,1.0,1010.0,7633.0,1.0,0.0,0.0,4,6,1010.0,0.0,1961,0.0,98198,47.3781,-122.314,1190.0,8386.0,2014-12-23,225000.0
835000055,2.0,1.0,1020.0,5130.0,1.0,0.0,0.0,4,6,1020.0,0.0,1948,0.0,98002,47.301,-122.226,1200.0,6497.0,2014-06-20,175000.0
7811210320,5.0,2.5,1710.0,9720.0,2.0,0.0,0.0,4,8,1710.0,0.0,1974,0.0,98005,47.5903,-122.157,2270.0,9672.0,2014-08-01,549000.0
3123049320,3.0,2.75,2300.0,12197.0,2.0,,0.0,3,8,2300.0,0.0,1989,0.0,98166,47.4369,-122.338,1710.0,11220.0,2015-04-15,535000.0
4123400320,4.0,2.25,1990.0,7712.0,1.0,0.0,0.0,3,8,1210.0,,1973,0.0,98027,47.5688,-122.087,1720.0,7393.0,2014-05-05,627000.0
4477000270,3.0,2.0,2730.0,15677.0,2.5,0.0,3.0,3,9,2730.0,0.0,1976,0.0,98166,47.4612,-122.365,2040.0,12209.0,2014-08-22,565000.0
3126049094,4.0,2.0,2195.0,2681.0,1.0,0.0,0.0,3,7,1060.0,1135.0,1912,0.0,98103,47.6965,-122.342,1710.0,1280.0,2014-11-12,392450.0
8682282180,2.0,2.0,1560.0,4675.0,1.0,0.0,0.0,3,8,1560.0,0.0,2006,0.0,98053,47.7086,-122.019,1870.0,6361.0,2014-09-23,509000.0
1232000810,3.0,2.5,1400.0,4800.0,1.0,0.0,0.0,3,7,1200.0,200.0,1921,0.0,98117,47.6865,-122.379,1440.0,3840.0,2014-09-12,340000.0
1232000810,3.0,2.5,1400.0,4800.0,1.0,0.0,0.0,3,7,1200.0,200.0,1921,0.0,98117,47.6865,-122.379,1440.0,3840.0,2015-03-26,537000.0
8691330310,4.0,3.0,3690.0,9892.0,2.0,0.0,0.0,3,10,3690.0,0.0,1998,0.0,98075,47.5937,-121.982,3430.0,11294.0,2014-05-05,865000.0
3996900295,2.0,1.0,1140.0,8340.0,1.0,0.0,0.0,3,7,1140.0,0.0,1948,0.0,98155,47.7448,-122.3,1030.0,8149.0,2014-12-14,358000.0
117000003,4.0,2.25,1920.0,3225.0,1.5,0.0,0.0,5,7,1300.0,620.0,1923,0.0,98116,47.5848,-122.384,1960.0,3750.0,2014-09-19,595000.0
1471590060,4.0,2.5,2496.0,8058.0,2.0,0.0,0.0,3,9,2496.0,0.0,1998,0.0,98052,47.6791,-122.149,2496.0,7757.0,2014-06-19,661000.0
2558650200,3.0,2.25,2280.0,8500.0,1.0,0.0,0.0,4,7,1680.0,600.0,1977,0.0,98034,47.7211,-122.166,1890.0,7700.0,2014-09-16,419950.0
5104531580,4.0,3.5,3200.0,6420.0,2.0,0.0,0.0,3,9,3200.0,0.0,2006,0.0,98038,47.3545,-122.001,3200.0,6291.0,2015-04-16,490000.0
6021503570,2.0,1.0,880.0,4000.0,1.0,,0.0,3,7,880.0,0.0,1940,0.0,98117,47.6847,-122.387,1310.0,4000.0,2014-09-18,525000.0
1862400517,3.0,2.0,1320.0,1298.0,3.0,,0.0,3,7,1320.0,0.0,1995,0.0,98117,47.6959,-122.376,1380.0,1503.0,2014-08-13,350000.0
2738650030,3.0,2.5,2450.0,3582.0,2.0,0.0,0.0,3,9,2450.0,0.0,2008,0.0,98072,47.7749,-122.159,2490.0,5449.0,2015-05-11,552500.0
5560000710,3.0,1.0,1040.0,8970.0,1.0,,0.0,4,6,1040.0,0.0,1961,0.0,98023,47.3283,-122.337,1040.0,8450.0,2015-03-27,210000.0
7215410320,3.0,2.5,2480.0,53250.0,2.0,0.0,0.0,3,9,2480.0,0.0,1990,0.0,98042,47.3323,-122.079,2510.0,36549.0,2015-03-11,390000.0
3971700510,5.0,1.75,1830.0,16650.0,1.5,0.0,0.0,3,7,1610.0,220.0,1958,0.0,98155,47.7734,-122.315,1790.0,12743.0,2015-01-29,336800.0
7202330270,3.0,2.5,1440.0,4473.0,2.0,0.0,0.0,3,7,1440.0,0.0,2003,0.0,98053,47.6825,-122.036,1650.0,3322.0,2015-03-03,465000.0
9542830160,4.0,2.5,1580.0,3632.0,2.0,0.0,0.0,3,7,1580.0,0.0,2011,0.0,98038,47.3672,-122.019,1950.0,3800.0,2014-12-18,299900.0
3630120960,3.0,3.25,3230.0,5000.0,2.0,0.0,0.0,3,9,3230.0,0.0,2006,0.0,98029,47.5558,-122.002,2670.0,3977.0,2014-07-18,715000.0
3622059155,4.0,2.5,1810.0,39639.0,1.0,0.0,0.0,3,7,1230.0,580.0,1970,0.0,98042,47.3472,-122.11,1810.0,44866.0,2014-05-23,235000.0
1687000240,3.0,2.5,2495.0,4400.0,2.0,0.0,0.0,3,8,2495.0,0.0,2007,0.0,98001,47.2877,-122.283,2434.0,4400.0,2014-12-10,276000.0
4322300340,4.0,1.5,1740.0,12728.0,1.0,0.0,0.0,4,7,1180.0,560.0,1964,0.0,98003,47.2808,-122.3,1830.0,11125.0,2015-01-12,265000.0
3797000830,3.0,1.75,1680.0,3000.0,1.0,0.0,2.0,4,6,840.0,840.0,1900,0.0,98103,47.686,-122.346,1540.0,3700.0,2014-05-30,425000.0
4137060270,4.0,2.5,2460.0,10320.0,2.0,0.0,0.0,3,8,2460.0,0.0,1993,0.0,98092,47.2599,-122.215,2210.0,9024.0,2015-01-05,313000.0
7277100640,3.0,2.5,3050.0,6000.0,1.0,0.0,3.0,3,8,1720.0,1330.0,1984,0.0,98177,47.7701,-122.389,2340.0,7200.0,2015-04-09,715000.0
1312920060,3.0,2.25,1630.0,10969.0,2.0,0.0,0.0,3,7,1630.0,0.0,1991,0.0,98001,47.3305,-122.285,1410.0,7920.0,2014-12-12,265000.0
1472330030,3.0,2.75,2460.0,6413.0,2.0,0.0,0.0,3,9,2460.0,0.0,2004,0.0,98028,47.7497,-122.245,2440.0,6092.0,2015-03-24,646000.0
2973800030,3.0,1.0,1030.0,6600.0,1.0,0.0,0.0,3,7,1030.0,0.0,1954,0.0,98146,47.4941,-122.34,1220.0,9040.0,2014-07-21,175000.0
5152920070,3.0,2.5,3410.0,13809.0,1.0,0.0,3.0,4,10,2450.0,960.0,1973,0.0,98003,47.3424,-122.326,3410.0,14245.0,2014-07-31,649000.0
2021200058,3.0,2.75,2310.0,5200.0,1.0,0.0,0.0,4,7,1520.0,790.0,1940,0.0,98199,47.6357,-122.397,2310.0,5200.0,2015-04-23,785000.0
9828202255,4.0,2.75,2610.0,4400.0,1.0,0.0,0.0,5,8,1260.0,1350.0,1920,0.0,98122,47.6158,-122.293,1770.0,4400.0,2014-09-22,890000.0
2126059276,3.0,3.0,2330.0,10327.0,1.0,0.0,0.0,3,9,2330.0,0.0,1998,0.0,98034,47.7239,-122.164,2200.0,4629.0,2014-11-26,612000.0
7796450340,4.0,2.5,2980.0,5674.0,2.0,0.0,0.0,3,8,2980.0,0.0,2003,0.0,98023,47.277,-122.347,2610.0,5495.0,2014-12-05,330000.0
1449000260,3.0,2.25,1790.0,11393.0,1.0,0.0,0.0,3,8,1790.0,0.0,1978,0.0,98052,47.6297,-122.099,2290.0,11894.0,2014-11-12,493000.0
8722100570,4.0,2.25,2940.0,5735.0,1.0,0.0,0.0,3,9,1470.0,1470.0,1957,0.0,98112,47.6381,-122.304,2230.0,5659.0,2015-04-03,1600000.0
7856400240,4.0,3.0,3900.0,9750.0,1.0,,4.0,5,10,2520.0,1380.0,1972,0.0,98006,47.5605,-122.158,3410.0,9450.0,2014-06-27,1620000.0
7856400240,4.0,3.0,3900.0,9750.0,1.0,,4.0,5,10,2520.0,1380.0,1972,0.0,98006,47.5605,-122.158,3410.0,9450.0,2015-02-11,1650000.0
3037200060,3.0,2.5,1750.0,2150.0,2.5,0.0,0.0,3,7,1230.0,520.0,1900,20140.0,98122,47.6037,-122.311,1410.0,3300.0,2014-09-26,499000.0
6071700160,6.0,2.75,2660.0,8400.0,1.0,0.0,0.0,5,8,1550.0,1110.0,1962,0.0,98006,47.549,-122.173,2280.0,8400.0,2014-06-23,603500.0
7645900055,2.0,1.5,1580.0,3680.0,1.0,,2.0,3,8,1280.0,300.0,1941,0.0,98126,47.5762,-122.377,1730.0,3680.0,2014-06-24,530000.0
292000070,5.0,2.5,2350.0,14197.0,1.0,,0.0,4,8,1220.0,1130.0,1962,0.0,98004,47.6005,-122.204,2470.0,11629.0,2015-04-06,895000.0
9510900710,4.0,2.25,2510.0,8165.0,1.0,0.0,0.0,4,7,1610.0,900.0,1972,0.0,98023,47.3092,-122.372,1940.0,8250.0,2014-05-13,267345.0
1471620240,3.0,2.5,1480.0,15639.0,2.0,0.0,0.0,3,8,1480.0,0.0,1987,0.0,98045,47.4723,-121.746,1480.0,16454.0,2014-05-16,275000.0
1626079012,3.0,1.75,1720.0,223377.0,1.0,0.0,0.0,3,7,1240.0,480.0,1950,0.0,98019,47.7329,-121.92,2530.0,221442.0,2015-02-25,439950.0
3904901670,3.0,2.25,1470.0,4653.0,2.0,0.0,0.0,4,7,1470.0,0.0,1985,0.0,98029,47.5667,-122.018,1560.0,4119.0,2014-06-20,455000.0
8927600070,3.0,1.75,1540.0,6930.0,1.0,,0.0,3,7,1250.0,290.0,1944,0.0,98115,47.6782,-122.278,1760.0,6930.0,2015-01-13,630000.0
3629970240,3.0,2.5,2820.0,5001.0,2.0,0.0,0.0,3,9,2820.0,0.0,2004,0.0,98029,47.5533,-121.992,2660.0,5001.0,2014-11-03,690000.0
1099610260,4.0,1.75,1250.0,12705.0,1.0,0.0,0.0,4,7,1250.0,0.0,1971,0.0,98023,47.302,-122.382,1390.0,8550.0,2014-08-26,212000.0
5420300270,4.0,2.25,2080.0,7526.0,1.0,,0.0,4,7,1280.0,800.0,1985,0.0,98030,47.3762,-122.183,1200.0,7500.0,2014-08-13,231500.0
2954400520,4.0,3.25,5180.0,49936.0,2.0,,0.0,4,10,5180.0,0.0,1991,0.0,98053,47.6676,-122.069,4240.0,35363.0,2015-04-30,1240000.0
1121059105,3.0,2.5,2860.0,43821.0,2.0,0.0,0.0,4,9,2860.0,0.0,1990,0.0,98092,47.3163,-122.142,2370.0,65340.0,2014-07-08,378500.0
2591720070,4.0,2.5,2710.0,35868.0,2.0,0.0,0.0,3,9,2710.0,0.0,1989,0.0,98038,47.375,-122.022,2780.0,36224.0,2014-05-02,482000.0
9178600055,2.0,1.0,1140.0,3990.0,1.0,0.0,0.0,3,7,1140.0,0.0,1924,0.0,98103,47.6554,-122.333,1800.0,5700.0,2015-05-05,695000.0
9290850800,4.0,2.5,4070.0,57587.0,2.0,0.0,0.0,3,10,4070.0,0.0,1989,0.0,98052,47.6908,-122.052,3890.0,35960.0,2014-12-02,965000.0
5040800060,3.0,1.75,1710.0,5913.0,1.0,0.0,0.0,4,8,1120.0,590.0,1941,0.0,98199,47.6481,-122.406,2920.0,5922.0,2015-02-04,675000.0
1437900350,3.0,1.5,1340.0,6500.0,1.0,0.0,0.0,3,7,1340.0,0.0,1972,0.0,98034,47.7168,-122.192,1620.0,7107.0,2014-10-27,387000.0
1328300810,4.0,2.75,2290.0,7000.0,2.0,0.0,0.0,3,8,2290.0,0.0,1977,0.0,98058,47.4442,-122.129,2000.0,7200.0,2015-03-30,347500.0
3990200125,3.0,2.0,1860.0,7400.0,1.0,0.0,0.0,3,8,930.0,,1922,20040.0,98166,47.4598,-122.352,1640.0,8461.0,2014-07-11,385000.0
7452500340,3.0,1.0,1080.0,4930.0,1.0,,0.0,3,6,1080.0,0.0,1950,0.0,98126,47.5209,-122.374,1100.0,5950.0,2014-12-04,265000.0
9215400075,3.0,1.0,960.0,5264.0,1.0,0.0,0.0,3,7,960.0,0.0,1953,0.0,98115,47.6805,-122.301,1140.0,5150.0,2015-04-22,406000.0
5061300030,2.0,1.5,980.0,5000.0,2.0,0.0,0.0,3,7,980.0,0.0,1922,20030.0,98014,47.7076,-121.359,1040.0,5000.0,2014-05-08,134000.0
3362900696,3.0,1.0,1500.0,3399.0,2.0,0.0,0.0,5,7,1300.0,200.0,1926,0.0,98103,47.6838,-122.352,1360.0,3588.0,2014-10-20,415000.0
2558640340,3.0,1.75,1440.0,8775.0,1.0,0.0,0.0,3,7,1440.0,0.0,1973,0.0,98034,47.7231,-122.17,1790.0,7865.0,2014-05-27,375000.0
8078460810,4.0,2.5,2580.0,7465.0,2.0,0.0,0.0,3,8,2580.0,0.0,1993,0.0,98074,47.6319,-122.022,2350.0,7596.0,2014-12-10,620000.0
538000390,5.0,2.5,2070.0,4698.0,2.0,0.0,0.0,3,7,2070.0,0.0,1999,0.0,98038,47.3539,-122.024,2010.0,4698.0,2014-10-28,337500.0
3584900160,3.0,2.5,1880.0,12368.0,1.0,,0.0,4,7,1260.0,620.0,1967,0.0,98005,47.5901,-122.167,1950.0,11551.0,2014-09-22,565000.0
8572900135,3.0,1.75,2420.0,12676.0,2.0,,0.0,3,7,2420.0,0.0,1911,19860.0,98045,47.4943,-121.789,1210.0,6769.0,2014-05-23,399500.0
8056000075,2.0,1.75,1890.0,9466.0,2.0,0.0,0.0,3,8,1890.0,0.0,1987,0.0,98004,47.6144,-122.211,2180.0,12825.0,2014-05-21,1070000.0
2972300140,3.0,2.0,1920.0,33630.0,1.0,0.0,0.0,3,8,1920.0,0.0,1992,0.0,98056,47.4983,-122.167,2080.0,7505.0,2014-08-21,352500.0
7697870350,3.0,2.0,1870.0,5909.0,1.0,,0.0,3,7,1270.0,600.0,1986,0.0,98030,47.3665,-122.183,1870.0,7887.0,2014-06-17,259000.0
7972601710,2.0,1.0,900.0,7620.0,1.0,0.0,0.0,3,7,900.0,0.0,1971,0.0,98106,47.5268,-122.343,1520.0,7620.0,2015-04-15,320000.0
6421100342,3.0,2.5,2160.0,9888.0,2.0,0.0,0.0,4,9,2160.0,0.0,1989,0.0,98052,47.6712,-122.142,3060.0,7829.0,2014-08-11,733000.0
2464400340,2.0,1.0,900.0,2910.0,1.0,0.0,0.0,5,7,900.0,0.0,1924,0.0,98115,47.6859,-122.322,1320.0,2910.0,2014-06-25,381500.0
8113101232,2.0,1.0,1180.0,9261.0,1.0,0.0,0.0,4,7,940.0,240.0,1957,0.0,98118,47.5492,-122.274,1700.0,6325.0,2014-12-02,343000.0
5706500140,2.0,1.0,900.0,6400.0,1.0,0.0,0.0,5,6,900.0,0.0,1938,0.0,98022,47.2113,-121.992,1320.0,6400.0,2014-08-18,205500.0
1024069037,3.0,2.0,1600.0,16530.0,1.0,0.0,0.0,5,7,1600.0,0.0,1967,0.0,98075,47.5821,-122.016,1850.0,41006.0,2014-09-15,525000.0
9476700135,3.0,1.75,1500.0,8352.0,1.0,,2.0,5,6,750.0,750.0,1943,0.0,98056,47.4883,-122.191,1500.0,8447.0,2015-03-19,300000.0
1926069035,2.0,1.0,1070.0,189486.0,1.0,0.0,0.0,3,6,1070.0,0.0,1942,0.0,98077,47.7199,-122.085,1970.0,60548.0,2014-07-22,299000.0
3904990030,4.0,2.5,2570.0,5250.0,2.0,0.0,0.0,3,8,2570.0,0.0,1990,0.0,98029,47.5763,-122.0,2260.0,5392.0,2014-07-09,561000.0
7132300550,3.0,1.0,1210.0,4000.0,1.5,0.0,0.0,3,7,1090.0,120.0,1928,0.0,98144,47.5934,-122.308,1210.0,4000.0,2015-02-24,450000.0
2193340140,4.0,2.5,1850.0,7850.0,2.0,0.0,0.0,3,8,1850.0,0.0,1985,0.0,98052,47.6914,-122.103,1830.0,8140.0,2014-08-14,540000.0
1422300160,3.0,2.5,1740.0,30886.0,2.0,0.0,0.0,3,8,1740.0,0.0,1992,0.0,98045,47.46,-121.707,1740.0,39133.0,2014-06-24,379000.0
2946000751,3.0,1.0,1300.0,14000.0,1.0,0.0,0.0,4,7,1300.0,0.0,1958,0.0,98198,47.4213,-122.322,1390.0,8750.0,2014-07-24,230000.0
1796250140,3.0,2.5,2000.0,30605.0,2.0,0.0,0.0,4,8,2000.0,0.0,1989,0.0,98042,47.3442,-122.062,1930.0,35350.0,2015-03-10,399950.0
6699001200,5.0,2.5,3220.0,5806.0,2.0,0.0,0.0,3,8,3220.0,0.0,2002,0.0,98042,47.3714,-122.103,2760.0,5813.0,2015-05-07,355000.0
7525300310,4.0,2.25,2160.0,9593.0,1.0,0.0,0.0,3,8,2160.0,,1969,0.0,98008,47.5883,-122.112,2820.0,9628.0,2014-06-19,580000.0
5700000340,3.0,2.0,2130.0,4299.0,1.5,,0.0,4,7,1680.0,450.0,1922,0.0,98144,47.5779,-122.294,2040.0,4548.0,2015-04-27,700000.0
3210400340,3.0,1.75,1580.0,8151.0,1.0,0.0,1.0,4,7,1100.0,480.0,1962,0.0,98198,47.3672,-122.312,1650.0,8151.0,2014-05-06,279900.0
179003055,3.0,1.0,1200.0,7500.0,1.0,0.0,0.0,3,6,1200.0,0.0,1905,19890.0,98178,47.4921,-122.275,1010.0,7000.0,2014-11-13,210000.0
9829200566,3.0,3.0,3790.0,5001.0,2.0,0.0,0.0,3,10,2810.0,980.0,1989,0.0,98122,47.6035,-122.285,2500.0,6286.0,2014-06-30,1170000.0
1723059050,2.0,1.0,860.0,3874.0,1.0,0.0,0.0,4,6,860.0,0.0,1931,0.0,98055,47.4836,-122.204,1400.0,5106.0,2014-06-11,290300.0
2624059036,5.0,4.5,5130.0,43123.0,2.0,0.0,0.0,3,11,5130.0,0.0,1996,0.0,98006,47.544,-122.126,4670.0,43560.0,2014-10-03,1600000.0
5101406441,3.0,1.0,1600.0,6380.0,1.5,,0.0,3,7,1400.0,200.0,1939,0.0,98125,47.7015,-122.317,1760.0,6380.0,2015-04-16,490000.0
8582010240,4.0,2.5,2110.0,13850.0,2.0,0.0,0.0,3,9,2110.0,0.0,1987,0.0,98027,47.5497,-122.077,2520.0,10194.0,2014-05-06,606000.0
6300500505,3.0,1.0,1400.0,4980.0,1.0,0.0,0.0,3,6,950.0,450.0,1943,0.0,98133,47.7041,-122.34,990.0,4980.0,2014-07-14,359950.0
3275890310,3.0,2.0,2110.0,9199.0,1.0,0.0,0.0,3,10,2110.0,0.0,1993,0.0,98074,47.6496,-122.083,3130.0,8841.0,2015-02-12,677100.0
7715801040,3.0,2.0,1430.0,7125.0,1.0,0.0,0.0,4,7,1430.0,0.0,1984,0.0,98074,47.6256,-122.059,1570.0,8075.0,2015-02-21,465000.0
7738500731,5.0,5.5,6640.0,40014.0,2.0,1.0,4.0,3,12,6350.0,290.0,2004,0.0,98155,47.7493,-122.28,3030.0,23408.0,2014-08-15,4500000.0
1822079046,3.0,2.0,3040.0,41072.0,1.0,0.0,0.0,4,8,1520.0,1520.0,1978,0.0,98038,47.3944,-121.972,2230.0,54014.0,2015-05-04,500000.0
1062100075,2.0,1.0,980.0,5000.0,1.0,0.0,0.0,4,7,980.0,0.0,1950,0.0,98155,47.7518,-122.279,1600.0,5965.0,2015-05-03,455000.0
8825900070,6.0,2.0,2570.0,4240.0,1.5,0.0,0.0,4,7,1970.0,600.0,1911,0.0,98115,47.6754,-122.307,2030.0,4240.0,2014-08-18,705000.0
1158700135,3.0,2.5,2060.0,7020.0,1.0,,0.0,4,8,1460.0,600.0,1967,0.0,98177,47.7575,-122.364,2150.0,8400.0,2014-08-12,420000.0
7983000200,3.0,1.0,1300.0,8284.0,1.0,0.0,0.0,3,7,1300.0,0.0,1968,0.0,98003,47.3327,-122.306,1360.0,7848.0,2014-10-05,169575.0
7983000200,3.0,1.0,1300.0,8284.0,1.0,0.0,0.0,3,7,1300.0,0.0,1968,0.0,98003,47.3327,-122.306,1360.0,7848.0,2015-02-25,250000.0
1727510030,3.0,2.25,1680.0,7262.0,1.0,,0.0,5,7,1180.0,500.0,1973,0.0,98034,47.713,-122.225,1910.0,7405.0,2015-03-12,530000.0
3286800370,5.0,3.25,4020.0,40341.0,1.0,0.0,0.0,5,8,2170.0,1850.0,1970,0.0,98027,47.4952,-122.068,2650.0,53437.0,2015-02-06,590000.0
6791400320,3.0,1.75,1530.0,14087.0,1.0,0.0,0.0,3,7,1070.0,460.0,1979,0.0,98042,47.3146,-122.043,1770.0,13660.0,2014-09-23,257500.0
3992700036,3.0,1.0,1170.0,6700.0,1.0,0.0,0.0,3,8,1170.0,0.0,1957,0.0,98125,47.7122,-122.29,2410.0,7620.0,2014-06-26,415000.0
1175000059,3.0,1.75,1580.0,3764.0,1.5,0.0,0.0,3,7,1280.0,300.0,1945,0.0,98107,47.672,-122.397,1560.0,3764.0,2014-10-10,536000.0
8732000390,3.0,1.5,1270.0,11600.0,1.0,0.0,0.0,4,7,1270.0,0.0,1964,0.0,98031,47.4075,-122.196,1380.0,9945.0,2014-05-29,246500.0
1441800030,3.0,1.75,1480.0,7700.0,1.0,0.0,0.0,3,8,1480.0,0.0,1975,0.0,98034,47.7225,-122.202,1930.0,8560.0,2014-07-06,395000.0
4045800030,3.0,2.25,2220.0,10530.0,1.0,,0.0,4,8,1700.0,520.0,1974,0.0,98052,47.6383,-122.098,2500.0,10014.0,2015-05-11,739000.0
1727850340,4.0,2.75,3200.0,13729.0,2.0,0.0,0.0,3,11,3200.0,0.0,1984,0.0,98005,47.6402,-122.171,4050.0,16921.0,2014-09-29,1270000.0
2268000370,3.0,1.0,910.0,10575.0,1.0,0.0,0.0,4,7,910.0,0.0,1968,0.0,98003,47.2741,-122.301,1470.0,10425.0,2014-07-08,190000.0
2023049350,3.0,1.5,1480.0,9086.0,1.0,0.0,0.0,3,7,1480.0,0.0,1962,0.0,98168,47.4717,-122.323,1540.0,9750.0,2015-04-10,305000.0
7018000560,4.0,4.25,3770.0,13058.0,2.0,0.0,0.0,4,8,3770.0,0.0,1983,0.0,98028,47.7517,-122.225,2200.0,12255.0,2015-04-20,925000.0
4147200140,4.0,3.0,3500.0,13444.0,2.0,0.0,0.0,3,10,2360.0,1140.0,1977,0.0,98040,47.5468,-122.231,3140.0,12935.0,2014-08-21,895000.0
3176600055,3.0,1.75,1480.0,7475.0,1.5,0.0,0.0,3,8,1480.0,0.0,1943,0.0,98115,47.6732,-122.272,2120.0,7216.0,2014-07-17,656000.0
7518500885,4.0,1.0,1660.0,4690.0,1.5,0.0,0.0,3,7,1260.0,400.0,1945,0.0,98117,47.6829,-122.378,1400.0,3876.0,2014-05-19,560000.0
7504020810,5.0,2.25,2520.0,11700.0,2.0,0.0,0.0,3,9,2520.0,0.0,1977,0.0,98074,47.6322,-122.053,2530.0,12000.0,2014-10-20,610000.0
3276930370,4.0,2.5,2850.0,37522.0,2.0,0.0,0.0,3,9,2850.0,0.0,1987,0.0,98075,47.5852,-121.992,2980.0,35280.0,2014-07-08,645000.0
1687000200,3.0,2.5,2153.0,4400.0,2.0,0.0,0.0,3,8,2153.0,0.0,2007,0.0,98001,47.2872,-122.283,2434.0,4400.0,2015-04-10,259000.0
7501000340,4.0,2.5,3780.0,10962.0,2.0,0.0,0.0,3,10,3780.0,0.0,1990,0.0,98033,47.6533,-122.183,3310.0,11651.0,2014-08-18,980000.0
7611200136,4.0,4.0,3770.0,9750.0,1.0,0.0,0.0,4,9,1940.0,1830.0,1967,0.0,98177,47.7159,-122.367,2260.0,9878.0,2014-07-23,872000.0
5459500125,6.0,2.75,3600.0,9675.0,1.0,0.0,2.0,4,9,1940.0,1660.0,1977,0.0,98040,47.5726,-122.213,2990.0,9675.0,2014-08-05,1000000.0
825059271,3.0,2.75,2980.0,12600.0,1.5,0.0,0.0,3,8,1590.0,1390.0,1941,20120.0,98033,47.674,-122.196,1520.0,9660.0,2014-09-10,900000.0
9465200181,4.0,1.5,2320.0,5534.0,1.5,0.0,0.0,4,7,1540.0,780.0,1915,0.0,98103,47.6944,-122.355,1670.0,5913.0,2015-04-28,475000.0
5469502860,5.0,2.75,2980.0,13482.0,1.0,0.0,0.0,4,8,1730.0,1250.0,1975,0.0,98042,47.3774,-122.16,2900.0,14800.0,2015-01-07,350000.0
486000565,4.0,1.75,2930.0,11562.0,1.0,0.0,3.0,3,9,1670.0,1260.0,1947,0.0,98117,47.6765,-122.404,2530.0,6517.0,2014-05-15,840000.0
6071900070,4.0,2.5,2040.0,8400.0,1.0,,0.0,3,8,1420.0,620.0,1963,0.0,98006,47.5512,-122.17,2540.0,8925.0,2014-06-22,500000.0
7957600075,3.0,1.5,1510.0,9898.0,1.0,0.0,0.0,3,7,1110.0,400.0,1954,0.0,98148,47.4303,-122.334,1420.0,9250.0,2015-04-06,202500.0
823069074,4.0,2.5,2660.0,65340.0,2.0,0.0,0.0,3,8,2660.0,,1988,0.0,98027,47.4969,-122.06,2850.0,74052.0,2014-12-23,523000.0
2366800055,3.0,2.5,1740.0,10050.0,2.0,0.0,0.0,3,7,1740.0,0.0,1989,0.0,98001,47.2671,-122.236,1300.0,10125.0,2014-12-03,225000.0
7272001805,3.0,2.25,2240.0,9542.0,1.0,0.0,1.0,3,7,1190.0,1050.0,1980,0.0,98198,47.3995,-122.318,2080.0,9542.0,2015-03-09,418200.0
3582700070,4.0,1.75,1570.0,9670.0,1.0,0.0,0.0,3,7,1170.0,400.0,1959,0.0,98028,47.7432,-122.248,2080.0,9100.0,2014-12-05,356500.0
2402100055,4.0,3.0,2500.0,5000.0,1.5,0.0,0.0,4,7,1460.0,,1926,0.0,98103,47.6895,-122.331,1720.0,4500.0,2014-07-16,670000.0
5146000070,3.0,2.25,1750.0,12408.0,1.0,0.0,0.0,5,7,1150.0,600.0,1962,0.0,98155,47.7509,-122.3,1820.0,12977.0,2014-12-04,456150.0
2607760890,4.0,2.5,3030.0,9687.0,2.0,0.0,0.0,3,8,2020.0,1010.0,1998,0.0,98045,47.485,-121.799,2050.0,10193.0,2014-06-03,471000.0
9274200316,3.0,2.5,1680.0,934.0,3.0,0.0,0.0,3,8,1680.0,0.0,2008,0.0,98116,47.5891,-122.387,1740.0,1280.0,2015-04-09,558000.0
4139500200,6.0,4.5,5740.0,10312.0,2.0,0.0,2.0,3,11,3610.0,2130.0,2000,0.0,98006,47.5533,-122.11,4350.0,11917.0,2015-03-05,1380000.0
3021059155,3.0,1.0,1220.0,6000.0,1.0,0.0,0.0,5,7,1220.0,0.0,1961,0.0,98002,47.2811,-122.214,1420.0,13137.0,2014-12-12,161500.0
3580900160,3.0,1.0,1310.0,8370.0,1.5,0.0,0.0,3,7,1310.0,0.0,1962,0.0,98034,47.7284,-122.241,1310.0,8370.0,2014-10-10,311000.0
3876000350,6.0,1.75,2490.0,8732.0,1.5,0.0,0.0,4,8,2490.0,0.0,1966,0.0,98034,47.7252,-122.187,1840.0,8024.0,2015-02-24,470000.0
3959400400,3.0,3.25,2220.0,8227.0,1.5,0.0,0.0,5,8,1770.0,450.0,1929,0.0,98108,47.5665,-122.316,1750.0,4800.0,2014-07-09,569000.0
8079100700,4.0,2.5,2240.0,7350.0,2.0,,0.0,3,9,2240.0,0.0,1989,0.0,98029,47.5652,-122.013,2200.0,8017.0,2015-03-18,689000.0
9407001610,3.0,1.75,1890.0,11875.0,1.0,,0.0,3,7,1230.0,660.0,1979,0.0,98045,47.4472,-121.774,1580.0,10920.0,2014-07-15,271900.0
8700120270,4.0,2.5,1850.0,6037.0,2.0,0.0,0.0,3,7,1850.0,0.0,1991,0.0,98030,47.359,-122.191,1860.0,6037.0,2014-12-10,278000.0
3204300860,2.0,2.5,2210.0,4440.0,2.0,0.0,0.0,4,8,1440.0,770.0,1931,0.0,98112,47.6305,-122.3,1560.0,4920.0,2014-07-23,820000.0
3204800520,3.0,1.75,1410.0,7700.0,1.0,0.0,0.0,4,7,1410.0,0.0,1967,0.0,98056,47.5375,-122.176,1560.0,7700.0,2015-02-25,399500.0
8857320260,3.0,2.75,1890.0,2614.0,2.0,,0.0,4,9,1890.0,0.0,1979,0.0,98008,47.6102,-122.114,1800.0,2769.0,2014-11-05,462000.0
6791400800,3.0,1.0,1830.0,12036.0,1.0,0.0,0.0,3,7,1550.0,280.0,1977,0.0,98042,47.3126,-122.043,1810.0,12036.0,2015-04-13,347500.0
2768000270,2.0,0.75,1440.0,3700.0,1.0,0.0,0.0,3,7,1200.0,240.0,1914,0.0,98107,47.6707,-122.364,1440.0,4300.0,2014-06-25,562100.0
1432400060,2.0,1.0,950.0,7560.0,1.0,0.0,0.0,3,6,950.0,0.0,1958,0.0,98058,47.4499,-122.176,1160.0,7560.0,2014-05-29,230000.0
2547200240,4.0,2.5,2370.0,10083.0,2.0,0.0,0.0,5,8,2370.0,0.0,1966,0.0,98033,47.6715,-122.166,2370.0,10133.0,2014-06-22,687000.0
6441800060,4.0,2.5,3070.0,5762.0,2.0,0.0,0.0,3,10,3070.0,0.0,2000,0.0,98075,47.5847,-122.08,3630.0,6500.0,2014-12-09,725786.0
1775800710,3.0,1.0,1300.0,12600.0,1.0,0.0,0.0,4,7,1300.0,0.0,1969,0.0,98072,47.7422,-122.1,1480.0,13530.0,2015-01-26,315500.0
7694600253,4.0,2.0,1300.0,7054.0,1.0,0.0,0.0,3,7,1300.0,0.0,1950,20130.0,98146,47.5071,-122.369,1560.0,7100.0,2014-05-06,312000.0
8910500238,3.0,3.25,1210.0,1173.0,2.0,0.0,0.0,3,8,1000.0,210.0,2002,0.0,98133,47.7114,-122.356,1650.0,1493.0,2014-11-06,343000.0
3076500830,1.0,1.0,710.0,6000.0,1.5,0.0,0.0,3,6,710.0,0.0,2015,0.0,98144,47.5756,-122.316,1440.0,4800.0,2014-10-29,385195.0
1072030510,4.0,2.25,2240.0,12650.0,1.0,0.0,0.0,4,8,1730.0,510.0,1981,0.0,98059,47.4777,-122.142,2150.0,12650.0,2014-08-29,415000.0
3888100226,3.0,1.75,3600.0,8666.0,2.0,0.0,0.0,4,6,2400.0,1200.0,1948,0.0,98033,47.6893,-122.167,2290.0,8200.0,2014-06-30,461000.0
7227501369,4.0,2.5,1960.0,7133.0,2.0,0.0,0.0,3,7,1960.0,0.0,2002,0.0,98056,47.4941,-122.19,1960.0,6705.0,2014-06-10,369990.0
3820350070,4.0,2.5,1820.0,3134.0,2.0,0.0,0.0,3,7,1820.0,0.0,1999,0.0,98019,47.7351,-121.985,1820.0,3751.0,2014-09-29,349950.0
7616800350,3.0,2.25,1960.0,17126.0,1.0,0.0,0.0,3,8,1400.0,560.0,1966,0.0,98055,47.4436,-122.21,2060.0,11466.0,2015-04-12,285750.0
7811210200,4.0,2.25,1750.0,10160.0,1.0,0.0,0.0,3,8,1320.0,430.0,1972,0.0,98005,47.5909,-122.158,2170.0,11165.0,2015-04-20,542500.0
6891100260,5.0,3.5,3700.0,5400.0,2.0,0.0,0.0,3,9,2890.0,810.0,2011,0.0,98053,47.7085,-122.117,3620.0,5460.0,2014-11-11,830000.0
6076500160,4.0,2.5,2910.0,20946.0,2.0,0.0,0.0,4,8,2350.0,560.0,1976,0.0,98034,47.7085,-122.24,2020.0,11342.0,2014-12-23,705000.0
2872100445,2.0,1.0,1270.0,5000.0,1.0,0.0,0.0,3,8,1090.0,180.0,1949,0.0,98117,47.6828,-122.393,1640.0,5000.0,2014-06-24,615000.0
3352400004,2.0,1.0,720.0,5880.0,1.0,0.0,0.0,3,6,720.0,0.0,1940,0.0,98178,47.5056,-122.27,1440.0,7200.0,2015-01-29,184500.0
7942601200,2.0,1.0,1040.0,5120.0,1.0,0.0,0.0,3,7,1040.0,0.0,1901,0.0,98122,47.6048,-122.312,1250.0,4000.0,2014-10-01,412000.0
985001266,3.0,1.5,2210.0,11111.0,1.5,0.0,0.0,3,7,2210.0,0.0,1934,0.0,98168,47.492,-122.309,1250.0,8422.0,2014-12-15,250000.0
2218000390,5.0,2.0,2060.0,6000.0,2.0,0.0,0.0,3,7,2060.0,0.0,1903,0.0,98105,47.6685,-122.305,1770.0,5000.0,2014-06-12,580000.0
7231502505,2.0,1.0,780.0,6000.0,1.0,0.0,0.0,5,6,780.0,0.0,1923,0.0,98055,47.4759,-122.208,1080.0,6000.0,2015-03-12,220000.0
7555220140,4.0,2.75,2240.0,8937.0,1.0,0.0,0.0,4,8,1460.0,780.0,1976,0.0,98033,47.6495,-122.194,2360.0,9038.0,2014-09-16,675000.0
7445000105,2.0,1.0,800.0,3330.0,1.0,0.0,0.0,3,7,800.0,0.0,1918,0.0,98107,47.6566,-122.358,1300.0,4320.0,2014-05-22,373500.0
5583200810,2.0,1.5,2440.0,6900.0,2.0,0.0,0.0,3,7,1590.0,850.0,1910,0.0,98118,47.5568,-122.271,1770.0,6900.0,2015-04-02,662700.0
7340600827,5.0,1.0,1460.0,6032.0,2.0,0.0,0.0,4,6,1460.0,0.0,1941,0.0,98168,47.487,-122.282,1060.0,10300.0,2014-05-16,239950.0
7436900045,3.0,1.0,1150.0,10196.0,1.0,0.0,0.0,4,7,1150.0,0.0,1957,0.0,98052,47.6788,-122.162,1410.0,8925.0,2014-09-25,383000.0
4027701294,3.0,2.75,2650.0,12350.0,1.0,0.0,0.0,4,7,1470.0,1180.0,1975,0.0,98028,47.7669,-122.268,1950.0,14075.0,2015-01-29,485000.0
3570000160,4.0,2.75,2600.0,36583.0,1.0,0.0,0.0,5,8,1580.0,1020.0,1976,0.0,98075,47.593,-122.054,2300.0,27820.0,2014-07-10,610000.0
9276202190,6.0,1.75,1820.0,6250.0,1.0,0.0,0.0,3,7,1130.0,690.0,1954,0.0,98116,47.579,-122.39,1820.0,5750.0,2014-08-08,545000.0
5016002180,2.0,2.5,2560.0,2500.0,2.0,0.0,0.0,5,8,1690.0,870.0,1901,0.0,98112,47.6233,-122.3,1890.0,5000.0,2014-07-08,780000.0
7300000550,3.0,2.5,1714.0,3240.0,2.0,0.0,0.0,3,8,1714.0,0.0,2005,0.0,98055,47.4288,-122.19,1714.0,3240.0,2015-04-24,305000.0
6817810310,3.0,1.0,1330.0,15678.0,1.0,0.0,0.0,3,7,900.0,430.0,1984,0.0,98074,47.6355,-122.037,1330.0,12696.0,2014-06-12,405000.0
7851980260,5.0,3.5,7350.0,12231.0,2.0,0.0,4.0,3,11,4750.0,2600.0,2001,0.0,98065,47.5373,-121.865,5380.0,12587.0,2014-07-30,1110000.0
1423400260,3.0,1.75,2050.0,9045.0,2.0,0.0,0.0,4,6,2050.0,0.0,1959,0.0,98058,47.4572,-122.18,1200.0,9045.0,2015-04-02,273000.0
3876810140,3.0,1.0,1810.0,12375.0,2.0,0.0,0.0,3,7,1810.0,0.0,1970,0.0,98072,47.7427,-122.172,1420.0,9357.0,2014-05-27,326500.0
3276180140,3.0,1.75,1380.0,9134.0,1.0,0.0,0.0,5,7,880.0,500.0,1981,0.0,98056,47.5087,-122.193,1400.0,8190.0,2015-04-24,365000.0
9808590310,3.0,2.75,3070.0,10739.0,2.0,0.0,0.0,3,10,2440.0,630.0,1987,0.0,98004,47.6444,-122.191,3490.0,11913.0,2015-04-08,1000000.0
546000045,2.0,1.0,800.0,4046.0,1.0,0.0,0.0,3,7,800.0,0.0,1940,0.0,98117,47.6895,-122.382,1400.0,4046.0,2015-03-25,422500.0
2595650060,4.0,2.75,2140.0,9920.0,2.0,0.0,0.0,3,8,2140.0,0.0,1993,0.0,98001,47.3529,-122.274,2130.0,9920.0,2015-03-24,354450.0
1771110550,3.0,1.0,1330.0,9540.0,1.0,0.0,0.0,4,7,1330.0,0.0,1971,0.0,98077,47.758,-122.075,1250.0,10350.0,2014-12-04,320000.0
5335700030,3.0,1.0,1030.0,9120.0,1.0,0.0,0.0,3,7,1030.0,0.0,1961,0.0,98032,47.3607,-122.291,1470.0,10220.0,2014-06-03,223000.0
7203101580,3.0,2.5,1740.0,4948.0,2.0,0.0,0.0,3,7,1740.0,0.0,2008,0.0,98053,47.6966,-122.025,1290.0,3383.0,2014-07-24,410000.0
272000125,3.0,1.0,1200.0,4000.0,1.5,,0.0,4,6,1200.0,0.0,1923,0.0,98144,47.5881,-122.299,1390.0,4000.0,2014-08-29,438000.0
2770601741,3.0,3.0,1490.0,2944.0,2.0,0.0,0.0,3,7,960.0,530.0,1993,0.0,98199,47.6506,-122.384,1590.0,1600.0,2014-11-06,390000.0
4250200140,4.0,2.5,1890.0,5954.0,2.0,0.0,0.0,3,7,1890.0,0.0,2004,0.0,98092,47.3293,-122.194,2030.0,5880.0,2015-02-19,298500.0
8965400390,5.0,2.25,3060.0,13630.0,2.0,0.0,0.0,3,10,3060.0,0.0,1989,0.0,98006,47.5585,-122.117,3430.0,10700.0,2014-09-05,749999.0
5071401000,6.0,2.5,3250.0,12000.0,1.0,0.0,1.0,3,8,1800.0,1450.0,1966,0.0,98115,47.6935,-122.28,3490.0,10320.0,2014-08-29,779000.0
3760500435,3.0,2.75,2730.0,11936.0,2.0,0.0,2.0,3,8,1530.0,1200.0,1978,0.0,98034,47.6987,-122.231,2810.0,12333.0,2015-01-14,570000.0
5680000260,3.0,1.0,810.0,4600.0,1.0,0.0,0.0,3,6,810.0,0.0,1918,0.0,98144,47.5712,-122.316,1520.0,4800.0,2015-05-12,385000.0
9170500060,4.0,2.0,2240.0,11040.0,1.0,0.0,0.0,5,8,1120.0,1120.0,1961,0.0,98033,47.693,-122.168,1790.0,11040.0,2014-08-18,649000.0
795000885,3.0,1.0,1740.0,5247.0,1.0,0.0,0.0,3,7,1270.0,470.0,1947,0.0,98168,47.5049,-122.329,1070.0,5636.0,2014-10-01,283000.0
4038600260,4.0,2.25,2380.0,16236.0,1.0,0.0,0.0,3,7,1540.0,840.0,1961,0.0,98008,47.6126,-122.12,2230.0,8925.0,2014-09-22,699900.0
4406000560,4.0,1.0,1540.0,8400.0,1.0,0.0,0.0,3,7,770.0,770.0,1971,0.0,98058,47.4278,-122.152,1520.0,9891.0,2015-02-20,278500.0
2260000340,4.0,1.75,2340.0,9100.0,1.0,0.0,0.0,3,8,1610.0,730.0,1975,0.0,98052,47.6401,-122.108,2470.0,11000.0,2014-11-15,700000.0
9510310030,4.0,2.75,2710.0,45963.0,2.0,,0.0,3,9,2710.0,0.0,1995,0.0,98045,47.4745,-121.724,2710.0,33955.0,2014-07-28,535000.0
4245400045,3.0,1.75,1310.0,18400.0,1.0,0.0,0.0,3,7,870.0,440.0,1954,0.0,98168,47.5035,-122.302,1840.0,10790.0,2014-09-23,234500.0
9371700132,3.0,1.75,1390.0,9585.0,1.0,0.0,0.0,4,7,1390.0,0.0,1973,0.0,98133,47.752,-122.35,1240.0,8188.0,2014-08-06,374150.0
7272001610,4.0,2.5,2201.0,9542.0,2.0,0.0,0.0,3,8,2201.0,0.0,2006,0.0,98198,47.4002,-122.317,1990.0,9542.0,2015-03-17,397000.0
1324059139,3.0,2.25,1960.0,10385.0,1.0,0.0,0.0,3,8,1960.0,0.0,1988,0.0,98008,47.5736,-122.109,2800.0,12632.0,2014-09-18,613000.0
1552100135,3.0,2.5,2850.0,10474.0,1.0,0.0,0.0,4,8,1730.0,1120.0,1954,0.0,98004,47.6218,-122.209,2820.0,10474.0,2014-06-09,1150000.0
1257200060,4.0,1.75,1880.0,4080.0,1.0,0.0,0.0,3,7,940.0,940.0,1924,0.0,98115,47.6754,-122.327,1410.0,4080.0,2015-03-27,595000.0
2822059350,5.0,2.75,2440.0,6858.0,2.0,0.0,0.0,3,8,2440.0,0.0,2003,0.0,98030,47.3655,-122.174,2300.0,6858.0,2014-09-10,340000.0
2781260070,4.0,2.5,2560.0,5800.0,2.0,0.0,0.0,3,9,2560.0,0.0,2005,0.0,98038,47.3474,-122.025,3040.0,5800.0,2015-01-08,388000.0
619000045,3.0,1.75,1410.0,15210.0,1.0,0.0,0.0,3,7,1410.0,0.0,1950,20140.0,98166,47.4181,-122.339,1970.0,16290.0,2014-09-22,404000.0
8934100125,3.0,2.0,2870.0,6360.0,1.5,,1.0,4,8,1790.0,1080.0,1946,0.0,98115,47.6813,-122.275,2310.0,6466.0,2014-08-29,810000.0
2472920140,4.0,2.5,2620.0,9359.0,2.0,0.0,0.0,3,9,2620.0,0.0,1987,0.0,98058,47.438,-122.152,2580.0,7433.0,2015-04-03,405000.0
7215730310,5.0,3.0,2970.0,10335.0,2.0,0.0,0.0,3,9,2970.0,0.0,2000,0.0,98075,47.598,-122.019,2970.0,10335.0,2014-07-14,726000.0
7697870310,3.0,2.5,1780.0,7214.0,1.0,0.0,0.0,4,7,1400.0,380.0,1986,0.0,98030,47.3667,-122.182,1520.0,7228.0,2014-05-14,266000.0
2795000060,5.0,2.25,3700.0,7207.0,1.0,0.0,1.0,5,8,1850.0,1850.0,1970,0.0,98177,47.7736,-122.371,2340.0,7900.0,2014-12-22,722500.0
2408600160,4.0,2.5,1252.0,25002.0,1.0,0.0,0.0,3,8,992.0,260.0,1996,0.0,98001,47.3216,-122.291,1860.0,25002.0,2015-02-28,352000.0
7888200240,4.0,1.5,1240.0,8158.0,1.0,0.0,0.0,4,7,1110.0,130.0,1961,0.0,98198,47.3716,-122.31,1520.0,8147.0,2015-03-19,265000.0
151000075,3.0,2.5,2160.0,3920.0,2.0,0.0,0.0,3,9,2160.0,0.0,2014,0.0,98116,47.5762,-122.415,1500.0,4920.0,2015-02-06,856000.0
5104530240,3.0,2.5,2040.0,4348.0,2.0,0.0,0.0,4,8,2040.0,0.0,2006,0.0,98038,47.3517,-121.999,2380.0,4348.0,2014-07-24,346950.0
4139680070,5.0,3.5,3130.0,4797.0,2.0,0.0,0.0,3,9,2570.0,560.0,2014,0.0,98006,47.5664,-122.129,3440.0,5439.0,2014-06-17,866059.0
7852180260,3.0,2.5,2350.0,4456.0,2.0,0.0,0.0,3,7,2350.0,0.0,2004,0.0,98065,47.5314,-121.854,2350.0,4456.0,2015-01-29,410000.0
1471610060,3.0,1.75,1570.0,16817.0,2.0,0.0,0.0,3,7,1570.0,0.0,1982,0.0,98045,47.4716,-121.756,1600.0,16817.0,2014-07-08,370000.0
3520069033,3.0,1.0,1530.0,389126.0,1.5,0.0,0.0,4,7,1530.0,0.0,1919,0.0,98022,47.1776,-122.011,1768.0,42148.0,2014-06-23,230000.0
9268200550,2.0,2.0,1520.0,5010.0,1.0,0.0,0.0,3,7,1520.0,0.0,1999,0.0,98117,47.6948,-122.364,1110.0,5040.0,2014-10-10,400000.0
1788700295,3.0,1.0,1350.0,9680.0,1.0,0.0,0.0,4,7,820.0,530.0,1959,0.0,98023,47.3274,-122.346,1320.0,9225.0,2015-03-11,172000.0
7379600240,3.0,1.75,1950.0,8480.0,1.0,0.0,0.0,4,8,1250.0,700.0,1962,0.0,98007,47.5893,-122.15,1740.0,8480.0,2014-07-14,615000.0
8691330060,4.0,3.5,3950.0,9600.0,2.0,0.0,0.0,3,10,3950.0,0.0,1998,0.0,98075,47.5945,-121.981,3110.0,10213.0,2015-04-07,860000.0
6384500581,3.0,1.75,2040.0,6000.0,1.0,0.0,0.0,5,7,1120.0,920.0,1958,0.0,98116,47.5688,-122.397,1530.0,6250.0,2014-06-18,555000.0
6690500070,3.0,2.5,1990.0,4040.0,1.5,0.0,0.0,5,8,1390.0,600.0,1926,0.0,98103,47.6867,-122.354,1180.0,3030.0,2014-07-21,579000.0
3205400140,3.0,1.75,1300.0,7030.0,1.0,0.0,0.0,3,7,1300.0,0.0,1968,0.0,98034,47.721,-122.179,1450.0,7650.0,2014-06-30,385000.0
6662410070,4.0,2.25,2030.0,12000.0,2.0,0.0,0.0,3,7,2030.0,0.0,1977,0.0,98011,47.7699,-122.168,2190.0,9900.0,2015-04-14,420000.0
1919800260,3.0,1.75,2340.0,6750.0,1.5,0.0,0.0,5,7,1620.0,720.0,1914,0.0,98103,47.6956,-122.335,1410.0,3388.0,2014-07-16,645000.0
7283900045,3.0,2.5,2160.0,6288.0,2.0,0.0,0.0,3,8,2160.0,0.0,1996,0.0,98133,47.7655,-122.35,1830.0,7600.0,2015-04-28,549950.0
3756100160,3.0,2.75,2770.0,10000.0,1.0,,1.0,5,8,1640.0,1130.0,1962,0.0,98033,47.7011,-122.206,2450.0,10000.0,2014-09-23,678000.0
3352401981,4.0,2.0,2030.0,8120.0,2.0,0.0,0.0,3,7,2030.0,0.0,1950,0.0,98178,47.4994,-122.261,1520.0,9440.0,2014-05-21,199000.0
5315100394,3.0,1.0,1440.0,13824.0,1.0,0.0,0.0,4,7,1440.0,0.0,1957,0.0,98040,47.5872,-122.241,2540.0,12092.0,2015-02-18,604000.0
3450300270,5.0,1.75,1730.0,10368.0,1.0,,0.0,5,7,1010.0,720.0,1963,0.0,98059,47.5008,-122.162,1730.0,7728.0,2015-04-03,268000.0
2325069117,5.0,3.5,4510.0,16305.0,2.0,,0.0,3,10,2820.0,1690.0,2003,0.0,98074,47.6346,-122.011,4330.0,18741.0,2014-08-05,960000.0
7199340310,3.0,2.5,2100.0,7600.0,1.0,0.0,0.0,4,7,1450.0,650.0,1980,0.0,98052,47.6968,-122.127,2010.0,7600.0,2015-02-18,509250.0
8663260030,3.0,2.5,1800.0,5372.0,2.0,,0.0,3,8,1800.0,0.0,1987,0.0,98034,47.7188,-122.177,1650.0,6014.0,2014-11-18,416000.0
9315100030,3.0,1.0,1090.0,8520.0,1.0,0.0,0.0,3,7,1090.0,0.0,1967,0.0,98003,47.3364,-122.307,1190.0,8520.0,2014-05-15,190000.0
2190601049,3.0,1.5,1010.0,10000.0,1.0,0.0,0.0,4,7,1010.0,0.0,1973,0.0,98003,47.2881,-122.294,2420.0,34637.0,2015-04-29,212000.0
9264930400,3.0,2.5,2040.0,9765.0,2.0,0.0,0.0,3,8,2040.0,0.0,1985,0.0,98023,47.309,-122.349,2350.0,10150.0,2014-10-29,325900.0
2490200055,3.0,3.5,2270.0,4088.0,2.0,0.0,0.0,3,8,1880.0,390.0,1996,0.0,98136,47.5356,-122.384,1760.0,5425.0,2014-08-01,560000.0
3830630140,3.0,2.5,1730.0,5799.0,2.0,0.0,0.0,4,7,1730.0,0.0,1987,0.0,98030,47.3499,-122.177,1710.0,6490.0,2014-09-24,275000.0
6385260160,4.0,2.5,2480.0,15411.0,2.0,,2.0,3,8,2480.0,0.0,1994,0.0,98059,47.5379,-122.16,2940.0,14679.0,2015-03-09,665000.0
5701500030,4.0,3.5,3480.0,7232.0,2.0,0.0,0.0,3,9,2580.0,,1926,20100.0,98144,47.5859,-122.291,2380.0,5642.0,2014-06-01,1510000.0
859000160,4.0,2.0,1720.0,2410.0,1.0,0.0,0.0,3,7,970.0,750.0,1930,20060.0,98106,47.5252,-122.361,1160.0,1404.0,2014-12-03,375000.0
123039633,3.0,1.75,1570.0,6975.0,1.0,0.0,0.0,3,7,1040.0,530.0,1979,0.0,98126,47.5137,-122.37,1280.0,7813.0,2014-09-09,359950.0
3601200465,4.0,2.75,3527.0,7200.0,2.0,0.0,0.0,3,7,3527.0,0.0,2005,0.0,98198,47.3823,-122.3,2490.0,7200.0,2015-01-23,340000.0
106000320,2.0,1.0,840.0,8100.0,1.0,0.0,0.0,4,7,840.0,0.0,1948,0.0,98177,47.7019,-122.366,1100.0,8220.0,2014-10-31,401000.0
7631200292,2.0,1.75,1950.0,10766.0,1.0,0.0,3.0,4,6,1160.0,790.0,1952,0.0,98166,47.4504,-122.377,1780.0,11721.0,2014-06-26,669000.0
2526059046,4.0,2.5,1980.0,6568.0,2.0,0.0,0.0,3,8,1980.0,0.0,2004,0.0,98052,47.704,-122.101,2310.0,6496.0,2015-04-29,638500.0
3416600111,2.0,1.5,1620.0,3760.0,2.0,0.0,0.0,5,7,1170.0,450.0,1924,0.0,98144,47.6012,-122.291,2130.0,4000.0,2015-03-23,545000.0
3205500160,4.0,1.0,1980.0,7015.0,1.0,0.0,0.0,3,7,1260.0,720.0,1973,0.0,98034,47.7204,-122.18,1570.0,7626.0,2014-12-26,524000.0
824059331,5.0,3.75,3530.0,13260.0,2.0,0.0,0.0,3,10,3530.0,0.0,2013,0.0,98040,47.5761,-122.205,3340.0,13260.0,2014-11-08,1610000.0
5347200060,2.0,1.0,1260.0,4800.0,1.0,0.0,0.0,3,6,1100.0,160.0,1947,0.0,98126,47.5196,-122.376,1260.0,2435.0,2014-09-09,280000.0
9323610260,4.0,2.5,2120.0,10841.0,1.0,,0.0,4,8,1500.0,620.0,1979,0.0,98006,47.556,-122.156,3130.0,10950.0,2014-08-25,828000.0
8732160240,3.0,1.75,1360.0,10573.0,1.0,0.0,0.0,4,7,1360.0,0.0,1984,0.0,98023,47.2983,-122.374,1580.0,8280.0,2014-10-17,223000.0
9808640320,4.0,3.5,3100.0,2261.0,2.0,0.0,2.0,3,9,2250.0,850.0,1981,0.0,98033,47.6512,-122.202,2660.0,2000.0,2015-01-02,1290000.0
1326069050,2.0,2.0,2370.0,155130.0,1.0,0.0,0.0,3,7,2370.0,0.0,1970,0.0,98019,47.7388,-121.972,1860.0,14475.0,2015-05-04,750000.0
1454100267,2.0,1.0,1460.0,9207.0,1.0,0.0,0.0,3,7,1210.0,250.0,1947,0.0,98125,47.7195,-122.287,1500.0,6898.0,2015-04-17,430000.0
5021900160,4.0,1.75,1980.0,10800.0,1.0,0.0,0.0,5,6,990.0,990.0,1948,0.0,98040,47.5768,-122.222,2180.0,10800.0,2014-06-18,711000.0
818100030,4.0,2.5,1930.0,7014.0,2.0,0.0,0.0,3,8,1930.0,0.0,1994,0.0,98042,47.3921,-122.163,1990.0,7920.0,2014-12-04,310000.0
393000045,5.0,1.75,3700.0,9140.0,1.0,0.0,0.0,3,8,1850.0,1850.0,1957,0.0,98178,47.5086,-122.258,2190.0,6720.0,2014-12-26,415000.0
8091411040,4.0,2.5,1970.0,6600.0,2.0,0.0,0.0,3,7,1970.0,0.0,1987,0.0,98030,47.3491,-122.168,1970.0,7682.0,2014-07-01,274900.0
5561200310,3.0,3.0,2470.0,36445.0,2.0,0.0,0.0,4,8,2470.0,0.0,1980,0.0,98027,47.4661,-121.997,2310.0,35350.0,2014-06-09,525000.0
3204500340,3.0,1.0,1180.0,32214.0,1.0,0.0,0.0,3,7,1180.0,0.0,1952,0.0,98092,47.3313,-122.198,2300.0,13714.0,2014-12-19,179500.0
9222400935,3.0,1.0,1280.0,2580.0,1.5,0.0,0.0,3,8,1280.0,0.0,1910,20140.0,98115,47.6727,-122.32,1410.0,3150.0,2014-05-23,478000.0
1796350570,3.0,1.75,1380.0,7350.0,1.0,0.0,0.0,3,7,990.0,390.0,1981,0.0,98042,47.369,-122.093,1660.0,8400.0,2014-05-21,195000.0
2473450200,4.0,3.0,2740.0,10925.0,1.0,0.0,0.0,3,8,1670.0,1070.0,1980,0.0,98058,47.4538,-122.125,2330.0,9940.0,2015-03-05,385000.0
1387300570,3.0,2.75,2020.0,9505.0,1.0,0.0,0.0,3,7,1260.0,760.0,1969,0.0,98011,47.7399,-122.197,2080.0,11901.0,2014-12-01,401000.0
8857640860,4.0,2.5,2835.0,6598.0,2.0,0.0,0.0,3,8,2835.0,0.0,2002,0.0,98038,47.3878,-122.034,2770.0,6969.0,2014-09-26,522000.0
5415000240,4.0,1.75,1520.0,14417.0,1.0,0.0,0.0,4,7,1520.0,0.0,1968,0.0,98065,47.526,-121.809,1600.0,10716.0,2015-02-24,330000.0
2591760070,3.0,2.5,2190.0,4882.0,2.0,0.0,0.0,3,9,2190.0,0.0,1999,0.0,98155,47.7641,-122.306,2190.0,7055.0,2014-06-03,503000.0
4131500140,5.0,1.75,1680.0,8400.0,1.0,0.0,0.0,4,7,1680.0,0.0,1979,0.0,98003,47.3035,-122.307,1800.0,8550.0,2015-02-12,175000.0
7203220370,4.0,3.5,3915.0,6364.0,2.0,0.0,0.0,3,9,3915.0,0.0,2014,0.0,98053,47.6844,-122.016,3830.0,6507.0,2015-03-20,963990.0
1651500060,5.0,2.0,1720.0,9972.0,1.0,0.0,0.0,4,8,1720.0,0.0,1951,0.0,98004,47.6368,-122.218,2700.0,9023.0,2014-09-29,845000.0
7883600700,2.0,1.0,670.0,4500.0,1.0,0.0,0.0,3,5,670.0,0.0,1905,0.0,98108,47.5271,-122.326,1210.0,4500.0,2015-01-22,157500.0
567000755,2.0,3.0,1790.0,1709.0,2.0,0.0,0.0,3,7,1400.0,390.0,2001,0.0,98144,47.5926,-122.296,1460.0,1462.0,2014-12-05,450000.0
9294300615,4.0,1.75,2440.0,11793.0,1.0,0.0,4.0,3,8,1420.0,1020.0,1950,0.0,98115,47.6807,-122.267,2500.0,8028.0,2014-09-18,925000.0
3213200215,2.0,1.0,920.0,5029.0,1.0,0.0,0.0,4,7,920.0,0.0,1938,0.0,98115,47.6726,-122.265,1230.0,5029.0,2015-01-05,600000.0
9136101776,4.0,1.0,1680.0,4087.0,1.5,0.0,0.0,3,7,1680.0,0.0,1911,0.0,98103,47.6667,-122.337,1740.0,3745.0,2014-09-18,709000.0
5035300850,5.0,3.75,3290.0,6480.0,2.0,0.0,0.0,5,10,2190.0,1100.0,1938,0.0,98199,47.653,-122.415,2010.0,7639.0,2014-11-10,1390000.0
3668001080,3.0,2.5,2120.0,6840.0,1.0,0.0,0.0,3,7,1220.0,900.0,1984,0.0,98092,47.278,-122.145,1820.0,8200.0,2014-09-11,248000.0
5540800100,3.0,1.0,910.0,6630.0,1.0,0.0,0.0,4,6,910.0,0.0,1912,0.0,98103,47.6947,-122.346,950.0,5100.0,2015-05-11,245000.0
3679401110,2.0,1.0,1000.0,4776.0,1.0,0.0,0.0,4,6,1000.0,0.0,1942,0.0,98108,47.5619,-122.315,1500.0,4800.0,2014-05-30,332000.0
7852130100,3.0,2.5,2340.0,4273.0,2.0,0.0,0.0,3,7,2340.0,0.0,2002,0.0,98065,47.5362,-121.878,2400.0,4624.0,2015-03-13,459950.0
9828200147,3.0,2.0,1180.0,1800.0,2.0,,2.0,3,8,1180.0,0.0,1994,0.0,98122,47.6168,-122.301,1500.0,1948.0,2015-04-10,425000.0
826069085,3.0,2.25,2080.0,50965.0,1.0,0.0,0.0,3,8,1590.0,490.0,1979,0.0,98077,47.7506,-122.063,2270.0,51836.0,2014-09-03,460000.0
6383900090,6.0,2.5,3760.0,12978.0,1.0,0.0,0.0,3,9,2360.0,1400.0,1967,0.0,98117,47.6976,-122.381,2300.0,7362.0,2014-09-04,838300.0
8100000090,3.0,2.5,1480.0,7200.0,2.0,0.0,0.0,5,7,1480.0,0.0,1995,0.0,98010,47.3126,-122.023,1350.0,7200.0,2014-11-11,256000.0
7805450750,3.0,2.75,3060.0,13554.0,2.0,0.0,0.0,3,10,3060.0,0.0,1984,0.0,98006,47.5609,-122.106,3060.0,11455.0,2015-01-20,864000.0
148000705,4.0,3.5,3070.0,4440.0,2.0,,0.0,3,9,2030.0,1040.0,1922,20070.0,98116,47.5732,-122.411,1780.0,4800.0,2015-03-05,900000.0
1432400490,3.0,1.0,1170.0,7560.0,1.0,0.0,0.0,3,6,1170.0,0.0,1958,0.0,98058,47.4514,-122.178,1170.0,7560.0,2015-04-01,145600.0
7974200820,5.0,3.0,2900.0,6730.0,1.0,0.0,0.0,5,8,1830.0,1070.0,1977,0.0,98115,47.6784,-122.285,2370.0,6283.0,2014-08-21,865000.0
8731951130,3.0,2.25,2210.0,8000.0,2.0,0.0,0.0,4,8,2210.0,0.0,1969,0.0,98023,47.3085,-122.381,1990.0,8000.0,2014-06-09,250250.0
7227801955,4.0,2.0,1440.0,7641.0,1.0,,0.0,4,5,1440.0,0.0,1943,0.0,98056,47.508,-122.183,1440.0,7750.0,2014-09-19,162000.0
3558910490,4.0,1.75,1980.0,7350.0,1.0,0.0,0.0,3,7,1430.0,550.0,1973,0.0,98034,47.7088,-122.202,1870.0,7920.0,2014-07-31,450000.0
324059112,4.0,2.75,2060.0,21344.0,1.0,0.0,0.0,2,8,1460.0,600.0,1978,0.0,98005,47.5934,-122.154,2060.0,16088.0,2015-03-25,675500.0
2710600025,3.0,2.25,2420.0,5304.0,1.5,0.0,0.0,5,7,1640.0,780.0,1947,0.0,98115,47.6765,-122.285,1560.0,5304.0,2014-11-03,697000.0
7582700100,3.0,3.25,3440.0,4080.0,2.0,0.0,0.0,3,9,2560.0,880.0,2005,0.0,98105,47.6644,-122.28,3110.0,4080.0,2014-11-11,1320000.0
3882300100,3.0,1.75,1600.0,16510.0,1.0,0.0,0.0,3,8,1600.0,0.0,1984,0.0,98052,47.6601,-122.135,1510.0,10407.0,2014-12-01,490000.0
3735900590,3.0,2.25,2210.0,5742.0,1.0,0.0,0.0,3,8,1460.0,750.0,1951,0.0,98115,47.6891,-122.318,1900.0,4590.0,2014-10-21,590000.0
5153200356,4.0,1.75,2250.0,16000.0,1.0,0.0,0.0,3,8,1450.0,800.0,1957,0.0,98023,47.3303,-122.351,1930.0,16000.0,2015-05-12,280000.0
7625702350,2.0,1.0,1680.0,6500.0,1.0,0.0,0.0,4,7,1140.0,540.0,1941,0.0,98136,47.55,-122.388,1610.0,6500.0,2014-05-23,515000.0
2755200090,3.0,1.0,1140.0,5395.0,1.0,0.0,0.0,4,7,1010.0,130.0,1909,0.0,98115,47.6782,-122.306,1700.0,5376.0,2014-07-14,576000.0
626059317,3.0,1.75,1430.0,10574.0,2.0,0.0,0.0,3,7,1430.0,0.0,1981,0.0,98011,47.7668,-122.218,1900.0,10450.0,2014-11-20,375000.0
7199360090,3.0,1.0,1440.0,7107.0,1.0,0.0,0.0,4,7,1000.0,440.0,1980,0.0,98052,47.6968,-122.124,1540.0,7140.0,2015-03-20,478000.0
8651443480,3.0,1.0,1670.0,5200.0,1.0,0.0,0.0,5,7,1030.0,640.0,1977,0.0,98042,47.3659,-122.092,1620.0,6696.0,2015-01-28,282000.0
9359100750,4.0,4.5,3080.0,10550.0,2.0,0.0,3.0,3,8,1940.0,1140.0,1976,20070.0,98040,47.5806,-122.244,2780.0,10550.0,2014-10-31,1400000.0
5561400740,5.0,3.25,4300.0,50405.0,2.0,0.0,0.0,3,8,3220.0,1080.0,1972,0.0,98027,47.4615,-122.0,2680.0,41684.0,2015-02-10,593500.0
1723099031,4.0,3.5,3010.0,174240.0,2.0,0.0,0.0,3,9,3010.0,0.0,2004,0.0,98045,47.4775,-121.691,2720.0,247856.0,2014-10-20,724950.0
7236500025,3.0,1.75,1560.0,7500.0,1.0,0.0,0.0,4,8,1560.0,0.0,1966,0.0,98056,47.489,-122.18,1600.0,7904.0,2014-08-29,306000.0
2473411080,4.0,1.75,1920.0,7665.0,1.0,0.0,0.0,4,8,1500.0,420.0,1975,0.0,98058,47.4476,-122.128,2100.0,7344.0,2014-06-09,341000.0
1773101335,3.0,2.5,1400.0,4400.0,1.0,0.0,0.0,3,7,1400.0,0.0,1930,20140.0,98106,47.553,-122.365,1060.0,4400.0,2014-11-03,399950.0
9126100850,5.0,2.0,2280.0,3600.0,2.0,0.0,0.0,3,7,2280.0,0.0,1992,0.0,98122,47.6056,-122.305,1740.0,1800.0,2014-11-20,534000.0
7202331220,6.0,2.5,3880.0,5700.0,2.0,0.0,0.0,3,7,3880.0,0.0,2003,0.0,98053,47.6816,-122.038,2620.0,5070.0,2014-07-21,635000.0
5511600245,2.0,1.0,1350.0,3880.0,1.0,0.0,0.0,3,6,950.0,400.0,1927,0.0,98103,47.6842,-122.344,1670.0,3920.0,2015-03-24,350000.0
1344300090,3.0,1.5,1480.0,2700.0,1.5,0.0,0.0,3,7,1480.0,0.0,1928,0.0,98112,47.623,-122.304,1970.0,4200.0,2015-02-17,856000.0
9828702812,4.0,3.0,1670.0,1189.0,3.0,0.0,0.0,3,8,1427.0,243.0,2000,0.0,98122,47.6182,-122.302,1700.0,1401.0,2014-09-23,582000.0
3825310820,4.0,2.5,3400.0,6742.0,2.0,0.0,0.0,3,9,3400.0,0.0,2004,0.0,98052,47.7067,-122.129,2970.0,6909.0,2014-07-29,799000.0
7852040110,3.0,2.5,2070.0,3986.0,2.0,0.0,0.0,3,8,2070.0,0.0,1999,0.0,98065,47.5348,-121.877,2090.0,3986.0,2014-09-08,423700.0
6752500090,4.0,3.5,4870.0,39190.0,2.0,0.0,0.0,3,12,4870.0,0.0,1995,0.0,98006,47.5447,-122.124,5000.0,33880.0,2015-01-27,1840000.0
3222079162,3.0,2.0,1760.0,43575.0,1.0,0.0,0.0,3,7,1160.0,600.0,1988,0.0,98010,47.3565,-121.94,1760.0,46038.0,2014-08-13,322000.0
1025069192,4.0,3.25,4030.0,57499.0,2.0,,0.0,3,9,4030.0,0.0,2002,0.0,98053,47.6617,-122.026,3470.0,57499.0,2014-11-05,929000.0
5101404608,2.0,1.0,1130.0,5413.0,1.0,,0.0,3,7,880.0,250.0,1939,0.0,98115,47.6971,-122.315,1250.0,5413.0,2014-12-01,443000.0
9477100490,3.0,1.75,1510.0,7700.0,1.0,0.0,0.0,3,7,1510.0,0.0,1968,0.0,98034,47.7283,-122.194,1440.0,7416.0,2015-04-24,441500.0
324069015,4.0,3.5,3110.0,108464.0,2.0,0.0,2.0,4,8,3110.0,0.0,1979,0.0,98075,47.592,-122.018,2340.0,4938.0,2014-07-08,875000.0
4114601570,3.0,3.25,5020.0,12431.0,2.0,1.0,4.0,3,10,3420.0,1600.0,1941,20020.0,98144,47.5925,-122.287,3680.0,12620.0,2014-11-18,3600000.0
7920100025,2.0,1.0,740.0,5100.0,1.0,0.0,0.0,4,7,740.0,0.0,1947,0.0,98115,47.6787,-122.301,920.0,5100.0,2015-04-27,450000.0
3275730110,3.0,2.25,1630.0,10500.0,1.0,0.0,0.0,3,7,1100.0,530.0,1974,0.0,98034,47.7176,-122.236,1640.0,9794.0,2014-09-08,425000.0
7504030090,4.0,1.75,2780.0,9900.0,2.0,,0.0,4,10,2780.0,0.0,1978,0.0,98074,47.6348,-122.06,2600.0,12000.0,2014-06-01,660000.0
8813400405,3.0,1.75,1990.0,5560.0,1.0,0.0,0.0,4,7,1100.0,890.0,1939,0.0,98105,47.664,-122.287,1460.0,3706.0,2014-06-16,763101.0
1313300300,4.0,2.75,2250.0,14149.0,2.0,0.0,0.0,3,9,2250.0,0.0,1992,0.0,98019,47.7353,-121.962,2450.0,14027.0,2015-04-07,499000.0
8121610110,3.0,1.75,1720.0,37363.0,1.0,0.0,0.0,4,8,1350.0,370.0,1974,0.0,98053,47.6608,-122.035,2740.0,40635.0,2015-03-03,521000.0
1820069019,2.0,1.0,900.0,423838.0,1.0,0.0,2.0,5,6,900.0,0.0,1925,0.0,98022,47.228,-122.088,1810.0,94960.0,2014-05-29,302000.0
9406450090,4.0,2.25,2360.0,6260.0,2.0,0.0,0.0,3,7,2360.0,0.0,1998,0.0,98038,47.3882,-122.053,2144.0,6773.0,2015-04-08,293000.0
2619950490,3.0,2.25,1530.0,4580.0,2.0,0.0,0.0,3,7,1530.0,0.0,2011,0.0,98019,47.7342,-121.968,2110.0,4094.0,2014-07-12,335000.0
1646500785,2.0,1.0,1450.0,3090.0,2.0,0.0,0.0,3,7,1450.0,0.0,1919,19870.0,98103,47.6853,-122.356,1450.0,4635.0,2014-12-15,499000.0
1868901690,3.0,1.75,2040.0,5000.0,1.5,0.0,0.0,3,7,1780.0,260.0,1924,0.0,98115,47.6756,-122.299,1690.0,5000.0,2015-05-05,600000.0
9542400025,4.0,1.75,2620.0,11041.0,1.5,0.0,0.0,4,9,2620.0,0.0,1962,0.0,98005,47.5975,-122.174,2230.0,11041.0,2014-09-16,720000.0
2781270090,2.0,2.0,1180.0,2553.0,2.0,0.0,0.0,3,6,1180.0,0.0,2005,0.0,98038,47.3501,-122.02,1310.0,2687.0,2015-02-25,195000.0
1665400165,3.0,1.0,1110.0,8423.0,1.0,0.0,0.0,3,7,1110.0,0.0,1952,0.0,98166,47.4718,-122.342,1140.0,9083.0,2014-05-07,249000.0
1326069191,3.0,2.25,1840.0,9781.0,2.0,0.0,0.0,3,7,1840.0,0.0,1989,0.0,98019,47.7347,-121.976,1490.0,10101.0,2015-02-02,334000.0
381000110,4.0,1.75,2720.0,7810.0,1.0,0.0,0.0,3,8,1510.0,1210.0,1952,0.0,98115,47.6788,-122.283,2120.0,7315.0,2014-11-07,599950.0
3530530110,2.0,1.75,1090.0,1950.0,1.0,0.0,0.0,4,8,1090.0,0.0,1982,0.0,98198,47.3782,-122.319,1360.0,3426.0,2015-02-17,149900.0
5210200107,4.0,1.75,1730.0,6500.0,1.0,0.0,0.0,3,7,1250.0,480.0,1945,0.0,98115,47.6982,-122.282,1910.0,8100.0,2014-11-25,700000.0
1574100025,4.0,1.5,1170.0,6240.0,1.0,0.0,0.0,4,6,1170.0,0.0,1960,0.0,98040,47.5495,-122.232,2380.0,8846.0,2014-08-07,525000.0
2523069192,4.0,3.75,4740.0,126759.0,2.0,0.0,0.0,4,10,4740.0,0.0,1991,0.0,98027,47.4449,-121.979,3060.0,118047.0,2014-07-08,1050000.0
6706600090,3.0,2.5,1960.0,8000.0,1.0,0.0,0.0,4,7,1290.0,670.0,1977,0.0,98034,47.7249,-122.178,1960.0,8000.0,2014-05-08,402000.0
1994200031,3.0,2.0,1430.0,3480.0,1.0,0.0,0.0,3,7,980.0,450.0,1947,0.0,98103,47.6874,-122.336,1450.0,4650.0,2014-06-20,450000.0
2523069156,3.0,2.25,2510.0,43995.0,2.0,0.0,0.0,3,8,2510.0,0.0,1981,0.0,98027,47.4545,-121.988,2470.0,48351.0,2014-12-03,520000.0
5029450850,3.0,1.75,1420.0,6980.0,1.0,0.0,0.0,5,7,820.0,600.0,1980,0.0,98023,47.2873,-122.367,1470.0,7319.0,2014-12-04,205000.0
2723069147,3.0,2.25,2680.0,175982.0,1.0,,0.0,3,9,2680.0,0.0,2004,0.0,98038,47.4487,-122.033,3170.0,215186.0,2014-09-02,635000.0
3750605349,3.0,1.0,1220.0,9600.0,1.0,0.0,0.0,5,7,1220.0,0.0,1958,0.0,98001,47.2622,-122.282,1310.0,9600.0,2015-03-04,210500.0
9285800735,2.0,1.0,1070.0,6100.0,1.0,0.0,0.0,3,6,1070.0,0.0,1940,0.0,98126,47.5698,-122.377,1770.0,5695.0,2014-08-12,406650.0
7574000100,3.0,1.75,1580.0,19998.0,1.0,0.0,0.0,4,7,1580.0,0.0,1968,0.0,98010,47.3299,-122.046,1860.0,19998.0,2015-04-08,350000.0
9212900100,4.0,1.75,1820.0,6000.0,1.0,0.0,0.0,3,7,930.0,890.0,1942,0.0,98115,47.6872,-122.296,1590.0,6000.0,2015-04-23,425000.0
8651611130,3.0,3.5,3590.0,6402.0,2.0,,0.0,3,10,3590.0,0.0,1999,0.0,98074,47.6336,-122.063,3230.0,7305.0,2014-06-05,798000.0
423059184,3.0,1.0,1960.0,9583.0,2.0,0.0,0.0,2,5,1960.0,0.0,1908,0.0,98056,47.505,-122.171,1850.0,8324.0,2014-12-01,180000.0
5451200600,5.0,3.25,3160.0,13238.0,2.0,0.0,0.0,5,8,3160.0,0.0,1972,0.0,98040,47.5373,-122.224,2360.0,12042.0,2014-06-02,1250000.0
6300000378,4.0,2.0,2030.0,4033.0,2.0,0.0,0.0,4,7,1630.0,400.0,1925,0.0,98133,47.7056,-122.342,1350.0,1340.0,2015-03-03,435000.0
2570300090,3.0,1.5,1240.0,15867.0,1.0,,0.0,3,7,1240.0,0.0,1962,0.0,98034,47.7167,-122.202,1570.0,9600.0,2014-11-26,355000.0
9808100100,5.0,3.25,5370.0,14091.0,2.0,0.0,0.0,3,10,3850.0,1520.0,1918,20080.0,98004,47.6499,-122.216,2410.0,12047.0,2015-02-02,3000000.0
4019300906,5.0,2.5,2670.0,14455.0,2.0,0.0,0.0,5,9,2670.0,0.0,1958,0.0,98155,47.7565,-122.284,1810.0,14455.0,2014-07-24,685000.0
1023059223,3.0,1.0,1640.0,12060.0,1.0,0.0,0.0,4,7,1640.0,0.0,1960,0.0,98059,47.4941,-122.151,1680.0,9147.0,2014-07-25,311000.0
9320700090,4.0,2.25,2130.0,9600.0,1.0,0.0,0.0,4,7,2130.0,0.0,1966,0.0,98031,47.4119,-122.211,1710.0,9600.0,2014-09-11,305000.0
5700002460,3.0,2.5,2550.0,4954.0,1.5,0.0,0.0,4,7,1850.0,700.0,1924,0.0,98144,47.5758,-122.287,1700.0,4954.0,2014-07-25,675000.0
7598100735,4.0,2.75,3630.0,15405.0,1.0,0.0,2.0,4,8,1850.0,1780.0,1968,0.0,98040,47.566,-122.225,3380.0,11184.0,2014-08-29,769000.0
2202500110,3.0,1.5,1690.0,9708.0,1.5,0.0,0.0,5,7,1690.0,0.0,1954,0.0,98006,47.5732,-122.136,1570.0,9858.0,2014-08-05,430000.0
726059395,6.0,2.0,2390.0,8660.0,1.5,0.0,0.0,4,7,2390.0,0.0,1925,0.0,98011,47.7589,-122.216,2250.0,12942.0,2014-09-23,516250.0
1455600015,3.0,3.5,2350.0,10739.0,1.0,,2.0,5,7,1340.0,1010.0,1940,0.0,98125,47.7288,-122.284,2580.0,11026.0,2014-12-12,760000.0
9528101224,3.0,3.5,1420.0,1217.0,2.0,0.0,0.0,3,8,1180.0,240.0,2003,0.0,98115,47.6827,-122.324,1494.0,1264.0,2014-10-07,579950.0
6713100031,3.0,2.25,1570.0,7187.0,1.0,0.0,0.0,4,8,1170.0,400.0,1980,0.0,98133,47.7604,-122.356,1660.0,8775.0,2015-02-11,476000.0
8677900123,3.0,1.75,1600.0,19200.0,1.0,0.0,0.0,4,7,1600.0,0.0,1967,0.0,98034,47.7202,-122.249,2010.0,14850.0,2014-06-12,510000.0
4302201130,2.0,1.0,720.0,5040.0,1.0,0.0,0.0,3,6,720.0,0.0,1955,0.0,98106,47.5267,-122.36,1357.0,5120.0,2014-05-08,205000.0
1310800090,3.0,1.0,1470.0,7350.0,1.0,0.0,0.0,3,7,1470.0,0.0,1969,0.0,98032,47.3616,-122.286,1720.0,8050.0,2014-10-07,240000.0
6117502727,5.0,3.5,2790.0,16952.0,2.0,0.0,2.0,3,10,1970.0,820.0,1991,0.0,98166,47.4384,-122.347,2980.0,17281.0,2014-09-02,738000.0
9324800110,3.0,1.75,1720.0,8102.0,1.0,,0.0,5,6,860.0,860.0,1940,0.0,98125,47.7336,-122.29,1440.0,8106.0,2014-07-28,420000.0
8965000110,3.0,1.75,1300.0,9600.0,1.0,0.0,0.0,4,7,1300.0,0.0,1969,0.0,98052,47.6388,-122.103,2070.0,9775.0,2014-11-14,455000.0
5700001055,4.0,1.0,2520.0,5500.0,1.5,0.0,0.0,5,8,1820.0,700.0,1912,0.0,98144,47.5785,-122.292,2350.0,5000.0,2014-09-15,765000.0
49500090,4.0,1.5,1780.0,7914.0,1.5,0.0,0.0,4,7,1780.0,0.0,1962,0.0,98059,47.5142,-122.163,1350.0,8069.0,2014-12-05,372000.0
3812400657,3.0,1.0,1200.0,8360.0,1.0,0.0,0.0,2,6,1200.0,0.0,1948,0.0,98118,47.5414,-122.281,1570.0,6823.0,2014-12-04,160000.0
2725069162,4.0,2.5,2990.0,9643.0,2.0,0.0,0.0,3,9,2990.0,0.0,2003,0.0,98074,47.6292,-122.024,2990.0,8666.0,2014-08-15,772000.0
4232400110,5.0,1.75,1910.0,5640.0,2.0,0.0,0.0,4,9,1910.0,0.0,1906,0.0,98112,47.6249,-122.311,2050.0,5400.0,2014-11-11,1130000.0
9521100586,3.0,1.0,1370.0,3000.0,1.5,0.0,0.0,3,7,1370.0,0.0,1924,0.0,98103,47.6619,-122.351,1510.0,2151.0,2014-05-24,479000.0
7215721570,3.0,2.5,1910.0,4941.0,2.0,0.0,0.0,3,8,1910.0,0.0,1999,0.0,98075,47.5989,-122.016,1910.0,4941.0,2015-05-05,570000.0
3834000805,4.0,1.0,1170.0,8147.0,1.5,0.0,0.0,3,6,1170.0,0.0,1959,0.0,98125,47.7281,-122.289,1260.0,8147.0,2014-07-10,350000.0
2274000026,3.0,2.5,1250.0,864.0,3.0,0.0,0.0,3,8,1250.0,,2004,0.0,98115,47.6978,-122.318,1330.0,2298.0,2014-11-01,353000.0
5103300090,5.0,2.5,3340.0,24755.0,2.0,0.0,0.0,3,10,3340.0,0.0,2002,0.0,98038,47.4565,-122.066,3420.0,23274.0,2014-08-01,699000.0
9558200025,3.0,2.0,1380.0,8536.0,2.0,0.0,0.0,4,7,1380.0,0.0,1955,0.0,98148,47.4374,-122.335,1260.0,8750.0,2014-07-30,265000.0
8649401270,1.0,1.0,780.0,10235.0,1.5,0.0,0.0,3,6,780.0,0.0,1989,0.0,98014,47.713,-121.315,930.0,10165.0,2015-04-30,167000.0
686200740,4.0,2.25,2080.0,8000.0,1.0,0.0,0.0,3,8,1390.0,690.0,1964,0.0,98008,47.6264,-122.113,1800.0,7700.0,2014-10-20,500000.0
7658600025,3.0,1.0,1410.0,7200.0,2.0,0.0,0.0,4,6,1410.0,0.0,1901,0.0,98144,47.5924,-122.302,1640.0,7200.0,2014-07-09,700000.0
3702900165,1.0,1.0,520.0,5600.0,1.0,,0.0,3,6,520.0,0.0,1918,0.0,98116,47.5579,-122.395,1030.0,5265.0,2014-11-04,295000.0
7977201240,4.0,3.5,3500.0,4080.0,2.0,0.0,2.0,3,9,2590.0,910.0,2004,0.0,98115,47.6834,-122.292,2430.0,5100.0,2015-03-11,1010000.0
8651410090,2.0,1.0,840.0,5265.0,1.0,,0.0,5,6,840.0,0.0,1969,0.0,98042,47.3644,-122.082,920.0,5100.0,2015-05-08,209000.0
3750603732,3.0,1.75,2240.0,9200.0,1.0,0.0,0.0,4,7,1440.0,800.0,1968,0.0,98001,47.2635,-122.284,1740.0,9600.0,2015-01-28,276000.0
1023059429,4.0,2.5,2100.0,5857.0,2.0,0.0,0.0,3,8,2100.0,0.0,2002,0.0,98059,47.4956,-122.163,2090.0,7779.0,2015-01-22,380000.0
2412100025,3.0,1.5,1750.0,12500.0,1.0,,0.0,3,7,1150.0,600.0,1954,0.0,98024,47.5666,-121.902,1680.0,13000.0,2014-06-06,315000.0
203600600,4.0,2.5,3130.0,60467.0,2.0,0.0,0.0,3,9,3130.0,0.0,1996,0.0,98014,47.6618,-121.962,2780.0,44224.0,2015-03-10,685530.0
2021069059,3.0,2.0,1470.0,20000.0,1.0,0.0,0.0,4,7,1470.0,0.0,1968,0.0,98002,47.2973,-122.08,1390.0,30056.0,2014-06-26,254600.0
7227501645,3.0,2.0,1440.0,5600.0,1.0,0.0,0.0,4,6,720.0,720.0,1942,0.0,98056,47.4947,-122.185,1120.0,5700.0,2014-06-03,230000.0
4310702787,3.0,3.0,1430.0,1249.0,3.0,,0.0,3,8,1430.0,0.0,2003,0.0,98103,47.6971,-122.34,1020.0,1112.0,2014-07-17,335000.0
1494300110,4.0,2.5,2170.0,9600.0,1.0,0.0,0.0,3,7,1460.0,710.0,1980,0.0,98052,47.6789,-122.116,1940.0,8400.0,2014-06-03,550000.0
1950900245,3.0,1.0,1150.0,8050.0,1.5,0.0,0.0,4,7,1150.0,0.0,1956,0.0,98032,47.374,-122.296,1360.0,8050.0,2014-12-26,123300.0
3512100110,4.0,2.75,2170.0,9658.0,1.5,0.0,0.0,3,7,2170.0,0.0,1966,0.0,98030,47.3741,-122.189,1490.0,9731.0,2014-09-02,275436.0
8732750100,4.0,3.5,2630.0,3435.0,1.5,0.0,3.0,3,7,1640.0,990.0,1984,0.0,98188,47.4355,-122.272,1920.0,2435.0,2014-05-25,325000.0
1332000110,4.0,2.5,2490.0,40608.0,2.0,0.0,0.0,3,9,2490.0,0.0,1997,0.0,98053,47.6507,-122.004,3170.0,45441.0,2014-07-25,635000.0
2768100690,3.0,1.75,1710.0,5000.0,1.0,0.0,0.0,4,7,1110.0,600.0,1944,0.0,98107,47.6689,-122.37,920.0,5000.0,2015-04-23,513000.0
7525410090,4.0,2.5,2130.0,35752.0,1.0,0.0,0.0,3,8,1490.0,640.0,1980,0.0,98075,47.5748,-122.031,3030.0,34000.0,2014-07-08,580000.0
9558800025,3.0,1.0,940.0,9272.0,1.0,,0.0,3,7,940.0,0.0,1954,0.0,98148,47.4353,-122.335,1270.0,9375.0,2015-04-29,225000.0
2788400315,3.0,1.0,1400.0,9460.0,1.0,0.0,0.0,3,7,1060.0,340.0,1961,0.0,98168,47.5119,-122.321,1570.0,7700.0,2014-09-22,265000.0
7128300855,4.0,1.75,1630.0,3000.0,1.0,0.0,0.0,3,7,930.0,700.0,1978,0.0,98144,47.5961,-122.305,1630.0,3000.0,2014-10-14,313000.0
7655900038,2.0,1.0,1370.0,8400.0,1.0,0.0,0.0,3,7,1370.0,0.0,1948,0.0,98133,47.7344,-122.336,1330.0,8396.0,2015-04-14,296000.0
7923500090,4.0,2.75,2380.0,15800.0,1.0,,0.0,3,8,1680.0,700.0,1957,0.0,98007,47.5929,-122.133,1950.0,11751.0,2014-10-20,655500.0
3339900096,5.0,1.75,2140.0,12058.0,1.0,0.0,0.0,4,8,2140.0,0.0,1951,0.0,98002,47.3167,-122.214,1640.0,10125.0,2014-12-10,250750.0
5214500690,4.0,2.5,1970.0,8545.0,2.0,0.0,0.0,3,8,1970.0,0.0,2004,0.0,98059,47.4893,-122.138,2590.0,7200.0,2014-09-04,438000.0
4045900147,3.0,2.75,2550.0,54014.0,2.0,,0.0,4,8,1980.0,570.0,1967,0.0,98072,47.7596,-122.117,2180.0,21600.0,2014-08-01,590000.0
6450302900,3.0,1.0,1080.0,5250.0,1.0,0.0,0.0,4,7,1080.0,0.0,1947,0.0,98133,47.7309,-122.336,1100.0,5250.0,2014-10-06,329500.0
2597460090,3.0,2.25,3070.0,9645.0,2.0,0.0,0.0,3,10,2110.0,960.0,1987,0.0,98006,47.5522,-122.144,3130.0,9450.0,2015-03-16,1200000.0
2770601595,2.0,1.0,1470.0,6000.0,1.0,,0.0,3,6,900.0,570.0,1944,0.0,98199,47.6527,-122.386,1670.0,6000.0,2015-03-20,415000.0
4188000490,4.0,2.5,3620.0,42580.0,2.0,0.0,0.0,3,10,3620.0,0.0,1984,0.0,98052,47.7204,-122.115,2950.0,33167.0,2014-09-22,900000.0
1324079085,3.0,1.5,1050.0,57499.0,1.0,0.0,0.0,3,7,1050.0,0.0,1975,0.0,98024,47.5602,-121.86,1460.0,42688.0,2015-05-04,378000.0
1720069006,2.0,1.0,1050.0,403365.0,1.0,0.0,3.0,5,6,1050.0,0.0,1905,0.0,98022,47.2221,-122.059,1760.0,108900.0,2014-08-12,474000.0
1947300115,3.0,1.0,1320.0,3625.0,2.0,0.0,0.0,3,7,1320.0,0.0,1900,0.0,98122,47.6049,-122.288,1660.0,5438.0,2014-06-19,464000.0
5490700100,3.0,1.0,1210.0,7649.0,1.0,0.0,0.0,4,7,1210.0,0.0,1956,0.0,98155,47.7693,-122.32,1210.0,6760.0,2014-12-08,310000.0
7278100690,3.0,1.5,1860.0,7190.0,2.0,0.0,1.0,5,7,1860.0,0.0,1952,0.0,98177,47.7716,-122.392,1670.0,5525.0,2014-09-18,580000.0
2322029048,3.0,2.75,2830.0,505166.0,1.0,1.0,3.0,4,8,1830.0,1000.0,1962,0.0,98070,47.3782,-122.514,2120.0,21988.0,2014-11-19,999000.0
6821102100,2.0,1.0,810.0,6480.0,1.0,0.0,0.0,5,6,810.0,0.0,1942,0.0,98199,47.6493,-122.398,1920.0,6000.0,2015-03-17,510000.0
3176100110,3.0,1.5,1630.0,7475.0,1.0,0.0,1.0,3,7,1160.0,470.0,1940,0.0,98115,47.6725,-122.272,2320.0,7475.0,2014-05-06,650000.0
2188200785,3.0,1.0,880.0,19600.0,1.0,0.0,0.0,4,7,880.0,0.0,1978,0.0,98023,47.2707,-122.34,880.0,10500.0,2014-09-12,196000.0
1446801030,4.0,1.75,1660.0,11664.0,1.0,0.0,0.0,3,6,1010.0,650.0,1952,0.0,98168,47.4943,-122.331,1670.0,9975.0,2014-08-22,220000.0
8965520100,3.0,2.25,3440.0,10628.0,2.0,0.0,2.0,3,10,3440.0,0.0,1985,0.0,98006,47.5647,-122.108,3170.0,11434.0,2014-10-08,855000.0
3649100586,3.0,1.75,2110.0,10454.0,1.0,0.0,0.0,4,8,1440.0,670.0,1978,0.0,98028,47.7344,-122.246,1990.0,10890.0,2014-08-29,483000.0
7283900153,3.0,1.0,1060.0,12000.0,1.0,,0.0,3,7,1060.0,0.0,1952,0.0,98133,47.7703,-122.35,1550.0,10500.0,2015-04-07,400000.0
1036100100,3.0,2.5,1900.0,7984.0,2.0,0.0,0.0,3,8,1900.0,0.0,1993,0.0,98011,47.7433,-122.194,2650.0,9352.0,2014-07-02,435000.0
3278602670,1.0,1.0,820.0,1060.0,1.0,0.0,0.0,3,8,760.0,60.0,2007,0.0,98126,47.5473,-122.371,1770.0,1924.0,2014-09-30,219500.0
3625049014,4.0,3.5,4860.0,23885.0,2.0,0.0,0.0,3,12,4860.0,0.0,1996,0.0,98039,47.6172,-122.23,3580.0,16054.0,2014-08-29,2950000.0
7276100165,3.0,2.5,2050.0,3218.0,3.0,0.0,0.0,3,7,2050.0,0.0,2008,0.0,98133,47.7612,-122.344,2050.0,7200.0,2014-09-16,427000.0
9136103130,2.0,1.5,1090.0,4013.0,1.5,0.0,0.0,3,7,1090.0,0.0,1900,0.0,98103,47.6652,-122.338,1390.0,4013.0,2014-12-01,430000.0
9136103130,2.0,1.5,1090.0,4013.0,1.5,0.0,0.0,3,7,1090.0,0.0,1900,0.0,98103,47.6652,-122.338,1390.0,4013.0,2015-05-12,685000.0
1193000025,2.0,1.5,1920.0,6250.0,1.0,0.0,0.0,3,7,1060.0,860.0,1937,0.0,98199,47.6497,-122.393,2070.0,6250.0,2014-09-03,495000.0
2744000100,3.0,2.5,1870.0,7942.0,2.0,0.0,0.0,3,7,1870.0,0.0,1990,0.0,98001,47.342,-122.279,1870.0,7392.0,2014-06-25,299950.0
3744600028,4.0,1.75,2690.0,46609.0,1.5,0.0,0.0,3,7,2690.0,0.0,1940,0.0,98146,47.4951,-122.352,1920.0,7302.0,2014-11-21,390000.0
3679400025,3.0,1.75,2160.0,5863.0,1.5,0.0,0.0,4,7,1260.0,900.0,1928,0.0,98144,47.5729,-122.315,1590.0,3000.0,2014-08-12,385000.0
9545260100,4.0,2.5,3000.0,10392.0,2.0,0.0,0.0,3,9,3000.0,0.0,1995,0.0,98027,47.535,-122.049,3140.0,9213.0,2014-06-25,740000.0
375000165,4.0,3.0,2290.0,2350.0,2.0,0.0,1.0,3,9,1610.0,680.0,1924,0.0,98116,47.574,-122.415,1610.0,3820.0,2014-07-23,991700.0
4003000053,3.0,2.75,2250.0,9600.0,2.5,0.0,0.0,4,9,1830.0,420.0,1909,19910.0,98122,47.6033,-122.287,2060.0,4980.0,2014-08-13,765000.0
7855600820,4.0,2.25,2130.0,8734.0,2.0,0.0,2.0,4,8,2130.0,0.0,1961,0.0,98006,47.5672,-122.161,2550.0,8800.0,2014-09-04,802000.0
3860400100,4.0,2.75,2500.0,20000.0,1.0,,0.0,4,8,1700.0,800.0,1969,0.0,98004,47.5901,-122.198,2650.0,20000.0,2014-11-21,950000.0
121059147,4.0,2.5,2300.0,41167.0,2.0,0.0,0.0,3,7,2300.0,0.0,1988,0.0,98042,47.3412,-122.108,2300.0,21765.0,2014-11-04,392000.0
825079019,3.0,2.5,3360.0,218235.0,1.0,0.0,0.0,3,8,3360.0,0.0,1989,0.0,98014,47.6601,-121.946,2650.0,220849.0,2014-12-03,590000.0
123039313,4.0,2.5,1920.0,9000.0,2.0,0.0,0.0,2,7,1920.0,0.0,1989,0.0,98126,47.5153,-122.37,1530.0,10474.0,2015-04-10,425000.0
7784000110,5.0,1.75,2440.0,15143.0,1.5,0.0,4.0,4,8,1740.0,700.0,1944,0.0,98146,47.4948,-122.37,2390.0,10907.0,2014-07-22,765000.0
8835220090,3.0,2.25,1440.0,3488.0,2.0,0.0,0.0,4,7,1440.0,0.0,1983,0.0,98034,47.7257,-122.162,1390.0,3488.0,2014-08-07,313500.0
6381501636,3.0,1.0,1780.0,6840.0,2.0,0.0,0.0,4,6,1780.0,0.0,1947,0.0,98125,47.727,-122.3,1410.0,7200.0,2014-08-20,320000.0
1370804446,4.0,1.75,1490.0,4485.0,1.0,0.0,0.0,3,8,1350.0,140.0,1960,0.0,98199,47.6388,-122.399,1380.0,4846.0,2015-02-10,604000.0
9828701871,3.0,2.0,1400.0,1657.0,2.0,0.0,0.0,3,8,1060.0,340.0,2004,0.0,98112,47.6196,-122.298,1540.0,2275.0,2015-02-12,570000.0
3396200090,4.0,2.5,2150.0,12028.0,2.0,0.0,0.0,4,8,2150.0,0.0,1982,0.0,98052,47.7224,-122.101,1800.0,11777.0,2014-05-20,639000.0
1463400047,4.0,2.0,1910.0,10200.0,1.0,0.0,0.0,4,7,1910.0,0.0,1963,0.0,98059,47.4804,-122.133,1820.0,15600.0,2014-08-22,335000.0
8825900855,4.0,1.75,2660.0,3520.0,2.0,0.0,0.0,4,8,2080.0,580.0,1917,0.0,98115,47.6743,-122.308,2100.0,4080.0,2014-10-14,896000.0
7147600245,3.0,1.75,1650.0,12349.0,1.0,0.0,0.0,3,7,1650.0,0.0,1957,0.0,98188,47.442,-122.282,1470.0,10763.0,2014-06-27,259500.0
5071400485,3.0,2.0,1980.0,6000.0,1.0,0.0,0.0,4,7,1380.0,600.0,1958,0.0,98115,47.6921,-122.283,1260.0,6000.0,2014-08-07,637000.0
8732040090,4.0,2.75,2690.0,8874.0,1.0,0.0,0.0,3,8,1370.0,1320.0,1980,0.0,98023,47.3078,-122.383,1990.0,7875.0,2015-05-06,307450.0
8082400100,3.0,1.75,1380.0,3561.0,1.0,0.0,0.0,4,7,860.0,520.0,1925,0.0,98117,47.6822,-122.399,1820.0,4593.0,2014-08-25,535000.0
546000930,4.0,2.25,2500.0,4046.0,1.5,0.0,0.0,4,7,1520.0,980.0,1940,0.0,98117,47.6882,-122.382,1410.0,4046.0,2014-06-30,669500.0
1665400025,3.0,1.75,1590.0,7148.0,1.0,0.0,0.0,3,7,1590.0,0.0,1952,0.0,98166,47.4713,-122.344,1150.0,7280.0,2014-10-28,259000.0
9187200245,4.0,1.5,1100.0,3300.0,1.0,0.0,0.0,1,7,1100.0,0.0,1919,0.0,98122,47.6033,-122.295,2020.0,4000.0,2014-12-31,441000.0
2123700015,4.0,2.5,1470.0,1612.0,2.0,,0.0,3,7,980.0,490.0,2003,0.0,98118,47.5275,-122.271,1460.0,5027.0,2015-05-12,228800.0
8682291730,2.0,2.0,1680.0,4950.0,1.0,0.0,0.0,3,8,1680.0,0.0,2006,0.0,98053,47.7194,-122.022,1570.0,4800.0,2014-05-13,530000.0
5318100504,2.0,2.0,1450.0,2272.0,1.0,0.0,0.0,4,6,750.0,700.0,1924,0.0,98112,47.633,-122.282,2170.0,4370.0,2014-07-28,524000.0
9297800165,4.0,2.25,2020.0,4840.0,1.5,,0.0,5,8,1200.0,820.0,1925,0.0,98126,47.5576,-122.376,1410.0,4840.0,2014-12-11,430000.0
1342300265,4.0,3.25,2470.0,4760.0,1.5,0.0,0.0,5,9,1890.0,580.0,1906,0.0,98112,47.6331,-122.31,2470.0,4760.0,2014-10-01,1330000.0
2212901130,3.0,1.0,1230.0,12201.0,1.0,0.0,0.0,3,7,1230.0,0.0,1969,0.0,98042,47.3285,-122.134,1230.0,10780.0,2014-11-03,210000.0
8122100690,4.0,2.5,1850.0,5040.0,1.0,,0.0,3,7,1230.0,620.0,1930,0.0,98126,47.5386,-122.373,1010.0,5040.0,2014-06-23,449000.0
148000375,2.0,2.5,2540.0,7089.0,2.0,0.0,0.0,3,9,2540.0,0.0,2004,0.0,98116,47.5747,-122.414,1330.0,7089.0,2014-06-19,945000.0
3423049209,3.0,1.0,970.0,9130.0,1.0,,0.0,3,6,970.0,0.0,1957,0.0,98188,47.4369,-122.272,1000.0,8886.0,2015-03-18,200450.0
16000015,3.0,1.5,1070.0,6601.0,1.0,0.0,0.0,3,6,1070.0,0.0,1985,0.0,98002,47.3115,-122.209,1030.0,6614.0,2015-04-17,219950.0
4035900015,4.0,3.0,2620.0,18362.0,1.0,,0.0,4,8,1870.0,750.0,1956,0.0,98006,47.5646,-122.184,2630.0,16792.0,2014-06-19,659500.0
8563010300,4.0,2.75,2110.0,8190.0,1.5,,0.0,5,8,2110.0,0.0,1966,0.0,98008,47.6269,-122.1,2420.0,8400.0,2014-11-26,746000.0
3396200300,3.0,1.75,2110.0,7129.0,1.0,0.0,0.0,3,8,1280.0,830.0,1982,0.0,98052,47.7219,-122.102,1810.0,8674.0,2015-03-31,540000.0
2291401425,5.0,2.0,1910.0,5508.0,1.0,0.0,0.0,3,7,1020.0,890.0,1968,0.0,98133,47.7074,-122.349,1030.0,7440.0,2014-09-10,485000.0
7454000110,2.0,1.0,670.0,7844.0,1.0,0.0,0.0,3,6,670.0,,1942,0.0,98126,47.5165,-122.372,740.0,7218.0,2015-01-27,202000.0
3377900195,4.0,5.5,6930.0,45100.0,1.0,0.0,0.0,4,11,4310.0,,1950,19910.0,98006,47.5547,-122.144,2560.0,37766.0,2014-09-29,2530000.0
3824100082,3.0,2.75,2010.0,11200.0,1.0,0.0,0.0,3,8,1360.0,650.0,1979,0.0,98028,47.7728,-122.253,2200.0,10640.0,2015-04-01,502000.0
3751604169,2.0,2.75,1770.0,10534.0,1.0,,0.0,3,8,1210.0,560.0,2003,0.0,98001,47.2773,-122.276,1600.0,17400.0,2015-02-24,279000.0
6431500283,3.0,1.0,1340.0,4120.0,1.0,0.0,0.0,4,7,1040.0,300.0,1921,0.0,98103,47.6916,-122.352,1270.0,4635.0,2014-11-17,409500.0
6647400090,3.0,2.0,1660.0,15050.0,1.0,0.0,0.0,3,7,1260.0,400.0,1983,0.0,98034,47.7203,-122.194,1660.0,7320.0,2014-07-02,453000.0
7387500195,4.0,1.0,1820.0,5500.0,1.5,0.0,0.0,3,6,1820.0,0.0,1947,0.0,98106,47.5185,-122.363,1140.0,5500.0,2015-02-27,367000.0
3342101785,3.0,2.5,2510.0,5400.0,2.0,0.0,0.0,3,9,2510.0,0.0,1992,0.0,98056,47.5204,-122.206,1840.0,5400.0,2014-05-23,550000.0
9320600090,3.0,1.5,1560.0,8314.0,1.0,,0.0,3,7,1560.0,0.0,1962,0.0,98031,47.4117,-122.209,1820.0,8925.0,2015-01-27,273500.0
8901001185,4.0,3.0,2280.0,7400.0,1.0,0.0,0.0,3,7,1340.0,,1978,0.0,98125,47.711,-122.306,1540.0,7500.0,2014-10-07,505000.0
825069097,3.0,2.5,2650.0,40705.0,2.0,0.0,0.0,3,9,2650.0,0.0,1994,0.0,98053,47.668,-122.063,2550.0,42625.0,2014-06-19,770000.0
7745000090,4.0,2.25,2470.0,7447.0,2.0,0.0,0.0,3,8,2470.0,0.0,1984,0.0,98155,47.7514,-122.286,2270.0,7400.0,2014-05-09,565000.0
1771110090,3.0,0.75,1270.0,10092.0,1.0,,0.0,5,7,1270.0,0.0,1971,0.0,98077,47.7567,-122.073,1300.0,10375.0,2014-08-20,316000.0
7888100090,4.0,1.0,1520.0,7298.0,1.5,0.0,0.0,3,7,1520.0,0.0,1960,0.0,98198,47.3706,-122.31,1520.0,7298.0,2014-09-25,160000.0
5083000375,3.0,1.0,1310.0,9529.0,1.0,0.0,0.0,3,7,1310.0,0.0,1956,0.0,98198,47.4105,-122.295,1330.0,9529.0,2014-10-27,170000.0
5083000375,3.0,1.0,1310.0,9529.0,1.0,0.0,0.0,3,7,1310.0,0.0,1956,0.0,98198,47.4105,-122.295,1330.0,9529.0,2015-03-19,235000.0
1329000090,4.0,3.5,3930.0,39098.0,2.0,0.0,0.0,3,12,3930.0,0.0,1999,0.0,98005,47.6399,-122.158,4250.0,38682.0,2014-12-19,1800000.0
8143000600,3.0,1.0,990.0,7050.0,1.0,0.0,0.0,3,7,990.0,0.0,1967,0.0,98034,47.7274,-122.202,1200.0,8125.0,2014-09-18,310000.0
2144800215,4.0,1.75,2080.0,13629.0,1.0,,0.0,4,7,1040.0,1040.0,1955,0.0,98178,47.4866,-122.232,1780.0,14659.0,2014-05-19,285000.0
9268200658,2.0,1.0,960.0,4920.0,1.0,0.0,0.0,3,6,960.0,0.0,1942,0.0,98117,47.6946,-122.362,1010.0,5040.0,2014-06-04,280000.0
5452301785,4.0,4.25,4070.0,13860.0,2.0,,3.0,3,10,4070.0,0.0,2004,0.0,98040,47.59,-122.229,3430.0,9240.0,2015-02-18,2300000.0
1137500090,4.0,2.5,2750.0,16139.0,2.0,0.0,0.0,3,9,2750.0,0.0,1989,0.0,98075,47.5843,-122.06,2810.0,13093.0,2014-08-14,763776.0
6117500025,5.0,2.75,3230.0,13572.0,1.0,0.0,2.0,3,8,1880.0,1350.0,1965,0.0,98166,47.4393,-122.347,2910.0,15292.0,2015-02-17,530000.0
2326079039,1.0,1.0,890.0,211576.0,1.5,0.0,0.0,3,7,890.0,0.0,1996,0.0,98019,47.7216,-121.883,1670.0,217364.0,2015-02-11,362000.0
7595700025,2.0,1.0,990.0,4920.0,1.0,0.0,0.0,3,6,990.0,0.0,1931,0.0,98117,47.6939,-122.368,990.0,4960.0,2014-07-25,430000.0
4443800110,3.0,1.0,1290.0,3880.0,1.5,0.0,0.0,4,7,1290.0,0.0,1919,0.0,98117,47.6879,-122.392,1290.0,4850.0,2014-07-25,456500.0
5101405265,4.0,2.5,2170.0,5257.0,2.0,0.0,0.0,3,7,2170.0,0.0,1989,0.0,98115,47.6999,-122.305,1430.0,7528.0,2014-09-11,445000.0
9206200110,3.0,1.0,1330.0,10500.0,1.0,,0.0,3,7,960.0,370.0,1963,0.0,98034,47.7204,-122.196,1460.0,11550.0,2015-03-10,386900.0
2205700405,3.0,1.0,1340.0,13750.0,1.0,,0.0,4,7,1340.0,0.0,1955,0.0,98006,47.5771,-122.151,1430.0,11400.0,2014-07-08,479000.0
7852020300,3.0,2.5,2200.0,4544.0,2.0,0.0,0.0,3,8,2200.0,0.0,2000,0.0,98065,47.5319,-121.867,2400.0,5431.0,2015-03-13,525000.0
5559200051,4.0,1.75,2520.0,10890.0,1.0,0.0,0.0,3,7,1260.0,1260.0,1979,0.0,98023,47.3224,-122.343,2090.0,12375.0,2015-01-06,272000.0
2826049165,4.0,1.0,1180.0,13500.0,1.5,0.0,0.0,3,7,1180.0,0.0,1950,0.0,98125,47.7165,-122.308,1580.0,8976.0,2015-02-26,517000.0
2675600028,3.0,1.75,2660.0,7800.0,1.0,0.0,0.0,4,8,1330.0,1330.0,1951,0.0,98117,47.6993,-122.378,1950.0,6240.0,2015-02-26,615000.0
259801110,3.0,1.75,1250.0,7030.0,1.0,0.0,0.0,3,7,1250.0,0.0,1965,0.0,98008,47.6285,-122.118,1460.0,7210.0,2014-08-28,439000.0
1150001270,3.0,2.5,2270.0,7866.0,1.0,0.0,0.0,4,10,2270.0,0.0,1988,0.0,98029,47.5622,-122.022,2580.0,8132.0,2014-07-24,716000.0
7130300690,2.0,1.0,1080.0,6250.0,1.0,0.0,2.0,4,7,1080.0,0.0,1942,19680.0,98118,47.5128,-122.251,2100.0,6875.0,2014-10-28,308000.0
2652500015,3.0,2.25,1620.0,4500.0,2.0,0.0,0.0,4,8,1620.0,0.0,1926,0.0,98119,47.643,-122.361,1210.0,4320.0,2014-06-10,800000.0
3693901801,3.0,2.0,940.0,5000.0,1.0,,0.0,3,7,880.0,60.0,1941,0.0,98117,47.6771,-122.398,1420.0,5000.0,2015-05-05,575000.0
8092501240,3.0,1.5,1620.0,9310.0,1.0,0.0,0.0,4,7,1620.0,0.0,1967,0.0,98042,47.3665,-122.107,1610.0,10640.0,2014-07-01,219950.0
9552701030,4.0,2.5,2350.0,8001.0,2.0,0.0,0.0,4,8,2350.0,0.0,1987,0.0,98006,47.5478,-122.153,2460.0,8001.0,2014-05-22,770000.0
9477101280,3.0,1.75,2090.0,7505.0,1.0,,0.0,3,7,2090.0,0.0,1967,0.0,98034,47.7326,-122.194,1510.0,7416.0,2014-12-30,424950.0
7462900015,3.0,2.25,1760.0,45133.0,2.0,,0.0,3,7,1760.0,0.0,1984,0.0,98065,47.5124,-121.866,1910.0,51773.0,2015-01-08,387000.0
6744700302,4.0,1.75,2050.0,10920.0,1.0,0.0,3.0,3,8,1450.0,600.0,1974,0.0,98155,47.7431,-122.286,2440.0,10920.0,2014-06-20,790000.0
3163600015,2.0,1.0,600.0,4000.0,1.0,0.0,0.0,3,5,600.0,0.0,1933,0.0,98146,47.5065,-122.339,1290.0,6973.0,2015-01-28,156000.0
6896300375,2.0,1.0,2540.0,7000.0,1.0,0.0,0.0,5,8,1320.0,1220.0,1942,0.0,98118,47.5259,-122.261,2160.0,6000.0,2014-05-05,580000.0
7419700015,4.0,2.25,2090.0,10869.0,2.0,0.0,0.0,3,8,2090.0,0.0,1970,0.0,98033,47.6715,-122.164,1800.0,17788.0,2014-09-19,490000.0
4473400195,5.0,3.25,2700.0,3650.0,2.0,0.0,2.0,3,9,2070.0,630.0,1926,20140.0,98144,47.5959,-122.291,1940.0,4000.0,2014-07-16,950000.0
9358001566,2.0,2.5,1410.0,1281.0,2.0,0.0,0.0,3,8,1090.0,320.0,2008,0.0,98126,47.5659,-122.37,1410.0,2550.0,2015-02-13,400000.0
6145600900,2.0,2.5,1170.0,1638.0,2.0,0.0,0.0,3,8,1170.0,0.0,2008,0.0,98133,47.7041,-122.351,1350.0,1407.0,2015-05-13,325000.0
1865000110,4.0,2.5,2540.0,6688.0,2.0,0.0,0.0,3,9,2540.0,0.0,2002,0.0,98092,47.3314,-122.18,2810.0,6776.0,2014-09-29,365000.0
8698100115,3.0,1.75,2190.0,6000.0,1.5,0.0,0.0,4,7,2190.0,0.0,1920,0.0,98002,47.3063,-122.223,1610.0,6000.0,2015-04-07,255000.0
1454600038,5.0,3.5,3890.0,13261.0,2.0,0.0,1.0,3,9,2870.0,1020.0,1984,0.0,98125,47.7246,-122.284,3080.0,13261.0,2015-03-23,985000.0
5652601425,4.0,2.5,2030.0,10722.0,1.0,,0.0,3,7,1100.0,930.0,1967,0.0,98115,47.6955,-122.301,1610.0,9134.0,2015-04-23,595000.0
6381500690,3.0,1.0,1350.0,7085.0,1.0,0.0,0.0,5,7,1350.0,0.0,1944,0.0,98125,47.7318,-122.305,1350.0,7085.0,2014-07-16,427500.0
1778500015,3.0,1.5,1940.0,4000.0,1.5,0.0,0.0,3,8,1310.0,630.0,1915,0.0,98112,47.6205,-122.291,1940.0,4000.0,2014-10-16,728000.0
6021500245,2.0,1.0,1260.0,4000.0,1.0,0.0,0.0,3,7,1000.0,260.0,1940,0.0,98117,47.6898,-122.384,1780.0,4000.0,2014-09-10,549950.0
2926049382,3.0,2.0,2800.0,10501.0,1.0,0.0,0.0,3,7,1400.0,1400.0,1954,0.0,98125,47.7055,-122.315,2260.0,6534.0,2014-12-08,650000.0
1692900110,5.0,3.25,3080.0,13394.0,1.0,0.0,2.0,4,9,2230.0,,1968,0.0,98033,47.6651,-122.19,2810.0,10720.0,2015-03-20,1130000.0
8651401270,3.0,1.0,840.0,6500.0,1.0,0.0,0.0,5,6,840.0,0.0,1969,0.0,98042,47.3637,-122.083,920.0,4680.0,2015-05-04,203000.0
3332500265,2.0,1.0,860.0,3300.0,1.0,0.0,0.0,5,6,860.0,0.0,1903,0.0,98118,47.5496,-122.279,1380.0,4400.0,2014-08-07,311000.0
4027700853,6.0,2.0,2400.0,7684.0,1.0,0.0,0.0,3,6,1200.0,1200.0,1932,20050.0,98028,47.7705,-122.269,1290.0,9800.0,2015-04-28,387500.0
7301300215,4.0,2.0,1640.0,7200.0,1.0,,0.0,3,7,1640.0,0.0,1963,0.0,98155,47.7471,-122.324,1500.0,9000.0,2015-03-18,370000.0
7663700792,2.0,1.0,1060.0,6100.0,1.0,0.0,0.0,3,6,1060.0,0.0,1951,0.0,98125,47.7317,-122.296,1550.0,9150.0,2014-07-24,228000.0
2919702235,2.0,1.75,2080.0,4800.0,1.0,0.0,0.0,5,7,1080.0,1000.0,1923,0.0,98117,47.6896,-122.362,1310.0,4800.0,2014-05-28,740000.0
5476200123,4.0,2.0,2090.0,6630.0,1.0,0.0,0.0,3,7,1070.0,1020.0,1974,0.0,98178,47.5077,-122.268,1550.0,7980.0,2014-07-10,200000.0
3797002585,3.0,1.0,1240.0,3500.0,1.0,0.0,0.0,4,7,1240.0,0.0,1927,0.0,98103,47.6835,-122.347,1650.0,3360.0,2014-07-09,660000.0
8864000735,4.0,2.0,2030.0,8426.0,2.0,0.0,0.0,3,7,2030.0,0.0,1944,0.0,98168,47.4806,-122.287,1190.0,7007.0,2014-07-09,275000.0
1193000115,2.0,1.0,1120.0,5250.0,1.0,0.0,0.0,3,7,950.0,170.0,1938,0.0,98199,47.6496,-122.392,1510.0,5250.0,2015-04-29,708000.0
7334501240,3.0,2.5,1270.0,9675.0,2.0,0.0,0.0,3,8,1270.0,0.0,1993,0.0,98045,47.4639,-121.744,1270.0,11700.0,2014-05-19,280000.0
7885801460,4.0,2.5,2260.0,5702.0,2.0,0.0,0.0,3,8,2260.0,0.0,2002,0.0,98042,47.3488,-122.151,2450.0,6381.0,2015-01-06,325000.0
1823099076,3.0,2.5,1780.0,47480.0,2.0,0.0,0.0,3,7,1780.0,0.0,1995,0.0,98045,47.4723,-121.707,1890.0,51836.0,2014-08-20,495000.0
8900000110,2.0,2.0,1780.0,3810.0,1.5,0.0,0.0,3,7,980.0,800.0,1922,0.0,98119,47.6474,-122.362,1690.0,3810.0,2014-09-22,691000.0
251620110,4.0,2.5,4080.0,18362.0,2.0,,2.0,4,11,4080.0,0.0,1983,0.0,98004,47.6344,-122.214,4080.0,19991.0,2014-07-02,2290000.0
221049191,3.0,2.5,2120.0,22482.0,1.0,0.0,0.0,5,7,1360.0,760.0,1979,0.0,98001,47.341,-122.265,2330.0,16016.0,2015-04-28,329500.0
9264950940,3.0,2.5,2060.0,7458.0,2.0,0.0,0.0,3,9,2060.0,0.0,1989,0.0,98023,47.3045,-122.351,2480.0,7743.0,2014-08-05,348000.0
8820902540,2.0,1.0,1670.0,6212.0,1.0,0.0,0.0,4,7,1670.0,0.0,1947,0.0,98125,47.7152,-122.282,1670.0,7272.0,2014-11-14,425000.0
3438500625,3.0,1.0,1080.0,21043.0,1.0,,0.0,3,6,1080.0,0.0,1942,0.0,98106,47.5515,-122.357,1380.0,7620.0,2014-05-19,210000.0
7452500315,2.0,1.0,1210.0,4895.0,1.0,0.0,0.0,3,6,710.0,500.0,1951,0.0,98126,47.5202,-122.373,1100.0,6000.0,2014-12-20,285000.0
8945200750,3.0,1.0,990.0,8840.0,1.0,0.0,0.0,3,6,990.0,,1966,0.0,98023,47.3074,-122.371,1120.0,8625.0,2015-04-30,222000.0
2599001240,4.0,2.5,1720.0,9600.0,1.0,0.0,0.0,3,7,1120.0,600.0,1961,0.0,98092,47.2917,-122.188,1520.0,9400.0,2014-05-27,200000.0
5360200054,3.0,2.0,1530.0,8749.0,1.0,0.0,0.0,3,7,1530.0,0.0,1995,0.0,98023,47.2974,-122.372,1750.0,8749.0,2014-10-02,247500.0
622069006,4.0,5.5,6550.0,217374.0,1.0,0.0,0.0,3,11,5400.0,1150.0,2006,0.0,98058,47.4302,-122.095,4110.0,50378.0,2014-08-20,1500000.0
84000245,3.0,1.75,1100.0,9452.0,1.0,0.0,0.0,3,6,1100.0,0.0,1942,0.0,98146,47.4864,-122.337,1350.0,9452.0,2014-11-20,190000.0
5605000590,4.0,2.5,3020.0,4950.0,1.5,0.0,0.0,4,9,2020.0,1000.0,1921,0.0,98112,47.6467,-122.304,2300.0,5450.0,2014-12-15,975000.0
6613000015,4.0,3.0,3180.0,4649.0,2.0,0.0,0.0,4,9,2070.0,1110.0,1925,0.0,98105,47.6583,-122.273,2720.0,5980.0,2014-12-23,1130000.0
5151600195,4.0,1.75,1830.0,12540.0,1.0,,0.0,4,8,1130.0,700.0,1958,0.0,98003,47.3348,-122.324,2020.0,12540.0,2015-05-04,283200.0
7308900490,3.0,2.5,2540.0,8073.0,1.0,0.0,0.0,4,8,1880.0,660.0,1937,0.0,98177,47.7176,-122.36,2110.0,7702.0,2014-07-14,650000.0
2222900082,3.0,2.0,1770.0,6610.0,1.0,0.0,0.0,4,7,960.0,810.0,1954,0.0,98133,47.7703,-122.343,2010.0,4361.0,2014-05-13,449500.0
3574801720,3.0,1.75,1470.0,6682.0,1.0,0.0,0.0,3,7,1470.0,0.0,1987,0.0,98034,47.7315,-122.226,1790.0,7379.0,2014-10-22,400000.0
1721801591,1.0,1.0,570.0,4080.0,1.0,0.0,0.0,3,5,570.0,0.0,1942,0.0,98146,47.5098,-122.334,890.0,5100.0,2015-02-19,89950.0
2641800015,3.0,1.0,960.0,8291.0,1.0,0.0,0.0,3,6,960.0,0.0,1950,0.0,98146,47.5006,-122.334,1110.0,8231.0,2014-11-24,158800.0
7625703885,4.0,3.0,2940.0,7108.0,2.0,0.0,1.0,3,9,2220.0,720.0,2011,0.0,98136,47.5437,-122.395,2240.0,7950.0,2014-09-17,870000.0
3751600176,3.0,1.5,1000.0,18568.0,1.0,0.0,0.0,3,6,1000.0,0.0,1989,0.0,98001,47.2976,-122.271,1610.0,17420.0,2015-03-06,196000.0
5035300750,3.0,1.75,2450.0,8603.0,1.0,0.0,0.0,5,8,1340.0,1110.0,1940,0.0,98199,47.6536,-122.414,2280.0,5779.0,2014-07-31,850000.0
9510970300,4.0,2.5,3310.0,5101.0,2.0,,0.0,3,9,3310.0,0.0,2005,0.0,98052,47.6649,-122.08,3010.0,5176.0,2014-09-23,775000.0
9286100300,3.0,2.5,1670.0,4308.0,2.0,0.0,0.0,3,8,1670.0,0.0,2001,0.0,98027,47.5307,-122.047,1670.0,2897.0,2014-08-01,483500.0
4047200850,3.0,1.5,1620.0,21929.0,2.0,0.0,0.0,3,7,1620.0,0.0,1990,0.0,98019,47.767,-121.903,1600.0,21679.0,2015-04-02,387000.0
4019300195,3.0,3.0,2990.0,30869.0,2.0,0.0,0.0,3,10,2990.0,0.0,1951,20030.0,98155,47.7602,-122.278,1750.0,15802.0,2015-01-24,900000.0
7891600590,3.0,1.5,1240.0,5000.0,1.0,0.0,2.0,3,7,1240.0,0.0,1964,0.0,98106,47.5659,-122.36,1050.0,5000.0,2015-04-07,336000.0
5249802424,2.0,1.0,670.0,6000.0,1.0,0.0,0.0,5,6,670.0,0.0,1949,0.0,98118,47.561,-122.275,1240.0,5040.0,2015-04-17,415000.0
9209900315,3.0,1.5,1320.0,4400.0,1.0,0.0,0.0,3,6,1320.0,0.0,1909,0.0,98112,47.6231,-122.292,1350.0,4400.0,2014-08-11,350000.0
7237500590,4.0,5.25,6110.0,10369.0,2.0,0.0,0.0,3,11,6110.0,0.0,2005,0.0,98059,47.5285,-122.135,4190.0,10762.0,2014-11-17,1320000.0
3271800850,3.0,1.75,2440.0,5800.0,1.0,0.0,3.0,4,8,1320.0,1120.0,1945,0.0,98199,47.6474,-122.412,2530.0,5800.0,2014-08-06,765000.0
1023059511,4.0,2.5,2900.0,6736.0,2.0,0.0,0.0,3,8,2900.0,0.0,2013,0.0,98059,47.4954,-122.152,2900.0,6736.0,2014-10-20,527000.0
4109600195,4.0,2.75,2310.0,5000.0,1.5,0.0,0.0,5,8,1480.0,830.0,1908,0.0,98118,47.5502,-122.268,1100.0,5000.0,2014-07-18,524000.0
5100401468,2.0,1.0,1110.0,5413.0,1.0,0.0,0.0,3,6,890.0,220.0,1937,0.0,98115,47.6925,-122.32,1300.0,5413.0,2014-07-15,448000.0
1926069137,4.0,3.25,4100.0,241322.0,2.0,0.0,0.0,3,9,2500.0,1600.0,1981,0.0,98072,47.7302,-122.096,3770.0,87821.0,2014-07-07,775000.0
3828000405,3.0,1.0,930.0,9900.0,1.5,0.0,0.0,4,5,930.0,0.0,1910,0.0,98032,47.3745,-122.231,930.0,7200.0,2015-01-16,176500.0
7773800015,4.0,2.25,2420.0,11120.0,1.0,0.0,2.0,4,8,1620.0,800.0,1952,0.0,98146,47.4954,-122.366,2210.0,8497.0,2015-04-16,750000.0
1084000107,4.0,2.25,2870.0,6000.0,1.0,0.0,0.0,5,8,1730.0,1140.0,1951,0.0,98112,47.6362,-122.282,2370.0,5500.0,2014-12-02,1270000.0
7832800015,3.0,1.0,1480.0,6750.0,1.0,0.0,0.0,3,7,1480.0,0.0,1958,0.0,98146,47.505,-122.366,1480.0,7594.0,2015-02-26,250000.0
9829200590,3.0,2.75,1960.0,6390.0,1.5,0.0,2.0,5,8,1960.0,0.0,1900,0.0,98122,47.6032,-122.285,2440.0,5870.0,2014-10-28,759000.0
8127700820,3.0,2.0,1470.0,4640.0,1.5,0.0,0.0,4,7,1470.0,0.0,1926,0.0,98199,47.6398,-122.393,1700.0,5000.0,2014-12-11,640000.0
9547202265,3.0,3.25,2460.0,4182.0,2.0,0.0,0.0,5,8,2100.0,360.0,1910,0.0,98115,47.6782,-122.311,2370.0,4284.0,2015-04-27,990000.0
7663700261,4.0,1.75,1960.0,7945.0,1.0,,0.0,4,7,980.0,980.0,1946,0.0,98125,47.7326,-122.291,1290.0,7945.0,2014-10-08,395000.0
1445200110,2.0,1.5,1160.0,1103.0,2.0,0.0,0.0,3,7,890.0,270.0,2006,0.0,98133,47.7677,-122.315,1160.0,1086.0,2015-04-21,275000.0
1023059313,3.0,2.5,1910.0,4755.0,2.0,0.0,0.0,3,8,1910.0,0.0,1997,0.0,98059,47.4956,-122.162,2460.0,6099.0,2015-02-05,390000.0
170000215,5.0,2.75,2720.0,4680.0,1.5,0.0,0.0,4,8,1710.0,,1913,0.0,98107,47.6612,-122.363,1670.0,4800.0,2015-03-24,752500.0
7550801220,2.0,1.0,1020.0,5000.0,1.5,0.0,0.0,4,6,1020.0,0.0,1906,0.0,98107,47.6725,-122.396,1490.0,5000.0,2015-02-27,450000.0
7518501390,2.0,1.0,900.0,5100.0,1.0,0.0,0.0,4,7,900.0,0.0,1909,0.0,98117,47.6804,-122.378,1400.0,5100.0,2014-06-17,473000.0
9407102460,3.0,1.75,1120.0,10450.0,1.0,0.0,0.0,3,7,1120.0,0.0,1973,0.0,98045,47.4418,-121.772,1250.0,10414.0,2015-03-23,178500.0
8567300110,3.0,2.5,2340.0,59058.0,1.0,0.0,0.0,3,8,2340.0,,1985,0.0,98038,47.4052,-122.028,2700.0,37263.0,2014-06-04,485000.0
5029450110,3.0,1.5,1410.0,8415.0,1.0,0.0,0.0,4,7,780.0,630.0,1982,0.0,98023,47.2914,-122.368,1440.0,7361.0,2015-03-27,215000.0
7915100490,4.0,1.75,1920.0,4862.0,1.0,0.0,0.0,5,7,1060.0,860.0,1919,0.0,98116,47.5747,-122.384,1840.0,4862.0,2014-08-12,589000.0
114101500,4.0,1.75,1370.0,9993.0,1.0,0.0,0.0,3,6,1370.0,0.0,1918,0.0,98028,47.7572,-122.228,1650.0,11592.0,2015-04-17,325000.0
9274201807,3.0,2.5,1590.0,1937.0,2.5,0.0,0.0,3,8,1590.0,0.0,2004,0.0,98116,47.5903,-122.388,1620.0,2022.0,2014-08-20,580000.0
7893206095,4.0,1.75,1850.0,7500.0,1.0,0.0,0.0,3,7,1850.0,0.0,1954,0.0,98198,47.4217,-122.333,1460.0,7500.0,2014-07-16,181100.0
2770602265,3.0,2.0,1430.0,4200.0,1.0,,0.0,4,7,830.0,600.0,1908,0.0,98199,47.6462,-122.384,1540.0,5000.0,2015-02-24,345000.0
5418200245,3.0,1.75,1940.0,8729.0,1.0,0.0,0.0,3,8,1460.0,480.0,1960,0.0,98125,47.7027,-122.282,2250.0,9165.0,2015-03-30,781000.0
7228502150,4.0,1.0,1270.0,3630.0,1.5,0.0,0.0,3,7,1270.0,0.0,1903,0.0,98122,47.6135,-122.307,1420.0,4848.0,2014-10-23,402500.0
7972601030,3.0,1.5,1380.0,7200.0,1.0,,0.0,3,7,1080.0,300.0,1948,0.0,98106,47.5292,-122.348,1220.0,7200.0,2015-04-20,426000.0
7853270940,3.0,2.5,1720.0,4515.0,2.0,0.0,0.0,3,7,1720.0,0.0,2005,0.0,98065,47.5426,-121.879,2220.0,4618.0,2014-09-05,389000.0
5561401220,6.0,3.0,4050.0,36171.0,2.0,,0.0,4,8,2620.0,1430.0,1970,0.0,98027,47.4708,-122.015,3660.0,42874.0,2014-07-07,670000.0
1336800015,4.0,3.25,3660.0,5800.0,2.5,0.0,0.0,3,10,3360.0,300.0,1909,19950.0,98112,47.6283,-122.312,3240.0,5800.0,2014-05-21,1510000.0
8944750850,3.0,2.25,1870.0,3230.0,2.0,0.0,0.0,3,7,1870.0,0.0,1997,0.0,98056,47.4915,-122.167,1620.0,3363.0,2014-05-21,288400.0
3362400590,4.0,2.0,2230.0,4635.0,1.5,0.0,0.0,5,7,1510.0,720.0,1908,0.0,98103,47.682,-122.349,1520.0,4635.0,2015-02-19,700000.0
6821100195,4.0,3.0,2020.0,6000.0,1.0,0.0,0.0,3,8,1220.0,800.0,1968,20150.0,98199,47.6563,-122.401,1400.0,6000.0,2015-03-31,830000.0
1827200265,2.0,2.75,3690.0,32044.0,2.0,1.0,4.0,3,12,3690.0,0.0,1989,0.0,98166,47.4485,-122.369,2310.0,26988.0,2014-09-11,1900000.0
5100401429,2.0,1.0,1450.0,6380.0,1.0,0.0,0.0,3,7,1450.0,0.0,1967,0.0,98115,47.6924,-122.321,1240.0,6380.0,2014-10-09,350500.0
6116500028,3.0,1.75,1630.0,9000.0,1.0,0.0,0.0,4,7,1630.0,0.0,1956,0.0,98166,47.4521,-122.36,1600.0,11120.0,2015-05-03,431000.0
2759800110,3.0,2.5,1840.0,8250.0,1.0,0.0,1.0,3,8,1340.0,500.0,1958,0.0,98177,47.7767,-122.378,1970.0,7920.0,2014-10-31,485000.0
579000096,3.0,1.5,1620.0,7500.0,1.0,0.0,2.0,4,8,1620.0,0.0,1949,0.0,98117,47.7014,-122.381,2440.0,7800.0,2014-10-10,780000.0
9169600096,2.0,1.5,1840.0,9000.0,1.0,0.0,2.0,3,8,1340.0,500.0,1957,0.0,98136,47.5281,-122.388,1880.0,7560.0,2014-08-01,720000.0
1226059112,3.0,1.0,1360.0,73616.0,1.0,0.0,0.0,3,7,1360.0,0.0,1971,0.0,98072,47.7528,-122.119,2040.0,50965.0,2015-02-20,415000.0
6021503830,4.0,1.0,2080.0,5500.0,1.0,0.0,0.0,3,7,1040.0,1040.0,1941,0.0,98117,47.6838,-122.386,1280.0,4000.0,2014-06-20,480000.0
3824100291,4.0,2.25,2550.0,10000.0,1.0,0.0,0.0,4,7,1560.0,990.0,1979,0.0,98028,47.77,-122.259,2440.0,10000.0,2014-09-16,452250.0
9264921030,3.0,2.5,2550.0,8170.0,2.0,0.0,0.0,3,8,2550.0,0.0,1985,0.0,98023,47.311,-122.345,1840.0,8823.0,2015-04-06,316000.0
8073000495,2.0,1.0,1160.0,17635.0,1.0,1.0,4.0,3,6,1160.0,0.0,1945,0.0,98178,47.5117,-122.248,1510.0,13122.0,2014-10-10,700000.0
7129304105,4.0,2.0,1760.0,5500.0,1.0,0.0,1.0,3,7,780.0,980.0,1925,20040.0,98118,47.5183,-122.265,1510.0,5500.0,2014-07-29,285000.0
525049085,3.0,1.75,1720.0,4050.0,1.0,0.0,0.0,5,7,860.0,860.0,1906,0.0,98115,47.6782,-122.314,1720.0,4410.0,2014-09-18,575000.0
6117500785,3.0,2.25,2300.0,12430.0,1.0,0.0,2.0,4,8,1580.0,720.0,1960,0.0,98166,47.435,-122.347,2500.0,12430.0,2014-07-22,590000.0
6115400008,4.0,1.75,2500.0,20868.0,1.0,0.0,2.0,3,8,1600.0,900.0,1956,0.0,98166,47.431,-122.338,2170.0,15026.0,2015-02-26,587500.0
4024101545,4.0,2.25,1750.0,10270.0,1.5,0.0,0.0,4,8,1750.0,0.0,1968,0.0,98155,47.7612,-122.31,1750.0,10127.0,2014-09-22,364000.0
8651511220,3.0,2.5,1890.0,10190.0,2.0,0.0,0.0,3,8,1890.0,0.0,1986,0.0,98074,47.6478,-122.061,2080.0,9794.0,2014-12-17,490000.0
5561301280,3.0,2.25,1800.0,36704.0,1.0,0.0,0.0,4,8,1360.0,440.0,1978,0.0,98027,47.4688,-122.013,2730.0,36404.0,2014-05-05,410000.0
3629800100,3.0,2.5,2160.0,4297.0,2.0,0.0,0.0,3,9,2160.0,0.0,1999,0.0,98029,47.5476,-122.012,2160.0,3968.0,2014-10-28,520000.0
6141100750,3.0,1.0,1380.0,6591.0,1.0,0.0,0.0,4,7,1380.0,0.0,1947,0.0,98133,47.7164,-122.351,1610.0,6594.0,2014-10-08,389000.0
2770605065,2.0,1.0,1180.0,6000.0,1.0,0.0,0.0,3,7,1180.0,0.0,1910,0.0,98119,47.6531,-122.373,1600.0,6000.0,2014-11-18,450000.0
2517100490,3.0,2.5,2550.0,4240.0,2.0,0.0,0.0,3,7,2550.0,0.0,2006,0.0,98031,47.3986,-122.169,2550.0,4240.0,2014-12-05,325000.0
4083801785,2.0,1.0,1070.0,5000.0,1.0,0.0,0.0,3,7,1070.0,0.0,1924,0.0,98103,47.6631,-122.337,1400.0,4000.0,2015-03-13,660000.0
4318200405,3.0,2.25,2870.0,8170.0,2.0,,0.0,3,10,2250.0,620.0,1995,0.0,98136,47.5363,-122.385,1310.0,8170.0,2014-06-20,850000.0
2329810590,3.0,2.5,1940.0,9874.0,2.0,0.0,0.0,3,7,1940.0,0.0,1990,0.0,98042,47.3794,-122.113,1860.0,8875.0,2014-08-06,285000.0
2768301214,2.0,1.0,870.0,3121.0,1.0,0.0,0.0,4,7,870.0,0.0,1923,0.0,98107,47.6659,-122.369,1570.0,1777.0,2014-12-11,395000.0
1931301105,3.0,2.0,1550.0,2401.0,2.0,0.0,0.0,3,7,1550.0,0.0,1996,0.0,98103,47.6545,-122.348,1550.0,3446.0,2014-07-17,440000.0
3343903640,3.0,1.75,1400.0,5648.0,1.5,0.0,0.0,5,6,1400.0,0.0,1917,0.0,98056,47.5133,-122.196,2320.0,9420.0,2015-03-13,249000.0
8813400245,3.0,1.75,1210.0,4400.0,1.5,0.0,0.0,4,8,1210.0,0.0,1930,0.0,98105,47.6621,-122.288,2020.0,3750.0,2015-02-27,635000.0
3521049048,3.0,2.5,3430.0,48993.0,2.0,0.0,0.0,3,9,3430.0,0.0,2001,0.0,98001,47.2609,-122.27,2460.0,36256.0,2014-08-11,515000.0
1118001645,3.0,3.25,3020.0,6073.0,2.0,,0.0,4,9,3020.0,0.0,1954,0.0,98112,47.6332,-122.29,3020.0,7700.0,2015-01-30,1400000.0
2968801105,2.0,1.0,950.0,8100.0,1.0,,0.0,3,6,950.0,0.0,1955,0.0,98166,47.4572,-122.351,1620.0,7630.0,2015-03-04,200000.0
3524039209,4.0,2.75,3370.0,8103.0,1.0,0.0,3.0,3,9,1970.0,1400.0,1970,20140.0,98136,47.5232,-122.383,2120.0,6360.0,2014-05-06,1140000.0
952003480,4.0,1.0,1460.0,4600.0,1.0,0.0,2.0,3,6,780.0,680.0,1946,0.0,98126,47.566,-122.38,1560.0,4600.0,2014-11-17,445000.0
2877102670,3.0,1.5,1740.0,4200.0,1.5,0.0,0.0,4,7,1640.0,100.0,1920,0.0,98117,47.6782,-122.361,1660.0,3750.0,2014-07-07,555000.0
5014000100,4.0,2.0,1720.0,6413.0,1.0,0.0,0.0,4,7,860.0,860.0,1950,0.0,98116,47.5734,-122.395,1280.0,6413.0,2014-09-24,537000.0
7399301050,3.0,1.75,1480.0,7500.0,1.0,0.0,0.0,4,7,1480.0,0.0,1968,0.0,98055,47.4629,-122.187,1480.0,7500.0,2015-01-27,315000.0
6979940100,5.0,2.5,3320.0,7266.0,2.0,0.0,0.0,3,9,3320.0,0.0,2000,0.0,98075,47.5862,-122.054,3060.0,10269.0,2015-01-29,805000.0
8731982840,4.0,2.5,3490.0,9030.0,1.5,0.0,0.0,4,8,3490.0,0.0,1969,0.0,98023,47.3198,-122.386,2540.0,8400.0,2014-08-26,414000.0
6909200037,2.0,1.5,1160.0,1648.0,2.0,,0.0,3,7,1160.0,0.0,2002,0.0,98144,47.5916,-122.293,1458.0,2351.0,2014-08-15,375000.0
1160000115,4.0,1.75,3010.0,12523.0,1.0,0.0,0.0,3,8,1780.0,1230.0,1952,0.0,98125,47.707,-122.316,2040.0,7560.0,2015-03-04,401000.0
7893207665,3.0,1.0,1030.0,4583.0,1.0,0.0,0.0,3,7,1030.0,0.0,1967,0.0,98198,47.4231,-122.329,1730.0,8023.0,2015-01-28,210000.0
8024201270,2.0,1.0,980.0,5110.0,1.0,0.0,0.0,4,7,780.0,200.0,1939,0.0,98115,47.7002,-122.314,1430.0,5110.0,2014-07-22,365000.0
3800008,5.0,1.5,1990.0,18200.0,1.0,,0.0,3,7,1990.0,0.0,1960,0.0,98178,47.4938,-122.262,1860.0,8658.0,2015-02-24,178000.0
6788200931,2.0,1.0,1790.0,4000.0,1.0,0.0,0.0,4,7,1040.0,750.0,1923,0.0,98112,47.6405,-122.301,1310.0,4000.0,2014-05-20,710000.0
723049596,2.0,1.0,810.0,7980.0,1.0,0.0,0.0,1,6,810.0,0.0,1928,0.0,98146,47.489,-122.337,1440.0,7980.0,2014-05-09,255000.0
7214711270,5.0,2.25,2940.0,38009.0,1.0,0.0,0.0,3,8,1700.0,1240.0,1977,0.0,98077,47.7653,-122.077,2620.0,38300.0,2014-12-04,528000.0
4136980090,4.0,4.25,4883.0,26040.0,2.0,0.0,3.0,3,10,3859.0,1024.0,2006,0.0,98092,47.263,-122.216,3736.0,9870.0,2015-04-07,537000.0
9278200131,4.0,1.5,1360.0,6110.0,1.0,0.0,0.0,3,7,1010.0,350.0,1955,0.0,98116,47.5755,-122.396,1520.0,6110.0,2014-08-04,442000.0
4046600750,3.0,1.75,1370.0,19550.0,1.0,0.0,0.0,3,7,1370.0,0.0,1978,0.0,98014,47.7002,-121.912,1430.0,17550.0,2015-04-14,375000.0
9510970090,4.0,2.5,2120.0,3220.0,2.0,,0.0,3,9,2120.0,,2005,0.0,98052,47.6662,-122.083,2120.0,3547.0,2014-11-21,637250.0
2594200375,3.0,1.75,1240.0,7200.0,1.0,0.0,0.0,5,7,1240.0,0.0,1942,0.0,98136,47.5142,-122.389,1640.0,7200.0,2015-03-30,427500.0
1125069064,4.0,2.5,2770.0,89298.0,2.0,0.0,0.0,3,8,2770.0,0.0,2004,0.0,98053,47.6624,-122.01,2650.0,89298.0,2015-03-31,700000.0
117000100,3.0,1.75,1660.0,5750.0,1.0,0.0,0.0,4,7,1080.0,580.0,1909,0.0,98116,47.5843,-122.385,2060.0,5560.0,2015-03-19,680000.0
9212900820,2.0,2.0,1170.0,8251.0,1.0,0.0,0.0,3,7,1170.0,0.0,1941,0.0,98115,47.6873,-122.291,1360.0,6798.0,2014-08-28,393820.0
3959400855,4.0,2.75,2470.0,7200.0,1.0,0.0,0.0,5,7,1350.0,1120.0,1940,0.0,98108,47.5631,-122.317,1500.0,6000.0,2014-08-20,525000.0
2028700265,2.0,1.75,1310.0,3816.0,1.0,0.0,0.0,2,7,1110.0,200.0,1929,0.0,98117,47.679,-122.368,1510.0,3816.0,2015-01-15,505000.0
3041700090,3.0,2.0,1670.0,11337.0,1.0,0.0,1.0,4,7,1670.0,0.0,1959,0.0,98033,47.6602,-122.188,2210.0,11337.0,2014-11-11,555565.0
868001295,3.0,1.75,1660.0,10819.0,1.0,0.0,0.0,4,7,1240.0,420.0,1942,0.0,98177,47.7045,-122.379,3110.0,11853.0,2014-10-29,650000.0
7853270740,5.0,3.25,3500.0,7254.0,2.0,0.0,0.0,3,8,2760.0,740.0,2005,0.0,98065,47.5444,-121.881,2820.0,6317.0,2014-09-17,632500.0
5416500090,3.0,2.5,1440.0,3800.0,2.0,0.0,0.0,3,7,1440.0,0.0,2005,0.0,98038,47.3606,-122.039,1890.0,3819.0,2014-07-24,269000.0
3574801110,4.0,2.75,2360.0,7716.0,1.0,0.0,0.0,3,7,1390.0,970.0,1978,0.0,98034,47.7301,-122.223,2160.0,8794.0,2014-11-25,405000.0
624110930,3.0,3.5,3460.0,15745.0,2.0,0.0,0.0,3,10,3460.0,0.0,1986,0.0,98077,47.7262,-122.06,3350.0,14825.0,2014-07-24,845000.0
5335700110,3.0,1.0,1750.0,8820.0,1.0,0.0,0.0,4,7,1750.0,0.0,1961,0.0,98032,47.3608,-122.29,1400.0,9600.0,2014-07-25,234000.0
1176000964,4.0,1.75,1470.0,4236.0,1.5,0.0,0.0,4,7,1470.0,0.0,1946,0.0,98107,47.6692,-122.399,1480.0,5400.0,2015-04-22,638000.0
7334602070,3.0,1.75,1710.0,10950.0,1.0,,0.0,3,7,1060.0,650.0,1967,0.0,98045,47.4678,-121.745,1180.0,10950.0,2014-08-04,290000.0
2420069251,1.0,0.75,520.0,12981.0,1.0,0.0,0.0,5,3,520.0,0.0,1920,0.0,98022,47.2082,-121.995,1340.0,12233.0,2015-02-25,262000.0
7885800740,4.0,2.5,2350.0,5835.0,2.0,,0.0,3,8,2350.0,0.0,2003,0.0,98042,47.3494,-122.153,3010.0,5772.0,2015-02-18,270000.0
8082400076,4.0,2.25,2380.0,4876.0,2.0,0.0,0.0,4,9,2240.0,140.0,1948,0.0,98117,47.6822,-122.4,1780.0,4559.0,2014-11-18,875000.0
1310980110,3.0,2.25,1920.0,7840.0,2.0,0.0,0.0,4,8,1920.0,0.0,1982,0.0,98032,47.3631,-122.276,2170.0,7210.0,2014-07-17,299000.0
2354300740,3.0,1.0,1580.0,6000.0,1.0,0.0,0.0,5,7,1580.0,0.0,1947,0.0,98027,47.5286,-122.032,1580.0,6000.0,2015-03-03,551000.0
3023049236,3.0,2.75,3070.0,5280.0,2.0,0.0,1.0,3,7,2360.0,710.0,1950,19860.0,98166,47.4486,-122.353,2570.0,18983.0,2014-09-16,350000.0
9808700405,3.0,2.5,2660.0,13367.0,2.0,0.0,2.0,3,10,2660.0,0.0,1992,0.0,98004,47.6501,-122.217,2660.0,13367.0,2014-06-04,1900000.0
2877102345,2.0,1.75,1700.0,5000.0,1.0,0.0,0.0,3,6,850.0,850.0,1915,0.0,98117,47.6787,-122.363,1690.0,5000.0,2014-10-27,511718.0
1924069058,4.0,3.25,5010.0,49222.0,2.0,0.0,0.0,5,9,3710.0,1300.0,1978,0.0,98027,47.5489,-122.092,3140.0,54014.0,2014-10-10,965000.0
9269260100,4.0,2.25,2680.0,4673.0,2.0,0.0,0.0,3,7,2680.0,0.0,1999,0.0,98011,47.7539,-122.219,2460.0,4645.0,2014-12-16,475000.0
2877104265,4.0,2.75,2720.0,4000.0,1.5,,2.0,5,8,1840.0,880.0,1928,0.0,98117,47.6797,-122.359,1600.0,4000.0,2015-04-15,1060000.0
3123039089,2.0,1.0,940.0,15450.0,1.0,0.0,0.0,4,6,940.0,0.0,1926,0.0,98070,47.4408,-122.461,1370.0,34820.0,2014-07-15,252000.0
8576400110,6.0,2.5,3596.0,13700.0,1.0,0.0,0.0,5,8,1798.0,1798.0,1964,0.0,98166,47.4388,-122.339,1894.0,10500.0,2015-03-17,580000.0
7660600131,2.0,2.25,1240.0,1172.0,2.0,0.0,0.0,3,8,1000.0,240.0,2008,0.0,98144,47.5877,-122.316,1260.0,1111.0,2014-10-20,374950.0
2296500131,5.0,4.0,4660.0,9900.0,2.0,0.0,2.0,4,9,2600.0,2060.0,1979,0.0,98056,47.5135,-122.2,3380.0,9900.0,2014-12-16,739000.0
1761300850,4.0,1.75,1710.0,7200.0,1.0,,0.0,5,7,910.0,800.0,1975,0.0,98031,47.3967,-122.174,1730.0,7200.0,2014-12-17,271000.0
6083000037,2.0,1.0,930.0,7550.0,1.0,0.0,0.0,3,6,930.0,0.0,1986,0.0,98168,47.4866,-122.303,1370.0,10176.0,2014-06-13,230000.0
5259800090,3.0,2.25,1430.0,9150.0,1.0,0.0,0.0,3,7,1070.0,360.0,1984,0.0,98023,47.3239,-122.35,1430.0,6364.0,2015-04-27,210000.0
2968801366,3.0,2.75,1650.0,5700.0,2.0,0.0,0.0,4,7,1650.0,0.0,1988,0.0,98166,47.4563,-122.348,1320.0,7620.0,2015-02-24,350000.0
2126059172,3.0,2.25,1560.0,12000.0,1.0,0.0,0.0,4,7,1110.0,450.0,1968,0.0,98034,47.7256,-122.166,2190.0,4612.0,2015-05-06,491500.0
7334501250,3.0,2.5,1870.0,9825.0,1.0,0.0,0.0,4,7,1250.0,620.0,1994,0.0,98045,47.4639,-121.744,1380.0,11475.0,2014-09-09,325000.0
1545805490,3.0,2.0,1320.0,7625.0,1.0,0.0,0.0,3,7,1320.0,0.0,1987,0.0,98038,47.3635,-122.045,1420.0,7500.0,2014-10-06,190000.0
7518500855,4.0,2.0,1400.0,4690.0,1.5,,0.0,4,7,1400.0,0.0,1945,0.0,98117,47.6826,-122.378,1400.0,4690.0,2015-05-04,658600.0
4171200025,3.0,1.5,1940.0,8951.0,1.0,0.0,0.0,3,7,1300.0,640.0,1958,0.0,98168,47.473,-122.328,2000.0,8319.0,2015-03-27,299950.0
9818700215,5.0,2.0,2000.0,3000.0,1.5,0.0,0.0,3,6,1200.0,800.0,1931,0.0,98122,47.6028,-122.298,1330.0,4000.0,2015-03-30,464000.0
798000535,3.0,1.0,1640.0,18144.0,1.5,0.0,0.0,3,6,1640.0,0.0,1942,0.0,98168,47.5027,-122.33,1500.0,9065.0,2014-06-25,308000.0
3900100265,3.0,1.0,1020.0,7650.0,1.0,0.0,0.0,3,6,1020.0,0.0,1919,0.0,98033,47.6795,-122.202,1870.0,5500.0,2015-01-29,625000.0
1951100110,3.0,1.75,1630.0,9450.0,1.0,0.0,0.0,4,7,1080.0,550.0,1977,0.0,98032,47.3729,-122.295,1280.0,9100.0,2015-02-05,240000.0
7215420590,4.0,2.5,2940.0,35996.0,2.0,0.0,0.0,3,9,2940.0,0.0,1995,0.0,98042,47.3401,-122.067,2890.0,35089.0,2015-05-04,530000.0
3343301910,5.0,4.5,2120.0,8944.0,2.0,1.0,4.0,5,8,2120.0,0.0,1939,19630.0,98006,47.5488,-122.197,2870.0,8944.0,2014-10-20,1000000.0
9828702095,1.0,1.0,790.0,2400.0,1.0,0.0,0.0,3,7,790.0,0.0,1918,0.0,98122,47.6178,-122.299,1580.0,2566.0,2014-09-25,439000.0
2917200645,4.0,1.75,2020.0,6200.0,1.0,0.0,0.0,4,6,1010.0,1010.0,1948,0.0,98133,47.7013,-122.35,1440.0,4158.0,2015-05-11,575000.0
6163900501,3.0,1.75,1530.0,7238.0,1.0,0.0,0.0,3,7,1530.0,0.0,1959,0.0,98155,47.7629,-122.315,1580.0,7238.0,2014-10-21,418000.0
540100057,4.0,3.75,3250.0,10949.0,2.0,0.0,0.0,4,9,2940.0,310.0,1930,0.0,98004,47.639,-122.219,2340.0,15234.0,2015-04-28,1210000.0
2652500300,4.0,3.75,2930.0,3200.0,1.5,0.0,0.0,5,9,2130.0,800.0,1925,0.0,98119,47.643,-122.359,1900.0,4320.0,2014-06-03,1100000.0
1330300300,3.0,3.75,3150.0,8550.0,2.0,0.0,0.0,3,10,3150.0,0.0,2007,0.0,98112,47.6387,-122.284,2510.0,8550.0,2015-04-15,1900000.0
1137301780,3.0,2.5,2180.0,40278.0,2.0,0.0,0.0,3,9,2180.0,0.0,1985,0.0,98072,47.733,-122.09,2630.0,40000.0,2014-11-26,580000.0
9842300485,2.0,1.0,1040.0,7372.0,1.0,0.0,0.0,5,7,840.0,200.0,1939,0.0,98126,47.5285,-122.378,1930.0,5150.0,2015-03-11,380000.0
7224000315,3.0,1.0,880.0,5375.0,1.0,0.0,0.0,4,5,880.0,0.0,1924,0.0,98055,47.4858,-122.202,980.0,4838.0,2014-07-23,256000.0
6161000015,3.0,1.0,1400.0,7066.0,1.0,0.0,0.0,3,8,1400.0,0.0,1957,0.0,98125,47.7127,-122.325,1400.0,7320.0,2014-05-15,349950.0
5207200195,4.0,2.5,2600.0,7200.0,2.0,0.0,0.0,3,7,2600.0,0.0,1962,20020.0,98115,47.6944,-122.274,1790.0,6175.0,2014-07-01,691500.0
9191201790,3.0,1.75,1590.0,2500.0,1.5,0.0,0.0,4,7,1190.0,400.0,1908,0.0,98105,47.6668,-122.299,1420.0,3800.0,2014-10-31,556000.0
8731902680,3.0,2.25,1610.0,7084.0,1.0,0.0,0.0,4,8,1280.0,330.0,1968,0.0,98023,47.3146,-122.384,2170.0,8505.0,2014-11-20,218000.0
9448300115,4.0,2.0,1390.0,4500.0,1.5,0.0,0.0,5,7,1390.0,0.0,1908,0.0,98108,47.5552,-122.311,1900.0,5460.0,2014-12-05,425000.0
4045500625,3.0,3.25,3710.0,38509.0,2.0,0.0,0.0,3,10,3710.0,0.0,1998,0.0,98014,47.693,-121.868,1680.0,25865.0,2014-08-22,935000.0
5603700025,4.0,1.75,2360.0,11300.0,1.0,0.0,0.0,4,9,2360.0,0.0,1974,0.0,98006,47.5728,-122.163,2290.0,11951.0,2014-10-07,732000.0
1266200015,3.0,1.0,1440.0,10330.0,1.0,,0.0,4,7,1440.0,0.0,1952,0.0,98004,47.6245,-122.193,2080.0,10327.0,2015-01-27,805500.0
952003350,3.0,1.75,1400.0,5750.0,1.0,,2.0,3,6,1100.0,300.0,1915,0.0,98126,47.5659,-122.38,1500.0,5175.0,2015-02-04,507250.0
2386000300,4.0,2.5,4600.0,67369.0,2.0,0.0,0.0,3,10,4600.0,0.0,1990,0.0,98053,47.6417,-121.992,4600.0,67369.0,2014-12-02,800000.0
3625059143,3.0,2.25,2100.0,8276.0,2.0,0.0,1.0,4,8,2100.0,0.0,1979,0.0,98008,47.6068,-122.112,2420.0,18135.0,2014-09-03,600000.0
8651500850,4.0,1.75,2010.0,12044.0,1.0,0.0,0.0,3,9,2010.0,0.0,1982,0.0,98074,47.6446,-122.068,2200.0,11144.0,2015-03-17,627800.0
3359500110,2.0,2.25,2550.0,6000.0,2.0,0.0,0.0,5,7,1860.0,690.0,1902,0.0,98115,47.6739,-122.323,2010.0,4000.0,2014-06-24,660000.0
818500490,2.0,2.5,1240.0,3649.0,2.0,0.0,0.0,3,7,1240.0,0.0,1986,0.0,98003,47.3241,-122.322,1400.0,3721.0,2014-10-09,153503.0
3876311390,3.0,2.25,2090.0,9163.0,1.0,0.0,0.0,3,7,1460.0,630.0,1975,0.0,98034,47.7334,-122.167,1960.0,7713.0,2015-01-20,456500.0
8085400490,5.0,2.5,2770.0,8100.0,2.0,0.0,0.0,3,9,2770.0,0.0,2002,0.0,98004,47.6341,-122.208,2070.0,8100.0,2014-08-01,1310000.0
2355010090,3.0,2.5,3560.0,11448.0,2.0,0.0,0.0,3,11,3560.0,0.0,1997,0.0,98052,47.7126,-122.104,3290.0,11506.0,2014-12-07,843500.0
9550200265,3.0,1.0,1240.0,4080.0,1.0,0.0,0.0,3,7,1240.0,0.0,1925,0.0,98103,47.667,-122.333,2060.0,4080.0,2014-08-18,625000.0
8818400490,2.0,1.75,1640.0,4080.0,1.0,0.0,0.0,3,7,840.0,800.0,1921,0.0,98105,47.6645,-122.326,1980.0,4080.0,2014-06-11,527000.0
8964800025,5.0,3.75,3940.0,13738.0,1.5,0.0,3.0,4,9,3940.0,0.0,1951,0.0,98004,47.6203,-122.212,2370.0,13320.0,2015-02-26,1970000.0
2125059112,5.0,2.5,3150.0,50094.0,2.0,0.0,0.0,4,9,3150.0,0.0,1969,0.0,98005,47.6387,-122.177,3600.0,48787.0,2015-03-26,1000000.0
2028700535,4.0,3.0,2550.0,5300.0,2.0,0.0,0.0,3,8,1720.0,830.0,1908,20130.0,98117,47.6786,-122.367,1590.0,4505.0,2015-02-25,855000.0
4309710100,4.0,3.25,3940.0,27591.0,2.0,0.0,3.0,3,9,3440.0,500.0,2000,0.0,98059,47.5157,-122.116,3420.0,29170.0,2014-06-20,725000.0
4364700805,1.0,1.0,580.0,7200.0,1.0,,0.0,3,6,580.0,0.0,2000,0.0,98126,47.5249,-122.373,1360.0,7560.0,2014-10-15,315000.0
3356407665,3.0,1.75,1330.0,16000.0,1.0,0.0,0.0,3,7,1330.0,0.0,1978,0.0,98001,47.28,-122.257,1330.0,14374.0,2014-09-24,180000.0
9238900855,2.0,1.0,930.0,5000.0,1.0,0.0,3.0,3,7,930.0,0.0,1926,20130.0,98136,47.5333,-122.388,1760.0,5228.0,2015-03-13,700000.0
1086100100,3.0,1.0,1060.0,8625.0,2.0,0.0,0.0,4,7,1060.0,0.0,1962,19970.0,98033,47.6615,-122.179,2010.0,8901.0,2014-08-11,476500.0
6121000110,3.0,1.5,1180.0,9048.0,1.0,0.0,0.0,3,7,1180.0,0.0,1960,0.0,98148,47.4327,-122.328,1460.0,8942.0,2014-06-03,193000.0
8700100100,4.0,2.5,1850.0,6663.0,2.0,0.0,0.0,3,7,1850.0,0.0,1990,0.0,98030,47.3618,-122.195,1850.0,6417.0,2014-08-19,295000.0
9417400215,2.0,1.0,820.0,4880.0,1.0,0.0,0.0,4,6,820.0,0.0,1925,0.0,98136,47.5483,-122.394,1320.0,4880.0,2014-07-31,363000.0
7701961030,4.0,2.5,3600.0,21794.0,2.0,0.0,0.0,4,11,3600.0,0.0,1990,0.0,98077,47.7121,-122.072,3410.0,19864.0,2015-01-29,875000.0
2149800148,3.0,2.0,1850.0,8250.0,1.0,0.0,0.0,4,7,1150.0,700.0,1952,0.0,98002,47.3066,-122.209,1580.0,7153.0,2014-05-14,257200.0
686450490,3.0,2.0,2240.0,11250.0,1.0,0.0,0.0,3,8,2240.0,0.0,1968,0.0,98008,47.6371,-122.119,2200.0,12500.0,2014-09-29,555000.0
9413400165,3.0,2.25,1860.0,15559.0,2.0,0.0,0.0,4,7,1860.0,0.0,1963,0.0,98022,47.1559,-121.646,1110.0,11586.0,2014-06-24,380000.0
104550690,4.0,2.75,2390.0,7330.0,2.0,0.0,0.0,3,7,2390.0,0.0,1989,0.0,98023,47.3061,-122.359,1980.0,6735.0,2014-07-25,282000.0
1995200245,4.0,2.5,2040.0,6034.0,2.0,0.0,0.0,3,7,2040.0,0.0,1990,0.0,98115,47.6952,-122.323,1380.0,5986.0,2014-06-06,545000.0
7409700215,3.0,1.5,1900.0,5000.0,1.5,0.0,0.0,3,7,1640.0,260.0,1926,0.0,98115,47.6779,-122.294,2090.0,5000.0,2014-06-06,550000.0
7409700215,3.0,1.5,1900.0,5000.0,1.5,0.0,0.0,3,7,1640.0,260.0,1926,0.0,98115,47.6779,-122.294,2090.0,5000.0,2015-03-13,921500.0
1337800855,3.0,1.5,2200.0,2880.0,2.0,0.0,0.0,5,7,1440.0,760.0,1904,0.0,98112,47.6308,-122.312,2440.0,4640.0,2015-05-12,885000.0
7015200615,4.0,2.25,2280.0,6660.0,1.5,0.0,2.0,3,8,1960.0,320.0,1940,0.0,98119,47.6503,-122.368,1720.0,5336.0,2014-05-29,820000.0
8805400090,3.0,1.0,1090.0,7315.0,1.0,0.0,0.0,5,6,1090.0,0.0,1981,0.0,98056,47.494,-122.165,1090.0,5800.0,2014-05-13,289000.0
2391602350,1.0,1.0,670.0,5750.0,1.0,0.0,0.0,3,7,670.0,0.0,1942,20110.0,98116,47.5624,-122.394,1170.0,5750.0,2015-02-13,334000.0
844001140,3.0,1.0,1050.0,5233.0,1.0,0.0,0.0,5,5,1050.0,0.0,1906,0.0,98010,47.3106,-121.999,970.0,7500.0,2014-10-28,206000.0
5210200131,3.0,2.25,2090.0,10733.0,1.0,,0.0,3,7,1440.0,650.0,1958,0.0,98115,47.6971,-122.281,1740.0,8100.0,2014-06-30,491950.0
6893300110,3.0,2.5,2030.0,7770.0,2.0,0.0,0.0,3,8,2030.0,0.0,2003,0.0,98024,47.5253,-121.93,1360.0,10782.0,2014-11-13,430000.0
1796351080,3.0,2.0,1250.0,7995.0,1.0,,0.0,4,7,1250.0,0.0,1980,0.0,98042,47.3684,-122.092,1540.0,7650.0,2014-07-18,208000.0
1938400300,4.0,2.25,2600.0,6390.0,1.0,0.0,0.0,3,8,1390.0,1210.0,1978,0.0,98023,47.3174,-122.366,2110.0,6700.0,2014-07-08,245000.0
2877101340,2.0,1.0,640.0,2500.0,1.0,0.0,0.0,4,6,640.0,0.0,1918,0.0,98117,47.6776,-122.361,1460.0,4200.0,2015-03-18,426000.0
6084200100,3.0,2.5,2120.0,3742.0,2.0,0.0,0.0,3,7,2120.0,0.0,2006,0.0,98059,47.4787,-122.129,2250.0,4696.0,2014-08-01,400000.0
7977201910,3.0,1.0,1330.0,5100.0,1.0,0.0,0.0,3,7,900.0,430.0,1942,0.0,98115,47.6837,-122.291,1500.0,5100.0,2015-04-14,553000.0
6638900115,2.0,1.0,750.0,4680.0,1.0,0.0,0.0,3,5,750.0,0.0,1948,0.0,98117,47.6919,-122.371,1450.0,4400.0,2015-03-31,296000.0
2587920110,3.0,2.5,2230.0,32660.0,1.0,0.0,0.0,4,8,2230.0,0.0,1977,0.0,98042,47.3321,-122.105,2400.0,33120.0,2015-02-17,428000.0
3438500714,4.0,2.5,1890.0,6156.0,1.0,0.0,0.0,3,7,980.0,910.0,1980,0.0,98106,47.551,-122.356,1590.0,6954.0,2014-05-06,325000.0
726049184,2.0,1.0,820.0,6366.0,1.0,0.0,0.0,5,6,820.0,0.0,1952,0.0,98133,47.7512,-122.34,1580.0,10169.0,2014-07-21,294000.0
2787720300,3.0,1.75,1880.0,8424.0,1.0,,0.0,4,7,1380.0,500.0,1977,0.0,98059,47.5116,-122.161,1970.0,8523.0,2015-03-19,410000.0
2821049048,4.0,4.25,2360.0,57514.0,2.0,0.0,0.0,4,8,2360.0,0.0,1939,0.0,98003,47.2843,-122.294,2037.0,35733.0,2014-06-03,590000.0
3904901450,3.0,2.25,1850.0,4050.0,2.0,0.0,0.0,4,7,1850.0,0.0,1985,0.0,98029,47.5669,-122.017,1650.0,4468.0,2014-11-20,445000.0
9829200495,4.0,2.5,2310.0,5362.0,2.0,0.0,4.0,4,8,2010.0,300.0,1928,0.0,98122,47.6044,-122.284,2530.0,5960.0,2015-03-25,921000.0
1523089097,3.0,1.5,2520.0,37616.0,1.0,,0.0,3,8,2520.0,0.0,1955,0.0,98045,47.4777,-121.763,1470.0,33750.0,2015-03-04,496000.0
2724200705,2.0,1.0,800.0,8550.0,1.0,0.0,0.0,3,7,800.0,0.0,1947,0.0,98198,47.4075,-122.294,1490.0,8550.0,2014-12-12,95000.0
8122600245,4.0,1.75,1580.0,6396.0,1.0,0.0,0.0,4,6,790.0,790.0,1945,0.0,98126,47.5378,-122.369,1180.0,6396.0,2014-09-25,359000.0
1323089184,3.0,2.5,2430.0,88426.0,1.0,0.0,0.0,4,7,1570.0,860.0,1985,0.0,98045,47.4828,-121.718,1560.0,56827.0,2014-05-02,452500.0
2600300110,4.0,1.75,2350.0,6200.0,1.5,0.0,0.0,4,7,1410.0,940.0,1946,0.0,98116,47.559,-122.397,1800.0,6150.0,2014-12-02,555000.0
9485951030,5.0,3.0,3800.0,42316.0,1.5,0.0,0.0,4,9,3800.0,0.0,1984,0.0,98042,47.3488,-122.095,2580.0,35775.0,2014-09-24,549900.0
4021700025,5.0,3.0,3670.0,10583.0,1.0,0.0,0.0,5,8,2060.0,1610.0,1952,0.0,98155,47.7589,-122.277,2720.0,13865.0,2014-06-10,569000.0
2473250850,4.0,2.0,1780.0,7350.0,1.0,0.0,0.0,5,7,900.0,880.0,1974,0.0,98058,47.4562,-122.158,1480.0,7350.0,2014-07-16,318500.0
9828702310,2.0,1.5,1295.0,1093.0,2.0,0.0,0.0,3,9,1105.0,190.0,2007,0.0,98112,47.6192,-122.299,1295.0,1413.0,2014-06-11,487028.0
7523700245,3.0,1.0,1350.0,7560.0,1.0,0.0,0.0,4,7,950.0,400.0,1959,0.0,98032,47.3784,-122.303,1470.0,7560.0,2014-10-15,240000.0
1765100025,3.0,2.25,1440.0,9806.0,1.0,0.0,0.0,3,7,1440.0,,1965,0.0,98030,47.3857,-122.212,1590.0,9782.0,2015-02-02,253000.0
2011400405,5.0,1.75,1320.0,38125.0,1.0,0.0,0.0,4,7,1120.0,200.0,1947,0.0,98198,47.3937,-122.323,2360.0,15070.0,2014-08-31,380000.0
3410600015,2.0,0.75,700.0,16828.0,1.0,0.0,0.0,4,6,700.0,0.0,1958,0.0,98092,47.3009,-122.125,2010.0,29316.0,2015-04-06,250000.0
3276050110,2.0,1.75,2510.0,19141.0,2.0,0.0,0.0,3,9,2510.0,0.0,1977,0.0,98092,47.3103,-122.199,2400.0,13030.0,2014-10-10,368500.0
7792000025,3.0,1.0,3180.0,27586.0,1.0,0.0,0.0,3,8,1400.0,1780.0,1969,0.0,98022,47.1986,-121.967,2180.0,27586.0,2015-02-11,340000.0
2810600015,2.0,1.0,910.0,4000.0,1.0,,0.0,3,7,910.0,0.0,1918,0.0,98136,47.5427,-122.388,1060.0,1346.0,2015-04-27,400000.0
8081900011,3.0,2.0,1570.0,4625.0,1.5,0.0,0.0,5,8,1570.0,0.0,1927,0.0,98117,47.68,-122.399,1760.0,4625.0,2014-09-16,835000.0
104550740,3.0,2.5,2450.0,7062.0,2.0,0.0,0.0,3,8,2450.0,0.0,1993,0.0,98023,47.3061,-122.36,1960.0,7200.0,2014-12-01,299000.0
1959701745,6.0,2.25,4910.0,6600.0,2.5,,0.0,5,10,3580.0,1330.0,1910,0.0,98102,47.6458,-122.32,3280.0,5500.0,2014-11-07,1680000.0
8078520090,3.0,2.0,1570.0,5706.0,1.0,0.0,0.0,3,7,1570.0,0.0,1998,0.0,98092,47.3156,-122.188,1570.0,5706.0,2014-05-14,265000.0
6403510090,4.0,2.5,2680.0,7513.0,2.0,0.0,0.0,3,8,2680.0,0.0,1998,0.0,98059,47.4956,-122.161,2640.0,7243.0,2014-11-11,437500.0
2326300090,3.0,1.75,2090.0,4725.0,2.0,0.0,0.0,3,7,1610.0,480.0,1947,20130.0,98199,47.657,-122.394,1280.0,4725.0,2014-06-04,865000.0
8078380090,3.0,2.0,2150.0,7200.0,1.0,,0.0,3,8,2150.0,0.0,1988,0.0,98029,47.5709,-122.018,2510.0,7222.0,2015-03-11,626000.0
7132300042,2.0,2.0,1140.0,1118.0,2.0,0.0,0.0,3,7,1040.0,100.0,2009,0.0,98144,47.596,-122.311,1140.0,1118.0,2014-10-28,247300.0
3861470110,4.0,3.5,4230.0,20377.0,2.0,0.0,0.0,3,11,4230.0,0.0,1997,0.0,98004,47.5954,-122.206,3980.0,20489.0,2014-06-23,2080000.0
2734101055,3.0,1.0,1790.0,6000.0,1.5,0.0,0.0,2,8,1790.0,0.0,1937,0.0,98108,47.5448,-122.32,1060.0,4000.0,2014-10-01,425000.0
4039701080,5.0,3.5,3100.0,10200.0,1.0,0.0,4.0,3,9,1660.0,1440.0,1970,0.0,98008,47.6134,-122.112,2700.0,10455.0,2014-06-25,905000.0
464000600,3.0,2.5,2220.0,2550.0,3.0,0.0,2.0,3,10,2220.0,0.0,1990,0.0,98117,47.6963,-122.393,2200.0,5610.0,2014-08-27,641250.0
5437400100,4.0,2.5,2370.0,9679.0,2.0,0.0,0.0,3,8,2370.0,0.0,1984,0.0,98027,47.5631,-122.085,2290.0,7944.0,2015-03-31,675000.0
1423089055,4.0,2.75,4070.0,115434.0,2.0,,0.0,3,9,4070.0,0.0,2002,0.0,98045,47.4843,-121.752,2970.0,95832.0,2014-06-13,845000.0
6713700100,4.0,1.0,1790.0,8400.0,1.0,0.0,0.0,4,7,1260.0,530.0,1954,0.0,98133,47.7627,-122.353,1470.0,8400.0,2014-09-07,401500.0
339600110,3.0,2.5,1610.0,3755.0,2.0,0.0,0.0,3,7,1610.0,0.0,1987,0.0,98052,47.6825,-122.097,1300.0,3823.0,2014-09-23,395000.0
5021900090,5.0,2.75,2830.0,18050.0,1.0,0.0,0.0,5,7,1630.0,1200.0,1958,0.0,98040,47.5773,-122.226,2370.0,14250.0,2015-03-06,1100000.0
6099400053,3.0,1.0,1010.0,5490.0,1.0,0.0,0.0,3,6,1010.0,0.0,1954,0.0,98168,47.4762,-122.293,1740.0,10658.0,2014-05-29,145000.0
7518508625,3.0,1.0,1560.0,3825.0,1.5,0.0,0.0,3,8,1390.0,170.0,1930,0.0,98117,47.6803,-122.387,1700.0,5100.0,2015-04-16,900000.0
8143000490,3.0,1.5,1330.0,8636.0,1.0,0.0,0.0,4,7,1330.0,0.0,1968,0.0,98034,47.7289,-122.203,1370.0,7475.0,2015-01-12,374500.0
3260000300,4.0,2.25,2330.0,10451.0,2.0,0.0,0.0,4,8,2330.0,0.0,1965,0.0,98005,47.6044,-122.168,1880.0,8400.0,2014-11-18,850000.0
5742600090,3.0,1.0,960.0,5750.0,1.0,0.0,0.0,3,7,960.0,0.0,1951,0.0,98116,47.5689,-122.393,1520.0,5750.0,2015-04-25,490000.0
7212650850,3.0,2.5,1710.0,6773.0,2.0,0.0,0.0,3,8,1710.0,0.0,1993,0.0,98003,47.2635,-122.312,2220.0,7551.0,2015-04-27,304000.0
9158800090,4.0,2.25,2230.0,7200.0,1.0,0.0,0.0,4,7,1300.0,930.0,1963,0.0,98133,47.7648,-122.33,2010.0,7752.0,2014-07-03,400000.0
7820000038,3.0,2.0,1700.0,10000.0,2.0,0.0,0.0,3,8,1700.0,0.0,1992,0.0,98011,47.7661,-122.205,1460.0,9621.0,2014-11-14,454000.0
7135300026,2.0,2.0,1040.0,4750.0,1.0,0.0,0.0,2,6,850.0,190.0,1950,0.0,98118,47.5293,-122.272,1350.0,5000.0,2014-12-24,160000.0
8562700300,3.0,1.75,1070.0,8030.0,1.0,0.0,0.0,3,7,1070.0,0.0,1966,20140.0,98052,47.67,-122.155,1540.0,7875.0,2014-07-08,542000.0
6114400028,5.0,2.5,3600.0,17300.0,1.0,0.0,0.0,4,8,2410.0,1190.0,1968,0.0,98166,47.4468,-122.341,2620.0,30200.0,2014-06-18,403500.0
3793501130,4.0,2.5,2750.0,8471.0,2.0,0.0,0.0,3,7,2750.0,0.0,2003,0.0,98038,47.3671,-122.029,2610.0,7482.0,2015-03-16,418000.0
6052400625,4.0,1.5,1920.0,6000.0,2.0,0.0,1.0,3,7,1920.0,0.0,1951,0.0,98198,47.4029,-122.321,1920.0,6000.0,2015-03-26,406000.0
2560805630,3.0,2.25,1770.0,10000.0,1.0,0.0,0.0,3,7,1340.0,430.0,1978,0.0,98198,47.3814,-122.322,1270.0,5055.0,2014-09-23,242500.0
9558020600,4.0,2.5,2460.0,5440.0,2.0,0.0,0.0,3,9,2460.0,0.0,2003,0.0,98058,47.448,-122.121,2460.0,5124.0,2015-04-07,425000.0
9136101335,4.0,2.0,1550.0,4815.0,1.5,0.0,0.0,3,7,1550.0,0.0,1909,0.0,98103,47.667,-122.336,1680.0,4013.0,2014-05-15,613000.0
9407101380,3.0,2.0,1460.0,11481.0,1.0,0.0,0.0,2,7,1170.0,290.0,1995,0.0,98045,47.4493,-121.777,1540.0,9680.0,2014-12-30,189000.0
8901500178,4.0,2.25,2440.0,9450.0,1.5,0.0,0.0,3,7,2440.0,0.0,1947,0.0,98125,47.7061,-122.307,1720.0,7503.0,2014-10-30,700000.0
9551201250,3.0,1.0,1640.0,6516.0,1.5,0.0,0.0,4,7,1440.0,200.0,1935,0.0,98103,47.6693,-122.339,1770.0,4000.0,2014-09-02,750000.0
3544400236,2.0,1.0,1290.0,4650.0,1.0,0.0,0.0,4,7,1290.0,0.0,1906,0.0,98115,47.6877,-122.325,1640.0,3900.0,2014-07-07,494000.0
7215730090,4.0,3.0,3150.0,7778.0,2.0,0.0,0.0,3,9,3150.0,0.0,2000,0.0,98075,47.5972,-122.018,2970.0,6500.0,2014-06-09,700000.0
8682291390,2.0,2.5,2305.0,5580.0,1.0,0.0,0.0,3,8,2305.0,0.0,2007,0.0,98077,47.7203,-122.024,1440.0,5748.0,2015-04-03,705000.0
1770000490,2.0,1.75,1060.0,16470.0,1.0,0.0,0.0,3,7,1060.0,0.0,1977,0.0,98072,47.7409,-122.089,1790.0,16748.0,2014-05-22,356000.0
2935400100,3.0,1.75,2060.0,12558.0,1.0,0.0,0.0,4,7,1350.0,710.0,1984,0.0,98052,47.6659,-122.144,1850.0,8722.0,2014-05-22,625000.0
7686205020,2.0,1.0,900.0,7500.0,1.0,0.0,0.0,3,5,900.0,0.0,1940,0.0,98198,47.4177,-122.319,1350.0,7500.0,2015-03-12,144975.0
3629921240,4.0,4.5,3890.0,5906.0,2.0,,3.0,3,11,3060.0,,2004,0.0,98029,47.5426,-121.995,4170.0,6052.0,2014-07-28,970000.0
1775801340,3.0,1.75,1910.0,12596.0,1.0,0.0,0.0,3,7,1340.0,570.0,1977,0.0,98072,47.7399,-122.099,1550.0,13310.0,2014-06-06,415000.0
3574801780,4.0,3.0,2340.0,7048.0,1.0,0.0,0.0,4,8,1340.0,1000.0,1979,0.0,98034,47.7306,-122.227,1440.0,8088.0,2014-05-05,485000.0
7854800090,3.0,3.0,2900.0,11769.0,2.0,,0.0,3,10,2900.0,0.0,1997,0.0,98052,47.6993,-122.118,2900.0,9611.0,2014-11-07,799950.0
4054530090,4.0,2.5,3290.0,35001.0,2.0,0.0,0.0,3,10,3290.0,0.0,1991,0.0,98077,47.7231,-122.038,4090.0,40371.0,2015-04-29,783350.0
8807900236,1.0,1.0,630.0,1362.0,1.0,0.0,0.0,3,7,630.0,0.0,1943,0.0,98109,47.6342,-122.342,1090.0,1376.0,2014-12-19,430000.0
1118001408,5.0,4.75,5410.0,13431.0,2.0,0.0,0.0,4,10,5050.0,360.0,1941,0.0,98112,47.6306,-122.288,3750.0,11596.0,2014-11-24,2540000.0
9290850740,4.0,2.5,4270.0,43386.0,1.0,0.0,0.0,3,10,2680.0,1590.0,1991,0.0,98053,47.6915,-122.053,3630.0,36180.0,2014-06-18,975000.0
3025059089,3.0,1.5,1700.0,8050.0,1.0,0.0,0.0,3,7,1130.0,570.0,1950,0.0,98004,47.6304,-122.218,2920.0,12239.0,2015-05-05,950000.0
923000265,2.0,1.0,1430.0,8157.0,1.5,0.0,0.0,3,7,1150.0,280.0,1944,0.0,98177,47.7256,-122.361,1820.0,8157.0,2014-08-06,350000.0
8901001335,4.0,2.75,2850.0,7510.0,2.0,0.0,0.0,3,8,2850.0,0.0,2008,0.0,98125,47.7097,-122.305,1510.0,8833.0,2014-11-03,637000.0
1523059066,3.0,2.0,2160.0,105415.0,1.0,0.0,0.0,3,10,2160.0,0.0,1991,0.0,98059,47.4806,-122.152,2760.0,9620.0,2015-02-19,895000.0
5249801785,2.0,2.0,1760.0,7200.0,1.0,,0.0,5,7,880.0,880.0,1946,0.0,98118,47.5658,-122.276,1760.0,7200.0,2014-12-05,579000.0
2190601055,4.0,1.75,2700.0,27072.0,1.0,,0.0,3,7,1380.0,1320.0,1958,0.0,98003,47.2877,-122.293,2460.0,34850.0,2014-06-24,314900.0
1917300025,2.0,1.0,860.0,6000.0,1.0,0.0,0.0,3,6,860.0,0.0,1945,0.0,98022,47.2109,-121.985,1300.0,6000.0,2015-01-27,122000.0
3797000300,2.0,1.0,880.0,3000.0,1.0,,0.0,5,7,880.0,0.0,1927,0.0,98103,47.6868,-122.349,1300.0,3000.0,2014-08-08,405000.0
5332200026,2.0,2.5,1360.0,1349.0,2.0,0.0,0.0,3,8,1050.0,310.0,1997,0.0,98112,47.6254,-122.292,1430.0,4400.0,2014-05-08,553650.0
3278602760,2.0,2.5,1770.0,1853.0,3.0,0.0,0.0,3,8,1770.0,0.0,2007,0.0,98126,47.5472,-122.371,1770.0,1924.0,2015-02-03,369900.0
2721049059,3.0,2.0,2030.0,24829.0,1.0,0.0,0.0,4,7,1220.0,810.0,1979,0.0,98001,47.2718,-122.291,1980.0,15204.0,2014-05-28,225000.0
2172000750,2.0,1.0,1180.0,9350.0,1.0,0.0,0.0,3,6,1180.0,0.0,1918,0.0,98178,47.4889,-122.259,1780.0,9306.0,2014-05-27,160000.0
1022069058,4.0,2.0,2430.0,199940.0,1.0,0.0,0.0,3,8,1310.0,1120.0,1961,0.0,98038,47.4116,-122.029,2220.0,150282.0,2014-10-09,449500.0
249000115,3.0,1.0,1300.0,8266.0,1.0,0.0,0.0,4,7,1300.0,0.0,1953,0.0,98004,47.6337,-122.199,1300.0,8707.0,2014-08-28,650000.0
7214710300,4.0,2.5,2360.0,43088.0,2.0,0.0,0.0,3,8,2360.0,0.0,1977,0.0,98077,47.7661,-122.071,2850.0,39216.0,2014-07-16,542126.0
192450300,3.0,1.5,1200.0,15606.0,1.0,0.0,0.0,3,7,1200.0,0.0,1985,0.0,98045,47.4752,-121.755,1210.0,15606.0,2014-09-19,309950.0
3356403820,2.0,1.0,1000.0,16524.0,1.0,0.0,0.0,3,5,1000.0,0.0,1913,0.0,98001,47.2841,-122.255,1350.0,10208.0,2014-12-05,115000.0
8075400100,2.0,1.5,1556.0,20000.0,1.0,0.0,0.0,4,7,1556.0,0.0,1957,0.0,98032,47.3891,-122.282,2250.0,17286.0,2014-12-31,221700.0
1982200245,3.0,2.5,1890.0,3880.0,1.5,0.0,0.0,4,8,1460.0,430.0,1915,0.0,98107,47.6642,-122.362,1010.0,3880.0,2015-01-27,726000.0
7905200037,3.0,1.75,1810.0,5733.0,1.0,0.0,0.0,4,7,1010.0,800.0,1926,0.0,98116,47.5709,-122.388,1260.0,4680.0,2014-11-19,515000.0
2597531030,4.0,2.5,2730.0,10753.0,2.0,0.0,0.0,3,9,2730.0,0.0,1991,0.0,98006,47.5414,-122.133,3090.0,10740.0,2014-08-26,756000.0
5318100645,4.0,3.75,3070.0,5850.0,2.0,0.0,0.0,5,9,2400.0,670.0,1927,0.0,98112,47.633,-122.283,2940.0,5573.0,2014-05-27,1570000.0
7504400850,4.0,2.25,2080.0,12007.0,1.0,0.0,0.0,4,8,1220.0,860.0,1979,0.0,98074,47.6259,-122.051,2110.0,12459.0,2014-05-21,442000.0
1761300110,4.0,2.0,1620.0,7992.0,2.0,0.0,0.0,4,7,1620.0,0.0,1975,0.0,98031,47.395,-122.176,1710.0,7500.0,2014-07-02,260000.0
9390700100,2.0,1.75,1150.0,2723.0,1.0,0.0,0.0,4,7,770.0,380.0,1923,0.0,98102,47.6357,-122.322,1440.0,4000.0,2014-09-10,390000.0
7518503200,2.0,1.0,1250.0,3825.0,1.0,0.0,0.0,3,7,850.0,400.0,1929,0.0,98117,47.6805,-122.38,1370.0,4998.0,2014-07-01,459500.0
3971700940,3.0,1.5,1430.0,8000.0,1.0,0.0,0.0,5,7,1430.0,0.0,1948,0.0,98155,47.772,-122.322,1410.0,9820.0,2014-09-30,330000.0
1446403835,2.0,1.0,790.0,7128.0,1.0,0.0,0.0,3,6,790.0,0.0,1944,0.0,98168,47.4873,-122.324,1110.0,7150.0,2014-11-03,189000.0
9183702251,3.0,1.0,1200.0,9322.0,1.5,0.0,0.0,4,7,1200.0,0.0,1954,0.0,98030,47.3749,-122.225,1540.0,9677.0,2014-12-11,280000.0
5589900590,2.0,1.75,2110.0,9519.0,1.0,0.0,0.0,2,7,2110.0,0.0,1948,0.0,98155,47.7504,-122.306,1480.0,9519.0,2014-05-05,400000.0
7227501745,4.0,2.0,3160.0,11193.0,1.0,0.0,0.0,5,6,2410.0,750.0,1942,0.0,98056,47.4937,-122.184,1020.0,5940.0,2015-03-25,368000.0
2473350930,4.0,1.75,2700.0,7875.0,1.5,0.0,0.0,4,8,2700.0,0.0,1968,0.0,98058,47.454,-122.144,2220.0,7875.0,2014-06-09,390000.0
6450303820,2.0,1.0,820.0,7475.0,1.0,0.0,0.0,3,6,820.0,0.0,1945,0.0,98133,47.7321,-122.341,1030.0,5720.0,2014-09-30,245000.0
5469000100,4.0,2.5,1800.0,8432.0,1.0,0.0,0.0,4,7,1200.0,600.0,1960,0.0,98133,47.7463,-122.336,1780.0,8432.0,2014-08-06,375000.0
8679600100,5.0,1.5,1750.0,12491.0,1.0,,0.0,3,6,1390.0,360.0,1961,0.0,98033,47.6995,-122.174,1560.0,12473.0,2015-01-30,465000.0
638100015,3.0,2.0,1540.0,67953.0,1.0,,0.0,3,7,1540.0,0.0,1997,0.0,98059,47.5018,-122.126,1250.0,9100.0,2015-03-12,445000.0
3241600015,3.0,1.0,1130.0,7800.0,1.0,,0.0,3,7,1130.0,0.0,1952,0.0,98118,47.5239,-122.288,1170.0,7800.0,2015-03-05,250000.0
6411600026,3.0,1.0,1500.0,9416.0,1.0,0.0,0.0,4,8,1500.0,0.0,1952,0.0,98133,47.7135,-122.332,1440.0,7200.0,2014-10-03,475500.0
3179101050,2.0,1.75,1600.0,5795.0,1.5,,0.0,3,8,1600.0,0.0,1940,0.0,98105,47.6709,-122.276,2310.0,6301.0,2014-08-04,672324.0
5363200266,3.0,2.0,1200.0,5029.0,1.0,0.0,0.0,3,6,880.0,320.0,1937,0.0,98115,47.6936,-122.294,1510.0,5854.0,2014-06-23,420000.0
7518502490,3.0,2.0,1690.0,5100.0,1.5,0.0,0.0,5,7,1690.0,0.0,1907,0.0,98117,47.6801,-122.38,1690.0,5100.0,2014-12-29,515000.0
7732400490,4.0,2.5,2270.0,7665.0,2.0,0.0,0.0,3,9,2270.0,0.0,1986,0.0,98052,47.6612,-122.148,2450.0,8706.0,2014-11-05,732350.0
5416510110,4.0,2.5,1910.0,5000.0,2.0,0.0,0.0,3,7,1910.0,0.0,2005,0.0,98038,47.3608,-122.036,2020.0,5000.0,2014-06-05,297500.0
8604900017,3.0,1.5,1640.0,2720.0,1.5,0.0,0.0,3,8,1640.0,0.0,1929,0.0,98115,47.6869,-122.317,1490.0,4375.0,2014-10-08,475000.0
808300490,4.0,2.5,2120.0,6497.0,2.0,0.0,0.0,3,7,2120.0,0.0,2003,0.0,98019,47.7241,-121.957,2230.0,6300.0,2015-05-05,414000.0
6855700115,3.0,1.5,1400.0,8840.0,1.0,0.0,0.0,4,6,1400.0,0.0,1952,0.0,98125,47.7273,-122.309,1260.0,8840.0,2014-06-26,357250.0
9325800110,2.0,1.0,760.0,6000.0,1.0,0.0,0.0,4,6,760.0,0.0,1950,0.0,98133,47.7168,-122.34,950.0,6000.0,2014-10-30,289950.0
8121100015,3.0,1.0,1070.0,3713.0,1.0,0.0,0.0,4,6,1070.0,0.0,1917,0.0,98118,47.5683,-122.285,1290.0,3960.0,2015-05-05,550000.0
8568700015,3.0,1.75,1460.0,9998.0,1.0,0.0,0.0,3,7,960.0,500.0,1958,0.0,98028,47.7434,-122.242,1460.0,9998.0,2015-04-23,446000.0
6399600115,3.0,1.5,1280.0,16738.0,1.5,0.0,0.0,4,5,1280.0,0.0,1932,0.0,98038,47.3895,-122.023,1590.0,16317.0,2014-10-15,279000.0
5651010300,3.0,2.25,1650.0,4859.0,2.0,,0.0,3,7,1650.0,0.0,1988,0.0,98011,47.7729,-122.172,1890.0,5018.0,2014-08-21,370000.0
3423049311,3.0,2.0,1260.0,4125.0,1.0,0.0,0.0,3,6,1260.0,0.0,1998,0.0,98188,47.4401,-122.279,1300.0,9091.0,2014-10-17,216000.0
7000100711,3.0,2.5,2200.0,20000.0,1.0,0.0,1.0,3,7,1400.0,800.0,1952,0.0,98004,47.5809,-122.191,3050.0,11775.0,2014-06-21,1100000.0
5482700115,4.0,2.5,3560.0,15450.0,1.0,0.0,1.0,5,8,2060.0,1500.0,1977,0.0,98040,47.5657,-122.23,3680.0,17314.0,2014-10-20,1280000.0
9349900110,2.0,1.5,1140.0,2500.0,1.0,0.0,1.0,3,7,630.0,510.0,1988,0.0,98106,47.5707,-122.359,1500.0,5000.0,2015-02-17,355000.0
9328510100,4.0,2.5,2550.0,7312.0,2.0,0.0,0.0,3,9,2550.0,0.0,1988,0.0,98008,47.6441,-122.113,2330.0,7480.0,2014-09-11,699000.0
6300500475,3.0,2.5,1553.0,1991.0,3.0,0.0,0.0,3,8,1553.0,0.0,2014,0.0,98133,47.7049,-122.34,1509.0,2431.0,2014-09-02,412000.0
7849200315,2.0,1.0,1140.0,7200.0,1.0,0.0,0.0,3,6,1140.0,0.0,1923,19510.0,98065,47.5265,-121.823,1110.0,7200.0,2015-02-05,276000.0
7813200115,2.0,1.0,790.0,6426.0,1.0,0.0,0.0,3,6,790.0,0.0,1944,0.0,98178,47.4933,-122.245,1380.0,6946.0,2014-09-04,100000.0
2851200100,4.0,1.75,2130.0,5080.0,1.5,0.0,0.0,3,8,2130.0,0.0,1914,0.0,98119,47.6427,-122.363,1900.0,5080.0,2014-07-01,955500.0
2823059055,3.0,1.0,1390.0,21262.0,1.0,0.0,0.0,3,7,1390.0,0.0,1958,0.0,98058,47.4454,-122.185,1560.0,10800.0,2015-03-29,199000.0
7853301560,4.0,3.5,4000.0,15253.0,2.0,0.0,0.0,3,9,4000.0,0.0,2007,0.0,98065,47.5433,-121.887,3550.0,8747.0,2014-06-25,762000.0
9477001280,4.0,2.0,1520.0,7983.0,1.0,0.0,0.0,5,7,1520.0,0.0,1967,0.0,98034,47.7357,-122.193,1520.0,7783.0,2014-05-06,425000.0
7905200147,2.0,1.0,1657.0,5031.0,2.0,0.0,0.0,3,7,1657.0,0.0,1910,0.0,98116,47.5699,-122.389,2050.0,6201.0,2014-11-04,546000.0
6190701110,3.0,1.75,1680.0,8460.0,1.0,0.0,0.0,3,7,1180.0,500.0,1976,0.0,98133,47.7554,-122.353,1890.0,9529.0,2015-04-20,419600.0
871001500,4.0,2.25,2270.0,5102.0,1.0,0.0,0.0,5,8,1340.0,930.0,1954,0.0,98199,47.6528,-122.408,1800.0,5102.0,2014-06-23,735000.0
2559950110,2.0,2.5,2470.0,609.0,3.0,0.0,0.0,3,11,1910.0,560.0,2011,0.0,98112,47.6182,-122.312,2440.0,1229.0,2015-04-22,1230000.0
3693900245,2.0,2.0,1240.0,2500.0,2.0,0.0,0.0,3,7,1240.0,0.0,1985,0.0,98117,47.6793,-122.395,1660.0,5000.0,2014-07-07,445000.0
1023089140,3.0,2.0,1740.0,41275.0,1.0,0.0,0.0,3,8,1740.0,0.0,1974,19890.0,98045,47.4914,-121.763,2630.0,41275.0,2015-01-06,665000.0
3026059085,5.0,3.5,4090.0,290980.0,1.0,0.0,0.0,3,11,2920.0,1170.0,2002,0.0,98034,47.7161,-122.219,1880.0,9255.0,2015-03-17,1290000.0
3575302345,4.0,2.75,2520.0,12500.0,2.0,0.0,0.0,3,8,1720.0,800.0,1979,0.0,98074,47.6225,-122.064,2520.0,13000.0,2014-12-08,508500.0
1568100076,5.0,1.0,1340.0,11198.0,1.5,0.0,0.0,3,8,1340.0,0.0,1934,0.0,98155,47.736,-122.295,1390.0,8020.0,2014-12-10,345950.0
6600400090,3.0,1.0,1640.0,9750.0,1.0,,0.0,3,7,1640.0,0.0,1968,0.0,98042,47.3256,-122.141,1200.0,9750.0,2015-01-13,207500.0
5451200110,4.0,2.5,3000.0,10920.0,1.0,,0.0,4,8,1550.0,1450.0,1969,0.0,98040,47.5347,-122.227,2380.0,10920.0,2014-12-04,1080000.0
3204300090,3.0,1.0,1210.0,3720.0,2.0,0.0,0.0,4,8,1210.0,0.0,1930,0.0,98112,47.6317,-122.301,1560.0,6000.0,2014-11-10,640000.0
3023039066,3.0,1.0,1810.0,13068.0,1.0,0.0,0.0,4,7,1360.0,450.0,1941,0.0,98070,47.4482,-122.462,1400.0,13068.0,2015-03-23,329500.0
3824100246,4.0,2.75,2200.0,9676.0,1.0,0.0,0.0,3,8,1500.0,700.0,1979,0.0,98028,47.7713,-122.259,2120.0,9585.0,2014-10-21,460000.0
7768700315,3.0,1.75,2200.0,14630.0,1.5,0.0,1.0,3,8,2200.0,0.0,1948,20030.0,98004,47.6074,-122.213,2850.0,15803.0,2014-06-30,1230000.0
4154305290,5.0,3.0,2350.0,6480.0,2.0,0.0,3.0,4,7,1650.0,700.0,1924,19620.0,98118,47.558,-122.266,1840.0,7200.0,2014-11-20,805000.0
621069113,3.0,1.5,1090.0,10454.0,1.0,0.0,0.0,3,6,1090.0,0.0,1963,0.0,98042,47.3425,-122.082,1230.0,12196.0,2014-12-18,200000.0
1523059201,3.0,1.75,2280.0,77972.0,1.0,0.0,0.0,3,8,1460.0,820.0,1977,0.0,98059,47.4804,-122.151,2460.0,14430.0,2015-02-17,749700.0
7518504291,2.0,1.0,1520.0,3360.0,1.0,0.0,0.0,4,7,830.0,690.0,1927,0.0,98117,47.6815,-122.382,1470.0,3774.0,2014-12-15,535000.0
4058801240,3.0,2.25,1620.0,7150.0,1.0,0.0,2.0,4,7,1280.0,340.0,1950,0.0,98178,47.5048,-122.241,1620.0,6930.0,2014-10-28,330000.0
2313900165,3.0,2.0,1510.0,3750.0,1.5,0.0,0.0,4,7,1510.0,0.0,1928,0.0,98116,47.5737,-122.383,1500.0,5000.0,2014-07-30,479200.0
2122059206,5.0,2.5,3001.0,5710.0,2.0,0.0,0.0,3,8,3001.0,0.0,2006,0.0,98042,47.3727,-122.177,2340.0,5980.0,2014-05-13,373000.0
9282801720,4.0,1.5,2020.0,6000.0,1.0,0.0,0.0,4,7,1010.0,1010.0,1953,0.0,98178,47.5019,-122.235,1710.0,6000.0,2015-03-19,355000.0
9542840590,3.0,2.0,1380.0,4500.0,1.0,0.0,0.0,3,7,1380.0,0.0,2008,0.0,98038,47.3661,-122.021,1620.0,4000.0,2014-06-02,275000.0
2493200015,3.0,1.5,1520.0,4288.0,1.0,0.0,0.0,3,7,1020.0,500.0,1949,0.0,98136,47.5284,-122.387,1660.0,4288.0,2014-06-20,380000.0
9550202870,2.0,1.75,1090.0,4590.0,1.0,0.0,0.0,4,7,790.0,300.0,1915,0.0,98105,47.6677,-122.324,1390.0,4080.0,2015-02-09,417000.0
98000750,5.0,3.75,4220.0,15959.0,2.0,0.0,0.0,3,11,4220.0,0.0,2004,0.0,98075,47.5869,-121.967,4630.0,16531.0,2014-10-21,1170000.0
7504010900,3.0,2.25,2520.0,12000.0,1.0,,0.0,3,10,2520.0,0.0,1978,0.0,98074,47.6381,-122.062,2510.0,12000.0,2014-09-26,598500.0
1370803820,3.0,2.0,1760.0,5000.0,1.0,,0.0,5,7,960.0,800.0,1920,0.0,98199,47.6408,-122.403,1380.0,5000.0,2014-06-02,629000.0
1446401220,2.0,1.0,930.0,6600.0,1.0,0.0,0.0,3,6,930.0,0.0,1957,0.0,98168,47.4868,-122.33,1250.0,6600.0,2014-10-09,226950.0
868000615,4.0,2.5,2600.0,11542.0,1.5,0.0,0.0,4,9,2200.0,400.0,1939,0.0,98177,47.7076,-122.377,2840.0,10960.0,2014-12-31,1230000.0
6625910100,3.0,2.25,2180.0,11100.0,1.0,,0.0,5,8,1700.0,480.0,1979,0.0,98056,47.5162,-122.176,2350.0,11397.0,2015-02-03,415000.0
3629870110,3.0,2.5,1910.0,3075.0,2.0,0.0,0.0,3,8,1910.0,0.0,2001,0.0,98029,47.5491,-122.005,1940.0,3485.0,2015-04-22,595000.0
8651400750,3.0,1.75,1100.0,5525.0,1.0,0.0,0.0,5,6,1100.0,0.0,1968,0.0,98042,47.3625,-122.084,1050.0,5200.0,2014-10-28,209950.0
925069111,3.0,1.75,1760.0,235224.0,1.0,0.0,0.0,3,7,1760.0,0.0,1973,0.0,98053,47.6735,-122.041,2320.0,87120.0,2015-05-07,568000.0
3352402250,2.0,1.0,700.0,3180.0,1.0,0.0,0.0,3,6,480.0,220.0,1951,0.0,98178,47.4976,-122.262,1760.0,6360.0,2014-10-21,119900.0
4168000110,3.0,1.0,1080.0,10200.0,1.0,0.0,0.0,4,7,1080.0,0.0,1962,0.0,98023,47.3215,-122.351,1230.0,10400.0,2014-08-26,207000.0
5647900930,3.0,1.0,1070.0,22489.0,1.0,0.0,0.0,3,7,1070.0,0.0,1967,0.0,98001,47.3278,-122.262,1880.0,20250.0,2014-12-15,195000.0
2523039278,3.0,1.5,1460.0,8710.0,1.0,0.0,0.0,3,7,1460.0,0.0,1955,0.0,98166,47.4561,-122.357,1400.0,8645.0,2014-06-24,324950.0
6149700405,1.0,1.0,1050.0,7583.0,1.0,0.0,0.0,4,6,1050.0,0.0,1947,0.0,98133,47.7294,-122.341,1420.0,7560.0,2014-12-22,210000.0
203100690,4.0,2.75,3160.0,42733.0,2.0,0.0,0.0,3,9,3160.0,0.0,1995,0.0,98053,47.6367,-121.958,1890.0,24000.0,2015-04-25,1080000.0
4410600100,4.0,1.0,1400.0,6739.0,1.0,0.0,0.0,3,7,1000.0,400.0,1954,0.0,98108,47.5402,-122.298,1500.0,6380.0,2014-12-04,325088.0
3223059303,4.0,3.0,3120.0,157875.0,2.0,0.0,0.0,4,8,3120.0,0.0,1977,0.0,98058,47.444,-122.187,1580.0,7050.0,2015-01-16,790000.0
522069097,2.0,1.0,720.0,212137.0,1.0,0.0,0.0,3,5,720.0,,1982,0.0,98058,47.422,-122.066,2010.0,109642.0,2014-11-25,150000.0
2023069059,3.0,3.0,2840.0,206910.0,2.0,0.0,0.0,3,10,2840.0,0.0,1999,0.0,98059,47.469,-122.063,2070.0,25067.0,2014-10-30,790000.0
7987400356,2.0,1.0,1220.0,2500.0,1.0,0.0,0.0,3,6,770.0,450.0,1910,0.0,98126,47.5727,-122.372,1540.0,3000.0,2014-05-12,255000.0
461005360,4.0,3.0,2820.0,2850.0,1.5,0.0,0.0,5,7,1860.0,960.0,1928,0.0,98117,47.6813,-122.367,1570.0,4500.0,2014-11-07,697000.0
461004195,2.0,1.0,840.0,5000.0,1.0,0.0,0.0,4,7,840.0,0.0,1908,0.0,98117,47.6803,-122.371,1240.0,5000.0,2014-11-04,457500.0
9547204350,3.0,2.0,1610.0,5100.0,1.5,0.0,0.0,5,8,1610.0,0.0,1940,0.0,98115,47.6825,-122.307,1740.0,5100.0,2014-05-19,690000.0
2331300025,4.0,3.25,1860.0,4356.0,2.0,0.0,0.0,3,9,1860.0,0.0,1917,20050.0,98103,47.6785,-122.351,1860.0,4356.0,2015-03-11,967000.0
2288000090,4.0,1.75,2260.0,17711.0,1.0,0.0,1.0,4,9,2260.0,0.0,1968,0.0,98040,47.5498,-122.214,2880.0,16594.0,2015-04-29,980000.0
5525400300,4.0,2.75,2450.0,14803.0,2.0,0.0,0.0,4,9,2450.0,0.0,1988,0.0,98059,47.5261,-122.162,2330.0,14803.0,2014-05-21,619420.0
9523103001,2.0,1.0,850.0,3276.0,1.0,0.0,0.0,3,6,850.0,0.0,1910,0.0,98103,47.6742,-122.35,1460.0,4100.0,2014-10-13,389000.0
5249802460,3.0,1.0,1800.0,7200.0,1.0,0.0,0.0,3,7,1020.0,780.0,1964,0.0,98118,47.5616,-122.275,1740.0,5475.0,2014-12-10,500000.0
7000100850,4.0,1.75,1230.0,7890.0,1.0,0.0,1.0,4,7,1090.0,140.0,1950,0.0,98004,47.5808,-122.189,2380.0,13176.0,2014-09-26,569000.0
9477000300,4.0,2.25,2060.0,8540.0,1.0,,0.0,4,7,1540.0,520.0,1967,0.0,98034,47.734,-122.19,1560.0,7700.0,2014-07-28,425000.0
8121100265,4.0,2.25,2750.0,6180.0,1.0,0.0,0.0,4,8,1500.0,1250.0,1948,0.0,98118,47.5691,-122.284,1740.0,6180.0,2014-05-21,635000.0
2817100900,2.0,1.0,1120.0,9912.0,1.0,0.0,0.0,4,6,1120.0,0.0,1980,0.0,98070,47.3735,-122.43,1540.0,9750.0,2014-05-19,256500.0
3578700017,4.0,2.5,3010.0,11393.0,2.0,0.0,0.0,3,8,3010.0,0.0,2005,0.0,98028,47.7389,-122.221,2810.0,11282.0,2015-01-23,695000.0
7550800195,4.0,1.5,1580.0,5000.0,1.5,,0.0,3,7,1390.0,190.0,1945,0.0,98107,47.6735,-122.393,1580.0,5000.0,2014-07-30,535000.0
3449900090,4.0,2.5,2630.0,5379.0,2.0,,0.0,3,8,2630.0,0.0,2004,0.0,98059,47.4977,-122.163,2630.0,5379.0,2015-04-10,454200.0
9232900165,2.0,1.0,790.0,5800.0,1.0,0.0,0.0,3,6,790.0,0.0,1943,0.0,98117,47.6973,-122.36,1460.0,5800.0,2015-01-23,418500.0
1137300900,4.0,2.75,3110.0,35235.0,2.0,0.0,0.0,4,9,3110.0,0.0,1983,0.0,98072,47.7355,-122.095,2790.0,35445.0,2014-06-05,749950.0
2617370090,3.0,1.75,2130.0,5489.0,1.0,0.0,0.0,3,8,1370.0,760.0,1999,0.0,98070,47.4489,-122.456,1750.0,7200.0,2014-10-19,338500.0
5452301800,4.0,3.75,4520.0,9240.0,1.5,,2.0,3,10,3270.0,1250.0,1992,0.0,98040,47.5897,-122.229,3380.0,9240.0,2014-07-22,1250000.0
6648760100,3.0,2.5,1600.0,9830.0,2.0,0.0,0.0,4,8,1600.0,0.0,1993,0.0,98001,47.339,-122.266,1890.0,8910.0,2014-07-11,299950.0
798000337,4.0,1.75,1950.0,12500.0,1.0,0.0,0.0,3,7,1330.0,620.0,1963,0.0,98168,47.4999,-122.327,1760.0,11520.0,2014-07-31,325000.0
1737300110,4.0,3.0,2010.0,8171.0,2.0,0.0,0.0,3,8,2010.0,0.0,1973,0.0,98011,47.7688,-122.218,2090.0,8203.0,2014-08-26,434000.0
2817800100,4.0,1.75,2550.0,8976.0,1.0,0.0,0.0,5,7,1300.0,1250.0,1978,0.0,98058,47.4286,-122.179,2220.0,9477.0,2014-07-01,328950.0
5700003640,5.0,3.75,5340.0,10655.0,2.5,0.0,3.0,4,10,3740.0,1600.0,1912,0.0,98144,47.5795,-122.285,3910.0,9418.0,2014-05-19,2100000.0
824069156,4.0,2.0,2000.0,46902.0,2.0,0.0,0.0,3,8,2000.0,0.0,1978,0.0,98075,47.5851,-122.072,2420.0,38130.0,2015-04-29,570000.0
1997200165,3.0,2.25,2170.0,5001.0,2.0,0.0,0.0,3,8,2170.0,0.0,2014,0.0,98103,47.6937,-122.338,1700.0,6991.0,2014-09-16,802000.0
4083301645,3.0,1.0,1550.0,6840.0,1.5,0.0,0.0,3,7,1550.0,0.0,1918,0.0,98103,47.6572,-122.335,2370.0,4560.0,2014-10-24,525000.0
3880900245,6.0,3.0,2790.0,4550.0,2.5,,0.0,4,8,2790.0,0.0,1907,0.0,98119,47.627,-122.361,2590.0,4550.0,2015-02-02,700000.0
1322059002,3.0,1.75,1980.0,273556.0,1.0,0.0,0.0,3,6,1040.0,940.0,1956,19990.0,98042,47.4012,-122.11,2180.0,217799.0,2015-03-19,350000.0
2426039313,2.0,1.5,1190.0,1236.0,3.0,0.0,0.0,3,7,1190.0,0.0,2005,0.0,98133,47.7274,-122.357,1390.0,1756.0,2015-02-18,277500.0
6448000090,5.0,2.75,3650.0,20150.0,1.0,0.0,0.0,4,10,2360.0,1290.0,1975,0.0,98004,47.6215,-122.224,3220.0,19800.0,2014-05-12,1580000.0
8005100025,3.0,1.0,1510.0,4350.0,1.5,0.0,0.0,5,6,1510.0,0.0,1913,0.0,98022,47.2052,-121.987,1210.0,5500.0,2014-09-19,195000.0
2891000750,3.0,2.0,1200.0,6074.0,1.0,0.0,0.0,3,7,1200.0,0.0,1968,0.0,98002,47.325,-122.205,1430.0,6338.0,2014-08-21,222000.0
5456000110,5.0,3.0,2830.0,8854.0,1.0,0.0,0.0,4,8,1500.0,1330.0,1979,0.0,98040,47.5743,-122.209,2260.0,8604.0,2015-04-16,865000.0
5393601050,4.0,2.0,1650.0,6000.0,1.0,0.0,0.0,5,7,1000.0,650.0,1959,0.0,98144,47.5834,-122.307,1540.0,6000.0,2014-05-09,445000.0
2979801095,4.0,1.5,1710.0,4600.0,1.5,0.0,0.0,3,7,1710.0,0.0,1924,0.0,98115,47.6847,-122.318,1740.0,4455.0,2014-12-09,495800.0
6840701095,3.0,1.0,1740.0,4400.0,1.5,0.0,0.0,3,7,1740.0,0.0,1924,0.0,98122,47.6059,-122.3,1720.0,4400.0,2015-04-03,548500.0
2221000100,3.0,1.75,1840.0,10723.0,1.0,0.0,0.0,4,7,1220.0,620.0,1974,0.0,98058,47.429,-122.154,1590.0,9820.0,2014-05-07,310000.0
5070000100,3.0,1.5,1820.0,8585.0,1.0,0.0,0.0,4,7,1820.0,0.0,1962,0.0,98055,47.4479,-122.213,1740.0,10088.0,2014-07-11,205000.0
3793501450,5.0,3.75,3860.0,6901.0,2.0,0.0,0.0,3,7,3860.0,0.0,2003,0.0,98038,47.3694,-122.032,3000.0,8584.0,2014-09-10,470000.0
321079066,3.0,1.5,1810.0,349351.0,1.5,0.0,0.0,3,7,1810.0,0.0,2002,0.0,98010,47.3392,-121.897,2480.0,339332.0,2015-04-23,430000.0
2026049125,2.0,2.0,1030.0,2271.0,3.0,0.0,0.0,3,7,1030.0,0.0,1999,0.0,98125,47.7263,-122.314,1439.0,1387.0,2015-05-01,310000.0
1844500025,4.0,1.0,1410.0,7693.0,1.5,0.0,0.0,4,7,1410.0,0.0,1953,0.0,98133,47.7604,-122.331,1330.0,8395.0,2015-03-25,355000.0
3541600405,5.0,2.5,2140.0,15950.0,1.0,0.0,2.0,4,8,1370.0,770.0,1968,0.0,98166,47.4797,-122.358,2600.0,14273.0,2015-01-27,621500.0
1823049202,6.0,1.5,1930.0,8400.0,1.0,,0.0,3,7,1030.0,900.0,1971,0.0,98146,47.4869,-122.34,1780.0,9520.0,2014-06-10,175000.0
1823049202,6.0,1.5,1930.0,8400.0,1.0,,0.0,3,7,1030.0,900.0,1971,0.0,98146,47.4869,-122.34,1780.0,9520.0,2015-01-07,326000.0
1563100705,4.0,3.5,1930.0,5400.0,1.5,0.0,2.0,3,7,1930.0,0.0,1920,0.0,98116,47.5679,-122.409,1500.0,3340.0,2014-09-12,690000.0
7968200090,4.0,2.5,2210.0,7214.0,2.0,0.0,0.0,3,8,2210.0,0.0,2003,0.0,98003,47.3554,-122.298,2270.0,7246.0,2014-08-19,335000.0
5379802816,4.0,1.0,1360.0,11175.0,1.0,0.0,0.0,3,7,1360.0,0.0,1961,0.0,98188,47.4551,-122.272,1340.0,9702.0,2015-02-24,197000.0
3340401570,3.0,1.75,1830.0,7969.0,1.0,0.0,0.0,3,7,930.0,900.0,1950,20080.0,98055,47.4667,-122.214,1790.0,7425.0,2014-07-03,312500.0
7300700056,3.0,2.25,2120.0,6710.0,1.0,0.0,0.0,5,7,1420.0,700.0,1959,0.0,98155,47.7461,-122.324,1880.0,6960.0,2014-10-29,436000.0
1257201130,4.0,2.5,2700.0,4590.0,2.0,0.0,0.0,3,8,2700.0,0.0,2002,0.0,98103,47.6734,-122.329,2080.0,3570.0,2014-10-01,1020000.0
7526400100,4.0,2.5,3160.0,35225.0,2.0,0.0,1.0,3,9,2250.0,910.0,1992,0.0,98006,47.5672,-122.111,3460.0,17223.0,2014-08-26,805000.0
7504400750,4.0,2.25,2770.0,13129.0,2.0,0.0,0.0,4,8,2770.0,0.0,1979,0.0,98074,47.6268,-122.05,2400.0,13129.0,2015-01-05,652427.0
1525059112,3.0,2.5,2240.0,41339.0,1.0,0.0,0.0,4,9,2240.0,0.0,1945,19920.0,98005,47.6483,-122.163,2900.0,45738.0,2014-10-18,1010000.0
7300410300,4.0,2.5,2570.0,6466.0,2.0,,0.0,3,9,2570.0,0.0,1999,0.0,98092,47.3324,-122.17,2520.0,6667.0,2014-11-06,355000.0
1326039039,2.0,1.0,880.0,12000.0,1.0,0.0,0.0,3,7,880.0,0.0,1939,0.0,98133,47.7436,-122.356,1960.0,9395.0,2014-07-29,334550.0
8100400110,3.0,2.25,1820.0,9670.0,2.0,,0.0,3,8,1820.0,0.0,1984,0.0,98052,47.6382,-122.11,2160.0,11424.0,2014-07-08,557500.0
6385900090,4.0,2.25,1660.0,7184.0,1.0,0.0,0.0,3,7,1110.0,550.0,1963,0.0,98188,47.4678,-122.294,1640.0,7200.0,2014-11-03,277500.0
7229000025,4.0,3.0,2200.0,10800.0,1.0,0.0,0.0,3,6,2200.0,0.0,1960,0.0,98058,47.4476,-122.169,1430.0,10800.0,2014-07-07,300000.0
6145602355,4.0,1.0,1640.0,3844.0,1.5,0.0,0.0,4,7,1460.0,180.0,1928,0.0,98133,47.7017,-122.354,1230.0,3844.0,2015-02-25,325000.0
3600057,4.0,2.0,1650.0,3504.0,1.0,0.0,0.0,3,7,760.0,890.0,1951,20130.0,98144,47.5803,-122.294,1480.0,3504.0,2015-03-19,402500.0
4040200490,3.0,1.75,1420.0,5170.0,1.0,,0.0,4,7,1420.0,0.0,1963,0.0,98007,47.6151,-122.145,2250.0,7700.0,2014-08-20,461000.0
2919201095,3.0,1.0,1270.0,3840.0,1.5,,0.0,3,7,1270.0,0.0,1926,0.0,98103,47.6896,-122.357,1270.0,4175.0,2015-03-27,540000.0
5248800625,3.0,1.0,1070.0,4000.0,1.0,,0.0,4,7,1070.0,0.0,1971,0.0,98108,47.5529,-122.305,1090.0,4000.0,2015-03-16,385000.0
1257201295,2.0,1.0,1060.0,3040.0,1.0,0.0,0.0,3,7,860.0,200.0,1924,0.0,98103,47.6725,-122.329,1470.0,3814.0,2014-07-08,480000.0
3342700371,3.0,2.25,2190.0,7149.0,1.0,,1.0,4,8,1240.0,950.0,1963,0.0,98056,47.5243,-122.204,3500.0,7149.0,2014-06-09,539950.0
1724079013,3.0,2.25,1940.0,217800.0,2.0,0.0,0.0,3,9,1940.0,0.0,1990,0.0,98024,47.5636,-121.932,2580.0,83558.0,2014-07-18,529000.0
2770606822,3.0,2.5,1300.0,877.0,2.0,0.0,0.0,3,7,1060.0,240.0,2008,0.0,98199,47.6591,-122.392,1320.0,1414.0,2014-08-20,417000.0
5706201930,3.0,1.5,1330.0,12500.0,1.0,,0.0,3,7,1330.0,0.0,1966,0.0,98027,47.5263,-122.051,2310.0,12500.0,2015-02-17,405000.0
8731800300,3.0,2.25,1940.0,9100.0,1.0,0.0,0.0,4,8,1630.0,310.0,1966,0.0,98023,47.3133,-122.364,2080.0,9100.0,2014-07-23,299000.0
3751600457,3.0,1.75,2100.0,15480.0,1.0,0.0,0.0,3,7,2100.0,0.0,1983,0.0,98001,47.2924,-122.271,1330.0,15657.0,2014-08-13,299000.0
9169100214,3.0,1.0,1290.0,5500.0,1.0,,0.0,3,7,980.0,310.0,1951,0.0,98136,47.5266,-122.392,1680.0,5000.0,2014-05-14,372220.0
809000820,2.0,1.75,1560.0,1750.0,1.0,,0.0,4,6,780.0,780.0,1904,0.0,98109,47.6347,-122.355,1850.0,3600.0,2014-05-22,494400.0
9460000110,3.0,1.75,2630.0,6500.0,1.0,0.0,0.0,3,7,1330.0,1300.0,1958,0.0,98055,47.4878,-122.221,2520.0,6500.0,2014-09-24,280000.0
7888780090,3.0,2.5,2100.0,6021.0,2.0,0.0,0.0,3,7,2100.0,0.0,1992,0.0,98023,47.2917,-122.375,2091.0,7547.0,2014-11-21,277950.0
2423059067,3.0,2.75,2070.0,54557.0,2.0,0.0,0.0,3,8,2070.0,0.0,1996,0.0,98058,47.4659,-122.116,2190.0,49658.0,2014-12-19,770000.0
1331900110,4.0,2.5,2960.0,28005.0,2.0,0.0,0.0,3,10,2960.0,0.0,1989,0.0,98072,47.7477,-122.117,3510.0,35248.0,2014-10-08,760000.0
6600490300,2.0,2.0,1300.0,3608.0,1.0,0.0,0.0,3,7,1300.0,0.0,2004,0.0,98198,47.3623,-122.309,1510.0,3608.0,2015-01-26,230000.0
6042000090,4.0,2.5,2520.0,7731.0,2.0,0.0,0.0,3,9,2520.0,0.0,1994,0.0,98155,47.7709,-122.297,2000.0,7704.0,2014-10-02,525000.0
7846700850,3.0,1.0,1150.0,6000.0,1.5,,0.0,3,7,1150.0,0.0,1927,0.0,98045,47.4963,-121.787,1210.0,7700.0,2014-07-01,307000.0
5381600110,4.0,2.0,2030.0,9600.0,1.5,0.0,0.0,3,6,1430.0,600.0,1947,0.0,98188,47.4459,-122.272,1820.0,14600.0,2014-06-18,253779.0
3459100300,3.0,1.5,1880.0,7400.0,1.0,0.0,0.0,3,8,1480.0,400.0,1968,0.0,98155,47.7743,-122.27,1820.0,8660.0,2014-06-17,405000.0
8151600590,2.0,1.0,2320.0,11250.0,2.0,0.0,0.0,4,6,2320.0,0.0,1942,0.0,98146,47.504,-122.362,1620.0,11250.0,2015-03-12,360000.0
7936000252,2.0,1.0,1050.0,7500.0,1.5,0.0,3.0,4,6,1050.0,0.0,1910,0.0,98116,47.5577,-122.399,2540.0,13680.0,2015-05-11,521000.0
2825059256,4.0,2.5,3030.0,13068.0,2.0,,0.0,3,9,3030.0,0.0,1978,0.0,98005,47.6313,-122.172,2940.0,11999.0,2014-09-26,680000.0
1925069006,1.0,0.75,530.0,33278.0,1.0,0.0,2.0,4,4,530.0,0.0,1950,0.0,98074,47.6412,-122.079,2830.0,14311.0,2014-12-03,355000.0
1274500300,3.0,1.5,1090.0,9600.0,1.0,,0.0,4,7,1090.0,0.0,1968,0.0,98042,47.3639,-122.109,1240.0,9620.0,2014-06-23,200000.0
7129304085,3.0,2.25,2220.0,4060.0,1.0,0.0,0.0,3,7,1330.0,890.0,1993,0.0,98118,47.5188,-122.265,1930.0,5625.0,2014-07-08,330000.0
104540820,3.0,2.25,1430.0,5999.0,2.0,0.0,0.0,3,7,1430.0,0.0,1987,0.0,98023,47.3116,-122.358,1600.0,5999.0,2014-08-12,221000.0
9272200090,4.0,4.5,3780.0,6000.0,2.0,0.0,4.0,4,11,2770.0,1010.0,1910,19770.0,98116,47.5922,-122.388,2660.0,6000.0,2015-02-04,1600000.0
1787600164,2.0,1.0,1560.0,4920.0,1.0,0.0,0.0,4,6,780.0,780.0,1947,0.0,98125,47.7248,-122.325,1760.0,7510.0,2014-07-23,310000.0
8127700215,4.0,2.25,2220.0,4200.0,1.5,0.0,0.0,5,8,1310.0,910.0,1932,0.0,98199,47.6418,-122.394,2020.0,4940.0,2015-04-09,862000.0
7348200115,3.0,1.5,1140.0,8340.0,1.0,0.0,0.0,3,7,1140.0,0.0,1960,0.0,98168,47.4773,-122.28,1140.0,8340.0,2014-06-19,200000.0
7752200100,4.0,2.5,2540.0,11100.0,1.0,0.0,0.0,5,7,2540.0,0.0,1957,0.0,98008,47.6317,-122.124,1560.0,11100.0,2014-09-30,630000.0
3904901570,3.0,2.25,1440.0,6232.0,2.0,0.0,0.0,3,7,1440.0,0.0,1985,0.0,98029,47.5658,-122.018,1740.0,5999.0,2015-03-20,432250.0
1238501116,3.0,2.25,1570.0,9500.0,1.0,0.0,0.0,4,7,1070.0,500.0,1977,0.0,98033,47.6843,-122.185,2250.0,9583.0,2015-01-23,478000.0
9392500100,4.0,2.25,1860.0,9576.0,1.0,0.0,0.0,3,7,1400.0,460.0,1962,0.0,98032,47.3612,-122.284,1860.0,9576.0,2014-07-23,249000.0
7857003465,5.0,3.0,2440.0,4750.0,1.0,,0.0,3,9,1450.0,990.0,2006,0.0,98108,47.5485,-122.302,1420.0,5940.0,2014-06-05,495000.0
4038700930,4.0,2.5,2100.0,8800.0,1.0,0.0,2.0,4,7,1240.0,860.0,1960,0.0,98008,47.6146,-122.114,2000.0,8800.0,2014-11-13,630000.0
6979920090,4.0,2.5,2150.0,27540.0,2.0,0.0,0.0,3,8,2150.0,0.0,1997,0.0,98053,47.637,-121.969,2150.0,27540.0,2014-06-26,550000.0
1515920090,3.0,2.5,2440.0,18674.0,2.0,0.0,0.0,4,8,2440.0,0.0,1994,0.0,98042,47.3672,-122.126,2530.0,10603.0,2014-09-19,350000.0
2473100090,5.0,1.5,1930.0,7480.0,2.0,0.0,0.0,3,7,1930.0,0.0,1966,0.0,98058,47.4503,-122.157,1480.0,7705.0,2014-12-02,270000.0
6402700100,4.0,2.0,1830.0,9610.0,1.0,0.0,0.0,3,7,1830.0,0.0,1963,0.0,98033,47.695,-122.176,1970.0,10754.0,2014-10-07,488250.0
104530490,4.0,3.5,1850.0,6519.0,2.0,0.0,0.0,3,7,1130.0,720.0,1986,0.0,98023,47.3087,-122.354,1280.0,6664.0,2014-05-16,248000.0
2487200940,4.0,3.5,3210.0,5000.0,3.0,0.0,0.0,3,9,3210.0,0.0,2014,0.0,98136,47.5203,-122.393,1360.0,5000.0,2014-08-14,889000.0
6132600315,1.0,1.0,1090.0,5250.0,1.0,0.0,0.0,3,6,980.0,110.0,1927,0.0,98117,47.6999,-122.391,2160.0,5250.0,2014-08-27,375000.0
6848200475,3.0,1.5,1870.0,3300.0,2.0,0.0,2.0,3,7,1870.0,0.0,1906,0.0,98102,47.6221,-122.325,1820.0,2460.0,2014-11-26,933000.0
2141310490,3.0,2.25,1920.0,8412.0,1.0,0.0,2.0,3,8,1460.0,460.0,1977,0.0,98006,47.5578,-122.132,2490.0,8700.0,2015-01-02,625000.0
7571200110,2.0,1.0,700.0,4350.0,1.0,0.0,0.0,3,6,700.0,0.0,1943,0.0,98116,47.5577,-122.391,1620.0,5100.0,2014-07-28,328000.0
5072300100,4.0,2.25,3380.0,9900.0,1.0,0.0,2.0,4,8,1690.0,1690.0,1969,0.0,98166,47.4438,-122.34,2390.0,9900.0,2014-07-18,470000.0
3342103148,5.0,2.5,2430.0,6168.0,2.0,0.0,0.0,3,8,2430.0,0.0,2007,0.0,98056,47.5237,-122.199,2150.0,8400.0,2015-02-13,502500.0
1770000090,3.0,1.75,1950.0,17400.0,1.0,0.0,0.0,3,7,1210.0,740.0,1976,0.0,98072,47.7424,-122.091,1900.0,17250.0,2015-04-07,484000.0
8658303585,2.0,1.0,900.0,7500.0,1.0,0.0,0.0,4,6,900.0,0.0,1961,0.0,98014,47.6481,-121.916,1190.0,10000.0,2014-08-07,252500.0
1115400090,3.0,2.5,2060.0,8893.0,2.0,0.0,0.0,3,8,2060.0,0.0,1987,0.0,98006,47.5615,-122.165,2650.0,8500.0,2014-08-21,610000.0
4400800061,4.0,2.0,2180.0,10447.0,1.0,0.0,0.0,4,8,1280.0,900.0,1969,0.0,98155,47.7675,-122.279,2190.0,10987.0,2014-07-25,419000.0
4137000590,4.0,2.25,2140.0,9377.0,2.0,0.0,0.0,4,8,2140.0,0.0,1986,0.0,98092,47.2649,-122.218,2030.0,7846.0,2014-07-17,322500.0
809000945,6.0,1.0,1730.0,2760.0,1.5,0.0,0.0,3,7,1250.0,480.0,1918,0.0,98109,47.6342,-122.353,1630.0,3200.0,2015-01-06,563000.0
4397000100,4.0,2.5,3140.0,12591.0,2.0,0.0,0.0,3,9,3140.0,0.0,1993,0.0,98042,47.3826,-122.146,2650.0,11720.0,2015-03-24,464000.0
3426049031,4.0,4.25,3010.0,4887.0,2.0,0.0,3.0,4,10,1940.0,1070.0,1951,0.0,98115,47.6933,-122.272,2540.0,9375.0,2014-06-17,870000.0
4310702775,2.0,1.5,800.0,1196.0,2.0,0.0,0.0,3,8,800.0,0.0,2003,0.0,98103,47.6972,-122.341,1020.0,1087.0,2015-02-03,280000.0
8965450110,3.0,2.5,3300.0,11570.0,2.0,0.0,0.0,3,9,3300.0,0.0,1994,0.0,98006,47.5599,-122.121,3280.0,11446.0,2014-09-12,850000.0
2887700805,2.0,1.0,1530.0,4370.0,1.0,0.0,0.0,3,7,1130.0,400.0,1946,0.0,98115,47.6888,-122.308,1580.0,4275.0,2014-10-22,458950.0
1446401460,2.0,1.0,760.0,5280.0,1.0,0.0,0.0,3,6,760.0,,1946,0.0,98168,47.483,-122.33,1710.0,6594.0,2015-04-22,122000.0
225039175,5.0,3.0,2450.0,4591.0,2.0,0.0,0.0,3,7,2450.0,0.0,1994,0.0,98117,47.6828,-122.388,1060.0,5500.0,2014-05-13,525000.0
1151100165,2.0,1.0,1000.0,31838.0,1.0,,0.0,3,7,1000.0,0.0,1962,0.0,98045,47.4789,-121.779,1490.0,39747.0,2014-07-16,286300.0
4330600301,2.0,1.0,840.0,7425.0,1.0,0.0,0.0,4,6,840.0,0.0,1952,0.0,98166,47.4749,-122.339,1300.0,11674.0,2014-07-18,218450.0
2767602141,3.0,1.5,1380.0,4290.0,1.0,0.0,0.0,3,7,1080.0,300.0,1955,0.0,98107,47.674,-122.379,1510.0,3900.0,2014-09-05,525000.0
2767602141,3.0,1.5,1380.0,4290.0,1.0,0.0,0.0,3,7,1080.0,300.0,1955,0.0,98107,47.674,-122.379,1510.0,3900.0,2014-12-22,650000.0
2223089048,4.0,2.0,2020.0,48693.0,1.5,0.0,0.0,3,7,2020.0,0.0,1949,0.0,98045,47.4646,-121.759,1610.0,34900.0,2014-06-25,356000.0
3693900985,2.0,1.0,1260.0,5000.0,1.0,0.0,0.0,3,7,1040.0,220.0,1951,0.0,98117,47.6782,-122.397,1510.0,5000.0,2014-05-29,436500.0
3574801790,3.0,1.75,1440.0,7112.0,1.0,,0.0,3,7,1180.0,260.0,1979,0.0,98034,47.7304,-122.227,1570.0,9152.0,2014-08-07,410000.0
2568800121,4.0,1.75,1540.0,8311.0,1.0,0.0,0.0,4,7,1540.0,0.0,1950,0.0,98125,47.7046,-122.293,1890.0,7996.0,2014-09-11,512500.0
5249804560,4.0,1.0,1060.0,7200.0,1.0,0.0,1.0,3,6,880.0,180.0,1925,0.0,98118,47.5591,-122.268,1910.0,7200.0,2014-08-18,510000.0
7811100100,4.0,1.75,1900.0,10297.0,1.0,0.0,0.0,4,8,1900.0,0.0,1966,0.0,98005,47.5944,-122.155,2220.0,9612.0,2014-09-18,566000.0
6116500300,3.0,1.75,2870.0,26500.0,1.5,0.0,1.0,3,8,2870.0,0.0,1948,19810.0,98166,47.4485,-122.355,2420.0,20500.0,2014-09-10,525000.0
2489200165,3.0,1.0,1050.0,5500.0,1.0,0.0,0.0,3,6,930.0,120.0,1920,0.0,98126,47.5402,-122.38,1410.0,5834.0,2014-08-07,435000.0
425079100,3.0,2.75,1840.0,68479.0,1.0,0.0,2.0,3,8,1340.0,500.0,1989,0.0,98014,47.6802,-121.908,2060.0,61903.0,2014-12-31,406500.0
1828001220,5.0,2.75,3000.0,9473.0,1.0,0.0,0.0,3,8,1500.0,1500.0,1966,0.0,98052,47.6567,-122.13,2050.0,8820.0,2014-10-07,550000.0
5602000025,3.0,2.0,1200.0,10212.0,1.5,,0.0,5,6,1200.0,0.0,1949,0.0,98022,47.206,-121.998,1280.0,10212.0,2015-02-26,251000.0
191101015,3.0,1.5,1840.0,10125.0,1.0,0.0,0.0,4,8,1220.0,620.0,1959,0.0,98040,47.5607,-122.217,2320.0,10160.0,2014-12-11,830000.0
4249000100,4.0,2.5,2790.0,7673.0,2.0,0.0,0.0,3,9,2790.0,0.0,1989,0.0,98052,47.6692,-122.136,2740.0,7837.0,2015-04-14,803000.0
7877400266,3.0,1.0,970.0,9360.0,1.0,,0.0,4,5,970.0,0.0,1942,0.0,98002,47.2808,-122.225,1050.0,11348.0,2015-04-07,206000.0
7657000165,4.0,1.0,1070.0,7467.0,1.5,0.0,0.0,3,7,1070.0,0.0,1944,0.0,98178,47.4942,-122.235,1160.0,7467.0,2014-07-30,200000.0
4302200535,2.0,1.0,900.0,5160.0,1.0,0.0,0.0,3,6,900.0,0.0,1952,0.0,98106,47.525,-122.356,900.0,5160.0,2014-05-06,219000.0
369000881,4.0,4.0,2680.0,6000.0,1.0,,0.0,3,7,1380.0,1300.0,1962,20140.0,98199,47.6557,-122.388,1930.0,6000.0,2014-09-05,777000.0
7527200110,3.0,2.5,2000.0,22000.0,2.0,0.0,0.0,3,8,2000.0,0.0,1979,0.0,98075,47.59,-122.081,2180.0,19800.0,2015-02-18,593700.0
1561600025,3.0,1.5,1660.0,8797.0,1.0,0.0,0.0,4,7,1660.0,0.0,1956,0.0,98004,47.5892,-122.202,2350.0,10053.0,2014-06-03,712500.0
2813100100,4.0,1.5,1770.0,6014.0,1.5,0.0,0.0,4,7,1240.0,530.0,1946,0.0,98116,47.5773,-122.393,1740.0,6014.0,2014-07-14,600000.0
3179100755,3.0,2.0,1230.0,6802.0,1.5,0.0,0.0,3,7,1230.0,0.0,1940,0.0,98105,47.6712,-122.279,1850.0,6398.0,2015-03-30,554663.0
1422700110,3.0,1.0,1740.0,10875.0,1.0,0.0,0.0,4,7,1020.0,720.0,1962,0.0,98188,47.4682,-122.283,1470.0,8532.0,2014-07-03,267000.0
1075100090,3.0,2.0,1710.0,8910.0,1.0,0.0,0.0,5,7,1710.0,0.0,1953,0.0,98133,47.7719,-122.338,1430.0,8493.0,2014-09-24,390000.0
7338402690,6.0,2.0,2020.0,7071.0,1.0,0.0,0.0,3,7,1010.0,1010.0,1979,0.0,98108,47.5329,-122.294,2020.0,5000.0,2015-04-01,335000.0
5451210100,4.0,2.5,2410.0,9886.0,1.0,0.0,0.0,5,8,1990.0,420.0,1975,0.0,98040,47.5351,-122.223,2530.0,10658.0,2015-04-23,938000.0
7523900300,4.0,2.75,2310.0,14745.0,1.0,0.0,0.0,3,7,1410.0,900.0,1993,0.0,98198,47.377,-122.31,2060.0,9678.0,2015-04-07,370000.0
7237300090,5.0,2.5,2400.0,4548.0,2.0,,0.0,3,7,2400.0,0.0,2003,0.0,98042,47.371,-122.127,2200.0,4465.0,2015-04-02,335000.0
4083303815,5.0,2.0,3160.0,3990.0,1.5,0.0,0.0,3,7,1870.0,1290.0,1923,0.0,98103,47.654,-122.337,1780.0,4240.0,2015-04-21,695000.0
6117501015,3.0,1.0,1560.0,14333.0,1.0,,0.0,4,7,1560.0,0.0,1953,0.0,98166,47.432,-122.348,1640.0,14333.0,2014-06-06,387500.0
6700390100,3.0,2.5,1770.0,6187.0,2.0,0.0,0.0,3,7,1770.0,0.0,1992,0.0,98031,47.4034,-122.189,1650.0,7200.0,2015-03-18,245000.0
7334401450,3.0,2.0,1600.0,13200.0,1.0,0.0,0.0,3,7,1600.0,0.0,1990,0.0,98045,47.4656,-121.756,1360.0,11520.0,2014-07-29,308550.0
8588000315,3.0,1.75,1330.0,13102.0,1.0,0.0,0.0,3,7,1330.0,0.0,1968,0.0,98003,47.3172,-122.322,1270.0,11475.0,2014-06-24,225000.0
3121500100,4.0,2.5,2970.0,29163.0,2.0,0.0,0.0,3,9,2970.0,0.0,1993,0.0,98053,47.6717,-122.025,3100.0,31105.0,2014-09-03,715000.0
726049202,3.0,1.0,1020.0,10200.0,1.0,0.0,0.0,4,7,1020.0,0.0,1954,0.0,98133,47.7503,-122.348,1170.0,8188.0,2015-05-06,335000.0
3629760110,3.0,2.5,2490.0,4904.0,2.0,0.0,0.0,3,9,2490.0,0.0,2003,0.0,98029,47.5451,-122.014,2370.0,4050.0,2014-08-21,634000.0
8692800025,5.0,2.0,1700.0,7314.0,1.0,0.0,0.0,3,7,1000.0,700.0,1956,0.0,98108,47.549,-122.305,2000.0,7176.0,2014-05-14,337500.0
4392200165,1.0,1.0,850.0,6567.0,1.0,0.0,0.0,4,6,850.0,0.0,1940,0.0,98010,47.327,-122.039,2160.0,9794.0,2014-09-04,440000.0
1023089228,3.0,1.75,1250.0,13775.0,1.0,0.0,2.0,3,7,1250.0,0.0,1990,0.0,98045,47.4981,-121.772,1260.0,13707.0,2014-07-17,350000.0
7625702615,2.0,1.0,610.0,4560.0,1.0,0.0,0.0,3,5,610.0,0.0,1918,0.0,98136,47.5498,-122.383,930.0,1392.0,2015-01-14,400000.0
8081030090,4.0,3.5,3700.0,13175.0,2.0,0.0,0.0,4,11,3700.0,0.0,1989,0.0,98006,47.5471,-122.133,3880.0,15508.0,2014-08-15,1290000.0
2201500490,3.0,1.0,950.0,10080.0,1.0,0.0,0.0,4,7,950.0,0.0,1954,0.0,98006,47.572,-122.139,1060.0,10000.0,2015-04-06,435000.0
7853250090,4.0,2.5,3860.0,5130.0,2.0,0.0,0.0,3,8,2930.0,930.0,2004,0.0,98065,47.5387,-121.879,3130.0,6163.0,2014-09-29,681000.0
7133300044,3.0,3.5,1360.0,1275.0,2.0,0.0,0.0,3,8,1240.0,120.0,2007,0.0,98144,47.5904,-122.315,1360.0,1275.0,2014-06-29,397000.0
293700110,4.0,2.5,3890.0,34513.0,2.0,0.0,0.0,3,10,3890.0,0.0,1996,0.0,98077,47.7749,-122.048,3600.0,28435.0,2014-09-26,775000.0
4038100110,3.0,2.25,1680.0,9090.0,1.0,0.0,0.0,4,7,1130.0,550.0,1959,0.0,98008,47.6068,-122.13,1960.0,9090.0,2014-07-07,480000.0
7697870600,3.0,2.5,1520.0,7200.0,2.0,0.0,0.0,4,7,1520.0,0.0,1985,0.0,98030,47.3679,-122.182,1780.0,7210.0,2014-09-09,158000.0
8847400115,3.0,2.0,2420.0,208652.0,1.5,0.0,0.0,3,8,2420.0,0.0,2005,0.0,98010,47.3666,-121.978,3180.0,212137.0,2014-07-23,590000.0
7853240100,5.0,2.75,3890.0,9130.0,2.0,,0.0,3,9,3890.0,0.0,2004,0.0,98065,47.5407,-121.86,3450.0,8361.0,2014-09-02,772500.0
326049058,5.0,1.5,2940.0,13425.0,1.0,0.0,0.0,3,8,1470.0,1470.0,1955,0.0,98155,47.7632,-122.29,1580.0,8200.0,2015-02-17,464500.0
8732800090,3.0,1.75,1350.0,8737.0,1.0,0.0,0.0,3,7,1350.0,0.0,1966,0.0,98188,47.4378,-122.279,1600.0,8928.0,2015-04-24,281000.0
2526059086,3.0,2.25,2190.0,45738.0,1.0,0.0,0.0,3,8,2190.0,0.0,1990,0.0,98052,47.7108,-122.12,2970.0,4496.0,2014-07-22,620000.0
2391600165,3.0,2.25,2280.0,5750.0,1.0,0.0,1.0,4,7,1150.0,1130.0,1985,0.0,98116,47.5641,-122.393,1500.0,5060.0,2014-06-17,475000.0
7225000090,2.0,2.0,1070.0,4500.0,1.0,0.0,0.0,4,6,910.0,160.0,1932,0.0,98055,47.4896,-122.204,1280.0,4500.0,2014-10-17,245000.0
1868901295,5.0,2.25,2540.0,3750.0,1.5,0.0,0.0,4,7,1510.0,1030.0,1925,0.0,98115,47.6729,-122.299,1780.0,3750.0,2014-07-29,660000.0
6072100490,4.0,2.25,2270.0,8480.0,1.0,0.0,0.0,5,8,1310.0,960.0,1973,0.0,98006,47.5448,-122.174,1910.0,9050.0,2014-12-04,527500.0
2522069064,2.0,1.0,1220.0,7250.0,1.0,0.0,0.0,4,6,1220.0,0.0,1914,0.0,98010,47.3585,-121.975,1350.0,20250.0,2014-10-27,135000.0
806800090,3.0,1.75,1890.0,5000.0,1.0,,0.0,3,7,1890.0,0.0,2003,0.0,98092,47.3357,-122.175,2960.0,5421.0,2015-05-06,275000.0
7228500375,4.0,2.0,1990.0,4740.0,1.0,0.0,0.0,3,7,1080.0,910.0,1926,0.0,98122,47.6112,-122.303,1560.0,2370.0,2015-02-10,430000.0
2891100820,3.0,1.0,1220.0,6000.0,1.0,0.0,0.0,4,7,1220.0,0.0,1968,0.0,98002,47.3245,-122.209,1420.0,6000.0,2014-08-25,213500.0
8564850300,3.0,3.0,2640.0,5978.0,2.0,,0.0,3,9,2640.0,0.0,2012,0.0,98045,47.4759,-121.735,2680.0,6060.0,2014-09-12,535000.0
3861400061,3.0,1.75,1480.0,9603.0,1.0,0.0,0.0,3,7,1480.0,0.0,1952,0.0,98004,47.5915,-122.202,2660.0,10766.0,2015-02-13,641000.0
3343903647,3.0,2.0,2320.0,9420.0,1.0,0.0,0.0,5,7,2320.0,0.0,1952,0.0,98056,47.5133,-122.196,2030.0,9420.0,2014-10-28,436300.0
809002680,4.0,1.75,2410.0,6000.0,1.5,0.0,0.0,3,8,2410.0,0.0,1911,0.0,98109,47.6369,-122.355,1280.0,4000.0,2014-10-14,1440000.0
5450300195,4.0,2.75,2090.0,13500.0,1.0,,0.0,4,8,2090.0,0.0,1949,0.0,98040,47.573,-122.225,2130.0,13500.0,2015-03-27,830000.0
1231001110,3.0,1.0,920.0,3532.0,1.0,0.0,0.0,3,6,920.0,0.0,1910,0.0,98118,47.5539,-122.268,1250.0,4000.0,2014-07-22,380000.0
6303401050,3.0,0.75,850.0,8573.0,1.0,0.0,0.0,3,6,600.0,250.0,1945,0.0,98146,47.503,-122.356,850.0,8382.0,2015-02-20,132500.0
1003400245,3.0,1.0,1130.0,9907.0,1.0,0.0,0.0,3,7,1130.0,0.0,1954,0.0,98188,47.4362,-122.286,1320.0,9907.0,2014-12-01,179950.0
7468900245,3.0,1.0,1260.0,7265.0,1.0,0.0,0.0,4,7,1260.0,0.0,1954,0.0,98002,47.2979,-122.224,940.0,7200.0,2015-04-20,188200.0
5021900265,4.0,2.0,2090.0,10800.0,1.0,0.0,0.0,4,7,2090.0,0.0,1951,0.0,98040,47.5759,-122.223,2090.0,10800.0,2014-07-02,659000.0
8100900015,3.0,2.0,2020.0,7260.0,1.5,0.0,0.0,3,7,1180.0,840.0,1926,0.0,98108,47.5496,-122.311,1400.0,5950.0,2014-10-22,317000.0
573000490,3.0,2.25,1970.0,4564.0,1.0,0.0,0.0,3,8,1470.0,500.0,1959,0.0,98199,47.6703,-122.41,1980.0,5000.0,2014-11-24,625000.0
4022900837,3.0,1.75,1820.0,9545.0,1.0,0.0,0.0,3,7,1230.0,590.0,1976,0.0,98155,47.7772,-122.296,1790.0,9530.0,2014-06-13,350000.0
475001295,3.0,1.5,1840.0,5000.0,1.5,0.0,0.0,5,7,1340.0,500.0,1915,0.0,98107,47.6652,-122.362,1840.0,5000.0,2014-06-25,750000.0
5256500025,4.0,1.75,2100.0,10358.0,1.0,0.0,0.0,5,8,1280.0,820.0,1959,0.0,98133,47.7478,-122.338,2080.0,9000.0,2014-08-27,457000.0
2767601390,4.0,2.0,1770.0,5000.0,2.0,0.0,0.0,4,7,1770.0,0.0,1906,0.0,98107,47.6748,-122.386,1550.0,5000.0,2015-03-04,632500.0
6700400110,3.0,2.0,1110.0,7231.0,1.0,0.0,0.0,4,7,1110.0,0.0,1991,0.0,98031,47.4036,-122.191,1550.0,7245.0,2014-07-02,223000.0
8860300300,4.0,2.75,2090.0,8400.0,1.0,0.0,0.0,4,8,1240.0,850.0,1976,0.0,98052,47.6872,-122.123,2340.0,9000.0,2014-09-02,610000.0
3738900165,4.0,1.75,2080.0,8215.0,2.0,,0.0,4,7,2080.0,0.0,1948,0.0,98155,47.737,-122.305,1550.0,8215.0,2014-10-24,385000.0
1314300018,3.0,3.25,1400.0,1343.0,2.0,0.0,0.0,3,7,1160.0,240.0,2005,0.0,98118,47.5483,-122.277,1400.0,1326.0,2015-03-24,367500.0
3992700265,3.0,1.0,1060.0,8040.0,1.0,,0.0,4,6,1060.0,0.0,1949,0.0,98125,47.7121,-122.287,1300.0,7620.0,2014-08-04,385100.0
1105000296,2.0,1.0,720.0,5913.0,1.0,0.0,0.0,3,6,720.0,0.0,1920,0.0,98118,47.5447,-122.27,1560.0,6600.0,2014-12-29,230000.0
1773100121,3.0,2.75,1100.0,750.0,2.0,,0.0,3,7,780.0,320.0,2008,0.0,98106,47.5601,-122.363,1170.0,4800.0,2014-06-23,286000.0
7585000110,3.0,1.0,1010.0,9576.0,1.0,0.0,0.0,4,7,1010.0,0.0,1967,0.0,98001,47.2956,-122.272,1540.0,9576.0,2015-03-26,201700.0
822069112,4.0,4.75,5230.0,89298.0,2.5,0.0,0.0,3,11,5230.0,0.0,2002,0.0,98038,47.4097,-122.063,4110.0,107153.0,2015-04-23,1350000.0
5423030300,4.0,1.75,2420.0,7672.0,1.0,0.0,0.0,3,8,1480.0,940.0,1979,0.0,98027,47.5637,-122.085,2370.0,7699.0,2014-05-19,525000.0
1387301730,3.0,1.5,1200.0,7236.0,1.0,,0.0,3,7,1200.0,0.0,1975,0.0,98011,47.739,-122.194,1680.0,7800.0,2015-02-02,361000.0
4447300008,3.0,1.5,1950.0,1963.0,3.0,0.0,0.0,3,8,1950.0,0.0,2002,0.0,98117,47.6904,-122.397,1590.0,2028.0,2014-09-23,530000.0
6413600123,3.0,2.25,1870.0,7403.0,1.0,,0.0,3,7,1870.0,0.0,1950,0.0,98125,47.7171,-122.32,1630.0,7440.0,2014-10-08,455000.0
3288100100,4.0,2.25,1310.0,8400.0,1.0,,0.0,4,7,1310.0,0.0,1966,0.0,98034,47.7317,-122.181,1600.0,8400.0,2014-11-20,421000.0
6127600110,4.0,2.0,1520.0,6200.0,1.5,0.0,0.0,3,7,1520.0,0.0,1945,0.0,98115,47.678,-122.269,1910.0,6200.0,2014-05-02,640000.0
3423049165,3.0,1.0,1270.0,12733.0,1.0,0.0,0.0,3,7,1270.0,0.0,1955,0.0,98188,47.445,-122.276,1660.0,11536.0,2015-03-31,240000.0
1233100601,2.0,1.0,840.0,7414.0,1.0,0.0,0.0,4,6,840.0,0.0,1928,0.0,98033,47.6771,-122.172,1740.0,9784.0,2014-10-24,360000.0
3422059085,2.0,1.0,900.0,23000.0,1.0,0.0,0.0,2,7,900.0,0.0,1953,0.0,98042,47.3576,-122.156,1460.0,8265.0,2015-03-24,157340.0
9294300600,4.0,3.0,3010.0,6139.0,2.0,0.0,4.0,5,8,2560.0,450.0,1950,0.0,98115,47.6799,-122.268,2100.0,6798.0,2015-04-15,1240000.0
7282900025,3.0,1.0,1050.0,6874.0,1.0,0.0,0.0,3,6,1050.0,0.0,1954,0.0,98133,47.762,-122.355,1500.0,8954.0,2014-05-06,250000.0
2526059076,6.0,2.75,3360.0,84506.0,1.0,,0.0,5,7,2040.0,1320.0,1962,0.0,98052,47.715,-122.121,2190.0,43124.0,2015-02-25,735000.0
5451100490,7.0,4.75,5370.0,10800.0,1.5,0.0,0.0,3,8,5370.0,0.0,1967,0.0,98040,47.538,-122.223,2310.0,10910.0,2015-01-15,884900.0
126059097,3.0,3.5,2690.0,104544.0,2.0,0.0,0.0,3,8,2690.0,0.0,1948,19900.0,98072,47.7717,-122.112,2300.0,81698.0,2014-10-23,775000.0
7739100015,3.0,1.75,1710.0,7320.0,1.0,0.0,0.0,3,7,1710.0,0.0,1948,0.0,98155,47.7512,-122.281,2260.0,8839.0,2014-05-02,463000.0
9828702251,3.0,2.5,1640.0,1269.0,3.0,0.0,0.0,3,8,1640.0,0.0,2009,0.0,98112,47.6197,-122.3,1590.0,1231.0,2014-06-23,579000.0
9558040820,6.0,3.75,4000.0,6015.0,2.0,,2.0,3,10,3080.0,920.0,2004,0.0,98058,47.453,-122.118,3180.0,5700.0,2014-07-09,570000.0
1437580600,5.0,4.5,4140.0,7924.0,2.0,0.0,0.0,3,10,4140.0,0.0,2005,0.0,98074,47.6102,-121.993,3960.0,8410.0,2015-03-31,1060000.0
5469502460,4.0,2.75,3140.0,24800.0,1.0,0.0,0.0,4,8,2080.0,1060.0,1971,0.0,98042,47.3782,-122.161,2850.0,12900.0,2014-09-09,375000.0
2919701105,2.0,1.75,1320.0,2609.0,1.0,0.0,0.0,4,7,920.0,400.0,1938,0.0,98117,47.6878,-122.366,1200.0,4220.0,2014-12-09,422000.0
952003585,4.0,3.5,3080.0,4945.0,2.0,0.0,0.0,3,9,2010.0,1070.0,2014,0.0,98126,47.5662,-122.379,1220.0,4945.0,2015-02-09,866500.0
3066400750,3.0,2.5,2500.0,10359.0,2.0,0.0,0.0,3,10,2500.0,0.0,1986,0.0,98074,47.6286,-122.051,2580.0,10142.0,2015-04-13,705000.0
2607740100,4.0,2.5,2520.0,9684.0,2.0,0.0,0.0,3,8,2520.0,0.0,1994,0.0,98045,47.4848,-121.801,2090.0,10133.0,2014-10-29,470000.0
793200100,3.0,1.25,2350.0,6200.0,1.0,0.0,0.0,4,7,1320.0,1030.0,1966,0.0,98007,47.5979,-122.135,2140.0,9543.0,2014-12-18,360000.0
6744700900,4.0,2.5,2570.0,13450.0,1.0,0.0,4.0,3,8,1510.0,1060.0,1948,0.0,98155,47.7429,-122.285,3470.0,12615.0,2015-04-29,795000.0
1828300100,4.0,2.5,3100.0,7807.0,2.0,0.0,0.0,3,9,3100.0,0.0,2003,0.0,98034,47.7151,-122.227,3100.0,7807.0,2015-03-30,800000.0
1118000110,4.0,3.5,4730.0,13586.0,1.5,0.0,0.0,5,10,4270.0,460.0,1935,0.0,98112,47.6319,-122.288,3710.0,8828.0,2014-05-29,2450000.0
9297301015,3.0,1.75,1030.0,4800.0,1.0,0.0,0.0,3,6,930.0,100.0,1927,0.0,98126,47.566,-122.373,1540.0,4800.0,2015-04-08,277284.0
585000008,2.0,1.0,1020.0,4002.0,1.0,0.0,0.0,5,7,1020.0,0.0,1953,0.0,98116,47.5828,-122.395,1780.0,5000.0,2015-04-13,460000.0
4070700300,3.0,2.5,2080.0,3729.0,2.0,0.0,0.0,3,9,2080.0,0.0,1996,0.0,98033,47.6731,-122.199,2080.0,4000.0,2015-05-04,898888.0
3026079031,3.0,1.0,1410.0,47916.0,1.0,0.0,0.0,3,7,1410.0,0.0,1981,0.0,98019,47.7149,-121.96,1810.0,215622.0,2014-08-06,211000.0
2781250750,2.0,2.0,1360.0,3300.0,2.0,0.0,0.0,3,6,1360.0,0.0,2004,0.0,98038,47.3489,-122.022,1310.0,3300.0,2014-08-28,222000.0
203100625,3.0,2.5,2620.0,21587.0,2.0,0.0,0.0,3,7,2620.0,0.0,1992,0.0,98053,47.6384,-121.959,2570.0,23650.0,2014-05-29,672000.0
687600110,3.0,2.25,2260.0,33080.0,1.0,0.0,0.0,5,9,1690.0,570.0,1974,0.0,98005,47.6386,-122.183,3020.0,35291.0,2014-10-20,778000.0
2473372250,3.0,1.75,1490.0,9493.0,1.0,0.0,0.0,4,8,1490.0,0.0,1976,0.0,98058,47.4514,-122.134,2440.0,9600.0,2015-01-21,312500.0
7974700112,4.0,2.5,2530.0,6500.0,1.5,0.0,0.0,3,8,1720.0,810.0,1975,0.0,98115,47.6737,-122.284,2150.0,5280.0,2014-07-14,650000.0
2330000015,6.0,2.25,3140.0,10250.0,1.0,0.0,0.0,4,8,1570.0,1570.0,1959,0.0,98005,47.6116,-122.169,2320.0,10250.0,2014-08-26,740000.0
7230300100,3.0,2.0,1820.0,17600.0,1.0,0.0,0.0,5,7,1820.0,0.0,1972,0.0,98059,47.4703,-122.112,2190.0,17440.0,2014-08-26,320000.0
2133010110,4.0,2.5,1770.0,13168.0,2.0,0.0,0.0,3,7,1770.0,0.0,1990,0.0,98019,47.7306,-121.966,2050.0,14859.0,2015-05-08,455000.0
4389201250,5.0,4.0,4430.0,9000.0,2.0,0.0,0.0,3,10,4430.0,0.0,2013,0.0,98004,47.6168,-122.216,2470.0,9490.0,2014-05-13,2450000.0
3383900057,3.0,3.25,1490.0,902.0,3.0,0.0,0.0,3,8,1220.0,270.0,2001,0.0,98102,47.6357,-122.324,1550.0,1092.0,2014-12-03,500000.0
2424410110,3.0,1.75,1790.0,27427.0,1.0,0.0,0.0,3,7,1130.0,660.0,1978,0.0,98065,47.532,-121.761,1610.0,16684.0,2014-06-11,325000.0
3126049436,3.0,2.5,1710.0,1296.0,3.0,0.0,0.0,3,8,1510.0,200.0,2004,0.0,98103,47.6963,-122.342,1610.0,1282.0,2014-09-12,416000.0
9238500100,4.0,2.25,2070.0,20280.0,2.0,0.0,0.0,4,7,2070.0,0.0,1968,0.0,98072,47.774,-122.134,2190.0,21560.0,2015-03-18,495000.0
9828700900,2.0,1.0,1140.0,5400.0,1.0,0.0,0.0,5,7,1140.0,0.0,1908,0.0,98112,47.6205,-122.294,1520.0,4800.0,2014-05-05,549000.0
686400930,5.0,2.0,3930.0,10150.0,1.5,0.0,0.0,4,8,3070.0,860.0,1968,0.0,98008,47.6317,-122.114,2200.0,8190.0,2014-08-25,589000.0
5515600088,3.0,1.5,1100.0,32700.0,1.0,0.0,0.0,3,7,1100.0,0.0,1967,0.0,98001,47.3186,-122.289,1616.0,32700.0,2014-11-21,194820.0
1254200015,3.0,2.5,2260.0,5500.0,1.5,0.0,0.0,3,7,1280.0,980.0,1910,0.0,98117,47.681,-122.388,1790.0,5355.0,2014-12-16,405000.0
1254200015,3.0,2.5,2260.0,5500.0,1.5,0.0,0.0,3,7,1280.0,980.0,1910,0.0,98117,47.681,-122.388,1790.0,5355.0,2015-04-08,625000.0
1523049209,3.0,1.0,1130.0,7014.0,1.0,0.0,0.0,3,7,1130.0,0.0,1954,0.0,98168,47.4743,-122.274,1440.0,9350.0,2014-11-13,205000.0
561000300,3.0,3.75,1950.0,8625.0,1.0,0.0,0.0,3,8,1360.0,590.0,1959,0.0,98178,47.505,-122.258,1950.0,6670.0,2014-06-23,345100.0
399000195,3.0,1.0,960.0,7500.0,1.0,0.0,0.0,3,6,960.0,0.0,1953,0.0,98178,47.4966,-122.255,1250.0,6000.0,2014-10-20,200000.0
2540700110,4.0,3.5,4210.0,18564.0,2.0,0.0,0.0,3,11,4210.0,0.0,2001,0.0,98039,47.6206,-122.225,3520.0,18564.0,2015-02-12,1910000.0
2523089097,3.0,1.5,3430.0,264844.0,1.0,0.0,2.0,3,7,2230.0,1200.0,1988,0.0,98045,47.4476,-121.723,1660.0,145926.0,2014-10-29,524500.0
3026079055,4.0,2.75,3470.0,212639.0,2.0,0.0,0.0,3,7,2070.0,1400.0,1993,0.0,98019,47.7066,-121.968,2370.0,233917.0,2014-08-26,598600.0
1105000011,5.0,3.0,2140.0,5937.0,1.0,0.0,0.0,3,7,1280.0,860.0,1978,0.0,98118,47.5459,-122.27,1820.0,6710.0,2014-12-09,367777.0
5113400535,3.0,2.75,2520.0,5401.0,1.0,0.0,0.0,4,7,1360.0,1160.0,1946,0.0,98119,47.6452,-122.373,1800.0,5036.0,2014-05-07,750000.0
3876301140,5.0,2.25,3550.0,7992.0,2.0,0.0,0.0,3,8,3550.0,0.0,1968,0.0,98034,47.7285,-122.179,2110.0,7992.0,2014-11-05,575000.0
1523049188,2.0,1.0,700.0,20130.0,1.0,0.0,0.0,3,6,700.0,0.0,1949,0.0,98168,47.4752,-122.271,1490.0,18630.0,2015-04-30,84000.0
5621100115,2.0,1.0,740.0,5000.0,1.0,0.0,0.0,4,6,740.0,0.0,1926,0.0,98118,47.5298,-122.273,1170.0,4968.0,2014-12-18,255000.0
4219401080,4.0,3.75,3300.0,4545.0,1.5,0.0,4.0,3,10,2600.0,700.0,1926,19990.0,98105,47.6561,-122.274,3300.0,5000.0,2014-05-20,1740000.0
2112700600,3.0,2.25,1640.0,5880.0,1.0,0.0,0.0,3,7,1240.0,400.0,1977,0.0,98106,47.5323,-122.351,1200.0,4760.0,2015-05-13,415000.0
3222049112,3.0,2.5,2780.0,8225.0,2.0,0.0,1.0,3,9,2780.0,0.0,1990,0.0,98198,47.3509,-122.323,720.0,9736.0,2015-05-07,449900.0
622059019,5.0,1.5,1830.0,94960.0,1.5,0.0,0.0,3,7,1830.0,0.0,1929,0.0,98031,47.4218,-122.218,1440.0,16365.0,2014-09-19,220000.0
9348700490,4.0,2.5,3540.0,9349.0,2.0,0.0,0.0,3,10,3540.0,0.0,2003,0.0,98052,47.7046,-122.107,3280.0,7546.0,2015-04-10,899000.0
9259900025,3.0,2.5,1440.0,7320.0,1.0,0.0,0.0,5,7,1440.0,0.0,1954,0.0,98125,47.7179,-122.316,1160.0,6941.0,2014-07-14,430000.0
3022059066,4.0,2.5,2960.0,223462.0,2.0,0.0,0.0,3,10,2960.0,0.0,2001,0.0,98030,47.3646,-122.211,2770.0,16482.0,2015-01-30,472500.0
1777500090,6.0,2.5,3180.0,9375.0,1.0,,0.0,4,8,1590.0,1590.0,1967,0.0,98006,47.5707,-122.129,2670.0,9625.0,2014-12-29,680000.0
3885803245,5.0,4.0,3310.0,8400.0,2.0,0.0,0.0,3,10,3310.0,0.0,2000,0.0,98033,47.6914,-122.214,3430.0,8400.0,2015-03-05,1650000.0
8819901030,3.0,2.0,2390.0,8025.0,2.0,0.0,0.0,5,7,2390.0,0.0,1921,0.0,98105,47.6707,-122.288,1920.0,5350.0,2014-11-18,810000.0
2623069067,3.0,2.5,2460.0,138085.0,2.0,0.0,0.0,4,9,2460.0,0.0,1977,0.0,98027,47.4572,-122.007,2090.0,219542.0,2015-03-05,605000.0
8635700025,3.0,1.75,1630.0,15600.0,1.0,0.0,0.0,3,7,1630.0,0.0,1958,0.0,98033,47.68,-122.165,1830.0,10850.0,2014-07-25,522000.0
98020300,5.0,2.75,3490.0,8230.0,2.0,0.0,0.0,3,10,3490.0,0.0,2005,0.0,98075,47.5825,-121.97,3480.0,7331.0,2015-02-03,759000.0
7243500025,4.0,2.75,2500.0,5257.0,2.0,0.0,0.0,3,8,2500.0,0.0,1966,0.0,98118,47.5293,-122.287,1660.0,5970.0,2014-05-19,411000.0
3329510850,4.0,2.5,2080.0,9846.0,1.0,0.0,0.0,3,7,1240.0,840.0,1984,0.0,98001,47.3338,-122.268,1890.0,7977.0,2015-03-06,286950.0
9521100855,3.0,1.5,1290.0,1286.0,3.0,0.0,0.0,3,7,1290.0,0.0,2000,0.0,98103,47.6617,-122.349,1720.0,1286.0,2014-06-10,440000.0
723049156,3.0,1.0,1700.0,8645.0,1.0,0.0,0.0,3,6,1700.0,0.0,1955,0.0,98146,47.4899,-122.337,1500.0,7980.0,2014-05-23,149000.0
723049156,3.0,1.0,1700.0,8645.0,1.0,0.0,0.0,3,6,1700.0,0.0,1955,0.0,98146,47.4899,-122.337,1500.0,7980.0,2014-11-12,284700.0
5130000090,3.0,2.5,2540.0,11562.0,1.0,0.0,1.0,3,8,1290.0,1250.0,1964,0.0,98028,47.7614,-122.229,2230.0,10310.0,2014-09-09,374950.0
8562400025,3.0,1.5,1180.0,8545.0,1.0,0.0,0.0,3,8,1180.0,0.0,1952,0.0,98004,47.624,-122.2,1660.0,9000.0,2014-09-16,816000.0
5706201140,4.0,1.75,1520.0,15398.0,1.0,0.0,0.0,4,7,1370.0,150.0,1960,0.0,98027,47.5265,-122.05,1840.0,12500.0,2014-11-21,533250.0
3034200198,3.0,2.75,2390.0,9313.0,1.0,,0.0,5,8,1390.0,1000.0,1942,0.0,98133,47.7209,-122.331,2390.0,12712.0,2014-06-03,689800.0
4077800017,4.0,2.75,2740.0,6200.0,1.5,0.0,3.0,4,8,1820.0,920.0,1947,0.0,98125,47.7084,-122.277,2430.0,6000.0,2014-08-13,775000.0
1245500099,3.0,2.5,2190.0,8528.0,1.0,0.0,0.0,3,8,1760.0,430.0,1991,0.0,98033,47.6943,-122.209,2060.0,9811.0,2015-05-06,702000.0
4435000705,3.0,1.0,1350.0,8700.0,1.5,0.0,0.0,3,6,1350.0,0.0,1942,0.0,98188,47.4497,-122.289,1300.0,8700.0,2014-07-08,160000.0
4435000705,3.0,1.0,1350.0,8700.0,1.5,0.0,0.0,3,6,1350.0,0.0,1942,0.0,98188,47.4497,-122.289,1300.0,8700.0,2015-03-09,255500.0
2225059118,4.0,2.75,2980.0,42253.0,1.0,0.0,0.0,4,9,1860.0,1120.0,1973,0.0,98005,47.6392,-122.163,2980.0,42253.0,2014-12-02,949000.0
5126900405,2.0,1.0,790.0,7450.0,1.0,0.0,0.0,4,6,790.0,0.0,1944,0.0,98058,47.4743,-122.17,800.0,7450.0,2014-07-31,169500.0
5603800110,4.0,2.25,2130.0,9000.0,2.0,0.0,0.0,4,8,2130.0,0.0,1965,0.0,98006,47.5716,-122.159,2110.0,10431.0,2014-09-15,586000.0
2426059076,4.0,2.5,2700.0,37431.0,1.0,0.0,0.0,4,8,1600.0,1100.0,1978,0.0,98072,47.7258,-122.117,2290.0,37431.0,2015-02-03,680000.0
3260200110,3.0,2.0,3200.0,18184.0,1.0,0.0,0.0,5,8,2000.0,1200.0,1977,0.0,98005,47.6034,-122.172,1670.0,7416.0,2014-12-08,851500.0
4235401055,2.0,1.5,1159.0,4800.0,1.0,0.0,0.0,3,7,1159.0,0.0,1948,0.0,98199,47.6592,-122.399,1640.0,4800.0,2014-05-14,582500.0
1550000463,4.0,3.5,3080.0,118918.0,2.0,0.0,0.0,3,9,3080.0,0.0,2008,0.0,98019,47.7721,-121.924,1830.0,434728.0,2014-08-26,637000.0
1823049144,3.0,1.0,1000.0,9295.0,1.0,0.0,0.0,3,7,1000.0,0.0,1955,0.0,98146,47.484,-122.346,1320.0,13500.0,2015-01-28,225000.0
7012200215,3.0,3.25,2260.0,3727.0,2.0,0.0,0.0,3,8,1880.0,380.0,2003,0.0,98119,47.6422,-122.361,1600.0,4800.0,2014-12-31,795000.0
5149300100,4.0,2.25,2270.0,9600.0,1.0,,0.0,3,7,1290.0,980.0,1976,0.0,98023,47.3261,-122.355,1930.0,15000.0,2014-08-18,304999.0
7335400215,1.0,0.75,760.0,5746.0,1.0,0.0,0.0,4,5,760.0,0.0,1915,0.0,98002,47.3046,-122.215,970.0,6696.0,2015-05-05,95000.0
7227501450,4.0,1.75,1420.0,5382.0,1.0,,0.0,5,5,1040.0,380.0,1942,0.0,98056,47.4946,-122.187,1150.0,5382.0,2014-10-16,240000.0
8146300025,4.0,2.5,2500.0,8680.0,1.0,0.0,0.0,4,7,1250.0,1250.0,1958,0.0,98004,47.6073,-122.192,2140.0,8680.0,2014-08-13,772000.0
3530540090,2.0,1.5,1450.0,6258.0,1.0,,0.0,4,8,1450.0,,1983,0.0,98198,47.3785,-122.322,1460.0,5375.0,2014-11-13,245000.0
9284802215,5.0,3.0,2500.0,5750.0,1.0,0.0,0.0,3,8,1430.0,1070.0,1999,0.0,98126,47.551,-122.369,1980.0,7130.0,2014-12-05,430000.0
1250202430,3.0,1.5,2210.0,6300.0,1.5,0.0,0.0,5,8,2210.0,0.0,1916,0.0,98144,47.5892,-122.29,2700.0,6300.0,2014-06-11,799000.0
1241900028,5.0,2.75,3020.0,9187.0,2.0,0.0,0.0,3,9,3020.0,0.0,2007,0.0,98033,47.6806,-122.167,2250.0,9675.0,2015-04-17,880000.0
8691400600,4.0,2.5,3290.0,7538.0,2.0,0.0,0.0,3,9,3290.0,0.0,2004,0.0,98075,47.598,-121.972,3450.0,7538.0,2014-12-08,750000.0
1118000301,4.0,4.0,5780.0,7173.0,2.0,0.0,0.0,3,11,4130.0,1650.0,2008,0.0,98112,47.6374,-122.288,3930.0,7994.0,2014-12-19,2890000.0
3905081500,3.0,2.5,1820.0,4910.0,2.0,0.0,0.0,3,8,1820.0,0.0,1993,0.0,98029,47.5703,-121.996,2090.0,6668.0,2014-06-04,532000.0
5611000090,4.0,2.75,2500.0,10330.0,1.0,,0.0,4,8,1380.0,1120.0,1978,0.0,98155,47.7743,-122.286,2270.0,10430.0,2014-08-05,525000.0
2013800705,2.0,1.0,1210.0,9375.0,1.0,0.0,1.0,4,7,1210.0,0.0,1952,0.0,98198,47.3865,-122.322,1680.0,8400.0,2014-11-17,239000.0
9276200850,2.0,1.5,1090.0,4000.0,1.0,0.0,0.0,3,8,970.0,120.0,1951,0.0,98116,47.5798,-122.393,1700.0,4000.0,2014-06-16,460000.0
2785000110,4.0,2.25,1330.0,8400.0,1.5,0.0,0.0,3,8,1330.0,0.0,1962,0.0,98005,47.6078,-122.169,2270.0,10146.0,2014-06-05,540000.0
2919702655,2.0,1.0,890.0,4590.0,1.0,0.0,0.0,3,7,890.0,0.0,1923,0.0,98117,47.6901,-122.362,1310.0,4590.0,2014-06-06,475000.0
3942900115,3.0,1.75,1360.0,4998.0,1.0,0.0,0.0,3,8,1360.0,0.0,1968,0.0,98108,47.547,-122.302,1350.0,4998.0,2015-04-21,445000.0
5452301810,5.0,3.75,4220.0,9240.0,2.0,0.0,2.0,5,11,3420.0,800.0,1991,0.0,98040,47.5895,-122.229,3380.0,9240.0,2014-09-05,1580000.0
5104511730,4.0,2.5,3780.0,6800.0,2.0,0.0,0.0,3,8,3780.0,0.0,2004,0.0,98038,47.3526,-122.012,3640.0,7326.0,2015-04-09,549950.0
3923400123,4.0,2.0,2610.0,14321.0,1.5,0.0,0.0,4,6,1690.0,920.0,1940,0.0,98188,47.4672,-122.296,1630.0,8599.0,2014-10-17,294950.0
2249500367,3.0,2.5,1980.0,2975.0,3.0,0.0,2.0,3,8,1980.0,0.0,1993,0.0,98109,47.6294,-122.344,1980.0,3144.0,2014-10-21,736000.0
2916600110,3.0,1.75,1290.0,8688.0,1.0,0.0,0.0,4,7,1290.0,0.0,1980,0.0,98042,47.3655,-122.08,1750.0,9090.0,2015-04-30,214946.0
3629921140,5.0,3.25,3620.0,5500.0,2.0,0.0,2.0,3,9,3620.0,0.0,2003,0.0,98029,47.5442,-121.996,3260.0,5500.0,2014-10-30,856000.0
8682250090,2.0,2.5,2680.0,7392.0,1.0,,0.0,3,9,2680.0,0.0,2004,0.0,98053,47.717,-122.026,2315.0,7045.0,2014-05-04,775000.0
6929602605,3.0,1.75,1200.0,8631.0,1.0,0.0,0.0,3,7,1200.0,0.0,1959,0.0,98198,47.3864,-122.308,1564.0,8115.0,2015-02-03,205000.0
8550001515,2.0,2.75,1992.0,10946.0,1.5,,4.0,5,6,1288.0,704.0,1903,0.0,98070,47.3551,-122.475,1110.0,8328.0,2014-10-01,429592.0
1775800740,4.0,1.75,1640.0,13566.0,1.0,0.0,0.0,4,7,1120.0,520.0,1977,0.0,98072,47.7423,-122.099,1470.0,13530.0,2015-02-06,414250.0
1773101340,4.0,2.75,1920.0,4400.0,1.0,0.0,0.0,4,6,960.0,960.0,1906,0.0,98106,47.5532,-122.365,1040.0,4400.0,2015-02-02,399950.0
5561710110,3.0,2.25,1840.0,7326.0,1.0,0.0,0.0,5,7,1370.0,470.0,1979,0.0,98031,47.3958,-122.168,2050.0,7475.0,2014-10-14,319990.0
1115800110,3.0,1.5,1310.0,9471.0,1.0,,0.0,4,8,1310.0,0.0,1970,0.0,98052,47.6644,-122.148,2100.0,9449.0,2015-01-09,524000.0
2131701240,2.0,1.0,1050.0,6317.0,1.5,0.0,0.0,4,7,1050.0,0.0,1913,0.0,98019,47.7364,-121.981,1600.0,9616.0,2015-01-08,349950.0
8827901450,4.0,2.5,2570.0,4480.0,1.5,0.0,0.0,4,8,1580.0,990.0,1927,0.0,98105,47.6701,-122.291,2070.0,4480.0,2014-10-31,889000.0
4302200336,3.0,1.0,930.0,5160.0,1.5,0.0,0.0,5,6,930.0,0.0,1919,0.0,98106,47.5256,-122.357,1060.0,5160.0,2014-07-07,300000.0
7550800916,1.0,1.0,730.0,3000.0,1.0,0.0,0.0,3,7,730.0,0.0,1911,0.0,98107,47.6741,-122.396,1520.0,5000.0,2014-06-02,395000.0
534000112,2.0,2.5,1270.0,1242.0,3.0,,0.0,3,7,1270.0,0.0,2008,0.0,98117,47.701,-122.362,1280.0,1199.0,2015-02-03,348000.0
3885801450,2.0,1.0,1150.0,6000.0,1.0,0.0,1.0,4,7,710.0,440.0,1921,0.0,98033,47.6841,-122.213,2450.0,7200.0,2015-02-26,830000.0
522059013,2.0,1.0,820.0,10450.0,1.0,0.0,0.0,4,7,820.0,0.0,1965,0.0,98055,47.4261,-122.199,1240.0,11200.0,2014-06-12,173000.0
3342700405,4.0,1.75,3000.0,42200.0,1.0,0.0,3.0,3,7,1500.0,1500.0,1950,0.0,98056,47.5265,-122.202,2500.0,9821.0,2014-05-22,585000.0
9276201140,3.0,2.0,2220.0,5000.0,1.0,0.0,0.0,4,7,1110.0,1110.0,1966,0.0,98116,47.5807,-122.394,1450.0,5000.0,2015-02-13,576750.0
7972601280,5.0,3.25,2500.0,7620.0,1.0,0.0,3.0,3,7,1250.0,1250.0,1962,0.0,98106,47.5298,-122.344,2020.0,7620.0,2015-05-04,495000.0
2734100734,3.0,3.5,1540.0,1427.0,2.0,0.0,0.0,3,7,1360.0,180.0,2007,0.0,98109,47.542,-122.322,1220.0,4000.0,2014-10-15,216650.0
4022900077,4.0,2.75,2750.0,15450.0,1.0,0.0,0.0,3,8,1800.0,950.0,1978,0.0,98155,47.7749,-122.283,2750.0,10620.0,2015-04-13,615000.0
1777600490,4.0,2.5,3130.0,12463.0,1.0,,0.0,4,8,1620.0,1510.0,1978,0.0,98006,47.569,-122.127,2740.0,11779.0,2014-10-24,675000.0
2193310300,3.0,2.0,1430.0,9250.0,1.0,,0.0,4,8,990.0,440.0,1983,0.0,98052,47.6952,-122.096,1830.0,8003.0,2015-04-01,510000.0
2322069168,3.0,2.5,2680.0,327135.0,2.0,0.0,0.0,3,8,2680.0,0.0,1995,0.0,98010,47.3783,-122.003,2020.0,60080.0,2014-05-07,630000.0
7885800900,4.0,2.5,3010.0,5701.0,2.0,0.0,0.0,3,8,3010.0,0.0,2003,0.0,98042,47.3492,-122.152,3010.0,5772.0,2014-08-01,359950.0
1545800090,3.0,1.5,1530.0,7500.0,1.5,0.0,0.0,3,7,1530.0,0.0,1986,0.0,98038,47.3639,-122.055,2080.0,11250.0,2014-10-03,265000.0
7131300025,3.0,1.0,1240.0,4842.0,1.0,,0.0,4,6,1240.0,0.0,1916,0.0,98118,47.5166,-122.269,1540.0,5110.0,2014-05-21,210000.0
3221079055,3.0,2.5,2260.0,93218.0,1.0,0.0,2.0,4,6,2260.0,0.0,1998,0.0,98022,47.2582,-121.935,2180.0,111078.0,2015-03-25,367000.0
9184700535,4.0,2.25,2820.0,5000.0,1.5,0.0,2.0,4,9,1800.0,1020.0,1926,0.0,98122,47.6097,-122.287,2880.0,6000.0,2015-04-13,1080000.0
1877500090,3.0,2.5,3560.0,8297.0,1.0,0.0,2.0,4,8,1650.0,1910.0,1948,0.0,98199,47.6473,-122.407,2760.0,8297.0,2015-02-11,756000.0
723049476,3.0,2.25,1630.0,9145.0,1.0,,0.0,3,7,1630.0,0.0,1960,0.0,98146,47.5,-122.347,1630.0,9206.0,2014-07-24,203000.0
8556800100,4.0,2.5,2880.0,23994.0,2.0,0.0,3.0,3,9,2880.0,0.0,2002,0.0,98022,47.2124,-122.005,2470.0,17009.0,2015-01-21,535000.0
9830200475,3.0,3.25,2200.0,7440.0,2.0,0.0,0.0,4,7,1710.0,490.0,1947,0.0,98118,47.5409,-122.268,1260.0,6765.0,2015-03-23,525000.0
2525000690,3.0,1.75,1620.0,7500.0,1.0,0.0,0.0,3,7,1220.0,400.0,1981,0.0,98059,47.4815,-122.162,1470.0,7938.0,2015-03-09,347500.0
1891100090,3.0,1.75,1480.0,2185.0,2.5,0.0,0.0,3,9,1480.0,0.0,2005,0.0,98034,47.6945,-122.17,1480.0,2441.0,2014-05-05,620000.0
3447000100,4.0,2.5,2250.0,10696.0,2.0,0.0,0.0,3,8,2250.0,0.0,1996,0.0,98006,47.5715,-122.128,2340.0,13286.0,2015-04-22,645000.0
1118001295,4.0,3.0,3540.0,11098.0,2.0,0.0,0.0,3,10,3000.0,,1940,0.0,98112,47.634,-122.288,3430.0,8214.0,2014-12-03,2200000.0
7968460110,3.0,2.0,1790.0,42399.0,1.0,,0.0,4,7,1790.0,0.0,1990,0.0,98092,47.3143,-122.134,1330.0,40015.0,2014-06-19,280000.0
5101406489,3.0,2.0,1400.0,6380.0,1.0,0.0,0.0,4,7,700.0,700.0,1924,0.0,98125,47.7015,-122.316,1690.0,5800.0,2015-05-01,432000.0
9275702350,3.0,1.5,2390.0,4452.0,2.0,0.0,1.0,3,9,1790.0,600.0,1929,0.0,98126,47.5826,-122.378,2610.0,5000.0,2014-12-22,790000.0
7752000090,4.0,1.75,2400.0,10050.0,1.0,0.0,0.0,5,8,2400.0,0.0,1957,0.0,98008,47.6339,-122.124,1680.0,10050.0,2015-01-13,635000.0
293000165,3.0,1.5,2050.0,6384.0,1.0,0.0,0.0,3,7,1350.0,700.0,1958,0.0,98126,47.5325,-122.378,1590.0,7214.0,2014-08-19,442000.0
7852100110,4.0,3.0,2640.0,5267.0,2.0,0.0,0.0,3,7,2640.0,0.0,2001,0.0,98065,47.5298,-121.88,2640.0,5670.0,2015-04-22,490000.0
1311000600,5.0,1.75,2320.0,7700.0,1.0,0.0,0.0,5,7,1290.0,1030.0,1962,0.0,98001,47.3426,-122.285,1740.0,7210.0,2014-09-25,250000.0
1732800820,4.0,2.5,2440.0,3600.0,2.5,,0.0,4,8,2440.0,0.0,1902,0.0,98119,47.6298,-122.362,2440.0,5440.0,2014-06-19,1330000.0
7893203565,3.0,1.0,1260.0,7500.0,1.0,0.0,0.0,3,6,1260.0,0.0,1954,0.0,98198,47.4191,-122.33,1260.0,7500.0,2014-10-27,120000.0
2524049166,5.0,4.75,6240.0,47480.0,1.0,0.0,3.0,3,11,4610.0,1630.0,2003,0.0,98040,47.5317,-122.233,4170.0,17668.0,2014-09-18,2950000.0
9406550100,4.0,2.5,1930.0,8458.0,2.0,0.0,0.0,3,7,1930.0,0.0,1993,0.0,98038,47.3645,-122.039,1670.0,9485.0,2014-09-23,325000.0
3327000090,4.0,1.75,1200.0,7680.0,1.0,0.0,0.0,3,7,1200.0,0.0,1968,0.0,98092,47.3138,-122.192,1490.0,7800.0,2014-06-12,210000.0
1220000100,1.0,1.0,970.0,7639.0,1.0,0.0,0.0,4,5,570.0,400.0,1920,0.0,98166,47.4655,-122.346,1360.0,7380.0,2015-05-04,215000.0
1066600025,3.0,1.75,1810.0,10800.0,1.0,0.0,0.0,5,8,1210.0,600.0,1968,0.0,98056,47.5236,-122.184,1800.0,10800.0,2014-10-29,387000.0
3626039228,3.0,1.0,1380.0,7015.0,1.5,0.0,0.0,4,7,1380.0,0.0,1925,0.0,98117,47.6987,-122.36,1160.0,6700.0,2014-09-18,408000.0
7635801032,3.0,1.0,1470.0,6500.0,1.0,0.0,0.0,4,7,1470.0,0.0,1953,0.0,98166,47.473,-122.362,1470.0,9300.0,2014-07-10,410000.0
4364700600,3.0,1.0,1010.0,7920.0,1.0,0.0,0.0,3,6,1010.0,0.0,1925,0.0,98126,47.5249,-122.37,1520.0,7560.0,2014-12-16,216000.0
4364700600,3.0,1.0,1010.0,7920.0,1.0,0.0,0.0,3,6,1010.0,0.0,1925,0.0,98126,47.5249,-122.37,1520.0,7560.0,2015-03-30,390000.0
7774200236,3.0,1.5,1340.0,11744.0,1.0,0.0,0.0,2,7,1340.0,0.0,1950,0.0,98146,47.4947,-122.36,2020.0,13673.0,2014-12-11,357000.0
8025700590,3.0,1.0,970.0,7275.0,1.0,0.0,0.0,4,7,970.0,0.0,1970,0.0,98031,47.4006,-122.188,1750.0,7200.0,2014-05-19,215000.0
7129302095,3.0,1.0,1122.0,6554.0,1.5,0.0,0.0,3,5,1122.0,0.0,1900,0.0,98118,47.5135,-122.257,1610.0,5650.0,2015-02-13,265000.0
2997800076,3.0,2.75,1670.0,1350.0,3.0,0.0,0.0,3,9,1350.0,320.0,2014,0.0,98116,47.5763,-122.408,1520.0,4800.0,2014-12-09,589950.0
7740100015,3.0,1.75,2840.0,16851.0,1.0,0.0,3.0,3,8,1600.0,1240.0,1950,0.0,98155,47.7458,-122.287,2650.0,11063.0,2015-02-06,440000.0
5279100625,2.0,1.0,770.0,8600.0,1.0,0.0,0.0,4,4,770.0,0.0,1914,0.0,98027,47.5325,-122.031,1420.0,6960.0,2015-04-29,248000.0
1126059144,3.0,2.25,2040.0,130680.0,2.0,0.0,0.0,3,9,2040.0,0.0,1977,0.0,98072,47.7584,-122.136,3080.0,39630.0,2014-09-11,730000.0
5409800110,4.0,2.5,3052.0,12145.0,2.0,0.0,0.0,3,8,3052.0,0.0,2004,0.0,98003,47.2598,-122.304,2767.0,8604.0,2015-01-19,425000.0
7963900100,3.0,2.5,2620.0,14248.0,2.0,0.0,0.0,4,8,1830.0,790.0,1977,0.0,98004,47.6281,-122.194,2620.0,12343.0,2014-09-12,680000.0
9264910100,5.0,2.25,3120.0,10400.0,2.0,0.0,0.0,3,8,3120.0,0.0,1980,0.0,98023,47.3097,-122.34,2160.0,8267.0,2015-02-18,341500.0
8819900449,2.0,1.0,1100.0,3975.0,1.0,0.0,0.0,3,7,900.0,200.0,1950,0.0,98105,47.6701,-122.286,1110.0,4280.0,2015-05-08,395000.0
1525059160,4.0,2.75,3410.0,95396.0,1.5,0.0,0.0,4,10,3410.0,0.0,1962,0.0,98005,47.6547,-122.158,3721.0,35352.0,2014-07-31,1230000.0
7526800100,5.0,2.75,2510.0,9180.0,1.0,0.0,1.0,4,8,1600.0,910.0,1975,0.0,98052,47.6389,-122.098,2650.0,9780.0,2014-07-08,695500.0
6385100100,3.0,1.75,1680.0,8629.0,1.0,0.0,0.0,3,8,1200.0,480.0,1977,0.0,98198,47.3662,-122.319,1990.0,8400.0,2014-10-02,308000.0
2085200261,3.0,2.0,1960.0,6450.0,1.0,0.0,0.0,4,7,1000.0,960.0,1977,0.0,98038,47.3972,-122.029,1660.0,20720.0,2015-02-18,422500.0
3522900061,2.0,1.0,1040.0,6900.0,1.0,0.0,0.0,4,7,1040.0,0.0,1915,0.0,98136,47.5411,-122.391,1620.0,6280.0,2015-04-21,418000.0
2570500090,5.0,1.5,1750.0,9780.0,1.5,0.0,0.0,4,7,1750.0,0.0,1961,0.0,98028,47.7755,-122.235,1750.0,10295.0,2014-10-07,385000.0
5482700100,3.0,3.25,2170.0,12508.0,1.5,0.0,0.0,5,9,1650.0,520.0,1928,19700.0,98040,47.5665,-122.229,2720.0,21070.0,2014-05-12,876650.0
567000268,3.0,2.5,1639.0,2710.0,2.0,0.0,0.0,3,8,1479.0,160.0,2003,0.0,98144,47.5924,-122.294,1580.0,1733.0,2014-08-21,450000.0
3649100315,4.0,2.25,2100.0,9984.0,1.0,0.0,0.0,4,7,1290.0,810.0,1973,0.0,98028,47.7365,-122.242,1930.0,10511.0,2014-06-25,418800.0
6821102352,2.0,1.0,880.0,1753.0,2.0,0.0,0.0,4,7,880.0,0.0,1945,0.0,98199,47.6475,-122.397,1010.0,1748.0,2014-10-08,330000.0
6072300110,3.0,1.75,1940.0,8376.0,1.0,0.0,0.0,4,8,1290.0,650.0,1963,0.0,98006,47.5586,-122.173,2400.0,8674.0,2015-04-16,550000.0
3223049131,4.0,2.5,2490.0,11650.0,1.0,0.0,0.0,3,7,1390.0,1100.0,1990,0.0,98148,47.4416,-122.332,2010.0,10495.0,2014-10-30,270000.0
1068000110,3.0,2.25,2060.0,7080.0,2.0,0.0,0.0,3,9,1800.0,260.0,1940,0.0,98199,47.6455,-122.409,3070.0,7500.0,2015-04-29,978500.0
2600020100,4.0,2.5,2720.0,10455.0,2.0,0.0,2.0,3,10,2500.0,220.0,1981,0.0,98006,47.5564,-122.158,3240.0,12348.0,2014-09-30,975000.0
5422500110,3.0,2.25,2180.0,6850.0,1.0,0.0,0.0,3,7,1750.0,430.0,1973,0.0,98034,47.7246,-122.217,1740.0,7016.0,2014-07-25,455000.0
4055700378,4.0,3.25,3600.0,38016.0,2.0,0.0,2.0,3,11,3310.0,290.0,1991,0.0,98034,47.7124,-122.253,2440.0,22693.0,2014-10-09,1420000.0
795000820,2.0,1.0,840.0,9000.0,1.0,0.0,0.0,5,6,840.0,0.0,1951,0.0,98168,47.5033,-122.329,1350.0,10400.0,2015-04-06,220000.0
925059113,3.0,2.0,2370.0,12196.0,2.0,0.0,0.0,4,7,2370.0,0.0,1970,0.0,98033,47.6734,-122.176,1380.0,12196.0,2014-08-13,490000.0
3275000090,4.0,2.25,2270.0,9100.0,2.0,0.0,0.0,3,7,2270.0,0.0,1978,0.0,98034,47.7242,-122.17,1710.0,7910.0,2015-04-21,420000.0
8946700100,4.0,2.5,2720.0,7043.0,2.0,0.0,0.0,3,9,2720.0,0.0,2003,0.0,98092,47.3315,-122.169,2640.0,6958.0,2014-12-08,408500.0
809002485,3.0,1.5,1140.0,4800.0,1.5,0.0,0.0,3,7,1140.0,0.0,1915,0.0,98109,47.6368,-122.354,1260.0,4800.0,2015-03-27,716000.0
5332200405,4.0,2.5,2460.0,5000.0,2.0,0.0,0.0,5,8,1620.0,840.0,1938,0.0,98112,47.6282,-122.293,2320.0,5000.0,2014-06-02,965000.0
1775950100,3.0,1.5,1240.0,9196.0,1.0,0.0,0.0,3,8,1240.0,0.0,1968,0.0,98072,47.7562,-122.094,1690.0,10800.0,2015-01-13,357823.0
9808700762,5.0,4.5,10040.0,37325.0,2.0,1.0,2.0,3,11,7680.0,2360.0,1940,20010.0,98004,47.65,-122.214,3930.0,25449.0,2014-06-11,7060000.0
1133000542,3.0,2.25,1670.0,9500.0,1.0,0.0,0.0,3,7,1170.0,500.0,1977,0.0,98125,47.7253,-122.309,1470.0,9500.0,2014-08-05,425000.0
7905200315,4.0,1.75,2220.0,6731.0,1.0,0.0,0.0,4,7,1110.0,1110.0,1953,0.0,98116,47.5691,-122.391,1600.0,6350.0,2015-04-16,711777.0
3949600090,3.0,1.0,980.0,9903.0,1.0,,0.0,4,7,980.0,,1966,0.0,98028,47.7746,-122.239,1830.0,9903.0,2014-12-01,335000.0
9274201730,4.0,1.5,1890.0,6938.0,1.5,,0.0,3,8,1890.0,0.0,1919,0.0,98116,47.5896,-122.389,1700.0,6250.0,2014-06-16,825000.0
7883604065,2.0,1.0,1100.0,6000.0,1.5,,0.0,4,6,1100.0,0.0,1900,0.0,98108,47.5275,-122.323,1280.0,6000.0,2015-05-01,210000.0
1158700100,2.0,1.75,2770.0,19700.0,2.0,0.0,0.0,3,8,1780.0,990.0,1983,0.0,98177,47.7581,-122.365,2360.0,9700.0,2014-08-11,575000.0
7237500110,4.0,2.75,4250.0,10925.0,2.0,0.0,0.0,3,10,4250.0,0.0,2003,0.0,98059,47.5297,-122.14,4650.0,11544.0,2015-04-04,1210000.0
8682280490,2.0,2.0,1370.0,4866.0,1.0,0.0,0.0,3,8,1370.0,0.0,2005,0.0,98053,47.704,-122.012,1365.0,4784.0,2014-08-01,431500.0
224059111,3.0,1.5,1480.0,13457.0,1.0,0.0,0.0,3,7,1480.0,0.0,1959,0.0,98007,47.5914,-122.136,2100.0,10517.0,2014-09-03,475000.0
4141800215,4.0,3.75,3770.0,4000.0,2.5,0.0,0.0,5,9,2890.0,880.0,1916,0.0,98122,47.6157,-122.287,2800.0,5000.0,2014-11-26,1500000.0
1822069097,6.0,3.0,2870.0,206474.0,2.0,0.0,0.0,3,7,2330.0,540.0,1960,19850.0,98042,47.401,-122.095,2380.0,59677.0,2014-12-23,540000.0
1668500100,3.0,2.5,3820.0,35016.0,2.0,0.0,0.0,4,9,3820.0,0.0,1987,0.0,98053,47.6496,-122.041,3010.0,35190.0,2014-12-10,775000.0
1254200615,3.0,2.5,1530.0,2978.0,1.0,0.0,0.0,3,7,1210.0,320.0,1997,0.0,98117,47.6796,-122.39,1640.0,5100.0,2014-07-16,635000.0
7135520300,3.0,2.75,4120.0,16365.0,1.0,,2.0,3,12,4120.0,0.0,1999,0.0,98059,47.5265,-122.148,4020.0,14110.0,2015-04-07,1300000.0
1755700090,3.0,2.25,1590.0,7267.0,1.0,0.0,0.0,4,7,1100.0,490.0,1976,0.0,98133,47.7457,-122.332,2060.0,8336.0,2014-08-01,405000.0
2414600195,3.0,1.0,1520.0,8600.0,1.0,0.0,0.0,3,6,1040.0,480.0,1951,0.0,98168,47.5134,-122.335,1320.0,8600.0,2014-07-21,210000.0
3592500985,4.0,2.5,2350.0,4675.0,2.0,0.0,0.0,3,9,2150.0,200.0,1923,0.0,98112,47.6344,-122.305,2240.0,3848.0,2015-05-04,880000.0
1003600056,4.0,2.0,1370.0,8837.0,1.5,0.0,0.0,3,7,1370.0,0.0,1955,0.0,98188,47.4386,-122.285,1360.0,9000.0,2014-10-24,239000.0
9285800755,3.0,2.5,1540.0,6100.0,1.0,0.0,0.0,3,6,770.0,770.0,1944,20140.0,98126,47.5696,-122.378,1710.0,5950.0,2014-07-14,515000.0
1269200229,3.0,3.25,3786.0,38038.0,1.0,1.0,4.0,3,9,1934.0,1852.0,1978,20060.0,98070,47.3907,-122.448,2850.0,33361.0,2014-07-23,1380000.0
304100090,4.0,2.25,1500.0,5393.0,2.0,,0.0,3,7,1500.0,0.0,1999,0.0,98001,47.3378,-122.262,1500.0,5952.0,2014-07-22,215000.0
7227800110,6.0,2.0,1750.0,17685.0,1.0,0.0,0.0,4,5,1750.0,0.0,1943,0.0,98056,47.5096,-122.178,1750.0,9209.0,2015-04-09,315000.0
7507500015,3.0,1.5,1800.0,8303.0,1.0,0.0,0.0,3,7,1200.0,600.0,1957,0.0,98133,47.7693,-122.357,1800.0,8171.0,2014-07-30,442500.0
621069146,2.0,1.75,1180.0,55321.0,1.0,0.0,0.0,3,8,1180.0,0.0,1941,20040.0,98042,47.3329,-122.091,1480.0,56192.0,2014-08-18,311000.0
263000164,2.0,1.0,830.0,6030.0,1.0,0.0,0.0,4,6,830.0,0.0,1925,0.0,98103,47.6994,-122.347,1280.0,6030.0,2014-12-17,425000.0
263000291,3.0,1.75,1540.0,9450.0,1.0,0.0,0.0,4,6,1040.0,500.0,1919,0.0,98103,47.6985,-122.348,1200.0,5400.0,2014-09-04,433500.0
1566100625,3.0,2.25,1610.0,8296.0,2.0,0.0,0.0,3,8,1610.0,0.0,1978,0.0,98115,47.7,-122.297,1610.0,8288.0,2014-08-04,450000.0
8861500015,3.0,2.25,1990.0,10260.0,2.0,0.0,0.0,4,8,1990.0,0.0,1987,0.0,98052,47.6801,-122.115,1990.0,10260.0,2014-05-20,675000.0
8961990090,3.0,2.5,2070.0,4132.0,2.0,,0.0,3,8,2070.0,0.0,1999,0.0,98074,47.6036,-122.015,1530.0,5606.0,2014-06-24,535000.0
3584900090,3.0,1.75,1760.0,12874.0,1.0,0.0,0.0,4,7,1230.0,530.0,1967,0.0,98005,47.5906,-122.167,1950.0,10240.0,2014-06-13,577000.0
8902000407,3.0,1.75,1740.0,8528.0,1.0,,0.0,4,7,1290.0,450.0,1939,0.0,98125,47.7097,-122.303,1610.0,8528.0,2014-12-17,480000.0
3026059014,3.0,1.5,1950.0,4473.0,1.0,0.0,0.0,4,6,1530.0,420.0,1914,0.0,98034,47.7094,-122.228,2670.0,14256.0,2015-01-12,400000.0
7304300906,3.0,1.0,1280.0,8184.0,1.5,0.0,0.0,4,6,1280.0,0.0,1947,0.0,98155,47.7467,-122.319,1120.0,8184.0,2014-06-13,304000.0
8155820110,3.0,1.75,1460.0,7203.0,1.0,0.0,0.0,3,7,1460.0,0.0,1990,0.0,98056,47.5049,-122.189,1570.0,7203.0,2015-03-25,355000.0
722069232,4.0,3.25,3770.0,982998.0,2.0,0.0,0.0,3,10,3770.0,0.0,1992,0.0,98058,47.414,-122.087,2290.0,37141.0,2014-09-05,998000.0
1825069031,4.0,1.75,2410.0,8447.0,2.0,,3.0,4,8,2060.0,350.0,1936,19800.0,98074,47.6499,-122.088,2520.0,14789.0,2014-08-14,550000.0
1825069031,4.0,1.75,2410.0,8447.0,2.0,,3.0,4,8,2060.0,350.0,1936,19800.0,98074,47.6499,-122.088,2520.0,14789.0,2014-10-16,550000.0
3348401584,3.0,1.75,1400.0,7300.0,2.0,0.0,0.0,3,6,1400.0,0.0,1948,0.0,98178,47.4999,-122.268,1440.0,10825.0,2014-08-21,210000.0
8029500100,3.0,2.5,2100.0,7587.0,2.0,0.0,0.0,3,9,2100.0,0.0,1990,0.0,98023,47.3072,-122.391,2330.0,8119.0,2015-02-26,317000.0
7964410100,4.0,3.5,5360.0,25800.0,1.0,,0.0,3,9,3270.0,2090.0,1971,0.0,98074,47.6099,-122.054,2650.0,21781.0,2015-05-04,700000.0
1457500026,3.0,1.0,1000.0,9150.0,1.0,0.0,0.0,3,7,1000.0,0.0,1969,0.0,98059,47.4829,-122.124,1490.0,10647.0,2014-06-16,265000.0
7215730590,4.0,3.5,3150.0,6175.0,2.0,,0.0,3,9,3150.0,0.0,2001,0.0,98075,47.5966,-122.017,3150.0,6986.0,2014-09-02,700000.0
7525530100,5.0,3.5,4180.0,17841.0,2.0,0.0,2.0,3,10,3160.0,1020.0,1990,0.0,98075,47.5618,-122.037,3260.0,12608.0,2014-09-08,1020000.0
1925059194,4.0,2.25,2840.0,20242.0,1.0,0.0,0.0,3,8,2240.0,600.0,1972,0.0,98004,47.639,-122.216,2840.0,20372.0,2014-12-09,1150000.0
5561401110,4.0,2.5,2110.0,35091.0,1.0,0.0,0.0,4,8,1290.0,820.0,1985,0.0,98027,47.467,-122.014,2740.0,36427.0,2014-06-27,460000.0
7173700524,2.0,1.5,1660.0,4000.0,1.0,0.0,0.0,3,7,1000.0,660.0,1950,0.0,98115,47.6832,-122.304,1570.0,5500.0,2014-09-24,410000.0
9828202215,4.0,3.0,2160.0,4400.0,1.0,0.0,0.0,5,7,1320.0,840.0,1921,0.0,98122,47.6163,-122.293,1430.0,4400.0,2014-09-05,665000.0
4113800300,4.0,2.5,2420.0,7744.0,2.0,0.0,0.0,3,9,2420.0,0.0,1994,0.0,98056,47.534,-122.18,2820.0,11129.0,2015-04-14,600000.0
6145600855,4.0,1.75,1920.0,3844.0,1.0,0.0,0.0,3,7,1170.0,750.0,1967,0.0,98133,47.7041,-122.353,1480.0,3844.0,2015-05-04,502000.0
2130702350,4.0,2.5,2310.0,8030.0,2.0,0.0,0.0,3,7,2310.0,0.0,1978,0.0,98019,47.7433,-121.982,1780.0,8041.0,2014-06-04,364950.0
8815400735,3.0,2.25,2330.0,4000.0,1.5,0.0,2.0,5,7,1520.0,810.0,1927,0.0,98115,47.6732,-122.29,1870.0,4000.0,2014-05-29,680000.0
5152600090,5.0,2.5,2340.0,13713.0,1.0,0.0,0.0,2,8,1670.0,670.0,1967,0.0,98003,47.3307,-122.324,2080.0,11000.0,2014-07-08,235500.0
7852090750,4.0,2.5,2590.0,5756.0,2.0,0.0,0.0,3,8,2590.0,0.0,2001,0.0,98065,47.5356,-121.875,2620.0,6109.0,2014-07-21,576000.0
2488200459,2.0,3.0,1410.0,1240.0,2.0,0.0,0.0,3,8,1140.0,270.0,2006,0.0,98136,47.5221,-122.39,1410.0,1273.0,2014-05-05,405000.0
8035600590,3.0,2.75,2850.0,8039.0,1.0,,0.0,4,8,1540.0,1310.0,1989,0.0,98031,47.4141,-122.204,2240.0,7727.0,2014-07-16,335000.0
4438000165,2.0,1.0,730.0,6728.0,1.0,0.0,0.0,3,6,730.0,0.0,1953,0.0,98148,47.4275,-122.324,1170.0,7034.0,2015-04-20,122000.0
6744700423,3.0,1.75,1470.0,6250.0,1.0,0.0,3.0,4,7,1070.0,400.0,1939,0.0,98155,47.7394,-122.288,2630.0,7050.0,2014-06-06,432000.0
2473002100,4.0,2.25,2330.0,11400.0,1.0,0.0,0.0,4,8,2330.0,0.0,1974,0.0,98058,47.4495,-122.148,2640.0,10200.0,2014-08-27,375000.0
4399200245,4.0,2.25,2460.0,11250.0,1.0,0.0,0.0,4,8,2460.0,0.0,1959,0.0,98002,47.3182,-122.212,1630.0,10216.0,2014-06-25,276000.0
1326059085,3.0,2.25,2080.0,111513.0,1.5,0.0,0.0,3,8,1680.0,400.0,1977,0.0,98072,47.7403,-122.112,2440.0,107157.0,2014-07-21,450000.0
6324000090,2.0,1.0,990.0,8140.0,1.0,0.0,0.0,1,6,990.0,0.0,1910,0.0,98116,47.5828,-122.382,2150.0,5000.0,2015-05-11,210000.0
9542830600,3.0,2.5,1450.0,4106.0,2.0,0.0,0.0,3,7,1450.0,0.0,2011,0.0,98038,47.3655,-122.019,2000.0,4000.0,2014-11-21,279000.0
2767604580,3.0,1.75,1340.0,3900.0,2.0,0.0,0.0,5,7,1340.0,0.0,1900,0.0,98107,47.6711,-122.379,1470.0,1611.0,2015-02-23,635000.0
662310900,3.0,2.5,2730.0,7372.0,2.0,,0.0,3,9,2730.0,0.0,1998,0.0,98023,47.2831,-122.346,2710.0,8343.0,2015-02-20,350000.0
1432600100,3.0,1.0,1140.0,7560.0,1.0,0.0,0.0,4,6,1140.0,0.0,1958,0.0,98058,47.4624,-122.185,1300.0,7560.0,2014-09-24,218000.0
8928100025,4.0,1.5,1950.0,6300.0,1.5,0.0,1.0,3,7,1650.0,300.0,1944,0.0,98115,47.6819,-122.271,1760.0,6300.0,2015-03-24,750000.0
1221039058,4.0,1.75,2000.0,25700.0,1.0,0.0,0.0,4,7,1150.0,850.0,1958,0.0,98023,47.32,-122.362,2420.0,27500.0,2015-02-13,310597.0
3840700600,3.0,1.0,900.0,37800.0,1.0,0.0,0.0,4,5,700.0,200.0,1923,0.0,98034,47.7146,-122.234,1750.0,11998.0,2015-04-01,355000.0
8691410100,5.0,2.75,3390.0,5211.0,2.0,0.0,0.0,3,9,3390.0,0.0,2004,0.0,98075,47.5977,-121.981,3210.0,5211.0,2014-05-27,735000.0
7883607645,1.0,1.0,720.0,6000.0,1.0,0.0,0.0,3,6,720.0,0.0,1940,0.0,98108,47.5266,-122.316,1040.0,6000.0,2014-06-02,155000.0
9435300051,3.0,1.0,940.0,10368.0,1.0,0.0,0.0,3,7,940.0,0.0,1965,0.0,98052,47.6608,-122.133,2090.0,9620.0,2014-06-11,354000.0
6179900090,3.0,1.75,1770.0,10513.0,1.0,0.0,0.0,4,7,1400.0,370.0,1982,0.0,98028,47.7726,-122.266,2070.0,9968.0,2015-05-07,415000.0
6840700165,1.0,1.0,590.0,833.0,1.0,,0.0,4,7,590.0,0.0,1926,0.0,98122,47.6082,-122.299,780.0,1617.0,2014-07-01,202000.0
2768301217,3.0,2.5,1980.0,1873.0,2.0,0.0,0.0,3,7,1470.0,510.0,1996,0.0,98107,47.6659,-122.369,1500.0,1873.0,2015-05-06,580000.0
629000615,4.0,3.25,3070.0,10375.0,2.0,0.0,0.0,3,10,2180.0,890.0,1962,20050.0,98004,47.5862,-122.198,2500.0,11194.0,2014-10-22,1500000.0
7202360600,4.0,2.5,3500.0,7519.0,2.0,0.0,0.0,3,9,3500.0,0.0,2004,0.0,98053,47.6799,-122.024,3920.0,7982.0,2014-10-08,790000.0
7852020590,3.0,2.5,2100.0,5112.0,2.0,0.0,0.0,3,8,2100.0,0.0,1999,0.0,98065,47.5338,-121.867,2100.0,4370.0,2015-03-05,499900.0
2023039160,4.0,2.25,2620.0,98881.0,1.0,0.0,0.0,3,7,1820.0,800.0,1952,0.0,98070,47.4662,-122.453,1728.0,95832.0,2015-04-23,525000.0
2597520090,4.0,2.5,2810.0,10613.0,2.0,0.0,0.0,3,9,2810.0,0.0,1989,0.0,98006,47.5424,-122.141,2800.0,9933.0,2014-06-22,810000.0
8631600025,4.0,1.5,2290.0,8773.0,1.0,0.0,0.0,4,7,1330.0,960.0,1947,0.0,98133,47.7173,-122.33,1740.0,7058.0,2015-02-20,425000.0
8100000110,3.0,1.75,1350.0,7588.0,1.0,0.0,0.0,3,7,1350.0,0.0,1993,0.0,98010,47.3123,-122.023,1470.0,7341.0,2014-12-26,241250.0
5151800015,4.0,2.5,2770.0,19116.0,1.0,0.0,0.0,4,8,1600.0,1170.0,1961,0.0,98003,47.3386,-122.319,2730.0,18429.0,2014-11-12,318700.0
9521101055,4.0,1.75,2530.0,5000.0,1.5,0.0,2.0,5,8,2070.0,460.0,1917,0.0,98103,47.6624,-122.348,1950.0,3600.0,2014-08-27,720000.0
2475901105,3.0,1.0,1280.0,10500.0,1.5,0.0,0.0,4,5,1280.0,0.0,1941,0.0,98024,47.566,-121.894,1410.0,10500.0,2014-07-15,291000.0
1726069202,3.0,1.75,1060.0,38644.0,1.0,0.0,0.0,3,7,1060.0,0.0,1983,0.0,98077,47.7442,-122.072,1310.0,11416.0,2014-07-18,420000.0
3530450100,2.0,1.75,1000.0,3554.0,1.0,,0.0,4,8,1000.0,0.0,1975,0.0,98198,47.3811,-122.32,1150.0,4000.0,2014-07-26,210000.0
8941800100,3.0,3.25,3870.0,11000.0,2.0,,2.0,3,9,2970.0,900.0,1991,0.0,98106,47.5545,-122.354,2970.0,11000.0,2015-04-27,645000.0
809002215,5.0,2.0,3370.0,5000.0,1.5,0.0,0.0,4,7,2140.0,1230.0,1907,0.0,98109,47.6373,-122.35,1920.0,3200.0,2014-05-19,762000.0
6209000165,4.0,1.75,2290.0,7765.0,1.0,0.0,0.0,3,6,2290.0,0.0,1936,19530.0,98146,47.4997,-122.353,1240.0,8215.0,2014-07-24,247500.0
4178500100,3.0,2.25,1670.0,7150.0,2.0,0.0,0.0,4,7,1670.0,0.0,1990,0.0,98042,47.3603,-122.088,1570.0,7040.0,2014-07-23,282500.0
1523069086,3.0,1.75,1460.0,22651.0,1.0,0.0,0.0,4,7,1460.0,0.0,1961,0.0,98027,47.4861,-122.03,2030.0,49222.0,2014-06-05,395000.0
6121000090,3.0,1.75,1770.0,8235.0,1.0,0.0,0.0,3,7,1030.0,740.0,1960,0.0,98148,47.4323,-122.328,1560.0,8918.0,2014-06-16,295000.0
3342100785,2.0,1.0,820.0,5100.0,1.0,0.0,0.0,4,6,820.0,0.0,1954,0.0,98056,47.5175,-122.205,2270.0,5100.0,2014-08-26,235000.0
6012500100,3.0,1.75,1900.0,6334.0,1.0,0.0,2.0,3,8,1450.0,450.0,1948,0.0,98105,47.6675,-122.276,1530.0,6334.0,2014-10-01,770000.0
8682291720,2.0,2.0,1870.0,4950.0,1.0,0.0,0.0,3,8,1870.0,0.0,2006,0.0,98053,47.7195,-122.022,1670.0,4800.0,2014-05-08,559950.0
5041300100,4.0,2.0,1840.0,5419.0,1.0,0.0,0.0,4,7,920.0,920.0,1942,0.0,98199,47.6483,-122.404,1800.0,5419.0,2014-07-10,639000.0
2473101140,3.0,1.0,1590.0,8470.0,1.0,,0.0,4,7,1140.0,450.0,1967,0.0,98058,47.4473,-122.159,1570.0,9375.0,2015-04-28,314950.0
8121100600,3.0,1.0,1640.0,6180.0,1.0,0.0,0.0,4,7,1640.0,,1946,0.0,98118,47.5682,-122.284,1540.0,6180.0,2015-03-24,525000.0
724069059,3.0,2.25,3000.0,11665.0,1.5,1.0,4.0,3,11,3000.0,0.0,2001,0.0,98075,47.5884,-122.086,3000.0,15959.0,2014-05-09,2400000.0
2755200110,3.0,1.75,2160.0,6272.0,1.0,0.0,0.0,4,8,1390.0,770.0,1960,0.0,98115,47.6777,-122.306,1290.0,5376.0,2014-06-02,820000.0
6169901130,3.0,3.0,2490.0,3600.0,2.0,0.0,3.0,4,8,1790.0,700.0,1911,0.0,98119,47.6313,-122.369,2490.0,3600.0,2014-09-11,1390000.0
6385000025,3.0,2.0,1290.0,5700.0,1.0,0.0,0.0,5,7,1290.0,0.0,1950,0.0,98116,47.5713,-122.397,1160.0,5700.0,2014-10-17,521450.0
509000090,3.0,2.5,3190.0,49137.0,2.0,0.0,0.0,3,9,3190.0,0.0,1988,0.0,98074,47.6027,-122.043,3240.0,53143.0,2014-10-06,760750.0
622059031,4.0,1.0,1540.0,115434.0,1.5,0.0,0.0,4,7,1540.0,0.0,1923,0.0,98031,47.4163,-122.22,2027.0,23522.0,2014-06-04,759600.0
5358300100,3.0,2.0,2140.0,7200.0,1.0,0.0,0.0,4,8,1480.0,660.0,1966,0.0,98056,47.5084,-122.185,2070.0,7220.0,2014-06-19,346150.0
4459800100,2.0,1.0,980.0,3800.0,1.0,0.0,0.0,3,7,980.0,0.0,1926,0.0,98103,47.6903,-122.34,1520.0,5010.0,2015-04-22,390000.0
2473371780,5.0,2.25,2450.0,9432.0,2.0,0.0,0.0,3,8,2450.0,0.0,1973,0.0,98058,47.4519,-122.13,2310.0,9100.0,2014-09-24,359950.0
9393700110,3.0,2.0,1360.0,5120.0,1.5,0.0,0.0,4,6,910.0,450.0,1924,0.0,98116,47.5587,-122.393,1440.0,5120.0,2014-06-03,430000.0
8691360490,4.0,3.5,4610.0,11676.0,2.0,0.0,0.0,3,10,4610.0,0.0,2000,0.0,98075,47.6011,-121.983,3900.0,11164.0,2015-04-24,960000.0
9175600025,7.0,6.75,7480.0,41664.0,2.0,0.0,2.0,3,11,5080.0,2400.0,1953,0.0,98166,47.4643,-122.368,2810.0,33190.0,2014-10-07,800000.0
7605800090,3.0,2.5,2860.0,5805.0,2.0,0.0,0.0,3,9,2860.0,0.0,1999,0.0,98005,47.6218,-122.16,2360.0,5832.0,2015-01-08,1010000.0
7334500090,3.0,2.0,1810.0,11456.0,1.0,0.0,0.0,3,7,1810.0,0.0,1970,0.0,98045,47.4648,-121.756,1360.0,12931.0,2015-01-20,290000.0
8964800930,4.0,2.0,2240.0,10296.0,1.0,0.0,0.0,5,8,2240.0,0.0,1948,0.0,98004,47.6177,-122.217,2500.0,10918.0,2015-03-17,1350000.0
2260800110,3.0,3.25,3610.0,59677.0,2.0,,0.0,3,10,2440.0,1170.0,2003,0.0,98027,47.5464,-122.088,3130.0,65775.0,2014-05-13,777000.0
7550800945,2.0,1.0,1450.0,4500.0,1.5,0.0,0.0,4,7,1450.0,0.0,1921,0.0,98107,47.6739,-122.396,1470.0,5000.0,2014-10-07,526000.0
1972205338,3.0,3.5,1450.0,1091.0,2.0,0.0,0.0,3,8,1200.0,250.0,2007,0.0,98119,47.6475,-122.359,1490.0,3017.0,2015-04-18,550000.0
2946000590,3.0,1.5,1820.0,8750.0,1.0,,0.0,4,7,1200.0,620.0,1958,0.0,98198,47.4213,-122.322,1500.0,8000.0,2014-12-23,276000.0
5700003585,5.0,3.25,5620.0,12672.0,2.0,0.0,0.0,4,11,4140.0,1480.0,1916,0.0,98144,47.5786,-122.287,4470.0,8050.0,2014-12-29,2500000.0
7129302235,3.0,1.75,2080.0,6554.0,1.0,0.0,0.0,3,7,1040.0,1040.0,1950,0.0,98118,47.5135,-122.257,1230.0,5650.0,2015-01-22,325000.0
3278602490,3.0,2.5,1780.0,1754.0,3.0,0.0,0.0,3,8,1780.0,0.0,2007,0.0,98126,47.548,-122.373,1780.0,1607.0,2014-09-26,365000.0
685000115,8.0,6.0,4340.0,9415.0,2.0,0.0,0.0,3,8,4340.0,0.0,1967,0.0,98004,47.6316,-122.202,2050.0,9100.0,2014-10-07,2150000.0
3423600025,4.0,3.25,2860.0,3680.0,2.0,0.0,0.0,3,9,1980.0,880.0,1925,19930.0,98115,47.6752,-122.3,2010.0,3680.0,2015-03-05,825050.0
7173700518,3.0,1.5,2540.0,9520.0,1.0,0.0,0.0,3,8,1500.0,1040.0,1959,0.0,98115,47.6834,-122.306,1870.0,6800.0,2014-07-21,690000.0
3277801450,4.0,1.0,1140.0,6250.0,1.5,0.0,0.0,3,6,1140.0,0.0,1958,0.0,98126,47.5433,-122.375,1140.0,1370.0,2015-04-15,390000.0
1862400518,3.0,2.0,1320.0,1297.0,3.0,0.0,0.0,3,7,1320.0,0.0,1995,0.0,98117,47.6959,-122.376,1380.0,1503.0,2015-03-04,385000.0
8078350090,3.0,2.5,2040.0,7503.0,2.0,0.0,0.0,3,8,2040.0,0.0,1987,0.0,98029,47.5718,-122.021,2170.0,7503.0,2015-03-31,619000.0
1423089118,4.0,2.25,1790.0,42000.0,1.0,0.0,0.0,3,7,1170.0,620.0,1983,0.0,98045,47.4819,-121.744,2060.0,50094.0,2015-03-25,494000.0
7980900011,3.0,2.0,1910.0,13505.0,1.0,,0.0,3,8,1910.0,0.0,1955,0.0,98034,47.7114,-122.23,2010.0,8000.0,2015-04-27,412450.0
5309100750,3.0,1.75,1460.0,2800.0,2.0,0.0,0.0,3,7,1460.0,0.0,1928,0.0,98117,47.6779,-122.371,1220.0,4062.0,2015-01-23,580000.0
322059097,3.0,1.5,1420.0,22100.0,1.0,0.0,0.0,5,7,1420.0,0.0,1957,0.0,98042,47.4193,-122.149,1540.0,21780.0,2014-11-05,269900.0
9834200165,4.0,1.5,1790.0,4080.0,1.5,0.0,0.0,5,7,1790.0,0.0,1928,0.0,98144,47.5749,-122.291,1710.0,4080.0,2015-04-06,704300.0
2420069201,3.0,2.0,1390.0,6005.0,2.0,0.0,0.0,3,8,1390.0,0.0,2005,0.0,98022,47.2117,-121.99,1264.0,5550.0,2014-11-07,267000.0
4167300300,4.0,1.75,1880.0,12150.0,1.0,,0.0,3,7,1280.0,600.0,1976,0.0,98023,47.3272,-122.363,1980.0,9680.0,2014-08-13,310000.0
1105000745,3.0,1.5,1570.0,10824.0,2.0,0.0,0.0,3,7,1570.0,0.0,1908,0.0,98118,47.54,-122.275,1530.0,8125.0,2015-01-23,227064.0
8927600100,3.0,2.5,2690.0,7000.0,2.0,0.0,0.0,5,7,1840.0,850.0,1943,0.0,98115,47.6784,-122.277,1800.0,6435.0,2014-05-28,925000.0
8078490090,3.0,1.75,1670.0,11452.0,1.0,0.0,2.0,3,8,1670.0,0.0,1992,0.0,98022,47.1913,-122.015,1820.0,11152.0,2015-05-08,245000.0
1736100090,3.0,1.0,1040.0,7490.0,1.0,0.0,0.0,3,7,1040.0,0.0,1969,0.0,98034,47.7137,-122.213,1520.0,7410.0,2014-12-14,339888.0
3876200100,4.0,2.0,1560.0,7500.0,1.0,,0.0,4,7,1560.0,0.0,1968,0.0,98034,47.7281,-122.181,1730.0,7500.0,2014-07-10,439000.0
6844702290,2.0,1.0,1470.0,6120.0,1.0,0.0,0.0,2,7,1470.0,0.0,1940,0.0,98115,47.6914,-122.287,1840.0,6120.0,2014-05-27,400000.0
4022906430,3.0,2.25,2070.0,15002.0,1.5,0.0,0.0,3,8,2070.0,0.0,1955,20130.0,98155,47.7635,-122.274,2070.0,15002.0,2014-06-30,560000.0
5040800015,2.0,1.0,1370.0,5922.0,1.0,,2.0,3,8,1130.0,240.0,1941,0.0,98199,47.6473,-122.406,2460.0,6759.0,2014-10-01,703011.0
9297301055,2.0,1.0,1120.0,4800.0,1.0,0.0,0.0,3,7,770.0,,1926,0.0,98126,47.5669,-122.372,1510.0,4800.0,2014-12-09,363000.0
318500300,4.0,2.75,2640.0,6240.0,2.0,0.0,0.0,3,9,2640.0,0.0,2001,0.0,98075,47.5788,-122.059,2640.0,5898.0,2014-09-19,650000.0
1839910300,3.0,1.0,1030.0,9916.0,1.0,0.0,0.0,4,7,1030.0,0.0,1972,0.0,98034,47.7218,-122.176,1470.0,9044.0,2015-01-06,299950.0
1446400785,3.0,1.0,1120.0,6625.0,1.0,0.0,0.0,3,6,1120.0,0.0,1942,0.0,98168,47.4879,-122.332,1120.0,6794.0,2015-04-22,228950.0
4036800015,4.0,1.75,1730.0,11700.0,1.0,0.0,0.0,3,7,880.0,850.0,1956,0.0,98008,47.6031,-122.13,1570.0,7820.0,2014-10-01,465000.0
8965500900,3.0,2.5,2090.0,9847.0,2.0,0.0,2.0,3,9,2090.0,0.0,1983,0.0,98006,47.5651,-122.114,2860.0,11483.0,2015-02-13,725000.0
3751603173,3.0,1.0,920.0,14400.0,1.0,0.0,0.0,4,7,920.0,0.0,1977,0.0,98001,47.2816,-122.269,1170.0,9600.0,2014-06-04,212500.0
3423059140,4.0,2.25,2970.0,54450.0,2.0,,0.0,3,8,2970.0,0.0,1983,19980.0,98058,47.4338,-122.146,2260.0,6465.0,2014-09-10,526000.0
114101055,3.0,2.5,1720.0,10031.0,2.0,0.0,0.0,3,8,1720.0,0.0,1993,0.0,98028,47.7688,-122.238,2280.0,5845.0,2014-12-23,383000.0
2475200590,3.0,1.75,1460.0,4692.0,1.0,0.0,0.0,3,7,1460.0,0.0,1988,0.0,98055,47.472,-122.192,1600.0,4557.0,2015-04-21,244000.0
3856905010,3.0,1.5,1540.0,3570.0,1.5,0.0,0.0,5,7,1490.0,50.0,1930,0.0,98105,47.6692,-122.325,1620.0,4080.0,2014-08-05,565000.0
7226500100,8.0,3.0,2850.0,12714.0,1.0,,0.0,3,7,2850.0,0.0,1959,0.0,98055,47.4859,-122.205,1480.0,4942.0,2015-02-19,373000.0
3580900090,3.0,2.0,1310.0,9855.0,1.0,0.0,0.0,3,7,1310.0,0.0,1962,0.0,98034,47.7296,-122.241,1310.0,8370.0,2014-09-02,300000.0
9558000100,5.0,2.5,2430.0,4781.0,2.0,0.0,0.0,3,9,2430.0,0.0,2001,0.0,98058,47.4487,-122.117,2420.0,4770.0,2014-05-20,405000.0
1872900076,3.0,1.5,1700.0,14133.0,1.0,0.0,1.0,4,8,1700.0,0.0,1954,0.0,98004,47.6166,-122.22,2630.0,17376.0,2014-06-20,979000.0
1221059112,4.0,1.75,2160.0,28750.0,2.0,0.0,0.0,4,8,2160.0,0.0,1978,0.0,98092,47.3212,-122.118,1790.0,53578.0,2014-11-16,324888.0
2877102495,3.0,1.5,860.0,3200.0,1.0,0.0,0.0,3,6,860.0,0.0,1929,0.0,98117,47.6791,-122.362,1220.0,4300.0,2015-04-29,445000.0
4400200057,3.0,3.5,2050.0,2020.0,2.0,0.0,0.0,3,8,1520.0,530.0,2006,0.0,98112,47.6235,-122.306,1230.0,3640.0,2015-02-21,761000.0
1049010300,4.0,2.0,1650.0,4745.0,1.0,0.0,0.0,3,7,1130.0,520.0,1972,0.0,98034,47.7359,-122.18,1650.0,5184.0,2015-04-27,435000.0
6802210090,3.0,2.25,1570.0,8410.0,1.0,0.0,0.0,3,7,1180.0,390.0,1991,0.0,98022,47.1942,-121.99,1540.0,8410.0,2014-08-22,252000.0
726049232,3.0,1.75,1660.0,10150.0,1.5,0.0,0.0,3,7,1660.0,0.0,1957,0.0,98133,47.7512,-122.342,1640.0,8906.0,2014-06-23,350000.0
3262300940,3.0,1.0,1220.0,8119.0,1.0,0.0,0.0,4,7,1220.0,0.0,1955,0.0,98039,47.6328,-122.236,1910.0,8119.0,2014-11-07,875000.0
3262300940,3.0,1.0,1220.0,8119.0,1.0,0.0,0.0,4,7,1220.0,0.0,1955,0.0,98039,47.6328,-122.236,1910.0,8119.0,2015-02-10,940000.0
1214700090,3.0,2.0,1780.0,11342.0,1.0,0.0,0.0,3,7,1780.0,0.0,1964,0.0,98148,47.4617,-122.327,2140.0,8449.0,2014-08-19,280000.0
8564950300,3.0,2.5,2180.0,4226.0,2.0,0.0,0.0,3,8,2180.0,0.0,2004,0.0,98011,47.7733,-122.226,2540.0,4607.0,2014-09-19,450000.0
3321069006,3.0,2.5,3520.0,237402.0,2.5,0.0,0.0,3,9,3520.0,0.0,2004,0.0,98092,47.2687,-122.056,2310.0,165963.0,2014-12-31,905000.0
3751601501,3.0,2.5,2220.0,20531.0,2.0,0.0,0.0,3,8,2220.0,0.0,1998,0.0,98001,47.2864,-122.264,2420.0,19249.0,2014-07-16,382450.0
1156000100,3.0,2.0,1610.0,13309.0,1.0,0.0,0.0,4,7,1610.0,0.0,1967,0.0,98042,47.3398,-122.133,1610.0,15725.0,2014-12-24,246700.0
3972900735,3.0,1.5,1070.0,9331.0,1.0,0.0,0.0,3,6,1070.0,0.0,1956,0.0,98155,47.7633,-122.313,1480.0,8400.0,2014-08-14,220000.0
6888900115,3.0,1.0,1060.0,4880.0,1.0,0.0,0.0,2,6,910.0,150.0,1913,0.0,98118,47.5545,-122.288,1200.0,4880.0,2015-02-16,555750.0
3031200165,3.0,1.5,1160.0,8906.0,1.0,0.0,0.0,3,7,1160.0,0.0,1962,0.0,98118,47.5362,-122.29,1160.0,8906.0,2014-06-11,262500.0
5683000033,2.0,1.0,910.0,4725.0,1.0,0.0,0.0,3,7,910.0,0.0,1949,0.0,98115,47.676,-122.281,1600.0,5200.0,2014-12-01,515000.0
7230000265,3.0,2.5,2970.0,21907.0,2.0,0.0,0.0,3,9,2970.0,0.0,1998,0.0,98059,47.4741,-122.099,2040.0,27917.0,2014-06-17,499500.0
985001015,1.0,1.0,790.0,13062.0,1.0,0.0,0.0,3,6,790.0,0.0,1942,0.0,98168,47.4919,-122.311,1240.0,7137.0,2014-06-04,135000.0
2815600215,2.0,2.0,1540.0,7290.0,2.0,0.0,0.0,3,7,1540.0,0.0,1948,19830.0,98136,47.551,-122.395,1540.0,7072.0,2014-11-18,462500.0
3585900090,4.0,2.5,3130.0,21100.0,1.0,0.0,4.0,3,9,2530.0,600.0,1956,0.0,98177,47.7598,-122.372,3680.0,23000.0,2015-04-15,937500.0
5101407370,3.0,1.5,1470.0,9570.0,1.0,0.0,0.0,3,7,1280.0,190.0,1941,0.0,98125,47.7032,-122.306,1390.0,9570.0,2015-04-22,458000.0
871001105,4.0,2.75,3160.0,7143.0,1.5,0.0,0.0,3,8,2100.0,1060.0,1933,0.0,98199,47.6513,-122.406,2200.0,6122.0,2014-10-22,845000.0
424069233,3.0,2.25,2675.0,40910.0,2.0,0.0,0.0,3,8,2675.0,0.0,1984,0.0,98075,47.5916,-122.055,2300.0,39438.0,2014-05-31,660000.0
3830630090,3.0,2.0,1340.0,6783.0,1.0,,0.0,4,7,1340.0,0.0,1987,0.0,98030,47.3504,-122.177,1630.0,6458.0,2015-04-17,265000.0
1997200215,9.0,4.5,3830.0,6988.0,2.5,0.0,0.0,3,7,2450.0,1380.0,1938,0.0,98103,47.6927,-122.338,1460.0,6291.0,2014-05-07,599999.0
1898310110,3.0,2.5,1800.0,8697.0,2.0,0.0,0.0,3,8,1800.0,0.0,1987,0.0,98023,47.3115,-122.4,1770.0,8390.0,2014-12-02,280000.0
3407700047,3.0,3.25,2990.0,189852.0,2.0,0.0,0.0,4,10,2990.0,,1974,0.0,98072,47.746,-122.138,3500.0,48760.0,2014-10-29,1060000.0
9542100165,4.0,3.0,3720.0,14125.0,1.0,0.0,0.0,4,9,1930.0,1790.0,1960,0.0,98005,47.5911,-122.177,3160.0,15300.0,2014-11-07,875000.0
7140800100,3.0,1.0,920.0,7276.0,1.0,0.0,0.0,4,6,920.0,0.0,1961,0.0,98002,47.285,-122.211,1120.0,7276.0,2014-10-14,125000.0
7202340930,4.0,3.0,3280.0,4904.0,2.0,0.0,0.0,3,7,3280.0,0.0,2005,0.0,98053,47.6802,-122.033,2600.0,5004.0,2014-12-09,634800.0
9262800057,4.0,1.0,1440.0,9600.0,1.0,0.0,0.0,2,7,1440.0,0.0,1964,0.0,98001,47.3168,-122.264,1740.0,43560.0,2015-02-03,269950.0
1159100100,3.0,2.25,1940.0,11612.0,1.0,,0.0,4,8,1100.0,840.0,1981,0.0,98178,47.5018,-122.23,2180.0,8954.0,2014-06-20,359950.0
7230900100,3.0,1.75,1590.0,11454.0,1.0,0.0,0.0,4,8,1590.0,0.0,1979,0.0,98056,47.5049,-122.186,1970.0,9960.0,2014-12-15,417000.0
8682301910,2.0,2.0,1340.0,4122.0,1.0,,0.0,3,8,1340.0,0.0,2007,0.0,98053,47.7182,-122.022,1350.0,4273.0,2014-07-22,389000.0
7701450110,4.0,2.5,3770.0,10893.0,2.0,0.0,2.0,3,11,3770.0,0.0,1997,0.0,98006,47.5646,-122.129,3710.0,9685.0,2014-08-15,1040000.0
1725059209,6.0,2.5,2680.0,11250.0,1.0,0.0,0.0,5,7,1340.0,1340.0,1967,0.0,98033,47.6553,-122.19,2200.0,9875.0,2014-09-29,698000.0
4025300195,4.0,2.5,2820.0,10125.0,2.0,0.0,0.0,3,8,2820.0,0.0,2008,0.0,98155,47.7494,-122.304,1560.0,10125.0,2015-03-18,685000.0
985000900,3.0,1.75,1520.0,7137.0,1.0,,0.0,3,5,1520.0,0.0,1932,0.0,98168,47.4924,-122.311,1240.0,8602.0,2014-11-05,198500.0
7140700850,4.0,2.5,2560.0,5428.0,2.0,,0.0,3,8,2560.0,0.0,2012,0.0,98042,47.3835,-122.095,2620.0,5428.0,2015-03-26,350000.0
522079067,3.0,2.5,3310.0,387684.0,1.0,,0.0,3,8,2160.0,1150.0,1919,19960.0,98038,47.4167,-121.936,2340.0,189050.0,2015-04-08,649950.0
1387300940,3.0,1.5,1540.0,7200.0,1.0,0.0,0.0,3,7,1540.0,0.0,1968,0.0,98011,47.7357,-122.195,1560.0,7500.0,2015-04-29,441000.0
8562700090,3.0,1.75,1430.0,11761.0,1.0,0.0,0.0,4,8,1430.0,0.0,1964,0.0,98052,47.6686,-122.157,2040.0,10035.0,2014-11-11,462600.0
2122059236,4.0,2.5,2506.0,6232.0,2.0,0.0,0.0,3,7,2506.0,0.0,2006,0.0,98030,47.3734,-122.182,2070.0,8260.0,2015-03-06,365070.0
514500090,4.0,2.0,2250.0,7500.0,1.0,0.0,0.0,5,7,1200.0,1050.0,1956,0.0,98005,47.5877,-122.157,1440.0,7500.0,2014-05-13,550000.0
5680001095,5.0,1.75,2740.0,9600.0,1.0,0.0,0.0,4,7,1370.0,1370.0,1945,0.0,98144,47.5738,-122.315,1990.0,4800.0,2015-04-28,470000.0
2475900855,3.0,1.75,1540.0,10400.0,1.0,0.0,0.0,3,6,1540.0,0.0,1977,0.0,98024,47.5651,-121.89,1090.0,7500.0,2014-08-27,340000.0
8669400100,4.0,2.75,4190.0,38912.0,1.0,0.0,0.0,4,9,2040.0,2150.0,1965,0.0,98005,47.6472,-122.157,3050.0,36884.0,2014-08-05,910000.0
3824100051,4.0,1.75,1690.0,8392.0,1.0,0.0,0.0,3,7,1190.0,500.0,1979,0.0,98028,47.773,-122.256,1880.0,9861.0,2015-04-07,405000.0
952004875,4.0,2.25,1990.0,4600.0,1.5,0.0,2.0,4,8,1420.0,570.0,1932,0.0,98126,47.5638,-122.38,1810.0,5750.0,2014-06-02,661000.0
9522350090,4.0,2.5,2410.0,7069.0,2.0,0.0,0.0,3,9,2410.0,0.0,1993,0.0,98034,47.7094,-122.234,2240.0,7184.0,2014-11-06,635000.0
1787600252,2.0,1.0,1150.0,6098.0,1.0,0.0,0.0,3,7,950.0,200.0,1948,0.0,98125,47.7259,-122.328,1790.0,8455.0,2015-05-05,282000.0
7148000315,4.0,1.75,1720.0,10137.0,2.0,0.0,0.0,3,7,1720.0,0.0,1956,0.0,98188,47.4424,-122.276,1350.0,10205.0,2015-02-11,235000.0
2180001080,3.0,2.0,1260.0,22100.0,2.0,0.0,0.0,4,7,1260.0,0.0,1981,0.0,98023,47.2772,-122.354,1430.0,13000.0,2014-08-19,277500.0
1328330590,5.0,2.5,2020.0,8250.0,1.0,0.0,0.0,4,8,1430.0,590.0,1978,0.0,98058,47.4432,-122.135,1680.0,8959.0,2015-04-20,346500.0
34001304,5.0,2.25,2240.0,5500.0,1.0,0.0,0.0,3,7,1490.0,750.0,1959,0.0,98136,47.5305,-122.391,2010.0,6050.0,2015-04-10,480000.0
1558500100,4.0,2.25,1930.0,6508.0,2.0,0.0,0.0,3,8,1930.0,0.0,1996,0.0,98019,47.7458,-121.977,2170.0,6548.0,2014-09-16,360000.0
2887950110,3.0,2.5,1820.0,6785.0,1.0,0.0,0.0,3,7,1420.0,400.0,1994,0.0,98092,47.3201,-122.177,1710.0,6055.0,2014-11-06,245000.0
6852700412,3.0,3.5,1560.0,1490.0,2.0,0.0,0.0,3,8,1240.0,320.0,1995,0.0,98102,47.6248,-122.319,1560.0,1662.0,2014-09-19,625000.0
1798000100,5.0,3.0,2170.0,2440.0,1.5,0.0,0.0,4,8,1450.0,720.0,1911,0.0,98115,47.6724,-122.317,2070.0,4000.0,2014-05-29,750500.0
9516500100,3.0,1.75,1600.0,9579.0,1.0,0.0,0.0,3,8,1180.0,420.0,1977,0.0,98072,47.7662,-122.159,1750.0,9829.0,2015-04-18,525000.0
203400090,4.0,3.5,3760.0,57063.0,2.0,0.0,0.0,3,9,2950.0,810.0,1998,0.0,98053,47.6328,-121.964,2870.0,28945.0,2014-07-29,740000.0
4036800805,3.0,1.5,1240.0,7735.0,1.0,0.0,0.0,4,7,1240.0,0.0,1957,0.0,98008,47.601,-122.122,1260.0,7500.0,2014-05-13,523000.0
7129302615,3.0,1.75,1090.0,4500.0,1.5,0.0,0.0,5,8,1090.0,0.0,1929,0.0,98118,47.5157,-122.256,1640.0,5225.0,2015-03-04,292000.0
7278700100,4.0,2.5,2740.0,9599.0,1.0,0.0,2.0,3,8,1820.0,920.0,1961,0.0,98177,47.7728,-122.385,2660.0,8280.0,2015-01-21,625000.0
7852070090,3.0,2.5,3110.0,11727.0,2.0,0.0,2.0,3,9,3110.0,0.0,2002,0.0,98065,47.5445,-121.871,4240.0,13353.0,2015-01-16,700000.0
1250200552,3.0,2.5,1610.0,1320.0,2.0,0.0,0.0,3,7,1280.0,330.0,2007,0.0,98144,47.6,-122.298,1480.0,1602.0,2015-03-12,399950.0
9126100608,4.0,3.5,1880.0,1341.0,3.0,0.0,0.0,3,8,1650.0,230.0,2007,0.0,98122,47.6053,-122.306,1740.0,1883.0,2015-02-25,545000.0
396100025,4.0,2.0,1740.0,6369.0,1.0,0.0,0.0,5,6,870.0,870.0,1954,0.0,98133,47.7461,-122.332,1560.0,7200.0,2014-08-07,339999.0
9184700600,4.0,2.25,3270.0,6000.0,2.0,0.0,0.0,5,8,2180.0,1090.0,1909,0.0,98122,47.6101,-122.286,2880.0,6000.0,2014-12-01,1210000.0
4221250090,3.0,2.5,1990.0,5149.0,2.0,0.0,0.0,3,8,1990.0,0.0,2003,0.0,98075,47.5895,-122.019,2280.0,4506.0,2014-11-13,545000.0
8731901810,4.0,1.75,1960.0,8400.0,1.0,0.0,0.0,4,8,1960.0,0.0,1967,0.0,98023,47.3111,-122.379,2080.0,8400.0,2015-03-09,260000.0
7977201707,3.0,1.75,1680.0,3420.0,1.0,0.0,0.0,3,7,960.0,720.0,1992,0.0,98115,47.6854,-122.291,1680.0,4080.0,2014-05-23,526000.0
3260350090,4.0,3.0,2910.0,8540.0,2.0,0.0,0.0,3,9,2910.0,0.0,2003,0.0,98059,47.5223,-122.156,3040.0,6091.0,2014-11-12,701000.0
7399300850,3.0,2.25,1500.0,7482.0,1.0,0.0,0.0,4,7,1210.0,290.0,1968,0.0,98055,47.4619,-122.187,1480.0,7308.0,2014-10-03,290000.0
461002551,1.0,1.0,580.0,1799.0,1.0,0.0,0.0,3,7,580.0,0.0,1908,20050.0,98117,47.6829,-122.375,1260.0,4000.0,2014-10-04,330600.0
9158100090,3.0,1.75,2540.0,8280.0,1.0,0.0,0.0,3,7,1270.0,1270.0,1949,0.0,98177,47.7219,-122.358,1950.0,8280.0,2015-04-27,550500.0
9358002305,2.0,1.0,950.0,6426.0,1.0,,0.0,3,7,950.0,0.0,1949,0.0,98126,47.5653,-122.37,1360.0,2550.0,2015-03-13,430000.0
6447300265,4.0,5.5,7080.0,16573.0,2.0,0.0,0.0,3,12,5760.0,1320.0,2008,0.0,98039,47.6151,-122.224,3140.0,15996.0,2014-10-14,4000000.0
2235000015,2.0,1.0,810.0,4560.0,1.0,0.0,0.0,3,7,810.0,0.0,1928,0.0,98126,47.5425,-122.376,1490.0,4560.0,2014-08-04,260600.0
9523104345,5.0,3.0,4080.0,7500.0,2.0,0.0,2.0,4,8,2720.0,1360.0,1961,0.0,98103,47.6722,-122.349,2000.0,4545.0,2014-12-18,825000.0
6139100056,4.0,2.0,1820.0,8400.0,1.0,0.0,0.0,5,7,1300.0,520.0,1956,0.0,98155,47.7615,-122.329,1700.0,9450.0,2014-10-23,378950.0
808300090,4.0,2.5,2650.0,9065.0,2.0,0.0,0.0,3,7,2650.0,0.0,2000,0.0,98019,47.7258,-121.959,2590.0,13218.0,2015-01-16,435000.0
8077100031,3.0,2.25,1670.0,1396.0,2.0,0.0,0.0,3,9,1250.0,420.0,2015,0.0,98115,47.6814,-122.288,1610.0,5191.0,2015-04-22,631000.0
1402650110,3.0,2.5,2480.0,8342.0,2.0,0.0,0.0,3,8,2480.0,0.0,1986,0.0,98058,47.4381,-122.134,2300.0,8303.0,2014-05-18,415000.0
7985000100,3.0,1.75,1240.0,7560.0,1.0,0.0,0.0,3,8,1070.0,170.0,1967,0.0,98003,47.333,-122.3,1650.0,7560.0,2014-10-21,222000.0
1796350690,3.0,2.0,1390.0,8250.0,1.0,0.0,0.0,3,7,1390.0,0.0,1987,0.0,98042,47.3707,-122.094,1390.0,7875.0,2014-08-20,245000.0
7504110110,3.0,2.5,2880.0,10126.0,2.0,0.0,0.0,4,10,2880.0,0.0,1985,0.0,98074,47.6319,-122.037,2960.0,10514.0,2015-03-25,720000.0
4324500490,3.0,1.0,1060.0,9954.0,1.0,0.0,0.0,4,7,1060.0,0.0,1960,0.0,98032,47.3801,-122.289,1620.0,8760.0,2014-12-23,215000.0
1257202120,2.0,1.0,1070.0,2754.0,1.0,0.0,0.0,3,7,830.0,240.0,1924,0.0,98103,47.6755,-122.331,1760.0,4080.0,2014-10-30,579100.0
3987700115,4.0,1.75,1640.0,9299.0,1.5,0.0,0.0,4,7,870.0,770.0,1943,0.0,98056,47.5334,-122.168,2460.0,14326.0,2014-07-28,522500.0
9137101353,3.0,2.0,1510.0,3000.0,1.0,0.0,0.0,4,7,910.0,600.0,1972,0.0,98115,47.6804,-122.319,1620.0,4000.0,2014-09-19,489000.0
3298701066,3.0,1.0,1230.0,2353.0,1.5,0.0,0.0,4,6,1230.0,0.0,1925,0.0,98106,47.5177,-122.354,1280.0,1572.0,2015-05-06,240000.0
8682290100,3.0,2.0,1510.0,3657.0,1.0,0.0,0.0,3,8,1510.0,0.0,2007,0.0,98053,47.7225,-122.029,1510.0,3657.0,2015-04-21,420250.0
4055700778,4.0,2.5,3180.0,20870.0,2.0,0.0,0.0,3,8,2120.0,1060.0,1967,0.0,98034,47.7176,-122.241,2700.0,14190.0,2014-11-14,523000.0
438000025,4.0,2.0,2260.0,6000.0,1.0,0.0,0.0,3,8,1430.0,830.0,1958,0.0,98115,47.6876,-122.298,2030.0,5874.0,2014-05-13,628000.0
2474400300,4.0,2.5,1920.0,7277.0,2.0,0.0,0.0,4,8,1920.0,0.0,1990,0.0,98031,47.4058,-122.192,2300.0,7645.0,2015-05-06,320000.0
87000283,3.0,2.5,1980.0,7800.0,2.0,0.0,0.0,3,8,1980.0,0.0,1999,0.0,98055,47.4492,-122.199,1700.0,20580.0,2014-11-18,359950.0
2946001645,2.0,1.0,1200.0,8063.0,1.0,0.0,0.0,4,6,1200.0,0.0,1958,0.0,98198,47.4204,-122.324,1200.0,7500.0,2014-05-05,232000.0
9294300495,4.0,2.25,2020.0,5600.0,1.0,0.0,2.0,4,8,1210.0,810.0,1961,0.0,98115,47.6821,-122.267,2660.0,6050.0,2014-11-14,810000.0
492000475,4.0,1.5,2010.0,7561.0,1.5,0.0,0.0,4,7,1890.0,120.0,1921,0.0,98002,47.311,-122.227,1420.0,6564.0,2014-12-11,245000.0
3876540600,3.0,2.25,1930.0,8192.0,1.0,0.0,0.0,3,7,1470.0,460.0,1984,0.0,98003,47.2624,-122.299,1510.0,8192.0,2015-05-07,273000.0
4122500100,5.0,2.5,2710.0,14989.0,1.0,0.0,0.0,3,8,1720.0,990.0,1959,0.0,98004,47.6411,-122.207,3180.0,16624.0,2015-02-11,1190000.0
2461900945,5.0,1.0,1950.0,6250.0,1.5,0.0,0.0,4,7,1450.0,,1917,0.0,98136,47.5511,-122.386,1950.0,6250.0,2015-04-21,438000.0
7221400495,3.0,1.75,2110.0,19600.0,1.0,0.0,0.0,4,8,2110.0,,1959,0.0,98055,47.4742,-122.198,880.0,10077.0,2014-07-17,400000.0
2349300090,3.0,1.0,1250.0,4800.0,1.0,0.0,0.0,4,7,1250.0,0.0,1951,0.0,98126,47.5517,-122.381,1404.0,4800.0,2014-05-16,340000.0
9523100459,2.0,2.5,1380.0,951.0,3.0,,0.0,3,9,1380.0,0.0,2006,0.0,98103,47.6654,-122.355,1430.0,3400.0,2014-06-09,552000.0
3856904580,3.0,1.75,2050.0,4080.0,2.0,0.0,0.0,3,8,2050.0,0.0,1991,0.0,98105,47.6698,-122.325,1890.0,4080.0,2014-11-25,790000.0
7345600755,3.0,1.5,1800.0,22000.0,2.0,0.0,0.0,3,8,1800.0,0.0,1931,0.0,98168,47.4889,-122.286,1440.0,16640.0,2014-07-07,360000.0
798000457,3.0,1.0,1310.0,15022.0,1.0,0.0,0.0,3,7,1310.0,0.0,1934,19840.0,98168,47.5008,-122.332,1530.0,13154.0,2015-03-02,235000.0
7986400945,2.0,1.0,1010.0,3600.0,1.0,0.0,0.0,3,7,1010.0,0.0,1913,0.0,98107,47.6641,-122.357,1540.0,3600.0,2014-10-10,775000.0
395300100,3.0,2.75,1850.0,9600.0,1.5,0.0,0.0,5,7,1850.0,0.0,1965,0.0,98034,47.7259,-122.226,1250.0,10500.0,2014-05-14,489200.0
2473510090,3.0,2.25,1750.0,8900.0,2.0,0.0,0.0,4,8,1750.0,,1977,0.0,98058,47.4451,-122.136,1680.0,7910.0,2014-07-29,341000.0
1329300300,4.0,2.5,2154.0,6050.0,2.0,0.0,0.0,3,8,2154.0,0.0,2012,0.0,98030,47.3513,-122.174,2305.0,5769.0,2014-10-01,335000.0
952007069,3.0,1.75,1230.0,1441.0,2.0,0.0,0.0,3,8,1010.0,220.0,2004,0.0,98116,47.5626,-122.382,1170.0,1942.0,2015-01-21,393500.0
8073000265,3.0,2.0,1960.0,8846.0,1.0,0.0,3.0,4,6,980.0,980.0,1940,0.0,98178,47.5101,-122.246,2190.0,6363.0,2014-09-18,360000.0
952004745,4.0,1.0,1070.0,5750.0,1.0,0.0,0.0,3,6,870.0,200.0,1923,0.0,98126,47.564,-122.379,1270.0,5750.0,2015-03-04,400800.0
1376800115,3.0,1.0,1450.0,5378.0,1.0,0.0,0.0,3,7,1190.0,260.0,1939,0.0,98199,47.6436,-122.405,1810.0,5559.0,2014-11-03,585000.0
6613000750,4.0,2.75,3680.0,5000.0,2.0,0.0,3.0,3,9,2480.0,1200.0,1936,0.0,98105,47.6599,-122.269,3200.0,5000.0,2014-10-01,1600000.0
2303900090,4.0,2.5,5760.0,32033.0,2.0,0.0,4.0,4,12,4390.0,1370.0,1994,0.0,98177,47.7288,-122.37,3420.0,28475.0,2014-07-29,2880000.0
6713700025,3.0,1.0,1220.0,13000.0,1.0,0.0,0.0,4,7,1220.0,0.0,1955,0.0,98133,47.7608,-122.353,1510.0,12600.0,2014-05-15,300000.0
4083304535,4.0,2.75,2950.0,4560.0,2.0,0.0,0.0,5,7,1810.0,1140.0,1912,0.0,98103,47.6525,-122.333,2000.0,4560.0,2014-11-14,1050000.0
3626039403,3.0,1.5,1340.0,1110.0,2.0,0.0,0.0,3,7,1040.0,300.0,1999,0.0,98117,47.698,-122.366,1220.0,1110.0,2014-09-22,360000.0
254000100,4.0,2.25,2870.0,5453.0,2.0,0.0,1.0,4,8,2220.0,650.0,1926,0.0,98146,47.5129,-122.388,1660.0,4800.0,2014-06-20,665900.0
2724049076,4.0,1.0,2590.0,18224.0,1.5,0.0,0.0,4,7,2000.0,590.0,1911,0.0,98118,47.5318,-122.286,1800.0,7080.0,2014-08-22,470000.0
8562500690,4.0,1.75,2090.0,8164.0,1.0,0.0,0.0,4,8,1070.0,1020.0,1963,0.0,98052,47.6715,-122.155,1310.0,7975.0,2014-05-13,581000.0
3834500195,6.0,3.5,3000.0,8401.0,1.0,0.0,0.0,3,8,1500.0,1500.0,1979,0.0,98125,47.7226,-122.299,1400.0,8403.0,2014-07-07,527000.0
2207100405,4.0,1.75,1730.0,7245.0,1.0,0.0,0.0,4,7,880.0,,1955,0.0,98007,47.5995,-122.144,1550.0,7245.0,2015-05-06,423000.0
9482700475,4.0,3.5,2850.0,4416.0,1.5,0.0,0.0,3,7,2040.0,810.0,1926,0.0,98103,47.6835,-122.342,1860.0,4416.0,2014-09-27,875000.0
7905200386,3.0,1.0,1020.0,6903.0,1.0,0.0,0.0,3,7,1020.0,0.0,1951,0.0,98116,47.571,-122.392,1440.0,6678.0,2014-07-29,410000.0
8680500090,3.0,2.5,2200.0,6005.0,2.0,0.0,0.0,3,9,2200.0,0.0,1997,0.0,98072,47.7408,-122.169,2320.0,6098.0,2015-03-16,606000.0
3424089119,3.0,2.5,3240.0,60840.0,2.0,0.0,0.0,3,7,3240.0,0.0,1997,0.0,98045,47.5192,-121.764,2570.0,204732.0,2015-05-01,654000.0
1437500015,3.0,0.75,490.0,38500.0,1.5,0.0,0.0,4,5,490.0,0.0,1959,0.0,98014,47.7112,-121.315,800.0,18297.0,2014-07-09,150000.0
3298700110,3.0,2.5,2990.0,6771.0,1.0,0.0,0.0,3,7,1550.0,1440.0,2003,0.0,98106,47.5237,-122.353,1800.0,6771.0,2014-11-09,373000.0
6300000337,5.0,2.0,2450.0,9488.0,1.0,0.0,0.0,4,7,1240.0,1210.0,1900,19550.0,98133,47.7056,-122.34,1310.0,5693.0,2014-05-29,550000.0
8561200110,3.0,2.5,1900.0,7604.0,2.0,0.0,0.0,3,8,1900.0,0.0,1990,0.0,98033,47.7002,-122.188,1980.0,9583.0,2014-05-21,512500.0
2781250110,4.0,2.5,2640.0,7388.0,2.0,0.0,0.0,3,7,2640.0,0.0,2003,0.0,98038,47.3505,-122.027,2640.0,6383.0,2015-04-28,360000.0
4442800008,3.0,2.0,1340.0,1480.0,3.0,,0.0,3,8,1340.0,0.0,1997,0.0,98117,47.6904,-122.393,1340.0,1321.0,2014-09-26,369000.0
2619920110,4.0,2.5,3220.0,5262.0,2.0,0.0,0.0,3,9,3220.0,0.0,2003,0.0,98033,47.6878,-122.162,3220.0,4921.0,2014-12-30,825000.0
7334501130,3.0,2.0,930.0,11475.0,1.0,0.0,0.0,3,7,930.0,0.0,1978,0.0,98045,47.4644,-121.745,1280.0,11250.0,2014-12-01,255000.0
9471200115,4.0,2.5,3240.0,10800.0,1.0,0.0,0.0,3,10,2260.0,980.0,1946,0.0,98105,47.6709,-122.262,3490.0,10800.0,2014-05-28,1290000.0
2597500090,5.0,2.5,2630.0,8470.0,1.5,0.0,0.0,4,8,2630.0,0.0,1968,0.0,98002,47.2863,-122.196,1780.0,8575.0,2014-08-08,270000.0
8665050490,3.0,2.5,1730.0,4924.0,2.0,0.0,0.0,3,8,1730.0,0.0,1996,0.0,98029,47.5672,-122.005,1610.0,4313.0,2014-09-24,480680.0
1736800740,4.0,1.75,2120.0,7725.0,1.0,0.0,0.0,3,8,1220.0,900.0,1965,0.0,98007,47.6003,-122.144,2160.0,7725.0,2015-03-03,525000.0
6163901751,3.0,1.0,880.0,9238.0,1.5,0.0,0.0,5,6,880.0,0.0,1946,0.0,98155,47.7494,-122.319,1170.0,9238.0,2014-06-23,291500.0
2323059184,4.0,2.0,1800.0,13551.0,1.0,0.0,0.0,4,7,1800.0,0.0,1974,0.0,98059,47.4721,-122.128,1730.0,13551.0,2014-12-30,305000.0
7349650490,3.0,1.75,1600.0,7500.0,1.0,0.0,0.0,3,7,1600.0,0.0,1998,0.0,98002,47.2831,-122.199,1620.0,7461.0,2015-05-07,285000.0
1025039086,3.0,2.5,3280.0,29111.0,2.0,1.0,3.0,3,11,3280.0,0.0,1925,0.0,98199,47.6699,-122.416,3530.0,21074.0,2014-09-16,1880000.0
274100090,5.0,1.75,3290.0,8000.0,1.0,0.0,0.0,3,7,1790.0,1500.0,1968,0.0,98030,47.3733,-122.214,2380.0,7000.0,2015-01-08,329500.0
3342104046,4.0,2.25,2890.0,18226.0,3.0,1.0,4.0,3,10,2890.0,0.0,1984,0.0,98056,47.5169,-122.209,2870.0,11151.0,2014-07-08,1570000.0
7893801862,3.0,2.5,1730.0,7202.0,1.0,0.0,0.0,3,7,1330.0,400.0,1991,0.0,98198,47.4099,-122.329,2100.0,8125.0,2014-08-11,379260.0
7852060490,3.0,2.5,1590.0,3411.0,2.0,0.0,0.0,3,7,1590.0,0.0,2000,0.0,98065,47.5303,-121.878,1590.0,3411.0,2014-07-09,356000.0
7923300115,4.0,1.75,1710.0,8947.0,1.0,0.0,0.0,4,7,1710.0,0.0,1956,0.0,98007,47.5947,-122.135,1360.0,10133.0,2014-12-01,571900.0
2868300115,3.0,1.75,1995.0,18360.0,2.0,0.0,0.0,3,7,1995.0,0.0,1957,0.0,98198,47.4129,-122.322,1980.0,13640.0,2014-08-21,271500.0
9477001270,3.0,1.75,1300.0,10030.0,1.0,0.0,0.0,4,7,1300.0,0.0,1967,0.0,98034,47.7359,-122.192,1520.0,7713.0,2015-03-16,390000.0
522069119,3.0,2.5,2720.0,62310.0,1.0,0.0,0.0,3,8,2040.0,680.0,1985,0.0,98038,47.4168,-122.074,2770.0,204296.0,2015-05-12,550000.0
2025049175,2.0,2.5,1360.0,2070.0,2.0,0.0,0.0,3,8,1360.0,0.0,1999,0.0,98102,47.6423,-122.329,1920.0,2092.0,2015-01-05,755000.0
2771604226,2.0,2.5,1590.0,1485.0,2.0,0.0,0.0,3,8,1300.0,290.0,1994,0.0,98199,47.6375,-122.387,1880.0,3675.0,2014-11-18,509500.0
2917200615,2.0,1.0,1200.0,6278.0,1.0,0.0,0.0,3,7,1080.0,120.0,1942,0.0,98103,47.7001,-122.351,1200.0,6211.0,2015-03-25,486700.0
9551201295,2.0,1.0,1170.0,3000.0,1.5,0.0,0.0,3,7,1170.0,0.0,1910,0.0,98103,47.6697,-122.338,1530.0,4000.0,2014-07-28,527500.0
7443000985,5.0,2.5,2010.0,3600.0,1.5,0.0,0.0,3,6,1510.0,500.0,1912,0.0,98119,47.6522,-122.366,1780.0,3600.0,2014-08-15,475000.0
3395041194,3.0,2.75,1880.0,1793.0,2.0,0.0,0.0,3,7,1810.0,70.0,2001,0.0,98108,47.5405,-122.293,1800.0,2537.0,2014-08-27,268000.0
1024069162,3.0,2.0,3250.0,50529.0,2.0,0.0,0.0,4,8,3250.0,0.0,1978,0.0,98075,47.5849,-122.016,2370.0,47480.0,2015-04-16,562000.0
5452800735,4.0,2.5,2270.0,13449.0,1.0,0.0,0.0,4,9,1310.0,960.0,1975,0.0,98040,47.5416,-122.232,2810.0,13475.0,2014-07-22,780000.0
2902200015,9.0,3.0,3680.0,4400.0,2.0,0.0,0.0,3,7,2830.0,850.0,1908,0.0,98102,47.6374,-122.324,1960.0,2450.0,2015-01-06,700000.0
1698900195,3.0,2.0,1880.0,3000.0,1.0,0.0,0.0,4,8,1040.0,840.0,1931,0.0,98109,47.6418,-122.351,1790.0,3000.0,2014-09-02,710000.0
442000015,3.0,1.0,1050.0,5664.0,1.0,0.0,0.0,4,7,910.0,140.0,1947,0.0,98115,47.6897,-122.285,1500.0,5664.0,2014-06-12,445000.0
222069058,3.0,3.25,2250.0,60548.0,1.0,0.0,0.0,3,9,2250.0,0.0,2005,0.0,98038,47.4246,-122.014,2760.0,84070.0,2014-09-15,729000.0
2926049449,3.0,3.25,1689.0,1388.0,3.0,0.0,0.0,3,8,1689.0,0.0,2008,0.0,98125,47.7174,-122.317,1459.0,1384.0,2014-06-18,384400.0
6071800100,6.0,3.0,2860.0,17853.0,1.0,0.0,0.0,3,8,1430.0,1430.0,1962,20150.0,98006,47.546,-122.175,1920.0,13452.0,2015-03-27,815000.0
4003000110,4.0,2.5,2710.0,4069.0,3.0,0.0,0.0,4,10,2710.0,0.0,1990,0.0,98122,47.604,-122.288,1810.0,3586.0,2014-10-29,865000.0
925059198,3.0,2.0,1770.0,7200.0,1.0,0.0,0.0,4,7,1770.0,0.0,1967,0.0,98033,47.6642,-122.173,2250.0,11250.0,2014-08-28,514000.0
6072700110,4.0,2.75,2820.0,13193.0,1.0,,0.0,3,8,1860.0,960.0,1965,0.0,98006,47.5579,-122.174,2580.0,13193.0,2014-05-20,615000.0
1926069143,4.0,3.25,3400.0,99170.0,1.0,0.0,0.0,4,8,2000.0,1400.0,1980,0.0,98072,47.7293,-122.099,3460.0,47920.0,2014-10-16,865000.0
2871000300,4.0,2.5,3110.0,6930.0,2.0,0.0,0.0,3,9,3110.0,0.0,2004,0.0,98052,47.7011,-122.112,3090.0,7000.0,2014-10-13,755000.0
6163900301,4.0,1.0,1480.0,8321.0,1.0,0.0,0.0,3,7,1080.0,400.0,1953,0.0,98155,47.7629,-122.318,1580.0,8502.0,2015-04-27,425000.0
4318200090,2.0,1.0,940.0,9839.0,1.0,0.0,0.0,3,6,940.0,0.0,1910,0.0,98136,47.5379,-122.386,1330.0,8740.0,2014-06-18,375000.0
9526600090,4.0,2.5,2680.0,4548.0,2.0,0.0,0.0,3,8,2680.0,0.0,2009,0.0,98052,47.7073,-122.114,2750.0,4548.0,2015-04-24,750000.0
629420100,4.0,2.75,3190.0,5408.0,2.0,0.0,0.0,3,9,3190.0,0.0,2005,0.0,98075,47.5903,-121.988,3160.0,5773.0,2014-09-26,722000.0
6905200215,3.0,2.5,1920.0,4480.0,2.0,0.0,1.0,3,9,1920.0,0.0,1949,19970.0,98119,47.6472,-122.373,1790.0,4500.0,2015-03-31,1010000.0
7202430110,3.0,2.5,2610.0,7510.0,2.0,0.0,0.0,3,9,2610.0,0.0,1996,0.0,98052,47.6648,-122.137,2610.0,8458.0,2014-06-25,725000.0
87000245,3.0,0.75,1040.0,42180.0,1.0,0.0,0.0,2,6,1040.0,0.0,1947,0.0,98055,47.4518,-122.199,1270.0,24090.0,2014-09-30,170000.0
6667400090,4.0,3.25,2880.0,35315.0,1.0,0.0,0.0,3,11,2270.0,610.0,1982,0.0,98005,47.6587,-122.163,1910.0,167378.0,2015-05-01,845000.0
6802200100,3.0,2.0,1450.0,8771.0,2.0,0.0,0.0,4,7,1450.0,0.0,1991,0.0,98022,47.1947,-121.989,1450.0,8653.0,2015-01-15,271900.0
913000315,6.0,4.5,3902.0,3880.0,3.0,0.0,4.0,4,9,2782.0,1120.0,1977,0.0,98116,47.5837,-122.399,1100.0,3870.0,2014-06-05,1300000.0
8732030490,4.0,2.5,2460.0,7800.0,1.0,0.0,0.0,3,8,1500.0,960.0,1977,0.0,98023,47.3081,-122.384,2210.0,7800.0,2014-12-22,261500.0
3629920600,3.0,2.5,2170.0,5000.0,2.0,,0.0,3,9,2170.0,0.0,2003,0.0,98029,47.5458,-121.996,2170.0,5000.0,2014-05-16,619500.0
1524079156,5.0,2.25,1970.0,15247.0,1.0,0.0,0.0,3,7,1450.0,520.0,1986,0.0,98024,47.5669,-121.905,1300.0,10800.0,2014-06-10,435000.0
6450301690,3.0,1.0,1000.0,5454.0,1.0,0.0,0.0,3,7,1000.0,0.0,1954,0.0,98133,47.7339,-122.337,1320.0,5250.0,2014-10-03,210000.0
5309101050,3.0,2.0,1580.0,4010.0,1.0,0.0,0.0,4,7,790.0,790.0,1909,0.0,98117,47.6769,-122.371,1350.0,5350.0,2014-11-26,489950.0
8857600820,4.0,1.5,2130.0,8800.0,1.0,0.0,0.0,3,7,1100.0,1030.0,1962,0.0,98032,47.383,-122.288,1480.0,8120.0,2014-05-08,260000.0
3500100025,4.0,1.0,1370.0,8499.0,1.0,0.0,0.0,3,7,1370.0,0.0,1949,0.0,98155,47.736,-122.301,1370.0,8187.0,2014-06-28,300000.0
5152100110,4.0,2.0,2150.0,14161.0,1.0,0.0,2.0,3,8,1330.0,820.0,1966,0.0,98003,47.3376,-122.323,2310.0,14034.0,2015-04-22,530000.0
3298600850,3.0,1.75,1370.0,14030.0,1.0,0.0,0.0,4,8,1370.0,0.0,1977,0.0,98092,47.2969,-122.163,2100.0,15260.0,2014-12-16,235000.0
3856902250,3.0,1.0,1370.0,4000.0,2.0,0.0,0.0,4,8,1370.0,0.0,1918,0.0,98105,47.6711,-122.324,1370.0,4000.0,2015-01-05,593500.0
8887001140,3.0,3.0,3290.0,80471.0,2.0,0.0,2.0,4,8,2330.0,960.0,1975,0.0,98070,47.504,-122.464,1830.0,30494.0,2014-07-23,562000.0
2621069066,3.0,2.0,3190.0,207346.0,2.0,0.0,0.0,3,9,3190.0,0.0,1994,0.0,98022,47.2737,-122.015,2930.0,206474.0,2015-04-27,585000.0
251620090,4.0,3.25,4140.0,20734.0,1.0,,1.0,3,10,3300.0,840.0,1977,20050.0,98004,47.6344,-122.215,4020.0,20008.0,2014-05-30,2400000.0
3546000090,3.0,1.75,1690.0,8901.0,1.0,0.0,0.0,3,7,1690.0,0.0,1986,0.0,98030,47.3546,-122.176,1690.0,7532.0,2015-02-24,199500.0
3359500755,5.0,1.0,1690.0,3240.0,1.5,,0.0,3,7,1690.0,0.0,1914,0.0,98115,47.6746,-122.325,1230.0,4500.0,2014-09-02,544500.0
3579800485,3.0,1.0,1430.0,13370.0,1.0,0.0,0.0,3,7,1430.0,0.0,1962,0.0,98034,47.7317,-122.241,1670.0,10075.0,2015-02-18,394900.0
2919201335,4.0,3.75,1980.0,4095.0,2.0,0.0,0.0,3,9,1980.0,0.0,2009,0.0,98103,47.6901,-122.356,1480.0,3840.0,2014-07-31,912000.0
1796370930,3.0,2.5,1490.0,8102.0,2.0,0.0,0.0,4,7,1490.0,0.0,1990,0.0,98042,47.3712,-122.092,1640.0,7943.0,2014-07-10,260000.0
3864000090,5.0,3.0,3620.0,12778.0,1.0,0.0,2.0,5,8,1900.0,1720.0,1964,0.0,98006,47.5512,-122.191,2930.0,10669.0,2015-02-19,858000.0
8651100110,4.0,2.5,2720.0,16454.0,1.0,0.0,1.0,5,9,1870.0,850.0,1963,0.0,98040,47.5489,-122.216,3560.0,15993.0,2014-12-09,1280000.0
8731730590,4.0,1.75,1490.0,8544.0,1.0,0.0,0.0,4,7,1490.0,0.0,1970,0.0,98031,47.3894,-122.166,1180.0,8372.0,2015-05-13,242150.0
1761100300,3.0,1.75,1230.0,7200.0,1.0,0.0,0.0,3,7,1230.0,0.0,1986,0.0,98023,47.2881,-122.363,1540.0,7210.0,2014-10-30,220000.0
9542800820,3.0,2.0,1900.0,7980.0,1.0,0.0,0.0,4,7,1340.0,560.0,1977,0.0,98023,47.305,-122.373,1690.0,7840.0,2015-04-30,235000.0
2644900110,3.0,1.75,1530.0,10300.0,1.0,,0.0,4,7,1530.0,0.0,1978,0.0,98133,47.7767,-122.356,1940.0,9883.0,2014-10-21,370000.0
1626069198,3.0,1.75,2290.0,44866.0,1.0,0.0,0.0,3,8,1390.0,900.0,1981,0.0,98077,47.7398,-122.041,2410.0,44866.0,2014-10-03,450000.0
5101408593,5.0,1.5,2240.0,6337.0,1.0,,0.0,3,8,1280.0,960.0,1956,0.0,98125,47.7046,-122.316,1870.0,6380.0,2014-07-11,534950.0
7853270100,4.0,2.5,3470.0,14271.0,2.0,0.0,0.0,3,9,3470.0,0.0,2005,0.0,98065,47.5423,-121.877,3450.0,9380.0,2015-03-15,730000.0
3308030100,4.0,2.5,3050.0,32450.0,1.0,0.0,0.0,4,8,1550.0,1500.0,1983,0.0,98030,47.3626,-122.209,2350.0,15390.0,2014-09-25,465000.0
1330280100,3.0,1.0,1100.0,5734.0,1.0,0.0,0.0,4,7,1100.0,0.0,1955,0.0,98030,47.3632,-122.174,1770.0,6050.0,2014-08-01,178000.0
2212200090,3.0,1.0,1610.0,7140.0,1.0,0.0,0.0,3,7,1080.0,530.0,1976,0.0,98031,47.3943,-122.189,1800.0,7600.0,2015-02-09,215000.0
9264921140,3.0,2.75,1910.0,15508.0,1.0,0.0,0.0,3,8,1210.0,700.0,1984,0.0,98023,47.3128,-122.345,2450.0,7989.0,2015-03-12,300000.0
8902000068,3.0,2.0,1510.0,7066.0,1.0,0.0,2.0,3,7,1230.0,280.0,1973,0.0,98125,47.7053,-122.303,1950.0,8089.0,2014-05-15,430000.0
7338000850,3.0,1.5,1280.0,4366.0,2.0,0.0,0.0,4,6,1280.0,0.0,1985,0.0,98002,47.335,-122.215,1280.0,4366.0,2014-07-31,183000.0
2770600853,3.0,2.5,1910.0,1501.0,2.5,0.0,0.0,3,8,1530.0,380.0,2007,0.0,98199,47.6441,-122.385,1760.0,1750.0,2014-06-12,585000.0
4239400740,3.0,1.0,1170.0,3330.0,2.0,0.0,0.0,4,6,1170.0,0.0,1969,0.0,98092,47.3155,-122.182,1090.0,3330.0,2014-07-16,192950.0
6184700100,2.0,1.0,1550.0,7713.0,1.0,0.0,0.0,3,7,1550.0,0.0,1930,19790.0,98117,47.7005,-122.358,1340.0,6350.0,2014-09-26,599000.0
3157600615,3.0,1.0,1060.0,7920.0,1.0,0.0,0.0,4,7,1060.0,0.0,1968,0.0,98106,47.5649,-122.358,1060.0,7457.0,2014-07-08,326500.0
6145601810,2.0,1.0,1040.0,5765.0,1.0,0.0,0.0,3,7,1040.0,0.0,1944,0.0,98133,47.7024,-122.346,1040.0,3844.0,2014-07-18,358803.0
1235700042,3.0,2.5,1550.0,12920.0,2.0,0.0,0.0,5,7,1550.0,0.0,1999,0.0,98033,47.6973,-122.194,2610.0,10800.0,2014-05-28,537000.0
7781600025,3.0,2.5,2490.0,24691.0,1.0,1.0,4.0,4,9,1580.0,910.0,1961,0.0,98146,47.488,-122.364,2800.0,24121.0,2014-10-23,1160000.0
7116500705,2.0,1.0,920.0,5889.0,1.0,0.0,0.0,4,6,920.0,0.0,1950,0.0,98002,47.3012,-122.218,1210.0,6180.0,2015-01-29,156000.0
2320069206,3.0,1.0,1250.0,8276.0,1.5,0.0,0.0,5,6,1250.0,0.0,1939,0.0,98022,47.2092,-121.997,1250.0,8792.0,2015-03-25,219000.0
1794501390,3.0,1.5,2540.0,2700.0,2.0,0.0,0.0,4,8,1630.0,910.0,1922,0.0,98119,47.637,-122.361,2520.0,5400.0,2015-05-01,1190000.0
2122059160,5.0,1.75,2190.0,16788.0,1.0,0.0,2.0,3,8,1380.0,810.0,1978,0.0,98030,47.3764,-122.176,1920.0,8366.0,2015-04-27,248000.0
2421069039,3.0,1.75,1340.0,196020.0,1.0,0.0,0.0,4,7,1340.0,0.0,1987,0.0,98010,47.2931,-121.992,2250.0,232230.0,2015-02-09,340000.0
5452800495,5.0,2.5,2410.0,15300.0,1.0,0.0,0.0,4,8,1400.0,1010.0,1975,0.0,98040,47.5416,-122.231,2440.0,15300.0,2015-04-22,899100.0
4024100961,3.0,1.75,1830.0,10954.0,1.0,0.0,0.0,3,7,1830.0,0.0,1963,0.0,98155,47.7554,-122.306,1850.0,8624.0,2014-07-28,346950.0
7857001560,3.0,1.0,1850.0,5775.0,2.0,0.0,0.0,3,6,1740.0,110.0,1928,0.0,98108,47.5446,-122.296,1520.0,3578.0,2014-09-17,330000.0
9540100025,3.0,1.0,1410.0,8250.0,1.0,0.0,0.0,3,7,1410.0,0.0,1954,0.0,98177,47.7621,-122.36,1580.0,8250.0,2014-07-31,325000.0
2473410740,3.0,1.75,1460.0,7884.0,1.0,,0.0,3,8,1460.0,0.0,1975,0.0,98058,47.4457,-122.128,2050.0,7210.0,2014-10-27,315000.0
2770604365,3.0,2.5,1500.0,1375.0,2.0,0.0,0.0,3,9,1200.0,300.0,2014,0.0,98119,47.6451,-122.375,1680.0,1627.0,2014-06-23,649950.0
173000025,3.0,1.0,1130.0,7200.0,1.5,0.0,0.0,4,6,1130.0,0.0,1942,0.0,98133,47.7298,-122.355,1350.0,1358.0,2014-08-25,316000.0
7853340490,2.0,2.5,1620.0,3196.0,2.0,0.0,0.0,3,8,1620.0,0.0,2008,0.0,98065,47.5167,-121.878,1750.0,2828.0,2014-06-17,386000.0
239000115,2.0,1.75,2330.0,7280.0,1.0,0.0,0.0,3,7,1450.0,880.0,1982,0.0,98188,47.4282,-122.28,1830.0,12178.0,2015-04-08,535000.0
9528101032,3.0,3.0,1520.0,1800.0,3.0,0.0,0.0,3,7,1520.0,0.0,2003,0.0,98115,47.6822,-122.326,1520.0,1500.0,2015-03-25,600000.0
5416100110,4.0,2.5,2840.0,8746.0,2.0,0.0,0.0,3,8,2840.0,0.0,2001,0.0,98022,47.19,-122.013,2630.0,9900.0,2014-11-18,339000.0
4331000265,3.0,2.0,1520.0,7456.0,1.0,0.0,0.0,3,7,1520.0,0.0,1949,0.0,98166,47.4745,-122.343,1740.0,8464.0,2014-09-26,167000.0
5249803885,3.0,1.0,1740.0,4800.0,1.0,0.0,0.0,3,8,1740.0,0.0,1952,0.0,98118,47.5596,-122.27,1600.0,4800.0,2014-12-15,430000.0
7853301390,4.0,4.0,4000.0,9309.0,2.0,0.0,0.0,3,9,4000.0,0.0,2007,0.0,98065,47.5421,-121.888,3920.0,8048.0,2014-08-21,688000.0
1376800025,3.0,2.25,2780.0,6000.0,1.0,0.0,3.0,4,9,1670.0,1110.0,1948,0.0,98199,47.6442,-122.406,2780.0,6000.0,2014-09-08,834500.0
7639900025,4.0,4.25,3500.0,8750.0,1.0,0.0,4.0,5,9,2140.0,1360.0,1951,0.0,98177,47.7222,-122.367,3110.0,8750.0,2014-06-28,1080000.0
2822059262,3.0,1.0,1060.0,52272.0,1.0,0.0,0.0,3,7,1060.0,0.0,1960,0.0,98030,47.36,-122.178,1900.0,5971.0,2014-12-01,250000.0
8113100850,3.0,1.0,1290.0,4000.0,1.5,0.0,0.0,3,7,1290.0,0.0,1926,0.0,98118,47.5462,-122.277,1160.0,5040.0,2015-04-10,402500.0
565300110,3.0,2.5,2390.0,6435.0,1.0,0.0,0.0,3,8,1600.0,790.0,1978,0.0,98034,47.726,-122.194,2020.0,7300.0,2014-12-16,432500.0
1887000100,5.0,1.75,2460.0,14100.0,1.0,0.0,0.0,3,7,1380.0,1080.0,1972,0.0,98028,47.7452,-122.224,2028.0,11078.0,2014-08-14,485000.0
8731990090,4.0,2.75,2930.0,22000.0,1.0,0.0,3.0,4,9,1580.0,,1978,0.0,98023,47.3227,-122.384,2930.0,9758.0,2014-08-20,560000.0
3432500705,4.0,2.25,2200.0,8292.0,2.0,,0.0,3,7,2200.0,0.0,1990,0.0,98155,47.7456,-122.315,1090.0,8290.0,2014-10-21,410000.0
1015500300,3.0,2.5,1870.0,7344.0,1.0,0.0,0.0,3,8,1470.0,400.0,1980,0.0,98034,47.7265,-122.206,1930.0,7344.0,2014-05-15,455000.0
3972300100,4.0,2.5,2060.0,8968.0,1.0,0.0,0.0,4,7,1190.0,870.0,1975,0.0,98155,47.7686,-122.317,1350.0,8972.0,2014-12-29,459500.0
3876300600,4.0,1.75,1610.0,11305.0,1.0,0.0,0.0,3,7,1610.0,0.0,1968,0.0,98034,47.727,-122.176,1870.0,11850.0,2014-12-12,371000.0
2111010940,3.0,2.25,2120.0,3400.0,2.0,0.0,0.0,3,7,2120.0,0.0,2002,0.0,98092,47.3364,-122.17,2420.0,3400.0,2015-02-20,289500.0
2771102158,3.0,3.5,1450.0,1263.0,2.0,0.0,0.0,3,8,1160.0,290.0,2007,0.0,98199,47.6508,-122.383,1390.0,1282.0,2014-10-21,395000.0
1498304065,2.0,1.0,1980.0,5000.0,1.0,0.0,0.0,4,7,1090.0,890.0,1923,0.0,98144,47.586,-122.295,1720.0,5000.0,2014-06-14,496752.0
6150200375,2.0,1.0,860.0,6800.0,1.0,0.0,0.0,3,6,860.0,0.0,1943,0.0,98133,47.7274,-122.337,1220.0,6800.0,2014-10-01,227000.0
3343901340,3.0,1.75,1460.0,9261.0,1.0,0.0,0.0,3,7,1460.0,0.0,1985,0.0,98056,47.5155,-122.189,1550.0,8800.0,2014-08-04,330000.0
4037800015,5.0,2.0,2590.0,8610.0,1.0,0.0,0.0,4,7,1340.0,1250.0,1958,0.0,98008,47.6112,-122.126,1750.0,8610.0,2015-01-23,480000.0
1626079066,2.0,1.0,1120.0,217800.0,1.0,0.0,0.0,3,6,1120.0,0.0,1976,0.0,98019,47.7378,-121.912,1480.0,217800.0,2014-08-06,290000.0
6200017,3.0,1.0,1340.0,21336.0,1.5,0.0,0.0,4,5,1340.0,0.0,1945,0.0,98032,47.4023,-122.273,1340.0,37703.0,2014-11-12,281000.0
5249805090,4.0,1.5,1780.0,3120.0,1.5,0.0,3.0,3,8,1780.0,0.0,1926,0.0,98118,47.5589,-122.264,1710.0,3600.0,2015-04-07,705000.0
4217401055,4.0,2.5,2920.0,4000.0,1.5,0.0,0.0,5,8,1910.0,1010.0,1909,0.0,98105,47.6578,-122.28,2470.0,4000.0,2014-05-02,1400000.0
7738500475,4.0,3.25,2820.0,6611.0,1.0,0.0,0.0,3,7,1410.0,1410.0,1958,0.0,98155,47.7473,-122.285,2320.0,6611.0,2014-12-12,485000.0
2767603250,3.0,2.25,1550.0,1919.0,3.0,0.0,0.0,3,8,1550.0,0.0,2003,0.0,98107,47.6729,-122.379,1550.0,2918.0,2015-03-09,622000.0
2620069113,3.0,2.25,1600.0,39848.0,1.0,,3.0,4,8,1600.0,0.0,1958,0.0,98022,47.1991,-122.013,1600.0,39848.0,2014-09-02,380000.0
3760500336,4.0,2.75,3190.0,19513.0,2.0,0.0,4.0,4,10,3190.0,0.0,1982,0.0,98034,47.6991,-122.235,2750.0,13496.0,2014-11-26,2130000.0
5101404563,3.0,1.75,1960.0,6380.0,1.0,0.0,0.0,4,7,980.0,980.0,1939,0.0,98115,47.6975,-122.316,1480.0,6380.0,2014-06-27,561500.0
9407000600,3.0,1.0,970.0,9600.0,1.0,0.0,0.0,3,7,970.0,0.0,1972,0.0,98045,47.4451,-121.768,1110.0,9600.0,2014-09-16,242000.0
9353300600,3.0,1.5,1360.0,10726.0,1.0,0.0,0.0,4,7,1360.0,0.0,1966,0.0,98059,47.4948,-122.134,1650.0,10726.0,2014-06-24,348500.0
9353300600,3.0,1.5,1360.0,10726.0,1.0,0.0,0.0,4,7,1360.0,0.0,1966,0.0,98059,47.4948,-122.134,1650.0,10726.0,2015-03-26,370000.0
993000090,6.0,3.75,3810.0,6663.0,2.0,0.0,0.0,4,8,3810.0,0.0,1977,0.0,98103,47.6938,-122.34,1610.0,4561.0,2015-04-14,752000.0
1796361140,3.0,1.75,1340.0,8250.0,1.0,0.0,0.0,3,7,1100.0,240.0,1985,0.0,98042,47.3668,-122.09,1540.0,7860.0,2014-10-31,230000.0
1112000031,3.0,2.25,1990.0,4977.0,3.0,0.0,0.0,3,9,1990.0,0.0,2012,0.0,98118,47.5404,-122.268,1280.0,5000.0,2015-03-18,715000.0
2822049160,3.0,1.75,1120.0,10187.0,1.0,0.0,0.0,3,7,1120.0,0.0,1968,0.0,98198,47.3694,-122.311,1900.0,8736.0,2015-04-17,240415.0
3856904560,4.0,1.75,2060.0,4080.0,1.5,0.0,0.0,3,7,1460.0,600.0,1922,19960.0,98105,47.6698,-122.325,1620.0,4080.0,2014-11-25,562000.0
2492200956,3.0,1.5,1170.0,4080.0,1.0,0.0,0.0,5,6,1170.0,0.0,1917,0.0,98126,47.5338,-122.381,920.0,4242.0,2014-08-05,360000.0
2770604079,3.0,2.5,1610.0,1246.0,2.0,0.0,1.0,3,9,1080.0,530.0,2014,0.0,98119,47.6423,-122.375,1610.0,1249.0,2014-10-29,659950.0
2719100042,3.0,2.0,1890.0,1599.0,2.0,0.0,0.0,3,9,1430.0,460.0,2012,0.0,98136,47.5438,-122.385,1780.0,1562.0,2014-06-23,458500.0
7899800864,2.0,2.0,1070.0,649.0,2.0,0.0,0.0,3,9,720.0,350.0,2008,0.0,98106,47.5213,-122.357,1070.0,928.0,2015-03-05,259950.0
9485750110,3.0,1.75,1680.0,6108.0,1.0,,0.0,3,8,1680.0,0.0,1989,0.0,98055,47.4501,-122.208,2220.0,5664.0,2014-09-18,366000.0
2024059058,4.0,2.75,2890.0,7821.0,2.0,0.0,0.0,3,9,2890.0,0.0,2014,0.0,98006,47.554,-122.189,2890.0,10108.0,2015-04-28,978000.0
7977201865,2.0,1.0,1360.0,6120.0,1.0,0.0,0.0,3,7,1060.0,300.0,1947,0.0,98115,47.6841,-122.291,1800.0,5100.0,2015-04-21,525000.0
4232900940,3.0,1.5,1660.0,4800.0,2.0,0.0,0.0,3,8,1660.0,0.0,1907,0.0,98119,47.6352,-122.358,1690.0,4000.0,2014-05-22,926300.0
3364900375,2.0,1.0,1620.0,6120.0,1.0,0.0,0.0,3,7,1620.0,0.0,1951,0.0,98115,47.6731,-122.326,1650.0,4590.0,2015-04-23,750000.0
4151800375,2.0,1.0,960.0,6263.0,1.0,0.0,1.0,4,6,960.0,0.0,1942,0.0,98033,47.6646,-122.202,1460.0,6054.0,2014-12-04,660000.0
2610100015,4.0,1.75,1000.0,7200.0,1.5,0.0,0.0,4,6,1000.0,0.0,1947,0.0,98155,47.742,-122.324,1280.0,7200.0,2014-08-13,305000.0
8682230590,2.0,2.5,2395.0,6143.0,1.0,0.0,0.0,3,8,2395.0,0.0,2003,0.0,98053,47.7114,-122.029,2170.0,6162.0,2015-04-26,800000.0
3876100940,4.0,1.75,3050.0,9440.0,1.0,0.0,0.0,3,8,1800.0,1250.0,1966,0.0,98034,47.7228,-122.183,2020.0,8660.0,2015-04-27,600000.0
1221079058,2.0,1.0,1120.0,88327.0,1.5,,0.0,4,6,1120.0,0.0,1972,0.0,98010,47.3205,-121.867,1640.0,136662.0,2014-08-27,435000.0
2770605550,4.0,3.25,2960.0,4296.0,2.0,0.0,0.0,3,9,2190.0,770.0,2007,0.0,98119,47.6526,-122.372,2150.0,6000.0,2015-03-10,1140000.0
4468400214,3.0,2.25,1250.0,1017.0,3.0,,0.0,3,8,1250.0,0.0,2008,0.0,98133,47.7099,-122.333,1250.0,1017.0,2014-10-10,318000.0
2767705010,4.0,2.0,1940.0,5000.0,1.0,0.0,0.0,4,7,980.0,960.0,1910,0.0,98107,47.6719,-122.369,1940.0,5000.0,2014-10-06,639000.0
5422560930,3.0,2.5,1750.0,3900.0,2.0,0.0,0.0,3,8,1750.0,0.0,1977,0.0,98052,47.6638,-122.129,1750.0,5700.0,2015-03-16,453000.0
824059211,4.0,1.75,2150.0,9148.0,1.0,0.0,0.0,4,7,2150.0,0.0,1955,0.0,98004,47.5828,-122.197,2370.0,9148.0,2014-11-17,800000.0
6825100015,2.0,1.75,1500.0,6800.0,1.0,,0.0,4,7,910.0,590.0,1942,0.0,98117,47.7004,-122.371,1450.0,6800.0,2014-06-04,437000.0
4166600115,3.0,2.75,3230.0,75889.0,2.0,1.0,4.0,3,7,3230.0,,1925,19930.0,98023,47.3344,-122.37,2560.0,72229.0,2014-11-21,1150000.0
3574801500,4.0,2.5,3000.0,8645.0,2.0,,0.0,3,8,3000.0,0.0,1985,0.0,98034,47.7315,-122.224,1930.0,8866.0,2014-09-26,490000.0
9477001140,4.0,1.75,1520.0,7700.0,1.0,0.0,0.0,4,7,1520.0,0.0,1967,0.0,98034,47.7356,-122.191,1520.0,7500.0,2014-07-10,499950.0
3384300100,3.0,1.5,1190.0,10116.0,1.0,0.0,0.0,3,7,1190.0,0.0,1968,0.0,98042,47.385,-122.085,1190.0,9905.0,2014-12-26,160134.0
6123600100,3.0,1.0,990.0,8255.0,1.0,0.0,0.0,3,7,990.0,0.0,1953,0.0,98148,47.425,-122.331,1180.0,9750.0,2014-12-15,191000.0
1311300100,3.0,1.0,1250.0,7280.0,1.0,0.0,0.0,3,7,1250.0,0.0,1965,0.0,98001,47.3414,-122.286,1450.0,7350.0,2015-01-15,221000.0
3812400854,4.0,2.0,2080.0,6360.0,1.0,0.0,0.0,3,7,1330.0,750.0,1960,0.0,98118,47.5392,-122.278,2080.0,6741.0,2014-10-28,352800.0
1326069188,3.0,2.5,1640.0,10424.0,2.0,0.0,0.0,3,7,1640.0,,1988,0.0,98019,47.7345,-121.977,1560.0,10101.0,2015-05-11,350000.0
3131201865,4.0,1.5,1550.0,3000.0,1.5,0.0,0.0,3,7,1350.0,200.0,1918,0.0,98105,47.6604,-122.324,1710.0,5535.0,2014-06-17,458000.0
321059059,3.0,1.0,1290.0,189486.0,1.0,0.0,0.0,4,7,1290.0,0.0,1960,0.0,98092,47.3356,-122.157,2370.0,98881.0,2014-05-19,359950.0
223039330,3.0,3.0,3250.0,5093.0,2.0,0.0,3.0,3,10,3250.0,0.0,2004,0.0,98146,47.5123,-122.39,2820.0,7752.0,2015-04-07,1050000.0
7857000900,3.0,1.75,1260.0,11775.0,1.0,,0.0,5,6,1260.0,0.0,1942,0.0,98108,47.5501,-122.296,1270.0,5480.0,2014-07-24,353000.0
8109800110,3.0,3.5,2840.0,4468.0,3.0,0.0,0.0,3,10,2840.0,0.0,2006,0.0,98052,47.7069,-122.117,3040.0,5400.0,2014-08-01,717550.0
5422560900,3.0,2.25,1960.0,6500.0,2.0,0.0,0.0,4,8,1960.0,0.0,1977,0.0,98052,47.6642,-122.129,1860.0,6160.0,2014-08-07,450000.0
3332000195,3.0,1.0,760.0,3090.0,1.0,0.0,0.0,2,5,760.0,0.0,1903,0.0,98118,47.5513,-122.275,1020.0,5356.0,2014-09-24,167500.0
2423029245,3.0,1.75,2240.0,78225.0,2.0,0.0,0.0,5,8,2240.0,0.0,1976,0.0,98070,47.4638,-122.484,2030.0,202554.0,2014-06-17,550000.0
8651600110,4.0,2.25,2240.0,9684.0,2.0,0.0,0.0,4,9,2240.0,0.0,1970,0.0,98040,47.5489,-122.225,2440.0,9618.0,2015-04-21,939000.0
7902200015,3.0,1.75,1820.0,15570.0,1.0,0.0,2.0,3,8,1820.0,0.0,1948,0.0,98146,47.5068,-122.386,2490.0,9480.0,2015-04-29,700000.0
3523089019,4.0,3.5,3370.0,435600.0,2.0,0.0,3.0,3,9,3370.0,0.0,2005,0.0,98045,47.4398,-121.738,2790.0,114868.0,2014-05-19,480000.0
8827900015,3.0,1.0,1160.0,4360.0,1.0,0.0,0.0,4,8,1160.0,0.0,1929,0.0,98105,47.6718,-122.291,1810.0,4360.0,2014-08-29,501000.0
9237800100,3.0,2.25,1640.0,8625.0,1.0,0.0,0.0,3,8,1320.0,320.0,1987,0.0,98052,47.6772,-122.153,1770.0,9476.0,2015-02-04,580000.0
2724089019,1.0,0.75,820.0,59677.0,1.0,0.0,0.0,3,5,820.0,0.0,1999,0.0,98065,47.5316,-121.764,1590.0,14163.0,2014-05-23,527550.0
5416501030,4.0,2.5,2800.0,4687.0,2.0,0.0,0.0,3,9,2800.0,0.0,2005,0.0,98038,47.3594,-122.04,2750.0,4750.0,2014-11-24,399000.0
7211402305,3.0,1.75,1780.0,5000.0,1.5,0.0,0.0,3,6,1080.0,700.0,1957,0.0,98146,47.5105,-122.36,1500.0,5000.0,2015-04-15,240000.0
1221059176,4.0,2.75,2200.0,268329.0,1.0,0.0,0.0,3,7,1410.0,790.0,1989,0.0,98092,47.3224,-122.122,2240.0,58806.0,2015-03-11,353000.0
7549802600,4.0,2.0,1480.0,3132.0,1.0,0.0,0.0,5,6,740.0,740.0,1910,0.0,98108,47.55,-122.312,1480.0,6420.0,2014-05-28,335000.0
4112100165,3.0,3.0,2010.0,2554.0,2.0,0.0,0.0,3,7,1860.0,150.0,2001,0.0,98118,47.5525,-122.269,1370.0,5100.0,2015-03-17,475000.0
7518506595,3.0,2.0,2880.0,5100.0,1.5,0.0,0.0,4,7,2080.0,800.0,1926,0.0,98117,47.6805,-122.385,1820.0,5100.0,2014-08-26,660000.0
2767602490,3.0,1.0,940.0,1948.0,1.0,,0.0,5,6,940.0,0.0,1900,0.0,98107,47.6733,-122.383,1700.0,5000.0,2014-07-24,551000.0
3821000100,4.0,1.75,1620.0,10530.0,1.0,0.0,0.0,3,7,1620.0,0.0,1968,0.0,98030,47.3808,-122.211,1890.0,9975.0,2015-03-20,249950.0
524069019,4.0,3.25,4400.0,262666.0,2.0,0.0,0.0,3,11,4400.0,0.0,1988,0.0,98075,47.5927,-122.064,3240.0,9791.0,2014-11-20,1150000.0
1492800296,3.0,1.75,1530.0,6743.0,1.0,0.0,0.0,3,7,1410.0,120.0,1955,0.0,98116,47.5745,-122.396,2040.0,6000.0,2014-07-03,575000.0
7855900110,4.0,2.75,3460.0,11350.0,1.0,0.0,4.0,4,9,1780.0,1680.0,1974,0.0,98006,47.568,-122.153,3200.0,13874.0,2014-07-18,1090000.0
7853290090,4.0,2.5,2890.0,7306.0,2.0,0.0,0.0,3,7,2890.0,0.0,2006,0.0,98065,47.5447,-121.883,2850.0,6687.0,2014-11-18,515000.0
2123049175,3.0,1.5,1980.0,11214.0,1.0,0.0,0.0,3,7,1980.0,0.0,1959,0.0,98168,47.4696,-122.298,1510.0,9072.0,2014-12-10,235000.0
2025049064,3.0,1.0,1980.0,3243.0,1.5,0.0,0.0,3,8,1980.0,0.0,1912,0.0,98102,47.6429,-122.327,1380.0,1249.0,2014-09-15,796000.0
6046401105,2.0,1.5,1450.0,2550.0,1.0,0.0,0.0,3,7,820.0,630.0,1984,0.0,98103,47.6911,-122.348,1450.0,5100.0,2015-04-23,450000.0
3505100756,4.0,3.0,4280.0,18834.0,1.0,0.0,4.0,5,11,2180.0,2100.0,1971,0.0,98116,47.5811,-122.4,2490.0,8858.0,2014-11-06,2050000.0
5468730110,4.0,2.5,1810.0,6509.0,2.0,0.0,0.0,3,7,1810.0,0.0,1994,0.0,98042,47.3531,-122.143,1760.0,7417.0,2014-05-08,270000.0
5154200015,3.0,3.0,2490.0,27702.0,2.0,1.0,4.0,3,10,2490.0,0.0,2000,0.0,98116,47.5596,-122.403,2580.0,12119.0,2015-04-14,1710000.0
9285800590,3.0,1.0,1610.0,4108.0,1.5,0.0,0.0,5,7,1610.0,0.0,1928,0.0,98126,47.5704,-122.376,1680.0,4467.0,2015-03-09,565000.0
4083304190,1.0,2.5,1820.0,3008.0,2.0,,0.0,3,7,1090.0,730.0,1910,20040.0,98103,47.6529,-122.339,1860.0,3420.0,2014-08-04,680000.0
2470100110,5.0,5.75,9200.0,35069.0,2.0,0.0,0.0,3,13,6200.0,3000.0,2001,0.0,98039,47.6289,-122.233,3560.0,24345.0,2014-08-04,5570000.0
7574910490,4.0,2.5,3520.0,35991.0,2.0,,0.0,4,10,3520.0,0.0,1992,0.0,98077,47.7437,-122.035,3210.0,35991.0,2014-11-14,864500.0
868001030,4.0,2.25,3740.0,18000.0,1.0,0.0,0.0,4,9,1870.0,1870.0,1951,0.0,98177,47.7027,-122.378,2610.0,10902.0,2014-09-15,1150000.0
8108600464,3.0,2.25,2150.0,30476.0,2.0,0.0,0.0,3,7,2150.0,0.0,1991,0.0,98188,47.4605,-122.277,2010.0,10800.0,2014-05-15,335000.0
3295610490,4.0,3.25,3526.0,15958.0,2.0,0.0,0.0,3,10,3526.0,0.0,1997,0.0,98075,47.567,-122.033,3639.0,15090.0,2015-05-04,911000.0
5013500110,2.0,1.0,1070.0,6625.0,1.0,0.0,0.0,3,7,830.0,240.0,1950,0.0,98116,47.5736,-122.393,1310.0,6625.0,2014-11-12,425000.0
3223069019,3.0,1.0,1410.0,81021.0,1.0,,0.0,3,7,1410.0,0.0,1949,19810.0,98058,47.4303,-122.067,2000.0,81021.0,2014-10-29,299950.0
2725069085,4.0,2.5,3190.0,49658.0,2.0,0.0,0.0,3,10,3190.0,0.0,1999,0.0,98074,47.6216,-122.015,3040.0,49658.0,2014-12-08,864000.0
6821600265,2.0,1.0,1270.0,6000.0,1.0,0.0,0.0,3,7,1270.0,0.0,1939,0.0,98199,47.6482,-122.393,1770.0,6000.0,2015-03-05,425000.0
1471701780,4.0,1.5,1970.0,14490.0,1.5,0.0,0.0,4,7,1970.0,0.0,1963,0.0,98059,47.4612,-122.069,1880.0,14880.0,2014-08-14,374950.0
9835800750,3.0,2.25,1640.0,7630.0,1.0,0.0,0.0,4,8,1180.0,460.0,1968,0.0,98032,47.3739,-122.29,1930.0,7630.0,2014-12-03,247000.0
8835900015,3.0,1.0,1600.0,7161.0,1.0,0.0,0.0,3,8,1600.0,0.0,1953,0.0,98118,47.5507,-122.261,1760.0,8280.0,2014-12-12,475000.0
806800110,3.0,2.5,3020.0,5868.0,2.0,0.0,0.0,3,7,3020.0,0.0,2003,0.0,98092,47.3361,-122.175,2710.0,5470.0,2014-08-01,275000.0
826069002,2.0,1.0,1350.0,368517.0,1.0,0.0,0.0,3,6,1350.0,0.0,1947,0.0,98077,47.7617,-122.061,2330.0,104108.0,2014-10-29,355000.0
2222059064,4.0,1.75,1870.0,22072.0,1.0,0.0,0.0,3,7,1070.0,800.0,1959,0.0,98042,47.3775,-122.165,2100.0,10185.0,2015-03-18,285000.0
7781600100,3.0,2.75,2730.0,38869.0,1.5,,4.0,3,9,1940.0,790.0,1963,20010.0,98146,47.4857,-122.361,2630.0,28188.0,2014-09-05,1340000.0
4047200265,2.0,1.0,1100.0,17817.0,1.0,,0.0,3,7,620.0,480.0,1980,0.0,98019,47.7728,-121.9,1790.0,20009.0,2014-08-11,325000.0
2125059013,5.0,3.5,4320.0,40816.0,2.0,0.0,0.0,4,11,4320.0,0.0,1997,0.0,98004,47.644,-122.185,4320.0,44584.0,2015-04-20,1670000.0
2011400583,3.0,2.5,2700.0,9994.0,1.0,0.0,3.0,4,7,1350.0,1350.0,1959,0.0,98198,47.397,-122.321,2470.0,10664.0,2014-06-06,402000.0
3526039160,3.0,3.0,3700.0,16857.0,1.0,0.0,0.0,3,10,2170.0,1530.0,2000,0.0,98117,47.6956,-122.392,2320.0,12000.0,2014-08-14,1100000.0
8718500495,4.0,1.75,2190.0,9225.0,1.0,0.0,0.0,4,7,1250.0,940.0,1959,0.0,98028,47.7396,-122.256,2190.0,9225.0,2014-07-30,375000.0
3815500165,5.0,2.75,2840.0,12253.0,1.0,0.0,0.0,3,7,1420.0,1420.0,1960,0.0,98028,47.7618,-122.253,2210.0,11620.0,2014-09-11,396000.0
5104450690,4.0,2.75,2610.0,9077.0,1.0,0.0,0.0,4,8,1310.0,1300.0,1987,0.0,98058,47.4612,-122.147,1900.0,10500.0,2014-07-16,320000.0
7202260300,3.0,2.5,2630.0,5827.0,2.0,,0.0,3,8,2630.0,0.0,2001,0.0,98053,47.688,-122.038,2330.0,4715.0,2014-07-09,610000.0
1423600300,3.0,1.5,1090.0,7698.0,1.0,0.0,0.0,5,7,1090.0,0.0,1966,0.0,98058,47.4553,-122.174,1540.0,7624.0,2014-11-17,249950.0
1796100015,4.0,3.5,3090.0,100835.0,2.0,0.0,0.0,3,9,3090.0,0.0,1999,0.0,98092,47.3087,-122.088,2400.0,50543.0,2015-04-23,675000.0
3874900090,2.0,2.0,1670.0,7772.0,1.0,,0.0,4,6,860.0,810.0,1919,0.0,98126,47.5461,-122.377,1300.0,7770.0,2015-03-26,448000.0
4232902615,3.0,1.0,1300.0,3600.0,2.0,0.0,0.0,3,7,1300.0,0.0,1900,0.0,98119,47.6345,-122.366,2510.0,4800.0,2015-04-28,819000.0
3585900495,3.0,2.5,3670.0,18505.0,1.0,0.0,4.0,3,10,2530.0,1140.0,1983,0.0,98177,47.7588,-122.376,2920.0,20000.0,2014-11-10,1250000.0
3790700110,4.0,2.5,1700.0,6031.0,2.0,0.0,0.0,3,8,1700.0,0.0,1994,0.0,98030,47.3582,-122.191,1930.0,6035.0,2014-12-01,225000.0
3626079040,2.0,3.0,2560.0,982278.0,1.0,0.0,0.0,3,8,2560.0,0.0,2004,0.0,98014,47.6955,-121.861,1620.0,40946.0,2014-07-30,790000.0
2461900375,4.0,2.5,2770.0,6000.0,2.0,0.0,0.0,3,8,2400.0,370.0,1993,0.0,98136,47.5536,-122.383,2120.0,6000.0,2015-04-14,685000.0
8651611690,3.0,3.25,3240.0,8338.0,2.0,0.0,0.0,3,9,3240.0,0.0,2001,0.0,98074,47.6321,-122.064,3420.0,8405.0,2014-06-20,812000.0
8682301050,2.0,2.5,2300.0,6400.0,1.0,0.0,0.0,3,8,2300.0,0.0,2007,0.0,98053,47.7196,-122.02,2300.0,6400.0,2014-12-02,705000.0
1858600042,4.0,3.0,2483.0,6870.0,2.0,0.0,0.0,3,8,2483.0,0.0,2005,0.0,98030,47.3627,-122.199,1943.0,6434.0,2015-04-29,360000.0
2767604252,1.0,1.5,760.0,779.0,3.0,0.0,0.0,3,8,760.0,0.0,2006,0.0,98107,47.6715,-122.382,1290.0,1189.0,2015-01-12,344000.0
1954700615,4.0,1.5,2040.0,6900.0,2.0,0.0,0.0,3,9,2040.0,0.0,1903,0.0,98112,47.6188,-122.285,3150.0,8220.0,2014-10-22,825000.0
6844702690,3.0,1.0,1200.0,6120.0,1.0,,0.0,4,7,950.0,250.0,1945,0.0,98115,47.6929,-122.287,1550.0,6120.0,2015-04-27,476500.0
2695600195,2.0,1.0,960.0,5096.0,1.0,,0.0,5,7,960.0,0.0,1949,0.0,98126,47.5314,-122.378,1760.0,4488.0,2014-11-24,379500.0
426059055,3.0,1.75,2410.0,35236.0,1.0,0.0,0.0,3,8,2410.0,0.0,1980,0.0,98072,47.7651,-122.166,2110.0,16980.0,2014-10-03,620000.0
1769600147,3.0,3.25,2260.0,7701.0,2.0,0.0,0.0,3,8,1760.0,500.0,2000,0.0,98146,47.5053,-122.377,1880.0,7529.0,2014-07-31,477590.0
9268200300,3.0,1.0,1910.0,8190.0,1.0,0.0,0.0,4,7,1010.0,900.0,1946,0.0,98117,47.697,-122.365,1600.0,5042.0,2014-05-20,490000.0
3052700855,3.0,1.5,1500.0,5000.0,1.5,0.0,0.0,4,7,1140.0,360.0,1927,0.0,98117,47.679,-122.373,1500.0,5000.0,2014-06-28,470000.0
9828702262,3.0,2.25,1360.0,1236.0,2.0,0.0,0.0,3,8,1140.0,220.0,2006,0.0,98112,47.6198,-122.299,1620.0,1231.0,2014-07-24,500000.0
1568100386,3.0,1.0,1320.0,7341.0,1.0,0.0,0.0,3,7,1320.0,0.0,1982,0.0,98155,47.7367,-122.295,1160.0,7573.0,2014-06-30,370000.0
4385700735,2.0,1.5,1940.0,4400.0,1.0,,0.0,3,7,970.0,970.0,1923,0.0,98112,47.6371,-122.279,1480.0,3080.0,2015-03-11,790000.0
3425059206,4.0,2.5,2650.0,18295.0,2.0,0.0,0.0,3,8,2650.0,0.0,1986,0.0,98005,47.6075,-122.154,2230.0,19856.0,2014-06-24,725000.0
6848200018,4.0,2.75,3040.0,2800.0,2.0,0.0,0.0,3,9,2100.0,940.0,1906,0.0,98102,47.6245,-122.327,1260.0,2178.0,2014-05-28,840000.0
3023049256,3.0,1.0,1240.0,11108.0,1.0,0.0,0.0,4,7,1240.0,0.0,1952,0.0,98166,47.4465,-122.354,2220.0,16533.0,2014-06-04,390000.0
4019301500,3.0,2.25,2210.0,11585.0,1.0,0.0,0.0,4,7,1510.0,700.0,1958,0.0,98155,47.7574,-122.279,1870.0,14092.0,2014-08-28,507000.0
402000115,3.0,1.75,1540.0,6273.0,1.0,0.0,0.0,4,6,770.0,770.0,1951,0.0,98118,47.5305,-122.277,1140.0,5512.0,2014-11-22,263500.0
9206950110,3.0,2.5,1320.0,1683.0,2.0,0.0,0.0,3,8,1270.0,50.0,2004,0.0,98106,47.5357,-122.365,1320.0,2206.0,2014-07-12,369000.0
8106300820,3.0,2.5,3040.0,5326.0,2.0,0.0,0.0,3,9,3040.0,0.0,2008,0.0,98055,47.4472,-122.207,3040.0,5442.0,2014-08-14,500000.0
8082400011,2.0,1.0,910.0,4301.0,1.0,0.0,0.0,4,7,910.0,0.0,1923,0.0,98117,47.6814,-122.399,1810.0,4301.0,2015-04-06,570000.0
7137960110,4.0,3.0,2040.0,7145.0,1.0,0.0,0.0,3,8,1490.0,550.0,1994,0.0,98092,47.3275,-122.171,1940.0,7145.0,2015-03-06,284000.0
546000820,2.0,1.0,980.0,4108.0,1.0,0.0,0.0,3,7,980.0,0.0,1947,0.0,98117,47.687,-122.381,1500.0,4046.0,2014-11-10,415000.0
3330500705,3.0,1.0,980.0,3090.0,1.5,0.0,0.0,3,6,980.0,0.0,1903,0.0,98118,47.5525,-122.277,980.0,3090.0,2014-05-15,197500.0
1454600266,4.0,3.75,4420.0,9492.0,2.0,,1.0,3,9,3420.0,1000.0,1962,0.0,98125,47.7211,-122.283,2880.0,9900.0,2014-10-27,925000.0
3335000025,3.0,2.0,1570.0,6300.0,1.0,0.0,0.0,3,7,820.0,750.0,1953,20050.0,98118,47.5565,-122.275,1510.0,4281.0,2014-11-12,468000.0
1454100056,3.0,1.0,1600.0,5001.0,1.5,0.0,0.0,5,6,1080.0,520.0,1930,0.0,98125,47.7232,-122.289,1340.0,5001.0,2014-07-15,355000.0
5035300090,4.0,1.75,1830.0,6000.0,1.0,0.0,0.0,4,7,930.0,900.0,1939,0.0,98199,47.6536,-122.41,1540.0,6000.0,2014-08-12,639000.0
7504050090,3.0,2.5,2820.0,14250.0,2.0,0.0,0.0,3,11,2820.0,0.0,1991,0.0,98074,47.6396,-122.054,2820.0,12600.0,2015-04-12,720000.0
408100110,3.0,1.75,1800.0,6000.0,1.0,0.0,0.0,5,6,900.0,900.0,1950,0.0,98155,47.7505,-122.317,1060.0,6628.0,2014-06-12,381000.0
5701700011,3.0,4.0,4380.0,42769.0,2.0,0.0,0.0,5,11,4380.0,0.0,1983,0.0,98052,47.7167,-122.109,3630.0,35425.0,2014-05-23,1050000.0
3629970930,3.0,3.0,2980.0,3730.0,2.0,0.0,0.0,3,9,2980.0,0.0,2005,0.0,98029,47.5533,-121.995,2710.0,3640.0,2014-11-11,670000.0
7017200110,3.0,1.0,1690.0,6658.0,1.0,0.0,0.0,3,7,1690.0,0.0,1942,19820.0,98133,47.7099,-122.35,1080.0,5925.0,2014-10-28,400000.0
4054500590,4.0,3.5,4040.0,50479.0,2.0,0.0,0.0,3,11,4040.0,0.0,1987,0.0,98077,47.7196,-122.048,3770.0,40899.0,2014-06-26,910000.0
2126059048,3.0,1.0,1250.0,9427.0,1.0,0.0,0.0,3,6,1250.0,0.0,1931,0.0,98034,47.7254,-122.175,1590.0,8250.0,2015-04-02,294000.0
984200590,3.0,1.75,1500.0,10230.0,1.0,0.0,0.0,2,7,1500.0,0.0,1968,0.0,98058,47.4349,-122.168,1770.0,8374.0,2015-03-10,315001.0
9353300090,3.0,2.0,1630.0,10723.0,1.0,0.0,0.0,5,7,1630.0,0.0,1959,0.0,98059,47.4898,-122.133,1450.0,10723.0,2014-07-31,360000.0
7600057,3.0,2.0,1410.0,2700.0,2.0,0.0,0.0,4,7,1410.0,0.0,1902,0.0,98122,47.6029,-122.302,1750.0,4000.0,2014-08-05,520000.0
2919701944,3.0,1.0,1140.0,4560.0,1.0,0.0,0.0,4,6,770.0,370.0,1944,0.0,98117,47.6889,-122.362,1340.0,3980.0,2014-10-10,474000.0
7202341110,4.0,2.5,3280.0,5876.0,2.0,0.0,0.0,3,7,3280.0,0.0,2004,0.0,98053,47.6802,-122.034,2600.0,5000.0,2015-03-13,702000.0
1122069019,4.0,3.5,3490.0,87497.0,2.0,0.0,0.0,3,9,3490.0,0.0,2001,0.0,98038,47.4028,-122.002,2400.0,55657.0,2014-08-26,728000.0
1565950090,4.0,2.5,2020.0,7277.0,2.0,,0.0,3,8,2020.0,0.0,1993,0.0,98055,47.4318,-122.19,2820.0,7284.0,2015-03-05,308000.0
1724069059,5.0,4.0,4580.0,4443.0,3.0,1.0,4.0,3,10,4580.0,0.0,2004,0.0,98075,47.5682,-122.059,2710.0,4443.0,2014-05-24,2000000.0
4137000110,3.0,2.5,2270.0,7917.0,2.0,0.0,0.0,3,8,2270.0,0.0,1986,0.0,98092,47.2643,-122.22,2160.0,7917.0,2014-07-25,340000.0
7849200945,2.0,1.75,1310.0,10200.0,1.0,0.0,0.0,4,6,1310.0,0.0,1947,0.0,98065,47.5231,-121.82,1500.0,7200.0,2015-04-01,306500.0
2397101270,3.0,2.0,1420.0,3600.0,1.5,0.0,0.0,4,7,1420.0,0.0,1904,0.0,98119,47.6367,-122.364,1250.0,3600.0,2015-01-26,716000.0
2726059100,4.0,3.0,2980.0,44431.0,2.0,0.0,0.0,2,10,2640.0,340.0,1981,0.0,98034,47.7154,-122.161,2010.0,7332.0,2014-09-09,950000.0
7202331500,5.0,3.0,4180.0,8561.0,2.0,0.0,0.0,3,7,4180.0,0.0,2003,0.0,98053,47.6833,-122.04,3425.0,6591.0,2014-08-29,673200.0
439000090,4.0,2.25,1950.0,6000.0,1.0,0.0,0.0,3,7,1350.0,600.0,1961,0.0,98115,47.6909,-122.301,1980.0,6000.0,2015-03-23,564500.0
7788000100,4.0,1.75,1790.0,11801.0,1.0,0.0,0.0,4,8,1790.0,0.0,1974,0.0,98056,47.5172,-122.17,2000.0,12988.0,2015-02-06,393000.0
8658300315,5.0,1.75,1400.0,5071.0,1.0,0.0,0.0,3,5,1400.0,0.0,1916,0.0,98014,47.6499,-121.908,1200.0,7500.0,2015-03-12,425000.0
1723049567,3.0,1.0,1320.0,24684.0,1.0,0.0,0.0,3,7,1320.0,0.0,1979,0.0,98168,47.4771,-122.322,1120.0,21214.0,2014-07-30,150000.0
621069039,4.0,2.25,1620.0,106722.0,1.0,0.0,0.0,3,8,1200.0,420.0,1980,0.0,98042,47.3394,-122.091,1620.0,38400.0,2015-02-20,327000.0
6806300750,4.0,2.5,3120.0,7448.0,2.0,0.0,0.0,3,9,3120.0,0.0,1998,0.0,98042,47.3645,-122.126,2980.0,8102.0,2015-03-18,444900.0
1898900100,4.0,2.5,2100.0,14773.0,2.0,0.0,0.0,3,8,2100.0,0.0,1998,0.0,98023,47.3045,-122.391,2370.0,15440.0,2014-07-22,305000.0
2767603931,3.0,3.25,1370.0,1194.0,3.0,0.0,0.0,3,8,1370.0,0.0,2004,0.0,98107,47.6718,-122.388,1800.0,2678.0,2014-08-18,469000.0
6072400820,3.0,1.75,1520.0,7875.0,1.0,,0.0,5,8,1520.0,0.0,1969,0.0,98006,47.5569,-122.176,2150.0,9428.0,2014-09-26,525000.0
1922059396,3.0,2.5,2410.0,17424.0,1.0,0.0,0.0,3,7,1630.0,780.0,1978,0.0,98030,47.3741,-122.218,1530.0,11761.0,2015-04-04,330000.0
8818900300,4.0,1.0,1260.0,4080.0,1.0,0.0,0.0,4,7,1260.0,0.0,1911,0.0,98105,47.6644,-122.324,1340.0,4080.0,2014-10-02,618000.0
9264910900,4.0,2.5,2830.0,7350.0,1.0,0.0,0.0,3,8,1690.0,1140.0,1982,0.0,98023,47.3088,-122.341,2350.0,7768.0,2014-11-17,295500.0
3223039013,3.0,2.0,2064.0,46173.0,2.0,0.0,0.0,5,7,2064.0,0.0,1903,0.0,98070,47.4469,-122.455,1640.0,21780.0,2014-07-18,567035.0
5561300750,4.0,2.25,2640.0,34870.0,1.0,0.0,0.0,3,8,1770.0,870.0,1977,0.0,98027,47.4688,-122.009,2500.0,35580.0,2014-07-25,518000.0
9407111220,2.0,1.0,1020.0,9200.0,1.0,0.0,0.0,3,7,1020.0,0.0,1978,0.0,98045,47.4461,-121.769,1520.0,9600.0,2015-05-04,303000.0
1332200110,4.0,2.5,2200.0,8065.0,2.0,0.0,0.0,3,7,2200.0,,1998,0.0,98031,47.4042,-122.213,2641.0,8535.0,2014-07-08,300000.0
2207200820,3.0,1.5,1420.0,7520.0,1.0,,0.0,4,7,1420.0,0.0,1956,0.0,98007,47.601,-122.134,2000.0,7520.0,2014-10-15,413107.0
3362400615,3.0,1.0,1350.0,3090.0,1.5,0.0,0.0,5,6,1350.0,0.0,1914,0.0,98103,47.682,-122.348,1350.0,3090.0,2014-08-20,400000.0
3013300017,3.0,1.0,1290.0,6859.0,1.0,0.0,0.0,4,7,1290.0,0.0,1941,0.0,98136,47.5317,-122.387,1560.0,6369.0,2015-04-08,535000.0
1982200015,4.0,2.0,1680.0,2600.0,1.0,0.0,0.0,5,7,840.0,840.0,1915,0.0,98107,47.6648,-122.363,1680.0,3340.0,2014-09-19,555000.0
7140700300,3.0,2.5,2280.0,6386.0,2.0,0.0,0.0,3,8,2280.0,0.0,2008,0.0,98042,47.3861,-122.096,2550.0,4835.0,2014-11-19,312000.0
9363600457,3.0,2.25,1840.0,3500.0,1.5,0.0,0.0,5,8,1540.0,300.0,1910,0.0,98122,47.6063,-122.292,1800.0,3300.0,2014-06-03,785200.0
1245001220,4.0,2.0,2040.0,11850.0,1.0,0.0,2.0,3,7,1020.0,1020.0,1959,0.0,98033,47.6891,-122.208,2040.0,8504.0,2014-10-16,749000.0
723049333,3.0,1.5,1490.0,10367.0,1.0,0.0,0.0,3,7,1010.0,480.0,1957,0.0,98146,47.4973,-122.347,1000.0,8254.0,2015-04-05,285000.0
7853301220,4.0,2.5,2440.0,5088.0,2.0,0.0,0.0,3,7,2440.0,0.0,2007,0.0,98065,47.5406,-121.889,2440.0,5762.0,2014-09-10,425000.0
8665900336,3.0,2.0,1930.0,15540.0,1.0,0.0,0.0,3,8,1260.0,670.0,1958,0.0,98155,47.7675,-122.307,1900.0,12123.0,2014-07-17,360000.0
1591000015,3.0,1.0,1200.0,6615.0,1.0,0.0,0.0,4,7,1200.0,0.0,1954,0.0,98106,47.5168,-122.351,1230.0,6615.0,2015-05-05,260000.0
7972601270,3.0,2.0,1550.0,8509.0,1.0,0.0,0.0,3,7,1150.0,400.0,1959,0.0,98106,47.5299,-122.344,1840.0,7620.0,2014-05-30,369000.0
1221039156,4.0,2.5,2180.0,11132.0,1.0,0.0,0.0,4,8,1620.0,560.0,1978,0.0,98023,47.3187,-122.367,1950.0,13801.0,2014-08-15,275000.0
993001332,3.0,2.25,1430.0,1448.0,3.0,0.0,0.0,3,8,1430.0,0.0,2005,0.0,98103,47.6916,-122.341,1430.0,1383.0,2014-09-03,407000.0
7748000025,2.0,1.75,1230.0,5418.0,1.0,0.0,0.0,3,8,990.0,240.0,1949,0.0,98117,47.6839,-122.376,1330.0,5074.0,2015-04-12,575000.0
7871500485,3.0,1.5,1670.0,3852.0,2.0,0.0,3.0,4,8,1670.0,0.0,1928,0.0,98119,47.6411,-122.371,2320.0,4572.0,2015-04-27,1240000.0
1370802540,2.0,2.5,2720.0,4913.0,1.0,0.0,1.0,4,8,1700.0,1020.0,1936,0.0,98199,47.6384,-122.404,2520.0,5303.0,2015-01-08,875000.0
1839500115,4.0,1.5,2220.0,6811.0,1.0,0.0,0.0,4,7,1270.0,950.0,1961,0.0,98056,47.5059,-122.193,1800.0,7350.0,2014-07-12,320000.0
4389201064,3.0,1.5,1520.0,9041.0,1.0,0.0,0.0,4,7,1520.0,0.0,1954,0.0,98004,47.6158,-122.213,3260.0,10020.0,2014-07-03,810000.0
1545805820,3.0,1.75,1590.0,7620.0,1.0,0.0,0.0,4,7,1090.0,500.0,1984,0.0,98038,47.3655,-122.048,1590.0,7620.0,2015-04-14,274000.0
273800100,4.0,1.75,1480.0,9523.0,1.0,0.0,0.0,3,7,1120.0,360.0,1959,0.0,98030,47.3732,-122.217,1590.0,8300.0,2014-12-19,239900.0
7663700654,4.0,1.5,1860.0,7808.0,1.0,0.0,0.0,3,7,1080.0,780.0,1953,0.0,98125,47.7314,-122.3,1530.0,7884.0,2014-12-14,450000.0
3751606513,4.0,2.0,1360.0,60548.0,1.0,0.0,0.0,3,6,960.0,400.0,1960,0.0,98001,47.2718,-122.265,1930.0,28800.0,2014-06-30,263400.0
399000025,3.0,1.0,1360.0,5967.0,1.0,0.0,0.0,3,6,1360.0,0.0,1954,0.0,98178,47.4973,-122.256,1360.0,6052.0,2015-04-15,265000.0
7130300785,4.0,3.0,2360.0,6250.0,1.0,0.0,2.0,3,7,1460.0,900.0,1960,0.0,98118,47.512,-122.249,2500.0,6250.0,2014-06-16,418000.0
3818700123,3.0,2.0,2360.0,5737.0,2.0,0.0,0.0,3,8,2360.0,,2003,0.0,98028,47.7633,-122.262,1600.0,9163.0,2014-08-13,390000.0
7891600245,3.0,2.0,1860.0,7500.0,1.0,0.0,0.0,3,7,930.0,930.0,1909,0.0,98106,47.5662,-122.364,1000.0,5000.0,2015-04-22,430000.0
5556300076,3.0,2.25,2630.0,9705.0,2.5,0.0,2.0,4,8,2630.0,0.0,1987,0.0,98052,47.6485,-122.121,2640.0,14284.0,2015-04-23,1440000.0
3421069118,2.0,1.75,1280.0,37373.0,1.0,0.0,0.0,4,7,1280.0,0.0,1996,0.0,98022,47.2631,-122.019,2180.0,48351.0,2014-11-20,297000.0
7280300042,4.0,2.25,2330.0,7220.0,2.0,0.0,0.0,3,8,1600.0,730.0,1988,0.0,98177,47.7764,-122.386,2220.0,9100.0,2015-04-01,650000.0
9368700031,2.0,1.0,720.0,18000.0,1.0,0.0,0.0,3,6,720.0,0.0,1950,0.0,98178,47.5054,-122.261,1250.0,7925.0,2014-05-09,195000.0
3223069118,3.0,3.5,3380.0,108900.0,2.0,0.0,0.0,3,9,2700.0,680.0,1999,0.0,98058,47.4316,-122.075,2250.0,130680.0,2014-06-16,554000.0
2522029039,3.0,2.0,3650.0,843309.0,2.0,0.0,0.0,4,7,3650.0,0.0,1991,0.0,98070,47.3627,-122.496,1870.0,273992.0,2014-09-29,550000.0
7977200590,3.0,1.75,1640.0,4590.0,1.5,0.0,0.0,5,7,1640.0,0.0,1951,0.0,98115,47.6846,-122.294,1760.0,5100.0,2015-02-19,700000.0
3124089086,4.0,1.0,1730.0,177657.0,1.5,0.0,0.0,3,5,1730.0,0.0,1948,0.0,98065,47.5163,-121.829,1400.0,45175.0,2014-10-02,300000.0
1568100215,2.0,1.0,1030.0,8576.0,1.5,0.0,0.0,5,6,1030.0,0.0,1952,0.0,98155,47.7352,-122.295,1310.0,8504.0,2014-10-07,315000.0
5364200649,3.0,1.0,1790.0,5250.0,1.0,0.0,0.0,3,7,1400.0,390.0,1943,0.0,98105,47.6627,-122.276,1790.0,5250.0,2014-10-08,603000.0
2771601730,2.0,1.0,840.0,3400.0,1.0,,2.0,4,7,840.0,0.0,1924,0.0,98119,47.6403,-122.372,2000.0,4000.0,2014-06-29,530000.0
7201800300,3.0,1.75,1300.0,8480.0,1.0,0.0,0.0,3,7,1300.0,0.0,1969,0.0,98052,47.6991,-122.13,1740.0,7280.0,2014-09-09,397500.0
7224500300,3.0,1.0,1240.0,5250.0,1.5,0.0,0.0,4,6,1240.0,0.0,1904,0.0,98055,47.4917,-122.206,1240.0,5250.0,2015-03-25,221000.0
3876312350,4.0,2.25,2170.0,8050.0,1.0,0.0,0.0,3,7,1220.0,950.0,1976,0.0,98072,47.7354,-122.174,1820.0,7700.0,2014-12-02,466000.0
853000261,3.0,1.0,1330.0,5412.0,2.0,0.0,0.0,5,7,1330.0,0.0,1905,0.0,98022,47.2053,-121.993,1710.0,10825.0,2014-06-19,197500.0
7165700110,3.0,3.0,1390.0,1080.0,2.0,0.0,0.0,3,7,1140.0,250.0,2006,0.0,98118,47.5325,-122.282,1450.0,1461.0,2015-05-07,280000.0
5708500208,2.0,1.5,1240.0,3873.0,1.0,0.0,0.0,4,6,860.0,380.0,1909,0.0,98116,47.5752,-122.388,1240.0,4336.0,2014-10-03,412000.0
5014000215,2.0,1.0,880.0,6731.0,1.0,0.0,0.0,4,7,880.0,0.0,1950,0.0,98116,47.5694,-122.395,1240.0,6731.0,2014-08-18,454000.0
2126079014,4.0,2.25,2540.0,228254.0,1.0,0.0,0.0,3,8,1450.0,1090.0,1990,0.0,98019,47.719,-121.912,1780.0,59241.0,2014-05-12,540000.0
5595900090,5.0,1.5,2520.0,5753.0,1.5,0.0,0.0,4,7,1510.0,1010.0,1928,0.0,98022,47.2058,-121.997,1620.0,6875.0,2014-06-09,250000.0
1445500100,5.0,2.25,2510.0,35691.0,1.0,0.0,0.0,3,9,2510.0,0.0,1967,0.0,98005,47.6435,-122.154,3160.0,35037.0,2015-05-11,900000.0
4270600025,5.0,1.75,2020.0,7902.0,1.0,0.0,0.0,3,7,1220.0,800.0,1962,0.0,98168,47.51,-122.327,2220.0,8819.0,2014-05-13,245000.0
3546000490,3.0,1.75,2060.0,7251.0,1.0,0.0,0.0,3,7,1350.0,710.0,1987,0.0,98030,47.3569,-122.175,1520.0,7582.0,2014-10-07,290000.0
423049067,2.0,1.0,930.0,7742.0,1.0,0.0,0.0,3,6,930.0,0.0,1933,0.0,98168,47.507,-122.302,2240.0,8723.0,2015-02-05,160000.0
9272201250,2.0,1.5,2700.0,7225.0,1.5,0.0,4.0,3,8,1660.0,1040.0,1910,20080.0,98116,47.5892,-122.383,2970.0,5150.0,2015-03-30,1260000.0
3226049184,2.0,1.0,1060.0,6050.0,1.0,0.0,0.0,3,7,940.0,120.0,1939,0.0,98125,47.7028,-122.321,1540.0,5279.0,2015-03-27,325000.0
5381000082,2.0,1.0,670.0,6750.0,1.0,0.0,0.0,4,5,670.0,0.0,1947,0.0,98188,47.4521,-122.283,1700.0,11520.0,2015-01-08,185000.0
475000750,3.0,2.0,1750.0,4990.0,1.0,0.0,0.0,3,7,950.0,800.0,1916,0.0,98107,47.6667,-122.361,1700.0,5000.0,2014-09-25,477000.0
1900000195,2.0,1.0,930.0,7623.0,1.0,,0.0,2,6,930.0,0.0,1942,0.0,98166,47.467,-122.349,1300.0,7641.0,2014-06-30,100000.0
5162100820,4.0,2.5,2420.0,11481.0,1.0,0.0,0.0,3,8,1370.0,1050.0,1985,0.0,98003,47.341,-122.318,2290.0,8985.0,2015-05-04,345000.0
6113400047,4.0,2.25,2410.0,14985.0,1.0,0.0,1.0,4,7,1950.0,460.0,1965,0.0,98166,47.4278,-122.343,2510.0,15256.0,2015-03-31,530000.0
7460000015,3.0,1.0,1150.0,7156.0,1.0,0.0,0.0,4,6,1150.0,0.0,1953,0.0,98168,47.4864,-122.317,1210.0,7156.0,2014-06-20,203000.0
7202340820,4.0,2.5,2480.0,5000.0,2.0,0.0,0.0,3,7,2480.0,0.0,2004,0.0,98053,47.6811,-122.035,2410.0,5000.0,2014-10-28,599000.0
5393601690,4.0,1.0,1310.0,6000.0,1.5,0.0,0.0,3,7,1310.0,0.0,1940,0.0,98144,47.5822,-122.295,1630.0,6000.0,2014-07-20,370000.0
7686203275,3.0,1.0,1240.0,8000.0,1.0,0.0,0.0,4,6,1040.0,200.0,1954,0.0,98198,47.4204,-122.316,1240.0,8000.0,2015-02-27,140000.0
2490200165,3.0,1.0,1150.0,5100.0,2.0,0.0,0.0,3,8,1150.0,0.0,1911,20050.0,98136,47.5349,-122.384,1440.0,5100.0,2014-06-23,500000.0
597000195,3.0,1.75,1460.0,4000.0,1.0,0.0,2.0,4,7,730.0,730.0,1929,0.0,98144,47.5768,-122.307,1360.0,4000.0,2015-02-03,527200.0
5119010090,5.0,2.75,3060.0,7015.0,1.0,0.0,0.0,5,8,1600.0,1460.0,1979,0.0,98146,47.5052,-122.372,2190.0,7600.0,2014-05-10,549900.0
1873100490,4.0,2.5,3520.0,8095.0,2.0,0.0,0.0,3,9,3520.0,0.0,2006,0.0,98052,47.7065,-122.109,2460.0,4676.0,2015-05-02,760000.0
3336001911,2.0,1.0,960.0,4400.0,1.0,0.0,0.0,4,7,960.0,0.0,1951,0.0,98118,47.5269,-122.264,1520.0,5000.0,2014-07-28,319000.0
1922059445,3.0,2.5,2430.0,15264.0,2.0,0.0,0.0,3,8,2430.0,0.0,1997,0.0,98030,47.3805,-122.208,2260.0,10416.0,2014-06-23,362300.0
7203600750,3.0,2.5,1930.0,4505.0,1.0,0.0,3.0,4,7,1440.0,490.0,1973,0.0,98198,47.3459,-122.326,1550.0,4505.0,2015-04-27,421000.0
6021503740,3.0,1.0,1090.0,4000.0,1.5,0.0,0.0,4,7,1090.0,0.0,1945,0.0,98117,47.6846,-122.386,1520.0,4000.0,2015-03-04,690000.0
3324069058,3.0,2.5,2790.0,31798.0,1.0,0.0,0.0,5,8,1650.0,1140.0,1953,0.0,98027,47.5241,-122.039,1400.0,14849.0,2014-08-28,640000.0
7345310100,4.0,1.75,1650.0,6900.0,1.0,0.0,0.0,3,7,910.0,740.0,1978,19930.0,98002,47.2802,-122.211,1540.0,7645.0,2014-12-08,238000.0
6398000011,3.0,3.0,3740.0,39640.0,2.0,0.0,2.0,3,10,3740.0,0.0,1991,0.0,98070,47.4036,-122.462,2930.0,26136.0,2014-06-02,789000.0
5460600110,6.0,4.0,5310.0,12741.0,2.0,0.0,2.0,3,10,3600.0,1710.0,1967,0.0,98040,47.5696,-122.213,4190.0,12632.0,2015-04-23,1050000.0
9478500590,3.0,2.5,1690.0,4476.0,2.0,0.0,0.0,3,7,1690.0,0.0,2008,0.0,98042,47.3663,-122.114,2250.0,4488.0,2015-04-08,302500.0
8645501091,4.0,1.75,1400.0,7920.0,1.0,0.0,0.0,3,7,1400.0,0.0,1963,0.0,98058,47.4658,-122.184,1910.0,7700.0,2015-03-11,259950.0
8099800590,3.0,1.5,1440.0,28516.0,1.0,0.0,0.0,4,7,1440.0,0.0,1975,0.0,98075,47.5829,-122.005,2080.0,27049.0,2014-06-20,456000.0
339600090,3.0,2.5,1360.0,3718.0,2.0,0.0,0.0,3,7,1360.0,0.0,1987,0.0,98052,47.6827,-122.097,1090.0,3718.0,2014-09-25,369950.0
3522029031,3.0,1.75,1726.0,197326.0,2.0,0.0,0.0,4,7,1726.0,0.0,1982,0.0,98070,47.3484,-122.505,2114.0,99316.0,2014-05-16,363750.0
725079058,3.0,1.75,2220.0,216493.0,1.0,0.0,2.0,3,8,2220.0,0.0,1989,0.0,98014,47.6624,-121.951,2900.0,169884.0,2014-08-11,585000.0
104530110,3.0,2.5,1850.0,6676.0,2.0,,0.0,3,7,1850.0,0.0,1986,0.0,98023,47.3103,-122.36,1700.0,6663.0,2014-10-08,268000.0
6852700246,5.0,2.5,2860.0,4000.0,2.0,0.0,0.0,4,8,2160.0,700.0,1910,0.0,98102,47.6225,-122.318,1340.0,1224.0,2014-09-23,1200000.0
2124700015,3.0,1.0,1120.0,10176.0,1.0,0.0,0.0,3,6,920.0,200.0,1905,0.0,98118,47.5235,-122.277,1350.0,7500.0,2014-07-16,345000.0
8665900291,4.0,2.5,2340.0,19850.0,2.0,0.0,0.0,3,9,2340.0,0.0,1993,0.0,98155,47.7672,-122.306,1930.0,15439.0,2015-02-25,539000.0
8965500820,5.0,3.25,3760.0,9792.0,2.0,0.0,0.0,3,9,2550.0,1210.0,1984,0.0,98006,47.5654,-122.115,2960.0,16500.0,2014-07-02,851000.0
1024000100,3.0,2.5,1920.0,7200.0,2.0,0.0,2.0,3,10,1780.0,140.0,1997,0.0,98116,47.5709,-122.408,2080.0,5000.0,2015-04-08,900000.0
6132600165,3.0,2.5,3230.0,5000.0,2.0,0.0,2.0,5,8,2430.0,800.0,1945,0.0,98117,47.7011,-122.389,1820.0,5000.0,2014-07-03,850000.0
4040800090,3.0,1.75,1260.0,6500.0,1.0,0.0,0.0,4,7,1260.0,,1966,0.0,98008,47.6224,-122.116,1500.0,7700.0,2014-05-06,390000.0
3432500215,3.0,1.75,1540.0,6909.0,1.0,0.0,0.0,4,7,920.0,620.0,1955,0.0,98155,47.7451,-122.313,1130.0,6908.0,2014-06-10,345000.0
3630030110,3.0,2.5,1700.0,3150.0,2.0,0.0,0.0,3,8,1700.0,0.0,2005,0.0,98029,47.5505,-121.998,1700.0,3600.0,2014-06-16,534500.0
9297300740,6.0,5.25,3600.0,3960.0,2.0,0.0,0.0,3,7,2400.0,1200.0,1971,0.0,98126,47.5656,-122.372,1450.0,4600.0,2014-11-18,643500.0
3592500866,3.0,2.75,3150.0,5520.0,1.5,,0.0,4,8,2130.0,1020.0,1925,0.0,98112,47.6345,-122.302,3160.0,6200.0,2015-04-02,1210000.0
5019500215,2.0,1.75,1280.0,4000.0,1.0,0.0,0.0,4,7,730.0,550.0,1929,0.0,98116,47.5798,-122.383,2250.0,5382.0,2015-01-15,495000.0
3290800215,2.0,1.0,980.0,4120.0,1.0,0.0,0.0,3,7,830.0,150.0,1950,20140.0,98115,47.6815,-122.291,1760.0,4120.0,2014-07-30,535000.0
7853230590,4.0,2.5,2190.0,6578.0,2.0,,0.0,3,7,2190.0,0.0,2004,0.0,98065,47.5305,-121.847,2190.0,5416.0,2014-10-29,435000.0
1221000490,4.0,2.0,2470.0,1831.0,2.0,0.0,0.0,3,7,1970.0,500.0,2009,0.0,98166,47.4645,-122.337,1310.0,7500.0,2014-11-13,305000.0
5210200077,4.0,2.5,2590.0,7910.0,2.0,0.0,0.0,3,9,2590.0,0.0,2001,0.0,98115,47.6978,-122.284,1700.0,7488.0,2014-06-19,799000.0
3275880100,4.0,2.5,2580.0,15031.0,2.0,0.0,0.0,3,9,2580.0,0.0,1999,0.0,98052,47.6895,-122.094,3030.0,10361.0,2014-11-13,700000.0
2767704345,3.0,2.25,1270.0,1213.0,2.0,0.0,0.0,3,8,1040.0,230.0,2005,0.0,98107,47.6736,-122.375,1410.0,1265.0,2014-05-20,467000.0
1432701380,3.0,1.0,1250.0,7560.0,1.0,0.0,0.0,3,6,1250.0,0.0,1959,0.0,98058,47.4493,-122.173,1270.0,7615.0,2015-04-07,263000.0
1564000740,4.0,2.5,4660.0,7157.0,2.0,0.0,0.0,3,9,3020.0,1640.0,2003,0.0,98059,47.5352,-122.156,3300.0,7047.0,2014-08-20,760000.0
8141300300,4.0,2.5,2019.0,4435.0,2.0,0.0,3.0,3,8,2019.0,0.0,2008,0.0,98022,47.1958,-121.974,1950.0,4800.0,2015-02-07,293000.0
1388600110,3.0,2.0,1490.0,7929.0,1.0,0.0,0.0,3,7,1490.0,0.0,1989,0.0,98002,47.2875,-122.218,1650.0,7929.0,2014-08-21,245000.0
3523029059,2.0,1.5,1560.0,10807.0,1.0,0.0,0.0,2,7,1560.0,0.0,1949,0.0,98070,47.4444,-122.509,1660.0,196591.0,2014-07-31,181000.0
1061500110,3.0,1.0,1030.0,15264.0,1.0,0.0,0.0,4,7,1030.0,0.0,1962,0.0,98056,47.5016,-122.168,1430.0,14840.0,2015-04-23,240000.0
7555210100,4.0,2.75,2560.0,7961.0,1.0,0.0,2.0,4,8,1450.0,1110.0,1975,0.0,98033,47.6499,-122.199,2500.0,9009.0,2014-11-17,880000.0
9407150100,3.0,2.0,1460.0,6377.0,1.0,0.0,0.0,3,7,1460.0,0.0,1995,0.0,98038,47.3679,-122.02,1600.0,6250.0,2014-06-25,285000.0
6414100721,2.0,1.0,770.0,6017.0,1.0,0.0,0.0,3,7,770.0,0.0,1950,0.0,98125,47.7223,-122.321,1670.0,7500.0,2015-04-16,407500.0
4307340490,4.0,2.5,1960.0,3543.0,2.0,0.0,0.0,3,7,1960.0,0.0,2004,0.0,98056,47.4849,-122.184,2420.0,3646.0,2014-08-12,325000.0
4022900569,3.0,1.75,1900.0,10454.0,1.0,,0.0,3,7,1390.0,510.0,1978,0.0,98155,47.7748,-122.291,2000.0,12000.0,2014-10-17,405000.0
2114700115,3.0,2.5,1970.0,4120.0,1.5,0.0,0.0,3,6,1230.0,740.0,1927,0.0,98106,47.5328,-122.346,1470.0,4080.0,2015-04-07,291700.0
2320069364,3.0,2.5,2490.0,18525.0,2.0,,3.0,3,8,2490.0,0.0,1995,0.0,98022,47.2119,-122.001,1850.0,9516.0,2014-10-16,370000.0
4331400090,3.0,1.5,1430.0,8960.0,1.0,0.0,0.0,4,6,1430.0,0.0,1953,0.0,98166,47.4759,-122.349,1560.0,10125.0,2014-05-28,270000.0
3886902870,4.0,2.5,2680.0,7200.0,1.0,0.0,0.0,3,8,1380.0,1300.0,1952,20130.0,98033,47.6835,-122.187,1950.0,8520.0,2014-05-27,800000.0
9136102680,3.0,1.75,1610.0,3210.0,1.0,0.0,0.0,5,7,910.0,,1928,0.0,98103,47.6656,-122.335,1420.0,3210.0,2014-09-23,626500.0
2581900165,4.0,3.5,4300.0,8406.0,2.0,0.0,1.0,3,11,3580.0,720.0,1987,0.0,98040,47.5396,-122.214,2770.0,10006.0,2014-10-21,1130000.0
3793501050,4.0,2.5,3200.0,7545.0,2.0,,0.0,3,7,3200.0,0.0,2003,0.0,98038,47.3666,-122.03,2840.0,7137.0,2014-08-22,399950.0
619000100,3.0,1.75,2140.0,15030.0,1.0,0.0,0.0,4,7,1570.0,570.0,1958,0.0,98166,47.4181,-122.338,2170.0,15030.0,2014-07-24,419000.0
4178700100,4.0,2.5,4240.0,43995.0,2.0,0.0,0.0,3,10,4240.0,0.0,1989,0.0,98075,47.6008,-122.044,3720.0,59522.0,2014-07-15,1160000.0
3225059223,4.0,3.5,3410.0,10769.0,2.0,,0.0,3,10,3410.0,0.0,2008,0.0,98004,47.6081,-122.198,2650.0,10058.0,2014-05-19,1410000.0
3885805325,4.0,2.75,2090.0,8064.0,2.0,0.0,0.0,5,7,2090.0,0.0,1967,0.0,98033,47.6829,-122.195,1460.0,8400.0,2014-07-31,710000.0
4151800195,3.0,1.0,1410.0,4840.0,1.0,0.0,2.0,4,6,1230.0,180.0,1942,0.0,98033,47.6646,-122.204,1410.0,5400.0,2015-03-30,650000.0
1137300690,4.0,2.5,2820.0,33750.0,2.0,0.0,0.0,4,9,2820.0,0.0,1984,0.0,98072,47.7387,-122.096,2510.0,36180.0,2015-02-20,369900.0
203600590,4.0,2.5,2770.0,63118.0,2.0,0.0,0.0,3,9,2770.0,0.0,1997,0.0,98014,47.6622,-121.961,2770.0,44224.0,2014-06-27,641000.0
7745500015,3.0,1.0,1400.0,6879.0,1.0,0.0,0.0,3,7,1400.0,0.0,1951,0.0,98155,47.7508,-122.286,1950.0,7400.0,2015-03-18,403000.0
1370802600,3.0,3.25,3620.0,4000.0,2.0,0.0,0.0,3,10,2730.0,890.0,2005,0.0,98199,47.6393,-122.403,1910.0,5000.0,2014-07-03,1020000.0
5452800645,4.0,2.5,2260.0,13600.0,1.0,0.0,0.0,4,8,1770.0,490.0,1974,0.0,98040,47.5436,-122.233,2630.0,13995.0,2014-09-22,865000.0
1324049015,4.0,2.5,3440.0,23954.0,1.5,1.0,3.0,5,10,2260.0,1180.0,1931,0.0,98040,47.5636,-122.231,4230.0,18723.0,2014-11-11,2490000.0
7645900165,4.0,1.0,2150.0,3588.0,2.0,,3.0,4,8,1850.0,300.0,1926,0.0,98126,47.5767,-122.378,1950.0,3588.0,2014-10-16,810000.0
6798100652,3.0,2.5,1256.0,1154.0,3.0,0.0,0.0,3,7,1256.0,0.0,2005,0.0,98125,47.7146,-122.311,1309.0,1232.0,2014-07-15,316750.0
1023079147,4.0,2.25,2220.0,130244.0,2.0,0.0,0.0,3,8,2220.0,0.0,1989,0.0,98027,47.4989,-121.9,2680.0,130680.0,2014-08-20,652500.0
7972601250,6.0,2.75,2850.0,15240.0,1.0,0.0,0.0,3,7,1850.0,1000.0,1962,0.0,98106,47.5288,-122.345,2090.0,7620.0,2015-02-04,360000.0
421000215,2.0,1.0,700.0,5100.0,1.0,0.0,0.0,4,5,700.0,0.0,1953,0.0,98056,47.4957,-122.168,970.0,5811.0,2015-04-16,208000.0
4054520100,4.0,2.5,3700.0,63991.0,2.0,0.0,0.0,3,10,3700.0,0.0,1992,0.0,98077,47.7319,-122.051,3210.0,47215.0,2015-02-10,898000.0
3579700015,4.0,1.75,1400.0,11934.0,1.0,0.0,0.0,3,7,1050.0,350.0,1961,0.0,98028,47.7346,-122.244,2080.0,10400.0,2015-02-27,295000.0
9310300215,4.0,1.75,3130.0,18253.0,2.0,0.0,0.0,3,7,3130.0,0.0,1978,0.0,98133,47.7402,-122.348,1850.0,12220.0,2015-05-06,652500.0
3905081800,4.0,3.0,2170.0,5764.0,2.0,0.0,0.0,3,8,2170.0,0.0,1992,0.0,98029,47.5673,-121.999,2010.0,5681.0,2014-07-25,560000.0
7236100025,3.0,1.0,1020.0,8400.0,1.0,0.0,0.0,4,7,1020.0,0.0,1957,0.0,98056,47.4905,-122.18,1690.0,8030.0,2015-05-04,280000.0
2023049206,3.0,2.5,1760.0,8584.0,1.5,0.0,0.0,5,7,1760.0,0.0,1937,0.0,98148,47.4612,-122.325,2160.0,8584.0,2014-06-30,289950.0
3223059015,3.0,2.5,1860.0,44093.0,1.0,0.0,0.0,3,7,1860.0,0.0,1978,0.0,98055,47.4381,-122.188,1900.0,6130.0,2015-04-10,397500.0
1726069064,2.0,1.0,1140.0,75132.0,1.0,0.0,0.0,3,7,1140.0,0.0,1956,0.0,98077,47.7349,-122.074,2570.0,35200.0,2015-03-24,380000.0
1423089162,3.0,2.5,1670.0,22703.0,1.0,0.0,0.0,3,7,1310.0,360.0,1988,0.0,98045,47.4708,-121.756,1510.0,16817.0,2014-10-31,415900.0
8024201503,2.0,1.75,1710.0,8645.0,1.0,0.0,0.0,4,7,1510.0,200.0,1923,0.0,98115,47.7005,-122.313,1280.0,5366.0,2014-07-16,475000.0
859000110,1.0,1.0,500.0,7440.0,1.0,0.0,0.0,1,5,500.0,0.0,1928,0.0,98106,47.5252,-122.362,1350.0,7440.0,2014-10-02,125000.0
2322059039,3.0,1.0,1470.0,32670.0,1.0,0.0,0.0,3,7,1020.0,450.0,1958,0.0,98042,47.3811,-122.144,2640.0,24100.0,2014-08-21,238000.0
2023049245,4.0,1.5,1370.0,9750.0,1.0,0.0,0.0,3,7,1070.0,300.0,1953,0.0,98168,47.4718,-122.323,1540.0,9789.0,2014-08-20,296000.0
114100745,6.0,3.0,3470.0,117612.0,1.5,0.0,0.0,3,7,3470.0,0.0,1924,0.0,98028,47.7663,-122.234,2120.0,17100.0,2014-05-06,475000.0
2391601380,3.0,2.25,1650.0,6250.0,1.5,0.0,0.0,3,7,1650.0,0.0,1910,0.0,98116,47.5639,-122.4,2060.0,6250.0,2015-02-23,390000.0
2313900740,3.0,1.0,1180.0,3750.0,1.0,0.0,0.0,3,6,1030.0,150.0,1940,0.0,98116,47.5726,-122.382,1280.0,3750.0,2014-11-19,425000.0
9521101015,6.0,3.0,3110.0,5000.0,1.5,0.0,0.0,5,7,1810.0,1300.0,1921,0.0,98103,47.6631,-122.348,1600.0,4000.0,2014-06-26,725000.0
1036400110,3.0,2.25,2080.0,12134.0,1.0,0.0,0.0,4,8,1530.0,550.0,1973,0.0,98052,47.6315,-122.102,2320.0,12400.0,2014-07-02,605000.0
2572400100,3.0,1.0,1600.0,1950.0,2.0,0.0,0.0,2,7,1600.0,0.0,1906,0.0,98122,47.6028,-122.312,1310.0,1138.0,2014-11-05,302000.0
6821600300,3.0,2.25,2380.0,6000.0,2.0,0.0,0.0,5,9,1650.0,730.0,1931,0.0,98199,47.6472,-122.393,2000.0,6000.0,2015-03-18,886000.0
9547205225,4.0,1.75,1630.0,6120.0,1.0,,0.0,5,7,980.0,650.0,1918,0.0,98115,47.6821,-122.31,1630.0,4080.0,2014-08-14,540000.0
3876312490,4.0,2.25,1910.0,8400.0,2.0,0.0,0.0,3,7,1910.0,0.0,1975,0.0,98072,47.7352,-122.175,1910.0,8400.0,2015-04-14,435000.0
1591600044,4.0,3.25,3140.0,10752.0,2.0,0.0,0.0,3,7,2300.0,840.0,1992,0.0,98146,47.5022,-122.363,1300.0,9920.0,2014-10-10,409000.0
7201800090,3.0,1.0,1250.0,7280.0,1.0,0.0,0.0,3,7,1250.0,0.0,1975,0.0,98052,47.6986,-122.129,1690.0,7280.0,2015-01-06,405000.0
4221270100,3.0,2.5,1990.0,3984.0,2.0,0.0,0.0,3,8,1990.0,0.0,2004,0.0,98075,47.5914,-122.017,2320.0,3984.0,2014-06-11,560200.0
2473410690,4.0,1.75,2110.0,7208.0,1.0,0.0,0.0,3,8,1170.0,940.0,1975,0.0,98058,47.4464,-122.129,1820.0,7208.0,2014-06-23,324000.0
7300410110,4.0,2.5,2490.0,8290.0,2.0,0.0,0.0,3,9,2490.0,0.0,1999,0.0,98092,47.3305,-122.171,2690.0,7008.0,2014-05-19,390000.0
7224500090,2.0,1.0,800.0,5000.0,1.0,0.0,0.0,3,6,800.0,0.0,1938,0.0,98055,47.4914,-122.204,1220.0,5000.0,2015-04-07,414000.0
7852000110,3.0,2.5,2360.0,4670.0,2.0,,0.0,3,7,2360.0,0.0,1998,0.0,98065,47.537,-121.871,2420.0,5620.0,2014-09-03,441500.0
4302200590,3.0,2.5,1770.0,5146.0,2.0,,0.0,3,7,1770.0,0.0,1992,0.0,98106,47.5263,-122.356,1230.0,5160.0,2015-03-09,375000.0
8635750090,4.0,2.5,2710.0,5500.0,2.0,0.0,0.0,3,9,2710.0,0.0,1999,0.0,98074,47.6027,-122.023,2710.0,6242.0,2014-06-02,668500.0
1133000100,5.0,1.5,1940.0,10202.0,1.5,0.0,0.0,4,7,1940.0,0.0,1940,0.0,98125,47.7213,-122.31,1900.0,8000.0,2014-10-07,540000.0
7631800025,4.0,3.25,3450.0,11240.0,2.0,0.0,3.0,4,10,2430.0,1020.0,1960,20010.0,98166,47.4556,-122.372,2412.0,19499.0,2014-06-06,1040000.0
2998800110,4.0,3.25,3440.0,4920.0,2.0,0.0,4.0,3,10,2520.0,920.0,2014,0.0,98116,47.5727,-122.409,2350.0,5166.0,2015-03-25,1350000.0
2432000110,4.0,2.75,2410.0,9549.0,1.0,0.0,0.0,4,7,1780.0,630.0,1956,0.0,98033,47.6503,-122.197,2090.0,9549.0,2014-05-07,758000.0
824059140,4.0,2.25,2290.0,10687.0,2.0,0.0,0.0,3,9,2290.0,0.0,1978,0.0,98004,47.5878,-122.202,2290.0,10300.0,2014-05-27,949880.0
4229400015,3.0,1.0,1030.0,4089.0,1.5,0.0,0.0,3,7,1030.0,0.0,1927,0.0,98116,47.574,-122.385,1440.0,4917.0,2015-05-07,570000.0
7805450110,4.0,2.5,2290.0,12047.0,2.0,0.0,0.0,4,9,2290.0,0.0,1988,0.0,98006,47.5599,-122.105,3130.0,15666.0,2014-05-06,736000.0
9839301055,3.0,1.5,1490.0,4400.0,1.5,,0.0,4,7,1490.0,0.0,1906,0.0,98122,47.6113,-122.292,1560.0,4400.0,2014-06-26,670000.0
9471201110,4.0,1.75,2370.0,8400.0,1.0,0.0,0.0,5,9,1270.0,1100.0,1949,0.0,98105,47.6716,-122.264,2370.0,8400.0,2015-04-06,1130000.0
1189000645,4.0,2.0,1930.0,3976.0,1.5,0.0,0.0,4,8,1930.0,,1914,0.0,98122,47.6117,-122.297,1470.0,4080.0,2014-10-22,650000.0
6788201015,2.0,1.75,1600.0,4000.0,1.0,0.0,0.0,5,7,850.0,750.0,1918,0.0,98112,47.6408,-122.3,1860.0,4000.0,2014-06-16,690000.0
425069147,4.0,2.25,2240.0,45738.0,2.0,0.0,0.0,3,7,2240.0,0.0,1988,0.0,98053,47.687,-122.047,3180.0,45738.0,2015-03-13,610000.0
9268200600,2.0,1.0,770.0,4000.0,1.0,,0.0,5,5,770.0,0.0,1924,0.0,98117,47.6959,-122.364,1420.0,5040.0,2014-05-19,413500.0
9201000100,3.0,2.5,2300.0,9752.0,2.0,0.0,2.0,3,8,2300.0,0.0,1968,20030.0,98075,47.5825,-122.076,2640.0,10764.0,2015-04-14,765000.0
4140930110,4.0,2.75,3400.0,7081.0,2.0,0.0,0.0,3,9,3400.0,0.0,2001,0.0,98006,47.5661,-122.123,3060.0,7081.0,2014-12-10,828200.0
7226000110,2.0,1.0,900.0,4397.0,1.0,,0.0,3,6,900.0,0.0,1918,0.0,98055,47.4851,-122.205,1430.0,4500.0,2014-07-26,205000.0
4358700100,3.0,2.5,1450.0,5175.0,1.0,0.0,0.0,3,8,1030.0,420.0,1995,0.0,98133,47.7082,-122.338,1740.0,9250.0,2014-12-02,465000.0
2228900195,4.0,2.5,2240.0,5402.0,2.0,0.0,0.0,3,8,2240.0,0.0,2005,0.0,98133,47.772,-122.35,2240.0,7560.0,2015-03-11,556000.0
3905100740,4.0,2.5,1780.0,4169.0,2.0,0.0,0.0,3,8,1780.0,0.0,1994,0.0,98029,47.5695,-122.006,1830.0,4164.0,2014-06-08,540000.0
3295900490,4.0,2.5,2320.0,4254.0,2.0,0.0,0.0,3,8,2320.0,0.0,2004,0.0,98059,47.48,-122.137,2330.0,4602.0,2014-07-29,423000.0
7379700051,3.0,1.75,1590.0,14766.0,1.0,0.0,0.0,3,8,1590.0,0.0,1963,0.0,98007,47.5902,-122.147,2040.0,10190.0,2015-04-10,375000.0
7348200195,3.0,1.0,990.0,12696.0,1.5,0.0,0.0,3,7,990.0,0.0,1936,0.0,98168,47.4776,-122.279,1260.0,8937.0,2014-12-09,173250.0
4047200300,3.0,1.5,2605.0,12030.0,1.0,0.0,0.0,3,8,1355.0,1250.0,2003,0.0,98019,47.7725,-121.899,1590.0,15242.0,2015-02-05,599900.0
4242900215,5.0,2.75,2870.0,4461.0,1.0,,0.0,3,7,1650.0,1220.0,1976,0.0,98107,47.675,-122.39,1890.0,4196.0,2014-06-18,646000.0
7851980100,5.0,4.75,5180.0,17811.0,2.0,0.0,2.0,3,11,4070.0,1110.0,2001,0.0,98065,47.5405,-121.868,3960.0,15103.0,2014-06-05,1080000.0
9126101645,4.0,2.0,2180.0,3870.0,1.0,0.0,0.0,3,7,1020.0,1160.0,1900,0.0,98122,47.6089,-122.303,1520.0,2580.0,2014-06-10,558000.0
2695600375,2.0,1.0,850.0,5225.0,1.0,0.0,0.0,3,7,850.0,0.0,1949,0.0,98126,47.5311,-122.38,1230.0,5225.0,2014-11-10,354000.0
6648150090,4.0,4.0,4050.0,9517.0,2.0,0.0,0.0,3,11,3360.0,690.0,1990,0.0,98040,47.5769,-122.215,3330.0,9436.0,2015-01-08,1200000.0
1189000245,4.0,2.0,2250.0,4200.0,1.5,0.0,0.0,3,7,1650.0,600.0,1909,0.0,98122,47.6136,-122.297,1200.0,3360.0,2015-03-31,670000.0
1169000057,6.0,4.25,3100.0,9378.0,3.0,0.0,2.0,3,11,3100.0,0.0,1978,0.0,98112,47.6381,-122.314,3270.0,6334.0,2014-10-06,1130000.0
4013800131,2.0,1.0,1747.0,12250.0,2.5,,0.0,4,6,1747.0,0.0,1948,0.0,98001,47.3282,-122.285,1620.0,10300.0,2014-08-07,267500.0
1787270090,4.0,2.5,2410.0,4708.0,2.0,0.0,0.0,3,8,2410.0,0.0,2002,0.0,98092,47.3229,-122.182,2517.0,5290.0,2015-02-25,299800.0
4037200735,4.0,1.75,2070.0,9120.0,1.0,0.0,0.0,4,7,1250.0,820.0,1958,0.0,98008,47.6045,-122.123,1650.0,8400.0,2015-04-14,430000.0
4083302370,5.0,1.0,1860.0,3040.0,1.5,0.0,0.0,3,7,1530.0,330.0,1921,0.0,98103,47.6559,-122.339,1910.0,3600.0,2015-03-13,775000.0
4319200820,3.0,1.0,950.0,5214.0,1.0,0.0,0.0,3,7,830.0,120.0,1944,0.0,98126,47.5362,-122.379,1490.0,7636.0,2015-01-22,333000.0
7663700551,3.0,2.0,1060.0,11765.0,1.0,0.0,0.0,4,6,1060.0,0.0,1951,0.0,98125,47.7333,-122.302,1500.0,9151.0,2015-04-07,336000.0
6821102350,2.0,1.0,880.0,1712.0,2.0,0.0,0.0,4,7,880.0,0.0,1945,0.0,98199,47.6475,-122.397,1360.0,1748.0,2015-01-09,323000.0
723069089,4.0,2.5,2550.0,56628.0,2.0,0.0,0.0,3,9,2550.0,0.0,2001,0.0,98027,47.4913,-122.081,1870.0,56628.0,2014-07-15,575000.0
8165500110,2.0,2.25,1550.0,2079.0,2.0,0.0,0.0,3,8,1550.0,0.0,2008,0.0,98106,47.54,-122.368,1420.0,1977.0,2014-12-05,328000.0
8081900195,3.0,1.0,1590.0,4600.0,1.5,,0.0,4,7,1290.0,300.0,1926,0.0,98117,47.6807,-122.399,1770.0,4350.0,2014-12-10,572500.0
2878601425,3.0,1.75,1650.0,5100.0,1.0,0.0,0.0,5,7,1040.0,610.0,1908,0.0,98115,47.6873,-122.321,1540.0,5100.0,2014-05-22,600000.0
5104512070,4.0,3.0,2430.0,7242.0,2.0,0.0,0.0,3,8,2430.0,0.0,2003,0.0,98038,47.3533,-122.015,2430.0,7242.0,2015-04-20,412000.0
3885802970,3.0,2.5,1810.0,7200.0,1.0,0.0,0.0,5,7,1310.0,500.0,1960,0.0,98033,47.6885,-122.211,2050.0,7200.0,2014-12-03,827500.0
3021049140,4.0,2.5,2890.0,17349.0,2.0,0.0,0.0,3,8,2890.0,0.0,1994,0.0,98023,47.2822,-122.34,2330.0,22356.0,2015-03-25,300000.0
5249801720,3.0,2.5,1280.0,5040.0,2.0,0.0,0.0,4,7,1280.0,0.0,1985,0.0,98118,47.5611,-122.276,1500.0,5040.0,2014-11-13,415000.0
2025049006,7.0,2.75,3410.0,4056.0,1.5,0.0,0.0,4,8,2130.0,,1906,0.0,98102,47.6454,-122.316,2510.0,4056.0,2014-11-12,750000.0
7575700015,3.0,2.75,2220.0,4000.0,2.0,,0.0,3,8,1700.0,520.0,1914,20000.0,98122,47.617,-122.291,1800.0,4000.0,2014-07-10,800000.0
2724049146,3.0,1.0,1060.0,6000.0,1.0,0.0,0.0,3,8,1060.0,0.0,1954,0.0,98118,47.5427,-122.275,1240.0,7874.0,2015-03-17,420000.0
8074200100,3.0,1.5,1120.0,8250.0,1.0,0.0,0.0,4,7,1120.0,0.0,1957,0.0,98056,47.4905,-122.179,1320.0,8400.0,2014-10-15,266000.0
1517900100,4.0,2.5,2680.0,10590.0,2.0,0.0,0.0,3,8,2680.0,0.0,2004,0.0,98019,47.7377,-121.97,2330.0,5566.0,2014-10-21,499000.0
2391602250,4.0,1.5,1770.0,5750.0,2.0,0.0,0.0,3,7,1770.0,0.0,1947,0.0,98116,47.5621,-122.394,970.0,5750.0,2014-06-26,440000.0
7635801311,3.0,2.0,2950.0,12196.0,2.0,0.0,0.0,4,7,2310.0,640.0,1918,0.0,98166,47.4702,-122.365,2320.0,19844.0,2014-06-23,495000.0
3362401295,2.0,1.75,1260.0,5300.0,1.0,0.0,0.0,4,7,840.0,420.0,1951,0.0,98103,47.6809,-122.348,1280.0,3000.0,2015-03-30,630000.0
3303230110,3.0,1.75,1430.0,6818.0,1.0,0.0,0.0,5,7,1430.0,0.0,1972,0.0,98034,47.7271,-122.196,1480.0,7210.0,2014-08-04,424000.0
1522600100,4.0,2.5,2730.0,36183.0,2.0,0.0,0.0,3,9,2730.0,0.0,1986,0.0,98052,47.7036,-122.127,2710.0,5964.0,2014-06-04,760000.0
6646200090,4.0,3.5,3270.0,15704.0,2.0,0.0,0.0,3,9,2110.0,1160.0,1990,0.0,98074,47.6256,-122.042,3020.0,8582.0,2014-08-19,650000.0
2522059112,4.0,1.75,1720.0,10018.0,1.0,0.0,0.0,5,7,1720.0,0.0,1960,0.0,98042,47.3614,-122.119,1220.0,10018.0,2014-05-07,248500.0
3205100110,3.0,1.75,1270.0,12420.0,1.0,0.0,0.0,4,7,1270.0,0.0,1962,0.0,98056,47.5387,-122.179,1560.0,9910.0,2015-04-21,379600.0
6414100025,4.0,2.5,3260.0,10032.0,1.0,0.0,0.0,3,8,1960.0,1300.0,1978,0.0,98125,47.7203,-122.323,1802.0,7249.0,2014-07-21,538000.0
3529000930,4.0,2.5,2050.0,6360.0,2.0,0.0,0.0,3,8,2050.0,0.0,1988,0.0,98029,47.5641,-122.011,2070.0,7541.0,2014-06-16,530000.0
4141400100,4.0,2.25,2050.0,9720.0,2.0,0.0,0.0,3,8,2050.0,0.0,1967,0.0,98008,47.5911,-122.119,2310.0,9680.0,2015-01-20,545000.0
9562200090,4.0,3.0,3580.0,35261.0,1.5,0.0,0.0,3,10,3580.0,0.0,1985,0.0,98072,47.7577,-122.134,3540.0,36750.0,2014-06-24,925000.0
7399800110,4.0,2.75,1960.0,48787.0,1.5,0.0,0.0,4,9,1960.0,0.0,1983,0.0,98072,47.7484,-122.111,1970.0,36425.0,2014-12-09,565000.0
6917700356,2.0,1.0,840.0,3522.0,1.0,0.0,0.0,3,6,840.0,0.0,1947,0.0,98199,47.6575,-122.395,1390.0,4800.0,2014-05-14,405100.0
4040800600,3.0,1.75,1300.0,8800.0,1.0,0.0,0.0,4,8,1300.0,0.0,1963,0.0,98008,47.6199,-122.116,1350.0,8800.0,2014-06-09,502000.0
3629920300,3.0,2.25,1260.0,3000.0,2.0,0.0,0.0,3,7,1260.0,0.0,2003,0.0,98029,47.5454,-121.997,1630.0,3042.0,2014-11-03,425000.0
8944290090,3.0,2.25,1650.0,2958.0,2.0,0.0,0.0,3,7,1650.0,0.0,1985,0.0,98031,47.3916,-122.167,1510.0,3788.0,2014-06-23,233500.0
8091410930,3.0,2.5,1710.0,10341.0,2.0,0.0,2.0,3,7,1710.0,0.0,1986,0.0,98030,47.3494,-122.171,1830.0,9358.0,2015-03-23,287000.0
3313600266,3.0,1.0,1180.0,8775.0,1.0,,0.0,3,7,1180.0,0.0,1966,0.0,98002,47.2848,-122.223,1300.0,8100.0,2015-02-13,190000.0
9508850100,3.0,2.25,2780.0,31510.0,2.0,0.0,0.0,3,8,2780.0,0.0,1979,0.0,98053,47.67,-122.024,2890.0,36400.0,2014-11-03,666000.0
3330501545,2.0,1.0,950.0,3090.0,1.0,0.0,0.0,4,6,950.0,0.0,1909,0.0,98118,47.551,-122.276,1230.0,4120.0,2014-12-01,330000.0
31000165,5.0,3.5,3620.0,7821.0,2.0,0.0,2.0,3,10,2790.0,830.0,1958,20100.0,98040,47.5738,-122.215,2690.0,9757.0,2014-09-11,1490000.0
4123810090,3.0,2.25,2140.0,10256.0,2.0,0.0,0.0,3,8,2140.0,0.0,1987,0.0,98038,47.3751,-122.044,2040.0,11717.0,2014-09-09,393000.0
1180500100,4.0,2.75,1920.0,4627.0,1.0,0.0,0.0,3,8,1010.0,910.0,1998,0.0,98178,47.5003,-122.23,1910.0,7210.0,2014-09-24,353000.0
7549801140,2.0,1.0,750.0,6720.0,1.0,0.0,0.0,3,6,750.0,0.0,1916,0.0,98108,47.552,-122.31,920.0,6720.0,2014-10-20,260000.0
7254000100,3.0,2.5,2060.0,2551.0,2.0,0.0,0.0,3,8,1900.0,160.0,2001,0.0,98005,47.5881,-122.165,2060.0,2936.0,2014-12-15,680000.0
644200090,3.0,2.25,2380.0,11200.0,1.0,0.0,0.0,4,8,2380.0,0.0,1963,0.0,98004,47.5873,-122.193,2010.0,11200.0,2014-07-15,921000.0
5101407305,2.0,1.0,750.0,6380.0,1.0,0.0,0.0,3,7,750.0,0.0,1949,0.0,98125,47.7033,-122.308,1690.0,6495.0,2014-12-18,319000.0
6817801030,3.0,1.0,1160.0,10881.0,1.0,,0.0,2,7,920.0,240.0,1983,0.0,98074,47.6339,-122.033,1280.0,10843.0,2015-04-22,280000.0
7454001280,3.0,1.0,1050.0,6300.0,1.0,0.0,0.0,3,6,1050.0,0.0,1942,0.0,98146,47.5128,-122.374,740.0,6300.0,2014-06-11,220000.0
8651440740,3.0,1.5,1740.0,5200.0,1.0,0.0,0.0,4,7,1060.0,680.0,1977,0.0,98042,47.3657,-122.094,1540.0,5200.0,2015-01-21,219000.0
1954430190,4.0,2.75,2050.0,7171.0,1.0,0.0,0.0,3,8,1540.0,510.0,1988,0.0,98074,47.6194,-122.042,1960.0,7110.0,2014-08-08,528000.0
4292300010,3.0,1.75,1980.0,8100.0,1.0,0.0,0.0,4,7,1310.0,670.0,1949,0.0,98133,47.7353,-122.331,1450.0,8212.0,2014-05-27,405000.0
8929000290,3.0,2.5,1690.0,1618.0,2.0,0.0,0.0,3,8,1150.0,540.0,2014,0.0,98029,47.5518,-121.998,1690.0,1618.0,2014-05-14,372977.0
1250201680,4.0,3.25,2320.0,5900.0,1.5,0.0,2.0,4,9,2320.0,0.0,1910,0.0,98144,47.597,-122.292,2320.0,6240.0,2015-05-07,934550.0
868001705,3.0,1.5,2480.0,9900.0,2.0,0.0,3.0,3,10,2130.0,350.0,1940,0.0,98177,47.7018,-122.381,2860.0,9288.0,2015-02-06,1470000.0
1370801585,4.0,2.25,2290.0,5350.0,2.0,0.0,0.0,4,9,2120.0,170.0,1958,0.0,98199,47.6428,-122.411,2910.0,5350.0,2014-06-03,975000.0
7501000130,5.0,2.5,3180.0,13806.0,2.0,0.0,0.0,4,10,3180.0,0.0,1990,0.0,98033,47.652,-122.182,3180.0,13798.0,2014-05-05,800866.0
4178300130,7.0,3.5,3470.0,16264.0,2.0,0.0,0.0,4,9,3470.0,0.0,1980,0.0,98007,47.6203,-122.149,3040.0,13500.0,2015-04-13,950000.0
7550801206,4.0,3.0,1540.0,4140.0,1.5,0.0,0.0,5,7,1540.0,0.0,1902,0.0,98107,47.6728,-122.396,1460.0,5000.0,2014-09-04,624000.0
9201300050,5.0,2.25,2800.0,8442.0,2.0,1.0,4.0,3,9,2800.0,0.0,1963,20010.0,98075,47.5784,-122.076,3220.0,9156.0,2014-08-14,1850000.0
3816300095,3.0,1.0,1050.0,9876.0,1.0,0.0,0.0,3,7,1050.0,0.0,1953,0.0,98028,47.7635,-122.262,1760.0,9403.0,2014-05-14,310000.0
7399301100,3.0,1.75,1480.0,6800.0,1.0,0.0,0.0,4,7,1480.0,0.0,1968,0.0,98055,47.4633,-122.188,1500.0,7900.0,2014-12-04,315000.0
4151800470,3.0,2.0,1010.0,5973.0,1.0,0.0,0.0,5,6,1010.0,0.0,1942,0.0,98033,47.6652,-122.202,1920.0,6015.0,2014-08-20,675000.0
7811000020,3.0,1.75,1660.0,8208.0,1.0,0.0,0.0,4,8,1660.0,0.0,1965,0.0,98005,47.5919,-122.154,2210.0,11000.0,2014-11-13,490000.0
5166700050,5.0,2.25,2760.0,6350.0,1.0,0.0,0.0,3,7,1380.0,,1958,0.0,98126,47.5561,-122.379,2060.0,6342.0,2015-02-11,600000.0
4045500130,2.0,1.0,1040.0,20524.0,1.0,0.0,3.0,3,6,1040.0,0.0,1949,19890.0,98014,47.6981,-121.875,1880.0,38996.0,2014-09-09,154000.0
2927600675,4.0,1.75,2220.0,6500.0,2.0,0.0,3.0,4,8,2220.0,0.0,1964,0.0,98166,47.4519,-122.375,2430.0,11600.0,2014-06-09,480000.0
7686202580,3.0,1.0,1270.0,7500.0,1.0,0.0,0.0,3,6,1270.0,0.0,1954,0.0,98198,47.4214,-122.316,1250.0,8000.0,2015-02-13,196900.0
5690500095,3.0,3.25,2960.0,39370.0,2.0,0.0,0.0,3,10,2960.0,0.0,1989,0.0,98011,47.7452,-122.202,2960.0,56628.0,2014-08-26,735000.0
3876540630,3.0,2.0,1330.0,8748.0,1.0,0.0,0.0,3,7,1330.0,0.0,1986,0.0,98003,47.2619,-122.298,1510.0,8584.0,2015-02-27,205500.0
8929000170,2.0,1.75,1210.0,1040.0,2.0,0.0,0.0,3,8,1210.0,0.0,2014,0.0,98029,47.5519,-121.999,1210.0,1090.0,2014-06-16,357186.0
2621400080,4.0,2.5,2120.0,6754.0,2.0,0.0,0.0,3,7,2120.0,0.0,1998,0.0,98030,47.3629,-122.184,2120.0,6937.0,2015-01-28,275000.0
8154100020,3.0,1.75,2090.0,12026.0,1.0,0.0,0.0,4,7,2090.0,0.0,1948,0.0,98002,47.3095,-122.217,1700.0,9496.0,2014-09-06,248500.0
8097000190,3.0,2.5,2680.0,7836.0,2.0,,0.0,3,8,2680.0,0.0,1990,20090.0,98092,47.3203,-122.185,2340.0,8040.0,2014-06-02,350000.0
2624089181,4.0,2.75,1790.0,47250.0,1.0,0.0,0.0,3,7,1220.0,570.0,1987,0.0,98045,47.5302,-121.746,1250.0,43791.0,2014-08-12,390000.0
8718500275,3.0,2.75,1950.0,12240.0,1.0,,0.0,3,7,1250.0,700.0,1956,0.0,98028,47.7401,-122.258,1880.0,12000.0,2014-07-15,390000.0
3575305495,5.0,2.25,3740.0,14913.0,1.5,0.0,0.0,4,9,3740.0,0.0,1979,0.0,98074,47.6234,-122.059,2180.0,7600.0,2015-04-13,660000.0
411100020,3.0,1.75,1140.0,8263.0,1.0,0.0,0.0,5,7,1140.0,,1950,0.0,98155,47.7407,-122.327,1140.0,6770.0,2014-11-17,310000.0
9113200020,3.0,2.5,2480.0,5137.0,2.0,0.0,0.0,3,9,2480.0,0.0,2000,0.0,98052,47.684,-122.164,2480.0,6023.0,2014-06-12,717000.0
2011400019,5.0,2.5,2580.0,11250.0,1.0,0.0,0.0,3,7,1410.0,1170.0,1964,0.0,98198,47.397,-122.313,2240.0,11780.0,2014-12-30,260000.0
3912000020,3.0,2.0,2290.0,5001.0,1.0,0.0,0.0,4,7,1490.0,800.0,1960,0.0,98103,47.6909,-122.339,1230.0,5001.0,2015-04-30,745000.0
8078370010,4.0,2.5,2320.0,12042.0,1.0,0.0,0.0,4,7,1320.0,1000.0,1975,0.0,98072,47.763,-122.16,2160.0,7054.0,2015-02-18,470000.0
5104650020,3.0,2.5,2530.0,8820.0,2.0,,0.0,3,8,2530.0,0.0,1997,0.0,98031,47.42,-122.205,2340.0,9472.0,2015-05-05,429000.0
7417700664,4.0,2.0,1400.0,7140.0,1.0,0.0,0.0,3,7,1400.0,0.0,1969,0.0,98155,47.7719,-122.309,1610.0,10500.0,2015-04-08,220000.0
2770604920,3.0,3.0,2060.0,1850.0,2.0,0.0,0.0,3,8,1400.0,,2007,0.0,98119,47.6543,-122.373,1910.0,2951.0,2014-09-03,497000.0
1930300190,3.0,1.0,1640.0,4000.0,1.5,0.0,0.0,5,7,1640.0,0.0,1909,0.0,98103,47.6563,-122.351,2140.0,4000.0,2014-07-14,716100.0
3024079069,4.0,1.0,1960.0,94525.0,1.5,0.0,0.0,3,6,1960.0,0.0,1979,0.0,98027,47.5418,-121.962,2430.0,188564.0,2014-09-11,371000.0
723069049,5.0,2.75,3000.0,25175.0,1.0,0.0,0.0,4,7,1500.0,1500.0,1961,0.0,98027,47.497,-122.088,2170.0,40523.0,2014-07-24,379000.0
2210500019,3.0,1.0,1320.0,8500.0,1.0,0.0,0.0,4,7,1320.0,0.0,1954,0.0,98039,47.6187,-122.226,2790.0,10800.0,2015-03-24,937500.0
3856901435,4.0,2.0,1760.0,4500.0,1.5,,0.0,5,7,1760.0,0.0,1906,0.0,98103,47.6711,-122.331,1740.0,4220.0,2014-10-27,720000.0
3948900050,3.0,3.25,2130.0,2306.0,2.0,0.0,1.0,5,7,1420.0,710.0,1924,0.0,98136,47.5424,-122.391,1560.0,4500.0,2015-04-27,616000.0
5412400170,3.0,2.0,1390.0,7120.0,1.0,,0.0,3,7,1390.0,0.0,1988,0.0,98030,47.3786,-122.179,1530.0,7688.0,2015-04-14,259000.0
2856102280,3.0,1.75,1400.0,3825.0,1.5,0.0,0.0,4,6,1100.0,300.0,1904,0.0,98117,47.6793,-122.393,1720.0,5100.0,2014-05-14,538000.0
3288100290,3.0,2.75,3230.0,9576.0,1.5,0.0,0.0,4,8,3230.0,0.0,1966,0.0,98034,47.7307,-122.183,2820.0,9576.0,2015-05-07,605000.0
5145000190,3.0,1.0,1110.0,7603.0,1.0,0.0,0.0,3,7,1110.0,0.0,1967,0.0,98034,47.7262,-122.224,1260.0,8094.0,2014-11-03,369950.0
6679000170,3.0,2.5,1670.0,4220.0,2.0,,0.0,3,7,1670.0,0.0,2002,0.0,98038,47.3834,-122.028,1670.0,4238.0,2015-04-14,310000.0
9536601045,3.0,1.0,1540.0,9450.0,1.0,0.0,0.0,4,7,1540.0,0.0,1960,0.0,98198,47.3612,-122.315,1210.0,9450.0,2015-04-28,227500.0
8731981410,4.0,2.25,2090.0,7400.0,1.0,0.0,0.0,3,9,1670.0,420.0,1973,0.0,98023,47.3178,-122.38,2260.0,8000.0,2014-11-21,274000.0
3574801350,3.0,2.0,1410.0,8088.0,1.0,0.0,0.0,3,7,1410.0,0.0,1987,0.0,98034,47.7303,-122.227,1770.0,7401.0,2014-11-20,410000.0
1922069099,3.0,2.0,1370.0,78408.0,1.0,0.0,0.0,5,7,1370.0,0.0,1964,0.0,98042,47.3867,-122.081,1620.0,9690.0,2014-05-23,354800.0
871001735,4.0,2.25,1910.0,5120.0,1.0,0.0,0.0,3,8,1300.0,610.0,1954,0.0,98199,47.6534,-122.409,1810.0,5153.0,2014-09-11,650000.0
2022059308,3.0,2.0,1678.0,13862.0,1.0,0.0,0.0,3,7,1678.0,0.0,1994,0.0,98030,47.3744,-122.19,1550.0,11753.0,2015-05-05,353000.0
2525300480,3.0,1.0,960.0,12745.0,1.0,0.0,0.0,4,6,960.0,0.0,1977,0.0,98038,47.3617,-122.03,1160.0,10488.0,2015-03-04,224975.0
7979900440,2.0,1.75,2080.0,13054.0,1.0,0.0,1.0,3,7,2080.0,0.0,1951,0.0,98155,47.7435,-122.292,2440.0,13054.0,2015-05-12,600000.0
2558660290,3.0,2.25,1790.0,7700.0,1.0,0.0,0.0,4,7,1340.0,450.0,1976,0.0,98034,47.7205,-122.168,1610.0,7350.0,2015-02-18,437500.0
8650300190,3.0,2.5,2540.0,6093.0,2.0,0.0,0.0,3,9,2540.0,0.0,1999,0.0,98034,47.7042,-122.236,2540.0,5924.0,2014-05-21,567000.0
8643000225,5.0,1.5,1790.0,11656.0,2.0,,0.0,3,7,1790.0,0.0,1963,0.0,98198,47.3961,-122.308,2040.0,9790.0,2015-05-06,225000.0
1105000233,2.0,1.0,940.0,9330.0,1.0,0.0,0.0,3,6,940.0,0.0,1941,0.0,98118,47.5445,-122.273,1900.0,6145.0,2014-09-06,255000.0
9831200500,5.0,3.75,6810.0,7500.0,2.5,0.0,0.0,3,13,6110.0,700.0,1922,0.0,98102,47.6285,-122.322,2660.0,7500.0,2015-03-04,2480000.0
945000250,2.0,1.0,900.0,4600.0,1.0,0.0,0.0,3,6,900.0,0.0,1951,0.0,98117,47.6918,-122.361,1060.0,4600.0,2014-06-13,370000.0
4101410050,4.0,1.75,1900.0,8800.0,1.0,0.0,0.0,3,8,1140.0,760.0,1975,0.0,98033,47.6579,-122.197,2280.0,8800.0,2015-04-21,675000.0
1571100130,3.0,1.0,1440.0,4268.0,1.0,0.0,0.0,3,7,1040.0,400.0,1953,0.0,98108,47.5468,-122.293,1370.0,4268.0,2014-09-04,285000.0
7932000078,3.0,1.75,2070.0,37904.0,1.0,0.0,0.0,4,7,1420.0,650.0,1973,0.0,98058,47.425,-122.186,2011.0,19110.0,2014-05-07,310000.0
2592400170,4.0,2.5,2240.0,7245.0,1.0,0.0,0.0,4,7,1140.0,1100.0,1972,0.0,98034,47.7161,-122.17,1740.0,7350.0,2014-12-02,475000.0
2517010630,4.0,2.5,3320.0,5034.0,2.0,0.0,0.0,4,7,3320.0,0.0,2006,0.0,98042,47.4011,-122.164,2580.0,4950.0,2015-05-08,410000.0
6926700225,4.0,2.25,1950.0,5950.0,1.0,0.0,0.0,3,8,1330.0,620.0,1947,0.0,98109,47.639,-122.347,2600.0,5593.0,2014-07-02,895000.0
8820902905,3.0,1.5,1240.0,7733.0,1.0,0.0,0.0,3,6,790.0,450.0,1941,0.0,98125,47.714,-122.283,1130.0,7733.0,2014-08-22,375000.0
5104510190,4.0,2.5,1830.0,4694.0,2.0,0.0,0.0,3,7,1830.0,0.0,2003,0.0,98038,47.3573,-122.016,1830.0,5175.0,2015-04-27,349000.0
9839301060,3.0,1.75,1740.0,4400.0,1.5,0.0,0.0,3,8,1740.0,0.0,1903,0.0,98122,47.6115,-122.292,1740.0,4400.0,2015-04-06,650500.0
2425700005,3.0,1.75,1410.0,15120.0,1.0,0.0,0.0,4,7,1410.0,0.0,1950,0.0,98004,47.5974,-122.195,1880.0,15120.0,2015-04-28,760000.0
9276201190,4.0,2.75,2050.0,3960.0,1.0,0.0,0.0,4,7,1180.0,870.0,1986,0.0,98116,47.5808,-122.394,1440.0,5040.0,2014-05-20,480000.0
8644210050,4.0,2.75,3220.0,16145.0,2.0,0.0,0.0,3,10,3220.0,0.0,1993,0.0,98075,47.5786,-121.995,3200.0,12921.0,2014-09-26,689000.0
2741100280,3.0,1.75,1960.0,5000.0,1.0,0.0,0.0,5,6,980.0,980.0,1911,0.0,98108,47.5576,-122.317,1790.0,5000.0,2014-05-13,415000.0
2891000680,3.0,1.75,1070.0,6110.0,1.0,0.0,0.0,4,7,1070.0,0.0,1968,0.0,98002,47.3249,-122.207,1350.0,6148.0,2015-04-27,195000.0
7366100080,5.0,2.5,2820.0,9956.0,1.0,0.0,0.0,4,7,1410.0,1410.0,1967,0.0,98168,47.4715,-122.33,2700.0,9956.0,2014-07-31,318000.0
3211270170,4.0,3.0,4060.0,35621.0,1.0,0.0,0.0,3,9,2030.0,2030.0,1989,0.0,98092,47.3059,-122.108,2950.0,35259.0,2014-05-23,404000.0
3330500920,2.0,1.0,800.0,3090.0,1.0,0.0,0.0,4,6,800.0,0.0,1925,0.0,98118,47.5518,-122.277,1400.0,3090.0,2014-10-30,339950.0
5437820080,3.0,1.0,1260.0,7897.0,1.0,0.0,0.0,3,7,1260.0,0.0,1979,0.0,98022,47.1946,-122.003,1560.0,8285.0,2014-11-24,215000.0
8097000380,3.0,2.5,2420.0,7423.0,2.0,0.0,0.0,3,8,2420.0,0.0,1990,0.0,98092,47.3199,-122.186,2260.0,7629.0,2014-08-18,339900.0
2591010290,1.0,1.5,810.0,3211.0,2.0,0.0,0.0,4,7,810.0,0.0,1982,0.0,98033,47.6939,-122.184,1320.0,3298.0,2014-05-19,285000.0
1324300380,3.0,1.0,1600.0,5000.0,1.5,0.0,0.0,3,7,1110.0,490.0,1947,0.0,98107,47.655,-122.358,1380.0,5000.0,2014-07-16,550000.0
3226049478,4.0,1.0,1350.0,9000.0,1.5,0.0,0.0,4,7,1350.0,,1964,0.0,98103,47.6953,-122.332,1940.0,8000.0,2014-07-25,430000.0
7941500170,3.0,1.0,970.0,7790.0,1.0,,0.0,3,6,970.0,0.0,1967,0.0,98003,47.3165,-122.325,1150.0,8160.0,2014-12-02,219000.0
7522500005,2.0,1.5,1780.0,4750.0,1.0,0.0,0.0,4,7,1080.0,700.0,1947,0.0,98117,47.6859,-122.395,1690.0,5962.0,2014-08-15,555000.0
1545801630,3.0,2.0,1350.0,7686.0,1.0,0.0,0.0,3,7,1350.0,0.0,1989,0.0,98038,47.3609,-122.053,1470.0,7686.0,2014-07-21,233000.0
5151600480,3.0,1.75,1840.0,19501.0,1.0,0.0,0.0,4,8,1270.0,570.0,1972,0.0,98003,47.3364,-122.318,1910.0,12000.0,2015-04-02,248000.0
2731600080,5.0,2.25,2550.0,9200.0,1.0,0.0,0.0,4,8,1580.0,970.0,1975,0.0,98166,47.4673,-122.363,2090.0,9200.0,2015-04-22,454000.0
2804600010,4.0,2.5,1700.0,4418.0,2.0,0.0,0.0,3,8,1700.0,0.0,1931,20000.0,98112,47.6434,-122.3,2090.0,4174.0,2015-03-31,950000.0
8899210680,3.0,2.5,2430.0,7857.0,2.0,0.0,0.0,5,8,1730.0,700.0,1980,0.0,98055,47.4546,-122.211,2160.0,8740.0,2014-09-15,359000.0
6649300190,5.0,2.0,2740.0,8230.0,1.5,0.0,0.0,3,7,2210.0,530.0,1962,0.0,98155,47.7352,-122.297,2130.0,8232.0,2014-09-03,407500.0
1312200080,3.0,1.5,1560.0,7300.0,1.0,0.0,0.0,4,7,1040.0,520.0,1964,0.0,98001,47.3427,-122.281,1460.0,7910.0,2014-05-28,224000.0
1721801025,2.0,1.0,1040.0,4590.0,1.0,0.0,0.0,3,7,1040.0,0.0,1954,0.0,98146,47.5078,-122.337,1040.0,6120.0,2014-07-18,210000.0
7942200050,4.0,1.75,1820.0,9824.0,1.0,0.0,0.0,5,7,1820.0,0.0,1968,0.0,98042,47.3833,-122.093,1410.0,11013.0,2015-01-23,261000.0
9528100963,3.0,3.0,1833.0,1706.0,3.0,0.0,0.0,3,9,1833.0,0.0,1998,0.0,98115,47.6827,-122.325,1466.0,1455.0,2014-08-06,719000.0
9297301495,3.0,2.5,2160.0,3738.0,2.0,0.0,0.0,3,8,2160.0,0.0,1994,0.0,98126,47.5661,-122.375,1500.0,4000.0,2015-02-03,440000.0
192300020,3.0,2.75,2100.0,10362.0,2.0,0.0,0.0,3,9,1510.0,590.0,1998,0.0,98045,47.4347,-121.417,2240.0,11842.0,2014-05-21,525000.0
9477100170,3.0,1.5,1370.0,9720.0,2.0,0.0,0.0,3,7,1370.0,0.0,1968,0.0,98034,47.7302,-122.197,1510.0,8775.0,2014-07-21,375000.0
6705120280,2.0,2.5,1414.0,1960.0,2.0,0.0,0.0,3,8,1414.0,0.0,1986,0.0,98006,47.5423,-122.189,1414.0,2511.0,2015-03-31,428000.0
7203220050,5.0,3.25,4115.0,7910.0,2.0,0.0,0.0,3,9,4115.0,0.0,2014,0.0,98053,47.6847,-122.016,3950.0,6765.0,2014-11-18,988830.0
6858700225,3.0,1.75,1550.0,6225.0,1.0,0.0,0.0,4,7,1550.0,0.0,1949,0.0,98002,47.3098,-122.218,1760.0,9496.0,2014-10-04,199950.0
8712100605,4.0,2.25,2100.0,3671.0,1.5,0.0,0.0,3,8,1750.0,350.0,1929,0.0,98112,47.6359,-122.3,1800.0,4560.0,2014-10-28,840000.0
5702380500,3.0,1.75,1160.0,7006.0,1.0,0.0,0.0,4,7,1160.0,0.0,1992,0.0,98022,47.1937,-121.98,1670.0,7750.0,2014-09-08,285000.0
6181430280,5.0,2.5,3597.0,4972.0,2.0,0.0,0.0,3,7,3597.0,0.0,2006,0.0,98001,47.3002,-122.282,3193.0,6000.0,2014-09-15,330000.0
7138000170,3.0,1.5,1230.0,10125.0,1.0,0.0,0.0,3,7,1230.0,0.0,1960,0.0,98198,47.397,-122.299,1970.0,10125.0,2015-01-02,147500.0
6669010290,4.0,2.5,2190.0,7125.0,2.0,0.0,0.0,5,8,2190.0,0.0,1978,0.0,98032,47.3709,-122.285,2190.0,8075.0,2014-11-07,320000.0
5706200280,3.0,1.75,1040.0,9000.0,1.0,0.0,0.0,4,7,1040.0,0.0,1967,0.0,98027,47.5253,-122.043,1750.0,10878.0,2014-07-01,382500.0
1338300170,5.0,4.0,4690.0,8208.0,2.0,0.0,0.0,3,9,3040.0,1650.0,1926,0.0,98112,47.6321,-122.304,3300.0,8001.0,2015-03-24,2050000.0
8562800250,4.0,2.25,2270.0,10000.0,1.0,0.0,0.0,5,8,1720.0,550.0,1974,0.0,98006,47.5599,-122.142,2270.0,10148.0,2014-08-14,596000.0
109210280,4.0,2.25,1950.0,7280.0,2.0,0.0,0.0,4,8,1950.0,0.0,1979,0.0,98023,47.2957,-122.37,1910.0,7280.0,2014-11-11,220000.0
3216900080,3.0,2.5,1880.0,6818.0,2.0,0.0,0.0,3,8,1880.0,0.0,1993,0.0,98031,47.4206,-122.183,1970.0,7000.0,2014-09-25,325000.0
629500170,4.0,2.5,2850.0,5664.0,2.0,0.0,0.0,3,9,2850.0,0.0,2001,0.0,98075,47.5835,-121.996,2850.0,5475.0,2015-03-26,679950.0
5272200005,2.0,1.0,1160.0,6911.0,1.0,0.0,0.0,3,7,1160.0,0.0,1947,0.0,98125,47.7149,-122.318,1120.0,6948.0,2015-02-18,175000.0
7205000080,3.0,1.75,1370.0,10050.0,1.0,0.0,1.0,4,7,1370.0,0.0,1966,0.0,98023,47.3338,-122.341,1720.0,10050.0,2014-12-01,268000.0
1117200170,4.0,3.5,3260.0,110579.0,2.0,0.0,0.0,3,10,3260.0,0.0,1997,0.0,98053,47.6436,-121.997,3470.0,97895.0,2014-09-19,715000.0
5561300480,7.0,2.25,3170.0,36384.0,2.0,0.0,0.0,3,8,3170.0,0.0,1969,0.0,98027,47.4654,-122.003,2460.0,38370.0,2015-04-08,600000.0
3293400010,5.0,2.5,3450.0,35880.0,2.0,0.0,0.0,3,11,3450.0,0.0,1992,0.0,98052,47.7173,-122.099,3450.0,26820.0,2015-03-04,950000.0
3421059049,2.0,1.75,1490.0,224334.0,1.0,0.0,2.0,3,8,1490.0,0.0,1983,0.0,98092,47.2645,-122.163,2350.0,213879.0,2014-06-10,475000.0
524069049,3.0,1.5,1460.0,78408.0,1.0,0.0,0.0,4,7,1460.0,0.0,1963,0.0,98075,47.59,-122.058,3320.0,7787.0,2015-04-02,700000.0
1524079093,3.0,1.75,1300.0,20700.0,1.0,0.0,0.0,3,7,1300.0,0.0,1962,0.0,98024,47.5587,-121.904,1930.0,37638.0,2014-08-27,275000.0
1524079093,3.0,1.75,1300.0,20700.0,1.0,0.0,0.0,3,7,1300.0,0.0,1962,0.0,98024,47.5587,-121.904,1930.0,37638.0,2015-03-18,369500.0
3832710680,4.0,2.0,1540.0,7575.0,1.0,,0.0,4,7,1040.0,500.0,1978,0.0,98032,47.3664,-122.279,1720.0,7575.0,2014-07-21,215000.0
686200840,4.0,2.25,2130.0,7172.0,2.0,0.0,0.0,4,8,2130.0,0.0,1964,0.0,98008,47.6271,-122.112,1910.0,7653.0,2015-04-22,593450.0
8682310460,2.0,1.75,1350.0,4614.0,1.0,0.0,0.0,3,8,1350.0,0.0,2008,0.0,98053,47.7091,-122.015,1680.0,4775.0,2014-07-09,498800.0
446000190,5.0,3.25,2450.0,6534.0,2.0,0.0,0.0,3,8,1770.0,680.0,1951,20140.0,98115,47.688,-122.281,1620.0,6534.0,2014-12-08,849000.0
8805900430,4.0,2.5,1940.0,4875.0,2.0,0.0,0.0,4,9,1940.0,0.0,1925,0.0,98112,47.6427,-122.304,1790.0,4875.0,2014-12-29,1150000.0
3629921060,5.0,2.5,2890.0,5110.0,2.0,0.0,2.0,3,9,2890.0,0.0,2003,0.0,98029,47.5453,-121.995,3010.0,5110.0,2014-07-15,825000.0
8856890020,3.0,1.75,1680.0,9769.0,1.0,0.0,0.0,3,8,1340.0,340.0,1989,0.0,98058,47.4631,-122.126,1730.0,9686.0,2015-02-24,265000.0
2115510470,4.0,2.25,1960.0,10400.0,1.0,0.0,0.0,4,8,1220.0,740.0,1985,0.0,98023,47.3199,-122.392,1650.0,8660.0,2014-12-23,285000.0
1545803890,3.0,1.75,1590.0,7931.0,1.0,0.0,0.0,3,7,1190.0,400.0,1979,0.0,98038,47.3628,-122.05,1680.0,7931.0,2014-12-31,240000.0
3322049126,4.0,1.0,1390.0,17739.0,1.0,0.0,0.0,3,7,1390.0,0.0,1958,0.0,98003,47.3457,-122.302,1230.0,7840.0,2014-07-21,261000.0
6669020500,4.0,1.75,2440.0,7350.0,1.0,0.0,0.0,3,8,1610.0,830.0,1978,0.0,98032,47.3743,-122.285,2180.0,7680.0,2014-06-27,330000.0
3832710840,4.0,2.0,1850.0,7560.0,1.0,0.0,0.0,4,7,1540.0,310.0,1978,0.0,98032,47.3666,-122.277,1620.0,7658.0,2014-06-02,250000.0
7212651950,4.0,2.5,2800.0,9538.0,2.0,0.0,0.0,3,8,2800.0,0.0,1993,0.0,98003,47.2675,-122.307,1970.0,7750.0,2014-07-10,350000.0
1331900020,3.0,2.5,3780.0,35273.0,1.5,0.0,0.0,3,10,3780.0,0.0,1986,0.0,98072,47.7499,-122.119,3450.0,35273.0,2014-09-25,930000.0
7140200380,3.0,2.0,1910.0,8050.0,1.0,0.0,0.0,4,7,1000.0,910.0,1980,0.0,98030,47.37,-122.17,1780.0,7344.0,2014-10-30,275000.0
7972601235,4.0,2.25,2460.0,7620.0,1.0,0.0,0.0,3,7,1230.0,1230.0,1969,0.0,98106,47.5285,-122.345,2090.0,7620.0,2015-02-23,325000.0
2848700585,1.0,1.0,810.0,5000.0,1.0,0.0,1.0,3,7,590.0,220.0,1936,0.0,98106,47.5696,-122.36,1920.0,5000.0,2015-04-24,255000.0
6132600380,3.0,1.5,1900.0,5250.0,1.0,0.0,0.0,4,7,1500.0,400.0,1943,0.0,98117,47.6991,-122.392,1810.0,5250.0,2015-03-20,562200.0
2424059127,2.0,1.75,3490.0,88909.0,1.0,0.0,3.0,3,10,2320.0,1170.0,1980,0.0,98006,47.5462,-122.112,3490.0,40185.0,2014-08-20,952000.0
2591830130,3.0,2.5,2200.0,7350.0,1.0,0.0,0.0,5,8,1570.0,630.0,1988,0.0,98058,47.4395,-122.161,2350.0,7557.0,2014-05-04,365000.0
1771100130,3.0,1.5,1190.0,11996.0,1.0,0.0,0.0,4,7,1190.0,0.0,1969,0.0,98077,47.7561,-122.071,1190.0,9756.0,2015-03-16,332900.0
8856700190,3.0,2.25,2040.0,18360.0,2.0,0.0,0.0,4,8,2040.0,0.0,1983,0.0,98052,47.6976,-122.137,2590.0,21315.0,2015-04-23,721000.0
7852040080,4.0,2.5,2400.0,3986.0,2.0,0.0,0.0,3,8,2400.0,0.0,1999,0.0,98065,47.5344,-121.877,2070.0,3986.0,2015-04-21,487275.0
5648600190,3.0,2.5,1670.0,5791.0,2.0,0.0,0.0,3,7,1670.0,0.0,1995,0.0,98055,47.4424,-122.188,1610.0,6034.0,2015-04-29,310000.0
4154300275,2.0,1.0,990.0,4800.0,1.0,0.0,0.0,3,6,990.0,0.0,1908,0.0,98118,47.5615,-122.28,1700.0,5400.0,2015-01-15,245000.0
5438000280,3.0,1.75,2920.0,10573.0,1.0,,0.0,4,7,2920.0,0.0,1964,0.0,98055,47.4429,-122.195,1560.0,10572.0,2015-04-15,325000.0
9201000480,3.0,1.75,1840.0,9401.0,1.0,0.0,0.0,3,8,1840.0,0.0,1971,0.0,98075,47.5847,-122.075,2850.0,14323.0,2014-11-12,550000.0
1604600660,2.0,1.0,910.0,4500.0,1.5,0.0,0.0,4,7,910.0,0.0,1906,0.0,98118,47.5633,-122.289,1270.0,3500.0,2014-05-12,350000.0
522069022,5.0,2.5,2950.0,72309.0,2.0,0.0,0.0,3,8,2950.0,0.0,2006,0.0,98058,47.4186,-122.079,1480.0,56192.0,2014-07-14,599000.0
4331400190,3.0,1.5,1240.0,9500.0,1.0,0.0,0.0,4,7,1240.0,0.0,1955,0.0,98166,47.4756,-122.35,1845.0,10125.0,2014-11-12,259950.0
9407150130,4.0,2.5,1980.0,7264.0,2.0,,0.0,3,7,1980.0,0.0,1996,0.0,98038,47.3678,-122.019,1600.0,6380.0,2014-12-01,240000.0
2212900470,3.0,1.0,1200.0,10080.0,1.0,0.0,0.0,4,7,1200.0,0.0,1969,0.0,98042,47.3261,-122.135,1230.0,9800.0,2015-02-11,186000.0
6600220080,3.0,1.5,1280.0,15028.0,1.0,0.0,0.0,3,7,1280.0,0.0,1982,0.0,98074,47.6304,-122.035,1470.0,13698.0,2015-02-04,395000.0
9558050020,4.0,2.5,3150.0,5757.0,2.0,0.0,0.0,3,9,3150.0,0.0,2004,0.0,98058,47.4568,-122.117,3100.0,5757.0,2014-09-15,475000.0
8691300420,5.0,3.5,3500.0,10794.0,2.0,0.0,0.0,3,10,3500.0,0.0,1996,0.0,98075,47.5887,-121.974,3110.0,10837.0,2014-08-04,815000.0
5450300010,3.0,1.5,1680.0,13751.0,1.0,0.0,0.0,4,7,1680.0,0.0,1951,0.0,98040,47.5716,-122.227,1760.0,13500.0,2014-09-02,572000.0
339600460,3.0,2.5,1360.0,3188.0,2.0,0.0,0.0,3,7,1360.0,0.0,1986,0.0,98052,47.6831,-122.096,1090.0,3188.0,2014-10-17,419500.0
9264910920,3.0,2.25,2110.0,7350.0,1.0,0.0,0.0,3,8,1530.0,580.0,1980,0.0,98023,47.3088,-122.341,2640.0,7777.0,2014-09-03,298700.0
121029034,2.0,1.0,2034.0,13392.0,1.0,1.0,4.0,5,7,1159.0,875.0,1947,0.0,98070,47.3312,-122.503,1156.0,15961.0,2014-06-24,549000.0
2123049420,3.0,1.5,1900.0,9994.0,1.0,0.0,0.0,3,7,1120.0,780.0,1960,0.0,98168,47.4729,-122.301,1900.0,9994.0,2015-04-22,278000.0
7950302890,4.0,2.0,2380.0,4500.0,1.5,0.0,0.0,3,6,1470.0,910.0,1926,20140.0,98118,47.5652,-122.281,1300.0,4500.0,2014-12-30,455000.0
6117500430,5.0,3.5,4050.0,13495.0,1.0,0.0,2.0,4,9,2230.0,,1988,0.0,98166,47.4384,-122.352,3210.0,13495.0,2014-08-19,925000.0
1972200660,2.0,1.5,1120.0,1201.0,3.0,0.0,0.0,3,8,1120.0,0.0,1999,0.0,98103,47.6524,-122.353,1370.0,1298.0,2015-04-15,465000.0
3629830050,4.0,4.0,2850.0,2970.0,2.0,0.0,0.0,3,8,2120.0,730.0,1999,0.0,98029,47.547,-122.01,2380.0,3559.0,2014-10-01,620000.0
9257900010,4.0,2.25,2360.0,7650.0,1.0,,0.0,3,8,1640.0,,1963,0.0,98155,47.75,-122.292,2320.0,11060.0,2015-04-22,499900.0
6072000440,5.0,3.0,2540.0,11422.0,1.0,0.0,0.0,3,8,1270.0,1270.0,1962,20140.0,98006,47.5459,-122.176,2090.0,10741.0,2015-02-06,620000.0
6844702630,3.0,1.75,1160.0,6120.0,1.0,0.0,0.0,3,7,1040.0,120.0,1941,0.0,98115,47.6926,-122.287,1530.0,6120.0,2014-11-08,450000.0
3630090050,4.0,3.5,2710.0,2147.0,2.0,0.0,0.0,3,10,2220.0,490.0,2007,0.0,98029,47.5468,-121.994,2650.0,2252.0,2015-02-20,690000.0
9809000020,5.0,2.25,3120.0,16672.0,2.0,0.0,0.0,4,9,3120.0,0.0,1969,0.0,98004,47.6458,-122.219,3740.0,17853.0,2014-05-13,1900000.0
9809000020,5.0,2.25,3120.0,16672.0,2.0,0.0,0.0,4,9,3120.0,0.0,1969,0.0,98004,47.6458,-122.219,3740.0,17853.0,2015-03-13,1940000.0
5021900050,3.0,2.0,1870.0,9527.0,1.0,0.0,0.0,4,7,1870.0,0.0,1951,19970.0,98040,47.5777,-122.224,1970.0,11904.0,2014-08-18,832500.0
1003600080,3.0,1.0,1010.0,9678.0,1.0,0.0,0.0,5,7,1010.0,0.0,1955,0.0,98188,47.4396,-122.285,1010.0,9375.0,2014-11-07,245000.0
7701960130,3.0,2.5,2980.0,18935.0,1.5,0.0,0.0,3,11,2980.0,0.0,1990,0.0,98077,47.7133,-122.079,3670.0,18225.0,2014-10-17,820000.0
2395710020,4.0,2.75,2420.0,6495.0,2.0,0.0,0.0,3,8,2420.0,0.0,2005,0.0,98038,47.3771,-122.029,2420.0,6200.0,2014-08-07,369000.0
7203230010,4.0,3.25,3830.0,8331.0,2.0,0.0,0.0,3,9,3830.0,0.0,2014,0.0,98053,47.6906,-122.019,4080.0,8425.0,2014-10-15,1050000.0
9830200380,3.0,3.0,3040.0,5067.0,3.0,0.0,2.0,3,10,3040.0,0.0,1993,0.0,98118,47.5409,-122.267,1820.0,5998.0,2014-09-17,653000.0
9407111100,2.0,1.75,1460.0,10500.0,1.0,0.0,0.0,3,7,1460.0,0.0,1980,0.0,98045,47.4461,-121.768,1340.0,9600.0,2015-04-22,220650.0
9572000080,5.0,3.0,1940.0,6355.0,1.0,0.0,0.0,3,8,1200.0,740.0,2007,0.0,98168,47.498,-122.322,1940.0,5033.0,2014-06-16,300000.0
3629870420,4.0,3.5,3780.0,20023.0,2.0,0.0,2.0,3,10,3780.0,0.0,2001,0.0,98029,47.5491,-122.006,2150.0,3675.0,2014-09-12,970000.0
2459970020,4.0,2.5,1950.0,5451.0,2.0,0.0,0.0,3,7,1950.0,0.0,2004,0.0,98058,47.4341,-122.144,2240.0,6221.0,2014-11-24,360000.0
5547700190,3.0,2.5,2450.0,5760.0,2.0,,0.0,3,9,2450.0,0.0,2000,0.0,98074,47.6145,-122.026,2450.0,5762.0,2015-03-30,672500.0
421000285,4.0,1.5,1730.0,7020.0,1.5,,0.0,4,5,1730.0,0.0,1953,0.0,98056,47.4939,-122.167,1110.0,7020.0,2015-04-23,268000.0
3277801640,4.0,1.5,1690.0,3245.0,1.5,0.0,0.0,3,8,1690.0,0.0,1929,0.0,98126,47.5445,-122.375,1380.0,1590.0,2014-12-02,440000.0
1250203070,3.0,2.5,2550.0,7200.0,2.0,0.0,2.0,3,10,2550.0,0.0,1981,20130.0,98144,47.5996,-122.288,2030.0,3500.0,2014-05-14,1400000.0
8077200470,4.0,2.5,2290.0,11072.0,2.0,0.0,0.0,3,9,2290.0,,1986,0.0,98074,47.6283,-122.03,2340.0,9774.0,2014-07-18,590000.0
302000545,4.0,2.25,2710.0,22860.0,1.0,0.0,0.0,4,7,1850.0,860.0,1962,0.0,98001,47.3207,-122.266,1700.0,22860.0,2015-01-27,359000.0
9542801990,4.0,1.75,1880.0,7632.0,1.0,0.0,0.0,4,7,1180.0,700.0,1978,0.0,98023,47.3068,-122.372,1840.0,8528.0,2014-05-29,266500.0
3343901403,4.0,2.5,2930.0,8679.0,2.0,0.0,0.0,3,8,2930.0,0.0,2014,0.0,98056,47.5164,-122.19,2030.0,7264.0,2014-12-16,635000.0
1121059030,3.0,2.5,3110.0,217800.0,2.0,0.0,0.0,3,9,3110.0,0.0,2001,0.0,98092,47.3281,-122.124,2220.0,217800.0,2014-10-13,559000.0
9290850950,4.0,2.5,3480.0,38985.0,2.0,0.0,0.0,3,10,3480.0,0.0,1989,0.0,98053,47.6895,-122.052,3630.0,36290.0,2014-12-18,895000.0
1136100006,2.0,1.5,1110.0,118047.0,1.0,,0.0,3,7,1110.0,0.0,1961,0.0,98072,47.7467,-122.128,2970.0,43500.0,2015-01-27,625000.0
7923300285,4.0,2.25,2440.0,9320.0,1.0,0.0,0.0,4,7,1880.0,560.0,1957,0.0,98007,47.5933,-122.135,1530.0,9335.0,2015-03-12,650000.0
1823059028,4.0,1.75,2280.0,7840.0,1.0,0.0,0.0,3,7,1280.0,1000.0,1957,0.0,98055,47.4809,-122.224,2120.0,7260.0,2015-02-24,312500.0
8864000440,3.0,1.0,900.0,6099.0,1.0,,0.0,3,6,790.0,110.0,1944,0.0,98168,47.4807,-122.289,1240.0,6099.0,2014-09-25,225000.0
9512500680,4.0,1.75,1980.0,8400.0,1.0,0.0,0.0,3,7,1330.0,650.0,1968,0.0,98052,47.6721,-122.152,1920.0,8400.0,2014-11-19,425000.0
3421069120,3.0,2.75,3360.0,41250.0,1.0,0.0,0.0,4,7,1820.0,1540.0,1988,0.0,98022,47.2604,-122.023,2580.0,98881.0,2015-02-19,329999.0
4376700430,5.0,2.25,2340.0,9225.0,2.0,0.0,0.0,3,8,2340.0,0.0,1973,0.0,98052,47.6369,-122.098,2140.0,9348.0,2014-07-16,572000.0
8562890430,4.0,2.5,3110.0,5048.0,2.0,0.0,0.0,3,8,3110.0,0.0,2002,0.0,98042,47.3782,-122.125,3110.0,5190.0,2015-04-07,386500.0
452002005,2.0,1.0,980.0,5000.0,1.0,,0.0,3,6,980.0,0.0,1904,0.0,98107,47.6744,-122.369,1270.0,4500.0,2015-01-21,452000.0
7228500094,4.0,2.0,1480.0,6324.0,1.0,0.0,0.0,3,7,1480.0,0.0,1943,0.0,98122,47.6147,-122.302,1480.0,3600.0,2014-12-12,278000.0
8078700020,3.0,2.25,1800.0,43647.0,1.0,,0.0,4,8,1800.0,0.0,1976,0.0,98072,47.7757,-122.132,2480.0,25608.0,2014-06-03,474900.0
5035300255,2.0,1.75,2130.0,6574.0,1.0,0.0,0.0,3,8,1500.0,630.0,1946,0.0,98199,47.6529,-122.411,2130.0,6275.0,2015-04-14,450000.0
9528104985,2.0,1.0,1270.0,5100.0,1.0,0.0,0.0,3,7,1100.0,170.0,1900,0.0,98115,47.6771,-122.328,1670.0,3900.0,2014-11-04,611000.0
7237590010,2.0,2.5,1150.0,2064.0,2.0,0.0,0.0,3,7,1150.0,0.0,2004,0.0,98001,47.3516,-122.292,1880.0,2855.0,2014-06-05,214100.0
3158500250,3.0,2.5,1840.0,5011.0,2.0,0.0,0.0,3,8,1840.0,0.0,2012,0.0,98038,47.3555,-122.054,2000.0,4793.0,2014-05-14,317000.0
868001402,4.0,3.5,3180.0,12528.0,2.0,0.0,1.0,4,9,2060.0,1120.0,1979,0.0,98177,47.7058,-122.379,2850.0,11410.0,2015-03-05,1000000.0
5606000233,5.0,2.75,1510.0,5700.0,2.0,0.0,1.0,4,7,1510.0,0.0,1946,0.0,98105,47.6653,-122.27,2190.0,5700.0,2015-04-24,1000000.0
5214500660,4.0,2.5,3070.0,7200.0,2.0,0.0,0.0,3,8,3070.0,0.0,2005,0.0,98059,47.4899,-122.138,2590.0,7200.0,2015-05-05,525000.0
3578110020,3.0,2.25,1800.0,6680.0,2.0,0.0,0.0,3,8,1800.0,0.0,1983,0.0,98034,47.7293,-122.223,1630.0,8621.0,2014-10-01,436000.0
3578401330,3.0,1.75,1540.0,9154.0,1.0,0.0,0.0,3,8,1540.0,0.0,1983,0.0,98074,47.6207,-122.042,1990.0,10273.0,2014-07-18,450000.0
7525000080,3.0,1.75,2330.0,14892.0,1.0,0.0,0.0,3,8,1970.0,360.0,1980,0.0,98074,47.6267,-122.046,2570.0,14217.0,2014-05-02,588500.0
4273000095,4.0,1.75,1400.0,8374.0,1.0,0.0,0.0,3,7,1400.0,0.0,1953,0.0,98166,47.4735,-122.344,1420.0,8360.0,2015-05-11,340000.0
4014400190,4.0,2.5,2846.0,85377.0,1.5,0.0,0.0,3,8,1976.0,870.0,2000,0.0,98001,47.317,-122.281,1696.0,57934.0,2014-07-14,482000.0
8678500020,4.0,3.5,5830.0,131116.0,2.0,0.0,0.0,3,11,5830.0,0.0,2005,0.0,98024,47.5986,-121.949,5340.0,207206.0,2014-12-13,1580000.0
6918700130,3.0,2.5,3380.0,7126.0,2.0,0.0,0.0,3,8,3380.0,0.0,1965,20030.0,98008,47.6276,-122.122,1810.0,7308.0,2014-08-11,749000.0
2473350470,3.0,1.5,1440.0,7875.0,1.0,0.0,0.0,4,8,1440.0,0.0,1968,0.0,98058,47.4561,-122.148,1800.0,8964.0,2015-05-11,330000.0
9274200314,3.0,2.5,1740.0,1279.0,3.0,0.0,0.0,3,8,1740.0,0.0,2008,0.0,98116,47.5891,-122.387,1740.0,1280.0,2014-08-21,568000.0
2938100010,3.0,1.75,1470.0,8925.0,1.0,0.0,0.0,4,7,1470.0,0.0,1957,0.0,98022,47.2026,-122.0,1430.0,9282.0,2014-09-24,239000.0
8564950250,3.0,2.5,2810.0,4932.0,2.0,0.0,0.0,3,8,2810.0,0.0,2003,0.0,98011,47.7739,-122.227,2470.0,4919.0,2015-01-07,528000.0
3438502715,4.0,3.0,2090.0,5102.0,1.0,0.0,0.0,3,7,1350.0,740.0,1994,0.0,98106,47.5427,-122.356,2090.0,5102.0,2014-07-30,385000.0
280610020,4.0,3.25,4110.0,14219.0,2.0,0.0,2.0,4,10,2570.0,1540.0,1979,0.0,98028,47.7382,-122.264,2760.0,12283.0,2014-09-02,825000.0
2487200938,5.0,3.25,3230.0,5000.0,2.0,0.0,1.0,3,9,2350.0,880.0,2002,0.0,98136,47.5202,-122.393,1520.0,5000.0,2014-11-26,815000.0
1775500362,4.0,2.5,2601.0,34335.0,2.0,0.0,0.0,3,9,2601.0,,1995,0.0,98072,47.742,-122.087,2080.0,32336.0,2014-10-13,625000.0
2483200010,3.0,1.75,2070.0,6000.0,1.0,0.0,3.0,3,8,1340.0,730.0,1955,0.0,98136,47.5226,-122.382,2200.0,6000.0,2014-10-07,690000.0
4365700130,3.0,1.0,1660.0,7440.0,1.0,0.0,0.0,3,7,1270.0,390.0,1957,0.0,98106,47.5242,-122.362,1540.0,7440.0,2015-03-25,210000.0
9136101271,4.0,1.0,1590.0,4280.0,1.5,0.0,0.0,3,7,1590.0,0.0,1924,0.0,98103,47.667,-122.335,2230.0,4280.0,2015-04-16,599000.0
1370804295,3.0,1.75,1860.0,5584.0,1.0,0.0,0.0,3,8,1310.0,550.0,1951,0.0,98199,47.637,-122.4,1630.0,6022.0,2015-02-12,860000.0
422049178,3.0,1.0,1420.0,9600.0,1.0,0.0,0.0,4,6,1420.0,0.0,1954,0.0,98188,47.4232,-122.292,1400.0,8415.0,2015-02-12,147200.0
9161100795,3.0,1.0,1240.0,5758.0,1.5,0.0,0.0,4,6,960.0,280.0,1910,0.0,98116,47.5675,-122.396,1460.0,5750.0,2015-05-06,476900.0
5561300380,4.0,2.5,2500.0,36254.0,1.0,0.0,0.0,4,8,1590.0,910.0,1978,0.0,98027,47.4685,-122.004,2360.0,36254.0,2014-08-07,450000.0
1443550020,4.0,2.5,2640.0,11816.0,2.0,0.0,0.0,3,8,2640.0,0.0,1999,0.0,98019,47.733,-121.968,2400.0,11816.0,2015-05-06,570000.0
9547201155,3.0,1.0,1440.0,3060.0,1.5,,0.0,4,7,1440.0,0.0,1910,0.0,98115,47.6769,-122.307,1440.0,3570.0,2014-10-16,567500.0
3625059120,5.0,3.25,3030.0,20446.0,2.0,0.0,2.0,3,9,2130.0,900.0,1976,0.0,98008,47.6133,-122.106,2890.0,20908.0,2014-10-23,790000.0
644000185,3.0,1.5,1820.0,12686.0,1.0,0.0,0.0,4,7,1820.0,0.0,1952,0.0,98004,47.5886,-122.195,3020.0,11550.0,2014-07-07,875000.0
5710500010,3.0,2.0,2220.0,10275.0,2.0,0.0,0.0,3,9,1640.0,580.0,1980,0.0,98027,47.5304,-122.055,2300.0,9975.0,2014-06-10,490000.0
2482410130,3.0,1.75,2430.0,9133.0,1.0,,0.0,4,7,1410.0,1020.0,1978,0.0,98059,47.5116,-122.157,1980.0,9592.0,2014-06-10,335000.0
6071900130,3.0,1.75,1670.0,10798.0,1.0,0.0,0.0,4,8,1670.0,0.0,1962,0.0,98006,47.549,-122.17,2290.0,10798.0,2015-04-15,550000.0
6817800630,3.0,1.75,1180.0,10541.0,1.0,0.0,0.0,4,7,940.0,240.0,1981,0.0,98074,47.6348,-122.032,1230.0,10879.0,2014-05-16,385000.0
6204400130,3.0,1.75,1620.0,8085.0,1.0,0.0,0.0,3,7,1210.0,410.0,1976,0.0,98011,47.7349,-122.197,1700.0,8085.0,2014-07-18,395000.0
9274203190,2.0,1.0,1030.0,5750.0,1.0,0.0,0.0,5,8,1030.0,0.0,1928,0.0,98116,47.5861,-122.391,1570.0,5750.0,2014-06-11,650000.0
293610020,4.0,2.75,2900.0,5803.0,2.0,0.0,0.0,3,9,2900.0,0.0,2007,0.0,98028,47.7368,-122.232,2900.0,6212.0,2015-03-04,637000.0
3583400130,3.0,2.25,3420.0,9900.0,1.0,0.0,0.0,3,9,1710.0,1710.0,1963,20040.0,98028,47.7412,-122.256,2290.0,10700.0,2014-10-14,692500.0
7230400430,3.0,1.75,1710.0,15844.0,1.0,,0.0,4,8,1710.0,0.0,1964,0.0,98059,47.4706,-122.1,1990.0,20359.0,2014-09-30,322400.0
7140600190,3.0,1.5,1580.0,10517.0,1.0,0.0,0.0,4,6,1580.0,0.0,1957,0.0,98002,47.2903,-122.214,1400.0,10658.0,2014-09-05,233500.0
6817801410,3.0,2.0,1230.0,11413.0,1.0,0.0,0.0,3,7,990.0,240.0,1984,0.0,98074,47.6321,-122.034,1570.0,11517.0,2014-06-24,400000.0
6430500010,5.0,2.5,2200.0,4080.0,1.5,0.0,0.0,5,7,1420.0,780.0,1916,0.0,98103,47.6872,-122.35,1300.0,4080.0,2014-06-20,547000.0
3023049215,5.0,2.25,2570.0,13054.0,1.0,0.0,1.0,3,8,1470.0,1100.0,1950,19920.0,98166,47.4487,-122.352,2570.0,19807.0,2014-07-02,519000.0
3625710080,4.0,3.5,3320.0,19850.0,1.0,0.0,2.0,4,10,2040.0,,1977,0.0,98040,47.527,-122.228,3240.0,15470.0,2014-06-26,1030000.0
3390600010,3.0,1.0,1090.0,6435.0,1.0,0.0,0.0,4,7,1090.0,,1955,0.0,98106,47.5334,-122.365,1340.0,6435.0,2014-05-02,365000.0
9238480020,5.0,2.75,2970.0,36817.0,2.0,0.0,0.0,4,8,2970.0,0.0,1978,0.0,98072,47.7731,-122.139,2730.0,29150.0,2015-03-19,699000.0
1036000080,3.0,1.75,1970.0,8000.0,1.0,0.0,0.0,4,8,1970.0,0.0,1968,0.0,98052,47.6324,-122.1,1910.0,8000.0,2014-10-09,525000.0
1561930020,4.0,3.0,3220.0,8936.0,2.0,0.0,0.0,3,9,2450.0,770.0,1990,0.0,98031,47.4208,-122.213,2810.0,10500.0,2014-05-22,430000.0
3876100080,3.0,1.0,1600.0,7500.0,1.0,0.0,0.0,3,7,1600.0,0.0,1966,0.0,98034,47.7198,-122.182,2050.0,7200.0,2014-12-15,325000.0
7454000605,2.0,1.0,670.0,6300.0,1.0,0.0,0.0,5,6,670.0,0.0,1942,0.0,98126,47.5161,-122.374,760.0,6300.0,2014-07-10,279000.0
1870400635,4.0,1.75,2360.0,4750.0,2.0,0.0,0.0,5,7,1660.0,700.0,1911,0.0,98115,47.6729,-122.293,1810.0,4750.0,2015-03-11,805000.0
8820900299,3.0,3.0,2150.0,3962.0,1.5,0.0,0.0,3,7,1540.0,610.0,1949,0.0,98125,47.7183,-122.285,1730.0,4609.0,2015-02-04,419950.0
8132700185,2.0,1.0,620.0,4455.0,1.0,0.0,0.0,3,6,620.0,0.0,1927,0.0,98117,47.6877,-122.395,1180.0,5000.0,2015-04-16,425000.0
6413600275,4.0,1.75,1730.0,5922.0,2.0,0.0,0.0,5,7,1730.0,0.0,1949,0.0,98125,47.7188,-122.321,1700.0,6127.0,2014-07-24,446000.0
2888000020,5.0,2.0,2500.0,7860.0,1.0,,0.0,3,7,1040.0,1460.0,1963,0.0,98034,47.7212,-122.226,2060.0,9684.0,2015-03-02,455000.0
3298700426,3.0,1.0,990.0,4440.0,1.0,0.0,0.0,3,6,990.0,0.0,1943,0.0,98106,47.522,-122.354,990.0,6771.0,2014-07-09,226550.0
3362401815,3.0,2.0,1420.0,4080.0,1.5,0.0,0.0,5,8,1420.0,0.0,1904,0.0,98103,47.6801,-122.348,1220.0,3060.0,2014-09-30,764000.0
5469500020,3.0,2.25,2170.0,15000.0,2.0,0.0,0.0,4,8,2170.0,0.0,1978,0.0,98042,47.3863,-122.158,2430.0,14256.0,2015-05-05,439950.0
6430000280,4.0,2.0,1880.0,5100.0,1.0,0.0,0.0,3,8,1880.0,0.0,1952,0.0,98103,47.6872,-122.349,1610.0,4590.0,2014-12-16,453000.0
1140000190,3.0,1.0,1300.0,9620.0,1.0,0.0,0.0,3,7,1300.0,0.0,1971,0.0,98003,47.282,-122.331,1420.0,9620.0,2015-02-06,219950.0
8021700715,3.0,1.5,2360.0,6750.0,2.0,0.0,0.0,5,7,1930.0,430.0,1926,0.0,98103,47.6923,-122.332,1320.0,4500.0,2014-05-14,702500.0
5151600170,3.0,1.5,1780.0,12231.0,1.0,0.0,0.0,4,8,1780.0,0.0,1956,0.0,98003,47.335,-122.321,2460.0,12663.0,2014-10-16,285000.0
8129700255,2.0,2.25,2160.0,2578.0,3.0,0.0,0.0,3,8,2160.0,,2005,0.0,98103,47.6607,-122.354,1800.0,2142.0,2015-02-13,798750.0
9285800345,2.0,1.0,950.0,5316.0,1.0,0.0,2.0,3,7,950.0,0.0,1948,0.0,98126,47.57,-122.38,1620.0,6085.0,2014-06-26,320000.0
5706200170,3.0,1.75,1680.0,14630.0,1.5,0.0,0.0,3,8,1680.0,0.0,1985,0.0,98027,47.5272,-122.044,1920.0,14630.0,2014-12-16,425000.0
5536500020,4.0,2.5,2290.0,4450.0,2.0,,0.0,3,9,2290.0,0.0,2004,0.0,98072,47.7385,-122.169,2570.0,5096.0,2014-07-16,540000.0
98000950,4.0,5.25,4140.0,14757.0,2.0,0.0,2.0,3,11,4140.0,0.0,2005,0.0,98075,47.5871,-121.969,4440.0,15523.0,2014-12-10,1060000.0
3362401611,4.0,3.75,3920.0,4500.0,3.0,0.0,0.0,3,8,3920.0,0.0,2013,0.0,98103,47.6805,-122.346,2040.0,3000.0,2015-03-25,1170000.0
6205500280,3.0,1.75,1500.0,13891.0,1.0,0.0,0.0,4,7,1500.0,0.0,1951,0.0,98005,47.5866,-122.175,2020.0,13891.0,2015-04-21,576000.0
7199330010,3.0,1.75,1720.0,7200.0,1.0,0.0,0.0,3,7,1140.0,580.0,1977,0.0,98052,47.6977,-122.132,1700.0,8400.0,2015-04-17,525000.0
1332200130,4.0,2.5,2641.0,8615.0,2.0,0.0,0.0,3,7,2641.0,0.0,1998,0.0,98031,47.4038,-122.213,2641.0,8091.0,2014-08-22,324950.0
3244500078,3.0,2.5,4930.0,77536.0,2.0,0.0,0.0,3,9,3930.0,1000.0,1981,0.0,98072,47.7634,-122.139,2760.0,7351.0,2014-08-22,600000.0
3342102880,3.0,2.5,2460.0,5400.0,1.0,0.0,0.0,4,8,1520.0,940.0,2001,0.0,98056,47.5231,-122.202,1745.0,5400.0,2014-08-11,464000.0
2557000630,4.0,2.25,1995.0,7102.0,2.0,,0.0,4,8,1995.0,0.0,1981,0.0,98023,47.2986,-122.37,1880.0,7950.0,2014-07-07,266000.0
1117200190,3.0,2.5,3010.0,74390.0,2.0,0.0,0.0,3,10,3010.0,0.0,1998,0.0,98053,47.6442,-121.999,3240.0,109771.0,2014-08-04,775000.0
8122100130,3.0,1.75,1270.0,4800.0,1.0,0.0,0.0,3,7,1270.0,0.0,1952,20140.0,98126,47.5362,-122.376,1220.0,4800.0,2014-06-18,415000.0
9558040050,4.0,2.75,3080.0,6731.0,2.0,0.0,3.0,3,9,3080.0,0.0,2003,0.0,98058,47.4522,-122.118,3080.0,6731.0,2014-09-19,550000.0
5702380630,3.0,2.25,1670.0,7606.0,2.0,0.0,0.0,3,7,1670.0,0.0,1990,0.0,98022,47.1949,-121.982,1670.0,7433.0,2015-01-14,235000.0
3300790670,3.0,2.0,1470.0,8089.0,1.0,0.0,0.0,3,7,1470.0,0.0,1987,0.0,98198,47.3878,-122.316,1530.0,7721.0,2014-06-20,280000.0
2558660190,3.0,1.75,1730.0,7807.0,1.0,0.0,0.0,3,7,1260.0,470.0,1976,0.0,98034,47.7211,-122.169,1800.0,7650.0,2014-10-30,459000.0
4388000460,3.0,1.0,1070.0,7615.0,1.0,,0.0,4,7,1070.0,0.0,1969,0.0,98023,47.3189,-122.373,1240.0,6906.0,2014-10-14,195000.0
3224800010,3.0,1.5,1660.0,8738.0,1.0,,0.0,4,7,1080.0,580.0,1959,0.0,98002,47.3117,-122.208,1500.0,8466.0,2014-11-12,235000.0
1672000020,4.0,2.25,2410.0,16650.0,1.0,,0.0,4,8,2410.0,0.0,1965,0.0,98006,47.5706,-122.163,2720.0,11141.0,2014-11-26,711800.0
2767701416,3.0,2.5,1040.0,1032.0,3.0,0.0,0.0,3,7,1040.0,0.0,2007,0.0,98107,47.6673,-122.377,1290.0,1275.0,2015-01-16,440000.0
7821200307,2.0,1.0,970.0,3300.0,1.0,0.0,0.0,4,7,970.0,0.0,1916,0.0,98103,47.6609,-122.343,1060.0,3600.0,2015-02-17,515000.0
4219400290,5.0,2.75,2910.0,9480.0,1.5,0.0,0.0,3,8,2910.0,0.0,1939,0.0,98105,47.6552,-122.278,2940.0,6600.0,2014-05-02,1200000.0
6072650290,3.0,1.75,2340.0,12443.0,1.5,,0.0,4,8,2340.0,0.0,1965,0.0,98006,47.5432,-122.177,1970.0,9600.0,2015-04-06,560000.0
5647900670,3.0,1.75,1880.0,11249.0,1.0,0.0,0.0,3,7,1330.0,550.0,1985,0.0,98001,47.3295,-122.257,1870.0,14547.0,2014-06-20,340000.0
1965200010,2.0,1.0,1110.0,3500.0,1.5,0.0,0.0,3,6,970.0,140.0,1912,0.0,98102,47.6453,-122.327,1884.0,1778.0,2014-11-10,600000.0
319500080,4.0,2.5,2790.0,7938.0,2.0,0.0,0.0,3,9,2790.0,0.0,1997,0.0,98074,47.6223,-122.026,2780.0,7779.0,2014-06-18,764000.0
9526500080,4.0,2.0,1590.0,8779.0,1.0,0.0,0.0,3,8,1590.0,0.0,2001,0.0,98019,47.7408,-121.974,2090.0,9600.0,2014-07-29,337000.0
7856410430,6.0,2.75,5700.0,20000.0,1.0,0.0,4.0,4,10,2850.0,2850.0,1977,0.0,98006,47.5601,-122.16,3690.0,15700.0,2014-05-30,1390000.0
8128700005,4.0,1.0,1200.0,7552.0,1.0,0.0,0.0,3,6,1060.0,140.0,1919,0.0,98126,47.5317,-122.37,1580.0,7680.0,2014-11-19,249000.0
3444910020,3.0,3.0,3200.0,35782.0,1.0,0.0,0.0,3,8,2360.0,840.0,1978,0.0,98042,47.4121,-122.154,3090.0,37887.0,2014-07-15,350000.0
2025700130,3.0,2.25,1510.0,6000.0,1.0,,0.0,4,7,1150.0,360.0,1993,0.0,98038,47.3484,-122.036,1510.0,6000.0,2015-01-29,269950.0
224069134,3.0,1.75,1880.0,108900.0,1.0,0.0,0.0,3,7,1880.0,0.0,1978,0.0,98075,47.5913,-122.01,2730.0,37731.0,2015-02-25,735000.0
4217400305,4.0,2.5,3070.0,4000.0,2.0,0.0,0.0,4,8,2070.0,1000.0,1940,0.0,98105,47.659,-122.281,2560.0,4000.0,2015-03-31,1300000.0
3288301410,4.0,2.25,2110.0,7560.0,2.0,0.0,0.0,4,8,2110.0,0.0,1974,0.0,98034,47.7331,-122.183,2110.0,7560.0,2014-09-11,475000.0
9264950660,3.0,2.0,2350.0,8459.0,1.5,0.0,0.0,3,9,2350.0,0.0,1989,0.0,98023,47.3043,-122.349,2430.0,8459.0,2015-03-10,339000.0
6744700285,4.0,3.5,3270.0,15160.0,1.0,0.0,2.0,3,8,1660.0,1610.0,1997,0.0,98155,47.7437,-122.287,2790.0,15160.0,2015-03-11,600000.0
7750500275,4.0,1.75,2220.0,4760.0,1.0,0.0,0.0,3,7,1320.0,900.0,1918,0.0,98106,47.5215,-122.348,940.0,4760.0,2014-08-07,397500.0
1125069153,4.0,3.5,5990.0,111078.0,2.0,,0.0,3,11,5990.0,0.0,2004,0.0,98053,47.667,-121.994,4690.0,118918.0,2014-08-22,1530000.0
1425059178,3.0,2.0,1760.0,9055.0,2.0,0.0,0.0,4,7,1760.0,0.0,1985,0.0,98052,47.6534,-122.128,2010.0,9383.0,2014-05-07,460000.0
6671900130,4.0,2.75,2200.0,5207.0,1.0,0.0,0.0,5,7,1120.0,1080.0,1951,0.0,98133,47.74,-122.343,1210.0,6008.0,2014-12-16,370000.0
3172600151,4.0,1.0,1550.0,7296.0,1.5,0.0,0.0,3,6,1550.0,0.0,1957,0.0,98106,47.5184,-122.366,1370.0,7680.0,2015-03-25,250000.0
7237550020,4.0,3.75,5070.0,60123.0,2.0,0.0,0.0,3,11,5070.0,0.0,2000,0.0,98053,47.6567,-122.004,4920.0,101930.0,2014-07-03,1100000.0
1934800078,2.0,2.25,1040.0,1516.0,2.0,0.0,0.0,3,8,1040.0,0.0,2008,0.0,98122,47.6037,-122.307,1560.0,1920.0,2014-09-30,430000.0
4385700660,3.0,1.5,2560.0,4000.0,1.5,,0.0,5,8,1660.0,900.0,1927,0.0,98112,47.6384,-122.279,2560.0,4000.0,2014-08-07,1090000.0
923000414,3.0,1.75,1850.0,8160.0,1.0,0.0,0.0,3,8,1850.0,0.0,1952,0.0,98177,47.7241,-122.363,1600.0,8160.0,2015-04-19,670000.0
2624049167,3.0,1.5,2090.0,11895.0,1.0,,0.0,3,7,1790.0,300.0,1954,0.0,98118,47.5362,-122.267,2180.0,11072.0,2015-04-23,461550.0
8929000380,3.0,2.5,2010.0,2386.0,2.0,0.0,0.0,3,8,1390.0,620.0,2014,0.0,98029,47.5525,-121.998,1690.0,1870.0,2014-08-05,479990.0
4221250010,4.0,2.5,2518.0,4663.0,2.0,0.0,0.0,3,8,2518.0,0.0,2005,0.0,98075,47.5894,-122.017,2280.0,4525.0,2015-04-14,643000.0
8861500080,3.0,2.75,2810.0,12813.0,2.0,0.0,0.0,3,8,2040.0,770.0,1988,0.0,98052,47.6796,-122.114,1890.0,10336.0,2014-09-30,607000.0
1592000780,3.0,2.5,2600.0,10092.0,1.0,0.0,0.0,3,9,2600.0,0.0,1984,0.0,98074,47.6223,-122.032,2440.0,9298.0,2014-05-23,625000.0
2484200080,3.0,2.5,2060.0,8778.0,1.0,0.0,0.0,3,8,1160.0,900.0,1953,20100.0,98136,47.5245,-122.384,1990.0,7560.0,2014-07-29,731100.0
2322059136,3.0,2.5,2920.0,434728.0,2.0,0.0,3.0,4,8,2920.0,0.0,1999,0.0,98042,47.3809,-122.13,3150.0,55216.0,2015-03-09,859000.0
2591820080,4.0,2.5,2130.0,10375.0,2.0,0.0,0.0,4,8,2130.0,0.0,1986,0.0,98058,47.4381,-122.16,2220.0,8508.0,2014-11-03,435000.0
5729000080,3.0,3.0,2290.0,15600.0,1.0,0.0,0.0,3,8,1420.0,870.0,1948,19900.0,98001,47.3558,-122.29,1890.0,14143.0,2014-10-29,465000.0
5100402764,3.0,1.0,1230.0,6380.0,1.5,0.0,0.0,3,7,1230.0,0.0,1927,0.0,98115,47.6947,-122.315,1250.0,6380.0,2015-04-15,740000.0
5454000010,3.0,1.75,2020.0,9478.0,1.0,0.0,0.0,4,9,2020.0,0.0,1961,0.0,98040,47.5383,-122.238,3050.0,15594.0,2014-12-10,740000.0
5412300130,3.0,2.0,1430.0,7280.0,1.0,0.0,0.0,3,7,990.0,440.0,1980,0.0,98030,47.3742,-122.18,1430.0,7280.0,2014-11-19,250000.0
6873000190,2.0,2.5,2270.0,1763.0,3.0,0.0,0.0,3,7,1820.0,450.0,2009,0.0,98052,47.6757,-122.121,2180.0,1763.0,2015-03-11,656000.0
9485300190,4.0,2.5,1910.0,8058.0,2.0,0.0,0.0,3,8,1910.0,0.0,1992,0.0,98031,47.3891,-122.172,1910.0,6500.0,2014-10-09,300000.0
326069132,3.0,1.5,1780.0,214315.0,1.0,,0.0,3,7,1780.0,0.0,1954,0.0,98077,47.7631,-122.028,2740.0,133419.0,2015-02-20,643000.0
3832061060,4.0,2.5,2690.0,6124.0,2.0,0.0,0.0,3,7,2690.0,0.0,2007,0.0,98042,47.3343,-122.058,2300.0,6002.0,2014-08-07,311000.0
6918730130,3.0,1.75,1330.0,7482.0,1.0,0.0,0.0,4,7,1330.0,0.0,1975,0.0,98034,47.7322,-122.207,1480.0,8096.0,2014-07-21,360000.0
7952800010,4.0,2.5,3060.0,10043.0,1.0,0.0,0.0,4,8,1700.0,1360.0,1968,0.0,98133,47.7387,-122.337,1630.0,8296.0,2014-05-19,475000.0
3834500417,3.0,3.25,1760.0,1778.0,3.0,0.0,0.0,3,8,1760.0,0.0,2008,0.0,98125,47.7201,-122.301,1520.0,1615.0,2014-08-09,469950.0
5071700020,3.0,1.75,1570.0,8750.0,1.0,,0.0,3,7,1570.0,0.0,1960,0.0,98148,47.4425,-122.333,1890.0,8825.0,2014-07-03,240000.0
3826000470,2.0,1.0,960.0,8100.0,1.0,0.0,0.0,3,6,810.0,150.0,1936,0.0,98168,47.494,-122.304,960.0,12150.0,2014-09-29,232000.0
921059132,3.0,2.0,1680.0,81893.0,1.0,0.0,0.0,3,7,1680.0,0.0,1991,0.0,98092,47.3248,-122.179,2480.0,38637.0,2014-08-13,350000.0
1926059027,2.0,1.0,1440.0,33747.0,1.5,0.0,0.0,3,7,1440.0,0.0,1928,0.0,98034,47.7223,-122.209,1980.0,8400.0,2015-01-09,803000.0
1328320440,3.0,2.25,1960.0,7000.0,1.0,0.0,0.0,3,8,1600.0,360.0,1980,0.0,98058,47.4427,-122.126,1980.0,7140.0,2014-12-10,355000.0
1972202005,4.0,2.0,1790.0,2250.0,1.0,0.0,2.0,4,7,840.0,950.0,1909,0.0,98103,47.6526,-122.345,1440.0,1545.0,2014-05-21,475000.0
2592201350,3.0,2.5,2560.0,9825.0,2.0,0.0,0.0,4,9,2560.0,0.0,1988,0.0,98006,47.5497,-122.145,2710.0,12034.0,2015-03-24,823000.0
6430500293,2.0,1.5,1010.0,3060.0,1.0,0.0,0.0,4,7,1010.0,0.0,1918,0.0,98103,47.6897,-122.354,1160.0,4080.0,2014-11-12,395000.0
6450300840,4.0,3.75,2560.0,5250.0,2.0,,0.0,3,7,1900.0,660.0,1963,20060.0,98133,47.7326,-122.342,1400.0,5250.0,2015-04-27,499000.0
1189000225,2.0,1.75,1200.0,3136.0,1.0,0.0,0.0,3,7,800.0,400.0,1904,20050.0,98122,47.6132,-122.297,1330.0,3164.0,2015-04-02,420000.0
7804700020,3.0,2.5,3910.0,14000.0,2.0,0.0,0.0,3,10,3910.0,0.0,1999,0.0,98008,47.6374,-122.12,2280.0,14000.0,2014-08-12,961500.0
9542300430,4.0,1.75,2260.0,12238.0,1.0,0.0,0.0,3,9,2260.0,0.0,1967,0.0,98005,47.5976,-122.178,2430.0,10204.0,2015-03-31,833000.0
1775930440,3.0,2.25,2110.0,11319.0,2.0,0.0,0.0,4,8,2110.0,0.0,1978,0.0,98072,47.742,-122.105,1860.0,11319.0,2014-06-23,479000.0
1725059182,4.0,2.5,3340.0,10422.0,2.0,0.0,0.0,3,10,3340.0,0.0,1996,0.0,98033,47.6515,-122.197,1770.0,9490.0,2014-07-01,1150000.0
3992700130,3.0,1.0,1400.0,8100.0,1.5,0.0,0.0,3,6,1400.0,0.0,1944,0.0,98125,47.7124,-122.289,1420.0,8100.0,2014-07-08,267000.0
824069193,4.0,1.75,1760.0,94525.0,1.5,,0.0,3,7,1760.0,0.0,1988,0.0,98075,47.5882,-122.07,3030.0,34848.0,2014-09-11,555000.0
3904910480,3.0,2.5,2010.0,9725.0,2.0,0.0,0.0,4,8,2010.0,0.0,1987,0.0,98029,47.568,-122.018,1850.0,6858.0,2014-07-31,490000.0
2877102651,4.0,2.0,2300.0,3400.0,1.5,0.0,0.0,5,8,1550.0,750.0,1915,0.0,98117,47.678,-122.361,1670.0,4200.0,2014-05-29,619000.0
9289100170,5.0,2.75,2510.0,28185.0,1.0,0.0,0.0,4,7,1600.0,910.0,1963,0.0,98155,47.7719,-122.282,2910.0,14880.0,2014-10-31,569950.0
3797000680,3.0,2.0,1340.0,3000.0,2.0,0.0,0.0,5,7,1340.0,0.0,1905,0.0,98103,47.6857,-122.349,1120.0,3000.0,2014-11-25,549000.0
3378900020,3.0,1.75,1560.0,7245.0,1.5,,0.0,3,7,1560.0,0.0,1962,19850.0,98052,47.6868,-122.119,2220.0,8502.0,2014-10-23,422500.0
4180300050,4.0,3.5,3350.0,9681.0,1.0,0.0,1.0,3,7,2140.0,1210.0,1980,0.0,98198,47.3978,-122.322,2580.0,9681.0,2014-08-01,400000.0
7852010670,4.0,2.75,3710.0,7984.0,2.0,0.0,0.0,3,9,3710.0,0.0,1999,0.0,98065,47.5352,-121.868,2950.0,7984.0,2014-07-09,692500.0
8562890280,4.0,2.5,2430.0,5499.0,2.0,0.0,0.0,3,8,2430.0,0.0,2002,0.0,98042,47.3779,-122.125,2890.0,5190.0,2014-06-26,310000.0
3991400080,3.0,1.75,2430.0,8820.0,1.0,0.0,2.0,3,8,1630.0,800.0,1977,0.0,98178,47.4972,-122.233,2390.0,10050.0,2014-12-16,499900.0
8651510020,3.0,2.25,2100.0,7335.0,2.0,0.0,0.0,3,8,2100.0,0.0,1983,0.0,98074,47.647,-122.061,2050.0,8930.0,2014-08-27,492000.0
3924500130,2.0,2.5,1880.0,40575.0,1.0,0.0,0.0,3,9,1880.0,0.0,1987,0.0,98024,47.5614,-121.899,1930.0,32935.0,2015-05-06,460000.0
2533300130,3.0,2.5,1630.0,2640.0,2.0,0.0,0.0,5,8,1630.0,0.0,1919,0.0,98119,47.6452,-122.371,1630.0,3000.0,2014-07-16,800000.0
510002995,4.0,1.0,1640.0,4200.0,1.5,0.0,0.0,3,7,1640.0,0.0,1925,0.0,98103,47.6601,-122.332,1730.0,3990.0,2015-04-07,832600.0
3825500080,4.0,2.75,2310.0,7350.0,1.0,0.0,0.0,3,8,1670.0,640.0,1989,0.0,98011,47.7505,-122.182,2600.0,6077.0,2015-03-18,470000.0
8682231190,2.0,2.0,1930.0,4500.0,1.0,0.0,0.0,3,8,1930.0,0.0,2003,0.0,98053,47.7104,-122.031,1670.0,5200.0,2014-10-21,542000.0
9412400185,4.0,4.5,4750.0,13912.0,2.0,0.0,2.0,3,10,3600.0,1150.0,2005,0.0,98118,47.5332,-122.265,3600.0,22124.0,2014-06-19,1310000.0
7893804790,4.0,2.5,2300.0,7500.0,1.0,0.0,3.0,2,7,1650.0,650.0,1959,0.0,98198,47.4125,-122.33,2300.0,7500.0,2014-10-10,308130.0
3630070010,2.0,1.0,1050.0,2699.0,1.0,0.0,0.0,3,7,1050.0,0.0,2005,0.0,98029,47.5471,-121.996,1240.0,2671.0,2015-03-11,310000.0
723049132,2.0,1.0,1500.0,8015.0,1.0,,0.0,3,6,1500.0,0.0,1947,0.0,98146,47.5027,-122.348,1130.0,8015.0,2014-10-22,235000.0
1432600415,3.0,1.0,1150.0,7560.0,1.0,0.0,0.0,4,6,1150.0,0.0,1958,0.0,98058,47.4613,-122.184,1230.0,7560.0,2014-09-19,215000.0
3306200010,4.0,1.5,1920.0,10403.0,1.0,,0.0,3,7,1370.0,550.0,1959,0.0,98023,47.2987,-122.366,1550.0,9619.0,2014-06-05,210000.0
425069102,4.0,2.75,3660.0,150282.0,2.0,0.0,0.0,3,10,3660.0,0.0,1990,0.0,98053,47.6813,-122.048,3090.0,53578.0,2014-11-26,730000.0
1683600130,3.0,1.75,1720.0,9342.0,1.0,0.0,0.0,4,7,1140.0,580.0,1981,0.0,98092,47.3177,-122.182,1330.0,7540.0,2014-12-10,245000.0
3741600020,3.0,2.25,2100.0,20018.0,1.0,0.0,4.0,3,8,1470.0,630.0,1948,0.0,98166,47.4544,-122.366,2410.0,17196.0,2014-09-15,540000.0
5412101150,4.0,2.5,2400.0,6078.0,2.0,0.0,0.0,3,8,2400.0,0.0,2001,0.0,98001,47.2606,-122.285,2406.0,7642.0,2015-02-03,299000.0
509000020,3.0,2.5,2540.0,40106.0,2.0,0.0,0.0,3,10,2540.0,0.0,1991,0.0,98074,47.6037,-122.043,3190.0,71797.0,2014-11-18,510000.0
1311500020,4.0,1.75,2080.0,7200.0,1.0,0.0,0.0,4,7,1050.0,1030.0,1966,0.0,98001,47.3385,-122.282,1500.0,7350.0,2014-07-03,198000.0
662350050,5.0,3.25,3400.0,7452.0,2.0,0.0,0.0,3,10,3400.0,0.0,1999,0.0,98007,47.6141,-122.136,2650.0,8749.0,2014-05-23,950000.0
3327020290,4.0,1.75,2200.0,7600.0,2.0,0.0,0.0,3,8,2200.0,0.0,1978,0.0,98092,47.3131,-122.191,1910.0,7600.0,2015-02-20,300000.0
1086100130,5.0,1.75,2140.0,8580.0,1.0,0.0,0.0,3,7,1200.0,940.0,1962,0.0,98033,47.6625,-122.178,1600.0,9206.0,2014-09-04,528000.0
2111011060,5.0,3.25,3850.0,16249.0,2.0,0.0,2.0,3,9,3030.0,820.0,2002,0.0,98092,47.3324,-122.168,2640.0,7393.0,2014-06-18,507000.0
7852090280,4.0,3.25,4270.0,6384.0,2.0,0.0,0.0,3,9,3060.0,1210.0,2001,0.0,98065,47.5362,-121.874,2850.0,6285.0,2015-02-19,770000.0
2873000780,3.0,1.75,1340.0,7210.0,1.0,0.0,0.0,4,7,1340.0,0.0,1975,0.0,98031,47.4182,-122.167,1370.0,7210.0,2015-02-20,255000.0
3530470190,1.0,1.5,1100.0,3451.0,1.5,0.0,0.0,4,8,1100.0,0.0,1978,0.0,98198,47.3829,-122.322,1400.0,4560.0,2015-05-05,220000.0
5014600440,5.0,2.75,2870.0,5349.0,2.0,0.0,0.0,3,9,2870.0,0.0,2005,0.0,98059,47.5405,-122.187,2800.0,5000.0,2015-02-23,690700.0
5049800005,2.0,1.0,1320.0,8380.0,1.0,0.0,0.0,3,7,1320.0,0.0,1953,0.0,98177,47.705,-122.367,1290.0,8025.0,2014-06-27,447000.0
7443001470,6.0,2.0,2150.0,4505.0,1.0,0.0,0.0,3,7,1270.0,880.0,1952,0.0,98119,47.6514,-122.369,1740.0,4505.0,2014-05-20,755000.0
2771604640,4.0,1.5,2470.0,6000.0,1.5,0.0,0.0,3,7,1480.0,990.0,1940,0.0,98199,47.6365,-122.391,2140.0,4000.0,2015-03-13,700000.0
7140200280,4.0,2.75,1910.0,7700.0,1.0,0.0,0.0,4,7,1000.0,910.0,1980,0.0,98030,47.369,-122.17,1880.0,7875.0,2014-07-15,250000.0
3793500780,3.0,2.5,2130.0,6969.0,2.0,0.0,0.0,3,7,2130.0,0.0,2003,0.0,98038,47.3655,-122.027,1670.0,9545.0,2014-05-10,320000.0
5525400420,4.0,2.5,2240.0,14667.0,2.0,0.0,0.0,4,9,2240.0,0.0,1989,0.0,98059,47.5276,-122.161,2410.0,11243.0,2014-05-14,565000.0
7986400305,5.0,2.75,1800.0,4500.0,2.0,0.0,0.0,4,7,1680.0,120.0,1939,0.0,98107,47.6648,-122.358,1730.0,4500.0,2015-04-24,754300.0
3619600143,3.0,1.5,2160.0,9000.0,1.0,0.0,2.0,4,8,1400.0,,1949,0.0,98177,47.7241,-122.369,3010.0,9000.0,2014-05-05,650000.0
7787890050,4.0,2.5,3140.0,8455.0,2.0,0.0,0.0,3,8,3140.0,0.0,2003,0.0,98059,47.4866,-122.147,3140.0,7391.0,2015-02-18,529888.0
2780700050,3.0,2.5,1920.0,9812.0,2.0,0.0,0.0,3,8,1920.0,0.0,2000,0.0,98028,47.7633,-122.243,1830.0,10534.0,2014-11-06,432000.0
5595900280,3.0,1.0,1050.0,7670.0,1.5,,0.0,5,7,1050.0,0.0,1955,0.0,98022,47.2046,-121.996,1220.0,7670.0,2015-03-18,235000.0
7203220130,4.0,3.5,3695.0,6556.0,2.0,0.0,0.0,3,9,3695.0,0.0,2014,0.0,98053,47.683,-122.015,4160.0,6786.0,2015-01-27,994900.0
9406540130,4.0,2.5,3910.0,8442.0,2.0,0.0,0.0,3,9,2710.0,1200.0,2000,0.0,98038,47.3766,-122.027,2650.0,7576.0,2015-04-03,489000.0
9526600250,4.0,2.75,3010.0,7427.0,2.0,0.0,0.0,3,8,3010.0,0.0,2010,0.0,98052,47.7068,-122.112,3000.0,4929.0,2015-04-20,800000.0
9542900190,4.0,1.5,1370.0,9957.0,1.0,0.0,0.0,3,7,900.0,470.0,1972,0.0,98034,47.7237,-122.181,1510.0,8088.0,2014-05-16,370000.0
3840700653,4.0,2.75,2080.0,9600.0,1.0,0.0,0.0,3,8,1240.0,840.0,1979,0.0,98034,47.7149,-122.235,1880.0,9525.0,2014-12-12,436000.0
6084200080,3.0,2.5,2250.0,3757.0,2.0,0.0,0.0,3,7,2250.0,0.0,2006,0.0,98059,47.4787,-122.129,2250.0,4556.0,2014-05-28,395000.0
3705900130,5.0,1.75,2120.0,8399.0,1.0,0.0,0.0,4,7,1320.0,800.0,1942,0.0,98133,47.7621,-122.335,2120.0,8398.0,2014-05-23,377691.0
3333002385,5.0,3.0,2220.0,5185.0,2.0,0.0,3.0,3,7,2220.0,0.0,2003,0.0,98118,47.543,-122.29,2340.0,6316.0,2015-04-17,370000.0
3904910050,3.0,2.5,1440.0,4394.0,1.0,0.0,0.0,5,8,1440.0,0.0,1987,0.0,98029,47.5688,-122.019,1900.0,5893.0,2014-10-23,515000.0
5556900080,3.0,1.0,910.0,7686.0,1.0,0.0,0.0,3,7,910.0,0.0,1969,0.0,98001,47.3405,-122.288,1020.0,7686.0,2014-09-26,169000.0
4443800415,3.0,1.0,1270.0,4268.0,1.0,0.0,0.0,3,7,1270.0,0.0,1921,0.0,98117,47.6848,-122.392,1310.0,4080.0,2015-03-21,475000.0
3791400250,3.0,2.5,2480.0,6180.0,2.0,,0.0,3,9,2480.0,0.0,1999,0.0,98031,47.4044,-122.208,2870.0,6180.0,2015-04-25,420000.0
9551201585,6.0,2.75,2630.0,9420.0,2.0,0.0,0.0,5,9,2510.0,120.0,1900,0.0,98103,47.6695,-122.337,1540.0,4969.0,2014-07-01,1300000.0
7856620050,3.0,2.0,2410.0,13300.0,2.0,0.0,0.0,3,9,1840.0,570.0,1985,0.0,98006,47.5632,-122.148,2930.0,10900.0,2015-02-25,822000.0
9320200050,4.0,2.75,2930.0,25697.0,1.0,0.0,0.0,4,9,2310.0,620.0,1964,0.0,98004,47.6264,-122.226,3810.0,20681.0,2014-12-16,1500000.0
1954420380,3.0,2.25,1570.0,6810.0,1.0,0.0,0.0,3,8,1180.0,390.0,1988,0.0,98074,47.6176,-122.044,1620.0,6584.0,2015-03-30,485000.0
740500010,4.0,1.0,1900.0,8505.0,1.0,,0.0,3,7,1200.0,700.0,1956,0.0,98055,47.4406,-122.196,1440.0,8505.0,2014-08-07,270000.0
6673050020,6.0,2.5,2590.0,11250.0,1.0,0.0,0.0,4,8,1390.0,1200.0,1978,0.0,98055,47.4608,-122.196,2270.0,8360.0,2015-04-01,300000.0
1853081060,4.0,2.5,3810.0,7728.0,2.0,,0.0,3,9,3810.0,0.0,2007,0.0,98074,47.5925,-122.058,3290.0,7728.0,2015-04-16,878000.0
6308000020,3.0,2.5,2290.0,4203.0,2.0,0.0,0.0,3,9,2290.0,0.0,2001,0.0,98006,47.5441,-122.172,2290.0,5089.0,2015-04-03,590000.0
1720800305,1.0,2.25,1220.0,2100.0,2.0,0.0,2.0,4,8,1220.0,0.0,1946,19790.0,98033,47.6703,-122.204,3150.0,6000.0,2014-11-19,611900.0
1682000280,3.0,1.75,1100.0,7373.0,1.0,0.0,0.0,4,7,1100.0,0.0,1968,0.0,98092,47.3124,-122.183,1430.0,8415.0,2015-03-19,240000.0
3814800280,4.0,2.5,2810.0,10951.0,2.0,0.0,0.0,3,8,2810.0,0.0,2003,0.0,98092,47.3249,-122.187,1680.0,6625.0,2015-04-17,395000.0
3352402195,3.0,1.0,890.0,7110.0,1.0,0.0,0.0,3,6,890.0,0.0,1957,0.0,98178,47.4971,-122.261,1100.0,8375.0,2014-07-16,169000.0
9320600170,3.0,2.0,1280.0,14972.0,1.0,0.0,0.0,3,7,1280.0,0.0,1963,0.0,98031,47.4129,-122.209,1800.0,9698.0,2015-03-24,200500.0
5205000250,3.0,2.5,2320.0,7140.0,2.0,0.0,0.0,3,8,2320.0,0.0,1990,0.0,98003,47.275,-122.295,2360.0,7955.0,2015-04-10,308000.0
9264920250,3.0,2.25,1720.0,7885.0,2.0,0.0,0.0,3,8,1720.0,0.0,1983,0.0,98023,47.3136,-122.344,2340.0,7885.0,2014-07-10,290256.0
2473101190,3.0,1.75,1530.0,8800.0,1.0,0.0,0.0,4,7,1040.0,490.0,1967,0.0,98058,47.4483,-122.158,1530.0,8690.0,2015-04-27,279950.0
5437820020,3.0,1.75,1580.0,7875.0,1.0,0.0,0.0,3,7,1580.0,0.0,1979,0.0,98022,47.1958,-122.003,1560.0,8314.0,2014-08-07,195000.0
4067600275,3.0,1.0,1360.0,13000.0,1.0,0.0,0.0,5,6,1360.0,0.0,1945,0.0,98010,47.3359,-122.033,1890.0,19650.0,2014-08-26,630000.0
6447300345,4.0,3.0,2680.0,15438.0,2.0,0.0,2.0,3,8,2680.0,0.0,1902,19560.0,98039,47.6109,-122.226,4480.0,14406.0,2015-04-06,1160000.0
3905100280,3.0,2.25,1640.0,3896.0,2.0,0.0,0.0,3,8,1640.0,0.0,1994,0.0,98029,47.5689,-122.006,1780.0,3999.0,2014-07-01,478000.0
9285800275,3.0,2.25,2520.0,6690.0,2.0,0.0,2.0,5,8,1700.0,820.0,1944,19900.0,98126,47.5705,-122.381,1990.0,5792.0,2014-08-14,835000.0
1891100130,3.0,2.25,1400.0,2421.0,2.0,0.0,0.0,3,9,1400.0,0.0,2005,0.0,98034,47.695,-122.169,1500.0,2743.0,2015-04-17,639000.0
1592000250,4.0,2.75,2300.0,12633.0,2.0,,0.0,3,9,2300.0,0.0,1984,0.0,98074,47.6218,-122.032,2240.0,9246.0,2014-10-13,623000.0
2328800130,3.0,1.75,1900.0,7680.0,1.0,0.0,0.0,3,7,1260.0,640.0,1959,0.0,98178,47.5081,-122.266,2000.0,7740.0,2014-12-17,220000.0
6067910130,3.0,2.25,2000.0,18099.0,1.0,0.0,0.0,4,8,1250.0,750.0,1978,0.0,98006,47.5443,-122.18,2060.0,12000.0,2015-03-25,526000.0
3333002790,2.0,1.0,900.0,5016.0,1.0,,0.0,3,6,900.0,0.0,1948,0.0,98118,47.542,-122.282,1420.0,5184.0,2015-01-23,243500.0
9478400080,4.0,2.5,2980.0,4930.0,2.0,0.0,0.0,3,9,2890.0,90.0,2000,0.0,98006,47.5445,-122.12,2980.0,6099.0,2014-05-12,750000.0
3450300020,4.0,2.0,1850.0,9126.0,1.0,0.0,0.0,5,7,1850.0,0.0,1963,0.0,98059,47.5009,-122.164,1730.0,9110.0,2015-03-18,329000.0
2663000050,4.0,1.0,1570.0,4000.0,1.5,0.0,0.0,3,7,1570.0,0.0,1920,0.0,98102,47.6275,-122.321,1610.0,4000.0,2014-09-26,525000.0
3145600250,2.0,1.0,670.0,3101.0,1.0,0.0,0.0,4,6,670.0,0.0,1948,0.0,98118,47.5546,-122.274,1660.0,4100.0,2015-03-17,190000.0
6206100130,4.0,2.5,2660.0,10800.0,1.0,0.0,0.0,3,7,2660.0,0.0,1955,20140.0,98005,47.5894,-122.172,2640.0,10800.0,2014-06-26,772650.0
8944320420,3.0,2.5,2110.0,4038.0,2.0,0.0,0.0,4,8,2110.0,0.0,1989,0.0,98042,47.3875,-122.153,2110.0,3727.0,2014-07-10,355000.0
224069145,3.0,1.75,1970.0,54450.0,1.0,0.0,0.0,3,8,1570.0,400.0,1980,0.0,98075,47.5936,-122.012,2460.0,36677.0,2015-04-01,650000.0
3363900280,3.0,2.75,1210.0,3600.0,1.5,0.0,2.0,5,7,1210.0,0.0,1910,0.0,98103,47.6798,-122.354,1630.0,3910.0,2015-03-11,678500.0
7504110050,4.0,2.5,2670.0,11877.0,2.0,0.0,0.0,3,9,2670.0,0.0,1996,0.0,98074,47.6327,-122.036,2430.0,11333.0,2014-06-26,669950.0
624100950,3.0,2.25,3000.0,18450.0,1.0,0.0,0.0,3,10,3000.0,0.0,1983,0.0,98077,47.7274,-122.062,2980.0,12304.0,2015-03-11,850000.0
9416400020,3.0,2.75,2200.0,3885.0,2.0,0.0,0.0,3,8,2200.0,,2002,0.0,98074,47.6171,-122.028,2710.0,6000.0,2014-08-27,572000.0
3578400950,3.0,1.75,1540.0,13002.0,1.0,0.0,0.0,2,8,1200.0,,1984,0.0,98074,47.6231,-122.044,1620.0,10098.0,2014-08-01,492450.0
4100000050,3.0,1.75,2080.0,11866.0,1.0,0.0,0.0,3,8,2080.0,0.0,1960,0.0,98005,47.5872,-122.173,2240.0,10696.0,2014-10-30,813000.0
3475000080,3.0,2.0,1780.0,9732.0,1.0,0.0,0.0,3,8,1780.0,0.0,1967,0.0,98040,47.5796,-122.229,1900.0,10200.0,2014-08-28,710000.0
7871500345,3.0,1.5,1960.0,2400.0,2.0,0.0,0.0,3,8,1330.0,630.0,1911,0.0,98119,47.6423,-122.37,2090.0,4000.0,2014-12-02,792500.0
8857600680,5.0,1.5,1690.0,7725.0,1.5,0.0,0.0,4,7,1690.0,0.0,1961,0.0,98032,47.3859,-122.288,1690.0,7739.0,2015-03-13,285900.0
2817100430,3.0,2.0,2080.0,12972.0,1.0,0.0,0.0,4,7,1250.0,830.0,1981,0.0,98070,47.3733,-122.432,1530.0,10089.0,2015-05-11,389000.0
7649400170,3.0,2.25,2070.0,2833.0,2.0,0.0,2.0,3,8,1490.0,580.0,1966,0.0,98136,47.5543,-122.398,1940.0,3794.0,2014-12-05,675000.0
4048400185,2.0,0.75,760.0,33801.0,1.0,0.0,0.0,4,4,760.0,0.0,1931,0.0,98059,47.4703,-122.076,1100.0,39504.0,2014-10-22,352000.0
3303960250,4.0,3.25,4020.0,11588.0,2.0,0.0,0.0,3,11,4020.0,0.0,2000,0.0,98059,47.5217,-122.155,3190.0,8066.0,2015-05-07,1050000.0
2785000480,4.0,1.75,3620.0,10400.0,1.0,0.0,0.0,4,8,1820.0,1800.0,1965,0.0,98005,47.6069,-122.167,2410.0,10400.0,2015-01-08,768500.0
2926049400,4.0,2.0,2330.0,7778.0,1.0,0.0,0.0,3,7,1230.0,1100.0,1961,0.0,98125,47.7109,-122.323,1250.0,8160.0,2014-12-26,500000.0
5452302195,3.0,2.5,1460.0,8800.0,1.0,0.0,0.0,4,7,1460.0,0.0,1956,0.0,98040,47.5895,-122.232,2200.0,8800.0,2014-12-30,685000.0
3528900980,4.0,2.75,2250.0,5700.0,1.0,0.0,0.0,3,8,1200.0,1050.0,1951,0.0,98109,47.6406,-122.344,1720.0,3850.0,2014-05-23,648475.0
3886901795,6.0,5.0,2850.0,6600.0,2.0,,0.0,3,7,2850.0,0.0,1994,0.0,98033,47.6813,-122.187,1870.0,9900.0,2015-04-22,655000.0
1868900675,4.0,2.75,2640.0,4000.0,2.0,0.0,0.0,5,8,1730.0,910.0,1925,0.0,98115,47.6727,-122.297,1530.0,3740.0,2014-09-12,895000.0
4031000290,3.0,1.0,1310.0,9554.0,1.0,0.0,0.0,3,7,960.0,350.0,1962,0.0,98001,47.2949,-122.285,1310.0,9845.0,2015-04-08,195000.0
9264960480,4.0,2.5,2720.0,7350.0,2.0,0.0,0.0,3,9,2720.0,0.0,1989,0.0,98023,47.3028,-122.35,2570.0,8336.0,2014-12-08,368000.0
3303980680,4.0,3.5,3430.0,13609.0,2.0,0.0,0.0,3,11,3430.0,0.0,2001,0.0,98059,47.5196,-122.151,3880.0,11614.0,2015-02-28,997000.0
1775930010,3.0,2.75,1990.0,19991.0,1.0,0.0,0.0,3,7,1340.0,650.0,1977,0.0,98072,47.7434,-122.106,1750.0,9775.0,2014-12-22,335000.0
3329520170,3.0,2.0,1170.0,7258.0,1.0,,0.0,3,7,1170.0,0.0,1984,0.0,98001,47.3333,-122.266,1410.0,7750.0,2014-05-21,250000.0
9321010130,3.0,1.75,1390.0,8980.0,1.0,0.0,0.0,4,8,1390.0,0.0,1985,0.0,98022,47.2015,-122.005,1770.0,9085.0,2015-03-12,278500.0
7696600020,4.0,1.5,1540.0,7300.0,2.0,0.0,0.0,3,7,1540.0,0.0,1973,0.0,98001,47.3317,-122.276,1580.0,7650.0,2015-01-28,260000.0
2690600005,2.0,1.0,760.0,6141.0,1.0,0.0,0.0,2,6,760.0,0.0,1920,0.0,98118,47.5469,-122.277,900.0,4120.0,2014-10-01,162500.0
923049323,4.0,1.0,1280.0,8316.0,1.0,0.0,0.0,3,6,1280.0,0.0,1950,0.0,98168,47.4989,-122.302,1310.0,7830.0,2014-07-14,239000.0
6705870080,4.0,2.5,2990.0,5122.0,2.0,0.0,0.0,3,8,2990.0,0.0,2004,0.0,98075,47.5773,-122.055,3140.0,7875.0,2014-11-21,600000.0
3797710010,4.0,2.25,1770.0,7778.0,2.0,0.0,0.0,3,7,1770.0,0.0,1998,0.0,98031,47.4192,-122.201,1770.0,7591.0,2015-04-28,350000.0
98030630,5.0,3.75,3830.0,8131.0,2.0,,0.0,3,10,3830.0,0.0,2005,0.0,98075,47.5837,-121.971,3570.0,7290.0,2014-12-15,852500.0
8106300840,3.0,2.5,2870.0,5490.0,2.0,0.0,0.0,3,9,2870.0,0.0,2008,0.0,98055,47.4471,-122.207,3040.0,5442.0,2014-07-21,485000.0
1074100020,3.0,1.0,1520.0,8320.0,1.0,0.0,0.0,3,6,1520.0,0.0,1953,0.0,98133,47.7699,-122.335,1500.0,8320.0,2014-10-07,299000.0
418000010,2.0,1.0,660.0,6509.0,1.0,0.0,0.0,4,5,660.0,0.0,1952,0.0,98056,47.4938,-122.171,970.0,5713.0,2015-04-22,227450.0
1782000130,3.0,1.0,1800.0,5612.0,1.0,,0.0,4,7,1200.0,600.0,1942,0.0,98126,47.525,-122.378,1450.0,5250.0,2014-05-23,383000.0
2124079093,2.0,3.25,3570.0,392475.0,1.0,0.0,0.0,3,9,2370.0,1200.0,1998,0.0,98024,47.5448,-121.93,3190.0,217800.0,2015-01-12,835000.0
9828702890,5.0,1.5,3050.0,2992.0,1.5,0.0,0.0,4,8,1920.0,1130.0,1931,0.0,98112,47.621,-122.302,1200.0,1209.0,2015-02-11,760000.0
3797001815,2.0,1.0,820.0,3000.0,1.0,0.0,0.0,4,7,820.0,0.0,1924,0.0,98103,47.6842,-122.348,1490.0,3000.0,2015-02-17,532500.0
6979900080,3.0,2.5,3610.0,26359.0,1.0,0.0,0.0,3,8,1950.0,1660.0,1998,0.0,98053,47.6306,-121.968,2620.0,26427.0,2014-11-25,635000.0
7319900345,3.0,2.0,1490.0,3072.0,1.0,0.0,0.0,5,7,770.0,720.0,1912,0.0,98144,47.5772,-122.307,1320.0,3072.0,2014-08-25,438500.0
4346300010,3.0,2.5,1560.0,9361.0,1.5,0.0,0.0,4,7,1360.0,200.0,1936,0.0,98108,47.5591,-122.295,1670.0,6244.0,2014-06-18,545500.0
2432000130,3.0,1.75,1660.0,9549.0,1.0,0.0,0.0,3,7,1660.0,0.0,1956,0.0,98033,47.6503,-122.198,2090.0,9549.0,2015-04-14,675000.0
9165100130,3.0,1.75,1180.0,4080.0,1.0,0.0,0.0,4,6,760.0,420.0,1928,0.0,98117,47.6825,-122.391,1490.0,4080.0,2014-06-18,450000.0
844000425,3.0,1.0,960.0,10815.0,1.0,0.0,0.0,5,5,960.0,0.0,1900,0.0,98010,47.3091,-122.006,1330.0,10815.0,2014-12-23,199999.0
6076500364,3.0,1.5,1630.0,16170.0,1.0,,0.0,3,7,1630.0,0.0,1988,0.0,98034,47.7104,-122.235,1630.0,9931.0,2014-09-10,375000.0
9238430430,4.0,2.25,2260.0,43847.0,2.0,0.0,0.0,3,8,2260.0,0.0,1982,0.0,98072,47.7713,-122.129,2470.0,37304.0,2015-04-30,600000.0
2854800095,3.0,1.5,1520.0,7123.0,1.0,0.0,0.0,4,7,1520.0,0.0,1959,0.0,98056,47.4991,-122.176,1450.0,8023.0,2014-07-08,292600.0
31200020,5.0,2.75,3050.0,8904.0,1.0,0.0,0.0,4,8,1650.0,1400.0,1956,0.0,98040,47.5709,-122.214,2920.0,8904.0,2015-03-19,1040000.0
5364200381,3.0,1.0,1000.0,4959.0,1.0,0.0,0.0,3,8,1000.0,0.0,1945,0.0,98105,47.6629,-122.277,2240.0,4959.0,2014-10-10,610000.0
1515910290,4.0,2.5,2650.0,9451.0,2.0,0.0,0.0,4,8,2650.0,0.0,1993,0.0,98042,47.3693,-122.129,2510.0,8850.0,2014-08-25,397450.0
3459000020,3.0,2.25,1750.0,15528.0,1.0,0.0,0.0,3,8,1270.0,480.0,1963,0.0,98155,47.7739,-122.274,2170.0,12000.0,2015-04-14,382000.0
3303000130,3.0,2.25,1770.0,7667.0,1.0,,0.0,3,8,1270.0,500.0,1966,0.0,98177,47.7724,-122.362,2180.0,8103.0,2015-01-16,370000.0
3303000130,3.0,2.25,1770.0,7667.0,1.0,,0.0,3,8,1270.0,500.0,1966,0.0,98177,47.7724,-122.362,2180.0,8103.0,2015-04-28,520000.0
3235100080,2.0,1.0,770.0,7906.0,1.0,0.0,0.0,4,6,770.0,0.0,1948,0.0,98155,47.766,-122.32,990.0,7906.0,2014-07-01,260000.0
7284900460,4.0,2.5,3370.0,7200.0,2.0,0.0,0.0,3,8,3370.0,0.0,2014,0.0,98177,47.7698,-122.384,1880.0,7200.0,2014-11-20,890000.0
6332940020,5.0,2.0,2130.0,8412.0,1.0,0.0,0.0,3,7,1440.0,690.0,1946,20000.0,98155,47.7403,-122.318,2310.0,7474.0,2014-08-26,344000.0
8802400415,3.0,1.0,1050.0,8498.0,1.0,0.0,0.0,3,7,1050.0,0.0,1958,0.0,98031,47.4038,-122.203,1340.0,8498.0,2014-06-25,205000.0
4131500190,5.0,2.5,2803.0,8550.0,1.0,0.0,0.0,3,8,2803.0,0.0,1963,20110.0,98003,47.3032,-122.306,1810.0,8550.0,2015-05-07,379000.0
7524400250,3.0,2.0,2080.0,12094.0,2.0,0.0,0.0,4,8,2080.0,0.0,1982,0.0,98052,47.7035,-122.164,2230.0,12204.0,2014-08-22,424240.0
7524400250,3.0,2.0,2080.0,12094.0,2.0,0.0,0.0,4,8,2080.0,0.0,1982,0.0,98052,47.7035,-122.164,2230.0,12204.0,2014-11-24,589950.0
4441300440,4.0,1.75,2120.0,4650.0,1.0,0.0,1.0,3,7,1190.0,930.0,1951,0.0,98117,47.6964,-122.4,2070.0,6487.0,2014-05-12,582000.0
1898200080,3.0,2.5,2550.0,7709.0,2.0,0.0,0.0,3,9,2550.0,0.0,1989,0.0,98023,47.3081,-122.391,2410.0,9250.0,2015-03-12,349000.0
1245003375,3.0,1.0,1290.0,12005.0,1.0,0.0,0.0,4,7,1290.0,0.0,1966,0.0,98033,47.6835,-122.199,1930.0,8000.0,2015-04-08,658000.0
3574300250,5.0,2.75,1790.0,5000.0,1.5,0.0,0.0,4,7,1060.0,730.0,1915,0.0,98106,47.5655,-122.363,1400.0,5000.0,2014-10-29,294000.0
5071400104,5.0,3.5,2720.0,7598.0,2.0,0.0,0.0,3,8,1860.0,860.0,1993,0.0,98115,47.6931,-122.283,2430.0,7728.0,2014-06-26,690000.0
9287801150,3.0,1.0,1040.0,5000.0,1.5,0.0,2.0,3,7,1040.0,0.0,1912,0.0,98107,47.6754,-122.359,1440.0,4400.0,2015-04-23,600000.0
8651431100,3.0,1.0,840.0,5200.0,1.0,0.0,0.0,3,6,840.0,0.0,1969,20140.0,98042,47.3685,-122.077,870.0,5200.0,2015-01-16,199990.0
236500010,3.0,1.75,1650.0,8850.0,1.0,0.0,0.0,3,7,1650.0,0.0,1959,0.0,98188,47.4331,-122.291,1400.0,8800.0,2014-12-09,220000.0
1441800250,4.0,2.25,2080.0,15750.0,1.0,0.0,0.0,3,8,1460.0,620.0,1976,0.0,98034,47.7225,-122.2,1960.0,10500.0,2015-01-26,440000.0
8929000050,4.0,2.5,1540.0,1994.0,2.0,,0.0,3,8,1540.0,0.0,2014,0.0,98029,47.5526,-121.999,1540.0,1689.0,2014-09-04,439990.0
98030660,4.0,2.5,3880.0,7208.0,2.0,,0.0,3,10,3880.0,0.0,2006,0.0,98075,47.5841,-121.971,3280.0,7221.0,2015-03-11,815000.0
3905100380,4.0,2.25,1860.0,3766.0,2.0,0.0,0.0,3,8,1860.0,0.0,1995,0.0,98029,47.5699,-122.006,1860.0,4169.0,2015-04-21,535000.0
1140000050,3.0,1.75,1280.0,10016.0,1.0,0.0,0.0,4,7,1280.0,0.0,1975,0.0,98003,47.2823,-122.333,1670.0,9764.0,2014-11-26,215000.0
5561000010,3.0,2.5,3200.0,35012.0,1.5,0.0,0.0,3,8,2100.0,1100.0,1965,0.0,98027,47.4651,-121.993,2690.0,35100.0,2015-02-23,605000.0
8856920250,3.0,2.5,2200.0,7278.0,2.0,0.0,0.0,3,8,2200.0,0.0,1990,0.0,98058,47.4624,-122.132,2190.0,8580.0,2014-05-30,349900.0
5100402668,3.0,1.0,1570.0,5510.0,1.0,0.0,0.0,4,7,1070.0,500.0,1940,0.0,98115,47.6942,-122.319,1770.0,6380.0,2015-02-18,495000.0
2426049180,3.0,2.5,2074.0,4900.0,2.0,0.0,0.0,3,8,2074.0,0.0,1997,0.0,98034,47.7327,-122.233,1840.0,7382.0,2014-10-14,515100.0
205000010,4.0,2.5,2450.0,55387.0,2.0,0.0,0.0,3,9,2450.0,0.0,1994,0.0,98053,47.6323,-121.985,2730.0,38827.0,2014-06-24,620000.0
7504060020,4.0,2.25,2520.0,10370.0,2.0,0.0,0.0,3,9,2520.0,0.0,1980,0.0,98074,47.6377,-122.049,2848.0,12682.0,2015-01-22,657500.0
4204400098,5.0,1.75,2190.0,8250.0,1.0,,2.0,3,7,1190.0,1000.0,1963,0.0,98055,47.4887,-122.223,2570.0,8250.0,2015-01-19,250000.0
4204400098,5.0,1.75,2190.0,8250.0,1.0,,2.0,3,7,1190.0,1000.0,1963,0.0,98055,47.4887,-122.223,2570.0,8250.0,2015-04-21,385000.0
2131200766,3.0,1.5,2320.0,7500.0,1.0,,0.0,3,7,2320.0,0.0,1976,0.0,98019,47.7413,-121.979,1480.0,10000.0,2014-05-22,307000.0
7760400480,3.0,2.5,1370.0,9253.0,1.0,0.0,0.0,3,7,1090.0,280.0,1994,0.0,98042,47.3717,-122.073,1470.0,9253.0,2015-05-13,288000.0
1863900225,3.0,1.75,1730.0,7200.0,1.5,0.0,0.0,4,6,1730.0,0.0,1944,0.0,98032,47.3774,-122.236,860.0,7200.0,2014-10-28,226450.0
1787600224,3.0,2.5,1640.0,6991.0,1.0,0.0,0.0,3,7,1110.0,530.0,1967,0.0,98125,47.7255,-122.327,1860.0,7342.0,2015-03-10,390000.0
323089134,3.0,1.0,1300.0,10236.0,1.0,0.0,0.0,4,6,1300.0,0.0,1971,0.0,98045,47.5028,-121.77,1380.0,11325.0,2014-09-30,350000.0
7663700759,3.0,1.5,1560.0,7884.0,1.0,0.0,0.0,3,7,1060.0,500.0,1969,0.0,98125,47.7312,-122.298,1820.0,9000.0,2014-12-01,368000.0
3856904970,2.0,1.0,1120.0,4284.0,1.0,0.0,0.0,3,6,730.0,390.0,1921,0.0,98105,47.6688,-122.324,2050.0,4160.0,2014-08-18,469000.0
1126059007,3.0,2.25,2670.0,150270.0,2.0,,0.0,3,9,2670.0,0.0,1985,0.0,98072,47.7601,-122.134,3080.0,81054.0,2015-03-23,865000.0
2473002850,5.0,2.5,3810.0,15916.0,1.5,0.0,0.0,5,8,3810.0,0.0,1967,0.0,98058,47.4521,-122.14,2470.0,11662.0,2015-01-13,515000.0
1112700130,3.0,1.75,1440.0,8560.0,1.0,0.0,0.0,4,7,1440.0,0.0,1979,0.0,98034,47.7296,-122.232,1460.0,7560.0,2015-01-23,410000.0
121059007,4.0,1.0,1200.0,43560.0,1.0,0.0,0.0,3,5,1200.0,0.0,1968,0.0,98042,47.3375,-122.123,1400.0,54450.0,2014-08-08,210000.0
2896600020,3.0,1.75,1520.0,7700.0,1.0,0.0,0.0,3,7,820.0,700.0,1969,0.0,98034,47.7226,-122.219,1420.0,7674.0,2015-03-25,460000.0
9264900660,4.0,2.5,2500.0,9654.0,1.0,0.0,0.0,3,8,1830.0,670.0,1979,0.0,98023,47.3137,-122.343,2500.0,8839.0,2014-09-19,241500.0
7754900280,4.0,2.25,2010.0,19000.0,2.0,0.0,0.0,4,8,2010.0,0.0,1975,0.0,98042,47.3734,-122.119,1950.0,19626.0,2014-06-23,322200.0
9282801950,4.0,1.0,1210.0,6000.0,1.5,0.0,2.0,3,7,1210.0,0.0,1943,0.0,98178,47.5026,-122.234,1470.0,6000.0,2014-08-18,279000.0
3123039063,2.0,1.0,1100.0,27007.0,1.0,0.0,0.0,4,6,1100.0,0.0,1943,0.0,98070,47.4471,-122.473,1746.0,91476.0,2014-09-08,303000.0
2770606915,3.0,1.5,1050.0,6615.0,1.0,0.0,0.0,4,6,800.0,250.0,1950,0.0,98199,47.6578,-122.39,1530.0,5250.0,2014-10-20,420000.0
5379804690,3.0,1.75,2120.0,18335.0,1.0,0.0,0.0,3,7,1380.0,740.0,1961,0.0,98188,47.451,-122.273,2050.0,18333.0,2014-08-13,249000.0
6855700080,3.0,1.0,1240.0,8840.0,1.0,0.0,0.0,3,6,1240.0,0.0,1952,0.0,98125,47.7277,-122.308,1250.0,8840.0,2014-07-14,294950.0
3856900507,4.0,3.5,3460.0,3997.0,2.0,0.0,0.0,3,10,2560.0,900.0,2004,0.0,98103,47.6718,-122.329,1860.0,4000.0,2014-05-12,1320000.0
3501600185,3.0,1.75,1270.0,4800.0,1.0,0.0,0.0,3,7,1270.0,0.0,1953,0.0,98117,47.693,-122.361,1490.0,4800.0,2014-09-15,335000.0
1068000235,4.0,2.25,2980.0,8051.0,1.5,0.0,2.0,4,10,2020.0,960.0,1935,0.0,98199,47.6426,-122.409,2760.0,5499.0,2014-06-05,1160000.0
7519000585,2.0,1.0,1250.0,3708.0,1.5,0.0,0.0,3,7,1250.0,0.0,1926,0.0,98117,47.685,-122.363,1430.0,3708.0,2015-03-11,520000.0
1562200380,4.0,1.75,1740.0,8800.0,1.0,0.0,0.0,4,8,1740.0,0.0,1965,0.0,98007,47.6232,-122.142,2180.0,8436.0,2014-09-16,560000.0
7523700305,4.0,1.5,1730.0,7464.0,2.0,0.0,0.0,4,7,1730.0,0.0,1959,0.0,98032,47.3782,-122.304,1370.0,7860.0,2014-10-12,243400.0
8807810050,3.0,2.0,1240.0,14404.0,1.0,0.0,0.0,3,7,1240.0,0.0,1988,0.0,98053,47.6614,-122.06,1350.0,9990.0,2014-05-29,405000.0
3699100130,2.0,1.0,1670.0,14695.0,1.5,0.0,0.0,5,7,1670.0,0.0,1930,0.0,98033,47.7001,-122.2,1800.0,11355.0,2014-10-02,495000.0
2215901650,4.0,2.5,2140.0,7095.0,2.0,0.0,0.0,3,8,2140.0,0.0,1992,0.0,98038,47.3528,-122.057,1600.0,7182.0,2015-04-02,350000.0
1099900020,5.0,2.75,2530.0,7601.0,1.0,0.0,0.0,3,7,1520.0,1010.0,1992,0.0,98188,47.4683,-122.263,2400.0,7776.0,2014-12-11,368500.0
5128000010,2.0,1.0,960.0,8236.0,1.0,,0.0,2,6,960.0,0.0,1948,0.0,98058,47.4698,-122.166,1260.0,8236.0,2015-01-05,99000.0
3303980660,4.0,3.75,4130.0,12320.0,2.0,0.0,0.0,3,11,4130.0,0.0,2001,0.0,98059,47.5194,-122.151,3690.0,11227.0,2014-06-03,1070000.0
1155640050,4.0,1.75,1710.0,7724.0,1.0,0.0,0.0,3,8,1710.0,0.0,1983,0.0,98155,47.7721,-122.293,1940.0,7724.0,2014-08-26,430000.0
8087800020,3.0,1.5,1490.0,8475.0,1.0,0.0,0.0,4,7,1490.0,0.0,1963,0.0,98052,47.6571,-122.133,1490.0,8540.0,2014-05-15,412500.0
3293200190,4.0,3.25,4750.0,62365.0,2.0,0.0,0.0,3,11,4750.0,0.0,1988,0.0,98052,47.7149,-122.099,3300.0,31866.0,2014-12-13,1120000.0
1862000010,4.0,2.5,3400.0,35062.0,2.0,,0.0,4,11,3400.0,0.0,1988,0.0,98052,47.7168,-122.113,2880.0,9705.0,2014-08-28,915000.0
5711200170,3.0,2.5,2210.0,7620.0,2.0,,0.0,3,8,2210.0,0.0,1994,0.0,98052,47.6938,-122.13,1920.0,7440.0,2014-05-23,535000.0
8690800130,3.0,1.5,1650.0,8676.0,1.0,,0.0,4,8,1130.0,520.0,1979,0.0,98133,47.7471,-122.352,1400.0,8499.0,2014-11-04,390000.0
2768100545,3.0,1.5,1260.0,3135.0,1.0,0.0,0.0,4,7,780.0,480.0,1944,0.0,98107,47.6693,-122.371,1540.0,3025.0,2014-09-08,499000.0
2596400050,3.0,1.0,1960.0,7955.0,1.0,,0.0,4,7,1260.0,700.0,1963,0.0,98177,47.7641,-122.364,1850.0,8219.0,2014-07-30,375000.0
2641400290,4.0,2.5,1800.0,7620.0,2.0,0.0,0.0,3,8,1800.0,0.0,1995,0.0,98055,47.4346,-122.201,1800.0,6879.0,2014-10-28,349000.0
3210600010,3.0,2.25,1940.0,7482.0,1.0,0.0,0.0,4,7,1240.0,700.0,1964,0.0,98004,47.6004,-122.195,2340.0,9310.0,2014-10-31,635000.0
8691370290,4.0,2.75,2820.0,8009.0,2.0,0.0,0.0,3,9,2820.0,0.0,2001,0.0,98075,47.6,-121.977,2820.0,7398.0,2014-12-15,682000.0
1790000080,4.0,2.25,2820.0,16770.0,1.0,0.0,0.0,4,8,1920.0,900.0,1966,0.0,98023,47.3186,-122.364,2320.0,13850.0,2015-02-03,321027.0
7116000425,2.0,1.0,720.0,4120.0,1.0,0.0,0.0,5,5,720.0,0.0,1915,0.0,98002,47.303,-122.217,940.0,6180.0,2014-11-25,150000.0
8143100500,3.0,1.75,1640.0,17583.0,1.0,0.0,0.0,3,7,1110.0,530.0,1969,0.0,98034,47.726,-122.203,1420.0,11680.0,2014-12-13,410000.0
3735900545,3.0,2.0,1560.0,4080.0,2.0,0.0,0.0,3,7,1560.0,0.0,1923,19820.0,98115,47.6892,-122.319,1900.0,4080.0,2014-05-23,449950.0
1443500305,6.0,2.5,1560.0,7144.0,1.0,0.0,0.0,3,6,1060.0,500.0,1913,0.0,98118,47.5335,-122.272,1300.0,6232.0,2014-10-13,194990.0
3649100103,4.0,1.75,1910.0,8775.0,1.0,0.0,0.0,3,7,1210.0,700.0,1956,0.0,98028,47.7396,-122.247,2210.0,8778.0,2015-01-02,475000.0
6746700605,5.0,1.75,1570.0,3000.0,2.0,0.0,0.0,4,7,1570.0,0.0,1908,0.0,98105,47.6677,-122.316,1610.0,3000.0,2015-01-28,530000.0
7999950020,4.0,2.5,2038.0,7643.0,2.0,0.0,0.0,3,8,2038.0,0.0,2011,0.0,98092,47.3296,-122.18,2634.0,6824.0,2014-07-22,319950.0
9211500010,3.0,2.25,1720.0,9435.0,1.0,,0.0,4,7,1220.0,500.0,1978,0.0,98023,47.2979,-122.377,1690.0,7215.0,2015-03-27,210000.0
1324300290,3.0,2.75,1670.0,3330.0,1.5,0.0,0.0,4,7,1670.0,0.0,1925,0.0,98107,47.6551,-122.36,1370.0,5000.0,2014-12-26,485000.0
8691310380,4.0,2.75,2830.0,10240.0,2.0,0.0,0.0,4,9,2830.0,0.0,1998,0.0,98075,47.5903,-121.986,3490.0,10240.0,2015-01-28,774000.0
4037400430,4.0,2.0,1690.0,8208.0,1.0,0.0,0.0,4,7,1210.0,480.0,1958,0.0,98008,47.6052,-122.126,1620.0,8496.0,2014-10-15,478000.0
254000545,4.0,2.5,1620.0,5280.0,2.0,0.0,0.0,4,7,1620.0,0.0,1924,0.0,98146,47.5132,-122.384,1590.0,5280.0,2014-10-23,385000.0
7214780020,4.0,2.5,2360.0,43017.0,2.0,0.0,0.0,3,9,2360.0,0.0,1989,0.0,98077,47.774,-122.077,2750.0,40334.0,2015-04-17,595000.0
114100314,3.0,1.5,1480.0,7117.0,1.0,0.0,0.0,3,7,1170.0,310.0,1960,0.0,98028,47.7766,-122.248,2230.0,14775.0,2015-03-18,285000.0
3629930170,4.0,2.5,2700.0,4004.0,2.0,0.0,0.0,3,9,2700.0,0.0,2004,0.0,98029,47.5521,-121.995,2260.0,4459.0,2014-05-14,723000.0
2946002140,3.0,1.5,1780.0,16000.0,1.0,0.0,0.0,2,7,1240.0,540.0,1960,0.0,98198,47.419,-122.322,1860.0,9775.0,2014-08-12,279000.0
1432400525,3.0,1.5,1430.0,7560.0,1.0,0.0,0.0,5,6,1430.0,0.0,1958,0.0,98058,47.4518,-122.179,1150.0,7560.0,2015-03-06,195000.0
7011201470,2.0,1.0,2160.0,2192.0,1.0,0.0,0.0,5,8,1170.0,990.0,1925,0.0,98119,47.6364,-122.371,1150.0,2152.0,2014-10-15,625000.0
7697800170,3.0,1.75,1800.0,9314.0,2.0,0.0,0.0,3,8,1800.0,0.0,1979,0.0,98011,47.7762,-122.198,2100.0,9658.0,2015-04-28,270000.0
8682291630,2.0,2.0,1930.0,5520.0,1.0,0.0,0.0,3,8,1930.0,0.0,2006,0.0,98053,47.7191,-122.022,1640.0,4533.0,2014-10-07,559000.0
1775800420,4.0,2.25,1960.0,14834.0,1.0,0.0,0.0,4,8,1330.0,630.0,1976,0.0,98072,47.7434,-122.095,1540.0,15000.0,2015-02-02,474000.0
2215901310,4.0,2.5,1920.0,7345.0,2.0,0.0,0.0,3,8,1920.0,0.0,1992,0.0,98038,47.3526,-122.055,1860.0,7364.0,2014-11-14,303500.0
1440500020,3.0,1.75,1470.0,8645.0,1.0,0.0,0.0,3,6,1470.0,0.0,1949,0.0,98155,47.7524,-122.323,1470.0,7680.0,2014-12-26,350000.0
6632900574,5.0,3.0,2980.0,10064.0,1.0,0.0,0.0,3,7,1680.0,1300.0,1940,0.0,98155,47.7372,-122.316,1590.0,7800.0,2014-08-06,367500.0
6632900574,5.0,3.0,2980.0,10064.0,1.0,0.0,0.0,3,7,1680.0,1300.0,1940,0.0,98155,47.7372,-122.316,1590.0,7800.0,2015-02-25,595000.0
7933510080,3.0,2.0,2360.0,118483.0,1.0,0.0,0.0,3,8,2360.0,0.0,1981,0.0,98024,47.5595,-121.867,2660.0,91476.0,2014-10-06,589000.0
1926069063,3.0,1.75,1790.0,87213.0,1.0,0.0,0.0,4,7,1790.0,0.0,1974,0.0,98077,47.732,-122.077,3270.0,39586.0,2015-03-06,585000.0
973600020,3.0,2.25,2130.0,8801.0,1.0,0.0,0.0,3,8,1370.0,760.0,1976,0.0,98155,47.7462,-122.29,2820.0,8801.0,2014-10-02,482975.0
9558010190,4.0,2.5,2030.0,4499.0,2.0,0.0,0.0,3,8,2030.0,0.0,2003,0.0,98058,47.4511,-122.119,2030.0,4539.0,2014-11-19,365500.0
267010020,4.0,2.0,1790.0,7800.0,1.0,0.0,0.0,5,8,1790.0,0.0,1972,0.0,98008,47.6266,-122.103,2150.0,7838.0,2014-07-11,570000.0
8097000170,3.0,2.5,2260.0,8040.0,2.0,,0.0,3,8,2260.0,0.0,1990,0.0,98092,47.3203,-122.184,2390.0,8040.0,2015-02-02,335000.0
9136100420,4.0,2.0,2350.0,4815.0,1.5,0.0,0.0,4,7,1450.0,900.0,1914,0.0,98103,47.6681,-122.338,1640.0,4013.0,2015-04-08,767500.0
8929000280,3.0,2.5,1690.0,1613.0,2.0,0.0,0.0,3,8,1150.0,540.0,2014,0.0,98029,47.5518,-121.998,1690.0,1662.0,2014-05-19,386591.0
7883603190,3.0,1.0,1320.0,5750.0,1.5,0.0,0.0,3,7,1320.0,0.0,1913,0.0,98108,47.5288,-122.325,1010.0,5700.0,2014-07-22,279000.0
203600470,4.0,2.5,2690.0,32780.0,2.0,0.0,0.0,3,9,2690.0,0.0,1998,0.0,98014,47.6612,-121.955,2840.0,36555.0,2015-04-09,620000.0
8643200020,4.0,2.25,2810.0,23400.0,1.0,,1.0,3,7,1710.0,1100.0,1958,0.0,98198,47.395,-122.311,1860.0,14900.0,2014-05-06,407000.0
322069153,3.0,2.5,2280.0,213879.0,2.0,0.0,0.0,3,8,2280.0,0.0,1994,0.0,98038,47.4213,-122.033,2380.0,178160.0,2014-08-27,364250.0
2473450430,4.0,2.5,2870.0,9292.0,2.0,0.0,0.0,3,8,2540.0,330.0,1979,0.0,98058,47.4522,-122.123,2590.0,7533.0,2014-05-27,399000.0
7574910780,3.0,2.5,3030.0,30007.0,1.5,0.0,0.0,4,10,3030.0,0.0,1992,0.0,98077,47.743,-122.036,3360.0,34983.0,2014-05-14,766950.0
3629980780,4.0,2.75,2940.0,4232.0,2.0,0.0,0.0,3,9,2940.0,0.0,2004,0.0,98029,47.5529,-121.99,2410.0,4000.0,2014-09-18,710000.0
3332000091,3.0,1.0,1190.0,4120.0,1.0,,0.0,3,6,1190.0,0.0,1929,0.0,98118,47.5513,-122.272,1360.0,4635.0,2015-02-24,320000.0
3395041236,3.0,2.5,1800.0,3253.0,2.0,0.0,0.0,3,7,1800.0,0.0,2001,0.0,98108,47.5401,-122.292,1800.0,3081.0,2014-10-23,300000.0
2310030500,3.0,1.75,1580.0,9187.0,1.0,0.0,0.0,3,8,1180.0,400.0,1993,0.0,98038,47.3538,-122.047,1620.0,6397.0,2014-07-10,263000.0
8665050080,3.0,2.5,1730.0,4408.0,2.0,0.0,0.0,3,8,1730.0,0.0,1996,0.0,98029,47.5683,-122.005,1730.0,4408.0,2014-10-10,445000.0
4037000840,3.0,2.0,1910.0,9001.0,1.0,0.0,0.0,4,7,1910.0,0.0,1957,0.0,98008,47.6037,-122.119,2040.0,8700.0,2015-04-06,554000.0
2856101845,2.0,1.75,1000.0,5100.0,1.0,0.0,0.0,3,6,940.0,60.0,1906,0.0,98117,47.6787,-122.391,1900.0,5100.0,2014-07-24,335000.0
8078550250,4.0,2.75,2520.0,6964.0,1.0,0.0,0.0,4,7,1260.0,1260.0,1987,0.0,98031,47.4038,-122.175,1930.0,6949.0,2014-12-29,307000.0
1837000010,3.0,1.0,1420.0,8160.0,1.0,0.0,0.0,3,7,970.0,450.0,1947,0.0,98125,47.7164,-122.306,1340.0,8160.0,2015-03-02,404000.0
8691390280,4.0,3.5,3080.0,5250.0,2.0,0.0,0.0,3,9,3080.0,0.0,2003,0.0,98075,47.5992,-121.972,2980.0,5509.0,2014-07-31,775000.0
2372800050,3.0,1.0,1060.0,9126.0,1.0,0.0,2.0,5,7,1060.0,0.0,1956,0.0,98022,47.201,-121.999,1300.0,9126.0,2014-05-21,220000.0
6600250050,4.0,2.5,2160.0,9750.0,2.0,,0.0,3,8,2160.0,0.0,1983,0.0,98028,47.7438,-122.246,2840.0,10535.0,2014-09-03,518000.0
7215900020,4.0,3.5,4060.0,9486.0,2.0,,0.0,3,10,4060.0,0.0,2005,0.0,98033,47.6634,-122.2,2410.0,9486.0,2014-12-09,1600000.0
6450304600,1.0,2.25,1940.0,2550.0,2.0,0.0,0.0,4,7,1100.0,840.0,1979,0.0,98133,47.7313,-122.343,1580.0,5100.0,2014-10-23,315000.0
2541100050,4.0,2.5,2250.0,11349.0,2.0,0.0,0.0,3,8,2250.0,0.0,1991,0.0,98034,47.7111,-122.239,2110.0,9964.0,2014-07-31,572650.0
1853200080,2.0,1.0,1620.0,9205.0,1.0,0.0,0.0,5,6,850.0,770.0,1921,0.0,98034,47.7119,-122.23,2460.0,5469.0,2014-06-19,350000.0
3058600050,2.0,1.0,920.0,5850.0,1.0,0.0,0.0,4,6,920.0,0.0,1900,0.0,98108,47.5441,-122.304,1640.0,5476.0,2014-09-19,285000.0
3148750050,3.0,2.5,1370.0,7247.0,2.0,0.0,0.0,3,7,1370.0,0.0,1995,0.0,98032,47.3767,-122.303,1720.0,8085.0,2015-03-25,231000.0
8651400680,3.0,1.0,920.0,5200.0,1.0,0.0,0.0,4,6,920.0,0.0,1969,0.0,98042,47.3603,-122.085,920.0,5200.0,2014-08-13,179000.0
4359100050,3.0,1.5,1360.0,9625.0,1.0,0.0,0.0,3,7,1360.0,0.0,1963,0.0,98030,47.3799,-122.211,1890.0,9625.0,2015-03-30,244000.0
5379806185,3.0,1.5,1630.0,11662.0,1.0,,0.0,3,7,1630.0,,1943,19630.0,98188,47.4455,-122.278,1700.0,11662.0,2015-03-06,185850.0
1737300130,6.0,2.5,3610.0,12033.0,2.0,,0.0,3,8,3210.0,400.0,1970,0.0,98011,47.7692,-122.219,2210.0,8577.0,2014-12-22,610000.0
2781200010,4.0,2.5,3010.0,9155.0,2.0,0.0,0.0,3,9,3010.0,0.0,2005,0.0,98038,47.3542,-122.027,3010.0,5762.0,2014-10-10,419000.0
269000221,3.0,1.75,2320.0,6400.0,1.0,0.0,2.0,4,8,1420.0,900.0,1957,0.0,98199,47.6449,-122.389,2540.0,7680.0,2014-08-26,779000.0
6421100502,5.0,3.0,3290.0,14134.0,1.0,0.0,0.0,3,7,1870.0,1420.0,2004,0.0,98052,47.6708,-122.14,1970.0,11470.0,2014-09-15,695000.0
4136900190,3.0,2.5,2040.0,7580.0,2.0,0.0,2.0,3,8,2040.0,,1998,0.0,98092,47.2618,-122.209,1960.0,7820.0,2015-03-20,319900.0
8731980680,3.0,2.75,1920.0,7700.0,1.0,0.0,0.0,4,8,1320.0,600.0,1978,0.0,98023,47.3213,-122.378,2040.0,8000.0,2015-01-12,329000.0
2095800250,3.0,2.5,2120.0,4512.0,2.0,0.0,0.0,3,8,2120.0,0.0,1988,0.0,98011,47.75,-122.183,2000.0,4553.0,2014-08-27,475226.0
3629920630,3.0,2.5,2170.0,5000.0,2.0,0.0,0.0,3,9,2170.0,0.0,2003,0.0,98029,47.5453,-121.996,2170.0,5000.0,2015-03-25,638000.0
6817800840,2.0,1.5,1330.0,15873.0,1.0,0.0,0.0,3,7,900.0,430.0,1984,0.0,98074,47.6359,-122.033,1610.0,12043.0,2015-03-25,440000.0
7520000440,3.0,2.0,1580.0,5080.0,1.0,0.0,0.0,4,6,800.0,780.0,1942,0.0,98146,47.4963,-122.35,1580.0,7114.0,2015-02-09,214000.0
587550470,3.0,2.75,3580.0,14217.0,2.0,0.0,3.0,4,10,2210.0,1370.0,1989,0.0,98023,47.3244,-122.379,3990.0,14674.0,2015-04-29,600000.0
6851700381,4.0,2.0,2580.0,4500.0,2.0,0.0,0.0,4,9,1850.0,730.0,1905,0.0,98102,47.6245,-122.316,2590.0,4100.0,2015-04-14,935000.0
4077800029,4.0,1.75,1930.0,10210.0,1.5,0.0,2.0,3,8,1670.0,260.0,1941,0.0,98125,47.7078,-122.277,2730.0,6600.0,2014-10-27,630000.0
7202350480,3.0,2.5,2120.0,4780.0,2.0,,0.0,3,7,2120.0,0.0,2004,0.0,98053,47.681,-122.032,1690.0,2650.0,2014-09-30,575000.0
1021079099,3.0,2.5,1990.0,20466.0,1.5,0.0,0.0,4,8,1410.0,,1987,0.0,98010,47.3259,-121.896,1660.0,93393.0,2014-11-06,345000.0
6075000050,4.0,1.75,1310.0,9690.0,1.0,0.0,0.0,4,7,1310.0,0.0,1967,0.0,98011,47.7559,-122.226,2280.0,9618.0,2014-07-16,323000.0
5467910020,3.0,2.5,2670.0,13218.0,1.0,0.0,0.0,4,10,2670.0,0.0,1988,0.0,98042,47.3683,-122.153,1960.0,13130.0,2014-05-16,425000.0
322069109,2.0,2.25,1910.0,108900.0,1.0,0.0,0.0,4,7,1010.0,900.0,1972,0.0,98038,47.4206,-122.023,2050.0,108900.0,2015-05-05,411000.0
8658300480,4.0,1.5,1530.0,9000.0,1.0,0.0,0.0,4,6,1530.0,0.0,1976,0.0,98014,47.6492,-121.908,1520.0,8500.0,2014-07-21,299800.0
9187200285,6.0,1.75,2920.0,5000.0,2.5,0.0,0.0,4,9,2780.0,140.0,1908,0.0,98122,47.6024,-122.295,2020.0,5000.0,2014-05-05,823000.0
3670500605,3.0,1.0,1010.0,8108.0,1.0,0.0,0.0,3,7,1010.0,0.0,1955,0.0,98155,47.735,-122.309,1110.0,8108.0,2014-09-08,200000.0
2141330050,4.0,1.75,2450.0,13300.0,1.0,0.0,0.0,4,9,1630.0,820.0,1987,0.0,98006,47.5564,-122.13,3150.0,15500.0,2014-05-20,760000.0
3820350020,4.0,2.5,1820.0,3899.0,2.0,0.0,0.0,3,7,1820.0,0.0,1999,0.0,98019,47.735,-121.985,1820.0,3899.0,2015-04-28,359950.0
3291800780,4.0,2.5,2090.0,8325.0,1.0,0.0,0.0,4,7,1470.0,620.0,1983,0.0,98056,47.4888,-122.184,1700.0,8025.0,2015-02-03,375000.0
2423069120,2.0,1.75,2200.0,89298.0,1.0,0.0,0.0,3,7,1100.0,1100.0,1973,0.0,98027,47.4633,-121.976,2590.0,89298.0,2014-05-08,295000.0
6918100170,4.0,3.0,2250.0,7882.0,2.0,0.0,0.0,3,8,1570.0,680.0,1986,0.0,98198,47.3703,-122.314,1550.0,7508.0,2015-03-19,250000.0
7169200221,3.0,2.25,1450.0,1387.0,3.0,0.0,0.0,3,8,1450.0,0.0,2000,0.0,98115,47.6765,-122.302,1450.0,1429.0,2014-10-23,497000.0
3579000440,4.0,2.5,2280.0,8798.0,2.0,0.0,0.0,4,8,2280.0,0.0,1987,0.0,98028,47.7471,-122.247,2180.0,8632.0,2014-08-13,520000.0
8860500130,4.0,3.5,2720.0,6781.0,2.0,0.0,0.0,3,8,2100.0,620.0,1999,0.0,98055,47.4612,-122.215,2280.0,5942.0,2014-07-17,365000.0
1441800010,3.0,2.25,2250.0,8000.0,1.0,0.0,0.0,3,8,1460.0,790.0,1976,0.0,98034,47.7229,-122.202,1930.0,9000.0,2014-12-08,459900.0
7129300595,3.0,2.0,1090.0,6090.0,1.0,0.0,0.0,3,7,940.0,150.0,1940,0.0,98118,47.5118,-122.259,1840.0,6090.0,2015-05-06,158000.0
4322300010,3.0,2.0,1970.0,9600.0,1.0,0.0,0.0,4,7,1300.0,,1967,0.0,98003,47.2824,-122.301,1710.0,7703.0,2014-06-06,294700.0
7229800066,4.0,2.25,2780.0,15075.0,2.0,0.0,0.0,3,7,2780.0,0.0,1985,0.0,98059,47.477,-122.116,1650.0,25542.0,2014-08-19,439950.0
3625059071,4.0,2.25,2290.0,40946.0,1.0,0.0,3.0,4,8,1550.0,740.0,1960,0.0,98008,47.616,-122.103,2790.0,20076.0,2015-01-08,899000.0
9517200480,3.0,1.75,2330.0,12141.0,1.0,0.0,0.0,3,7,1390.0,940.0,1983,0.0,98072,47.7607,-122.146,1850.0,12141.0,2014-07-02,535000.0
240000269,4.0,4.5,4060.0,10800.0,2.0,0.0,0.0,3,10,4060.0,0.0,2007,0.0,98188,47.4241,-122.29,1830.0,9768.0,2015-01-24,530000.0
9835800840,4.0,2.0,1470.0,7000.0,1.0,0.0,0.0,4,8,1470.0,0.0,1967,0.0,98032,47.3742,-122.289,1640.0,7000.0,2015-02-04,215000.0
8058500005,2.0,1.0,1620.0,5400.0,1.0,0.0,0.0,3,6,920.0,,1926,0.0,98125,47.7069,-122.299,1540.0,7245.0,2015-02-03,290000.0
2568200170,5.0,2.75,3220.0,5934.0,2.0,0.0,0.0,3,9,3220.0,0.0,2006,0.0,98052,47.7076,-122.101,3100.0,5934.0,2015-03-11,798000.0
9545250010,4.0,2.5,3270.0,9578.0,2.0,0.0,0.0,3,9,3270.0,0.0,1993,0.0,98027,47.5373,-122.051,3120.0,8784.0,2014-11-07,785000.0
4140090420,3.0,1.75,2160.0,8565.0,1.0,0.0,0.0,3,8,1730.0,430.0,1971,0.0,98028,47.7664,-122.262,2910.0,9570.0,2015-03-18,433000.0
3334000050,2.0,1.0,1150.0,6835.0,1.0,0.0,1.0,3,7,1010.0,140.0,1922,0.0,98118,47.5567,-122.273,1150.0,6561.0,2014-07-21,425000.0
5101404144,4.0,2.5,2240.0,7540.0,1.0,0.0,0.0,3,8,1540.0,700.0,1962,0.0,98115,47.6965,-122.308,1960.0,7250.0,2014-07-24,654000.0
7338001190,3.0,1.5,1280.0,5065.0,2.0,0.0,0.0,4,6,1280.0,0.0,1983,0.0,98002,47.3343,-122.217,1070.0,4491.0,2014-10-17,215000.0
1865810290,3.0,1.0,840.0,6540.0,1.0,0.0,0.0,3,6,840.0,0.0,1970,20140.0,98042,47.3743,-122.116,1010.0,6600.0,2015-03-18,232000.0
2785000290,3.0,1.75,1680.0,10500.0,1.0,0.0,0.0,4,8,1680.0,0.0,1959,0.0,98005,47.6098,-122.169,2250.0,10400.0,2014-05-07,675000.0
7955040080,5.0,2.75,2330.0,8000.0,1.0,0.0,0.0,4,7,1550.0,780.0,1972,0.0,98052,47.6651,-122.144,1750.0,8419.0,2014-11-04,665000.0
5480900010,4.0,2.5,3030.0,29163.0,2.0,,0.0,3,10,3030.0,0.0,1998,0.0,98053,47.6569,-122.02,2780.0,40669.0,2014-06-23,835000.0
6362900080,6.0,3.0,2880.0,7560.0,2.0,0.0,0.0,3,7,2880.0,0.0,1980,0.0,98144,47.5959,-122.3,1470.0,1815.0,2014-08-14,525000.0
4078300050,3.0,2.75,2910.0,3094.0,2.0,0.0,2.0,5,7,2010.0,900.0,1939,0.0,98125,47.7071,-122.276,2400.0,7530.0,2015-05-04,780000.0
3528000545,4.0,3.25,3090.0,67518.0,2.0,0.0,0.0,3,10,3090.0,0.0,1988,0.0,98053,47.6674,-122.046,3200.0,65775.0,2014-08-15,844000.0
710300010,4.0,2.75,2720.0,54048.0,2.0,0.0,0.0,3,8,2720.0,0.0,1985,0.0,98072,47.7181,-122.089,2580.0,37721.0,2015-01-27,680000.0
3764800630,3.0,1.5,1310.0,8100.0,1.0,0.0,0.0,3,7,1310.0,0.0,1965,0.0,98034,47.7328,-122.201,1330.0,8100.0,2014-08-25,290000.0
6383000825,2.0,1.0,1790.0,15783.0,1.0,0.0,0.0,4,8,1360.0,430.0,1959,0.0,98117,47.691,-122.387,1790.0,7494.0,2015-03-25,560000.0
9465900500,3.0,2.5,2830.0,6536.0,2.0,0.0,0.0,3,9,2830.0,0.0,1989,0.0,98072,47.7462,-122.172,2710.0,6954.0,2014-06-17,605500.0
2568200290,4.0,2.5,3150.0,5979.0,2.0,0.0,0.0,3,9,3150.0,0.0,2005,0.0,98052,47.7082,-122.101,3150.0,6595.0,2014-08-26,762500.0
3885808005,5.0,3.25,3930.0,5500.0,2.0,0.0,0.0,3,9,2910.0,1020.0,2014,0.0,98033,47.6802,-122.208,2040.0,5115.0,2015-03-05,1740000.0
3723800086,6.0,2.75,2840.0,8346.0,1.0,0.0,0.0,5,8,1420.0,1420.0,1961,0.0,98118,47.5518,-122.266,2250.0,8346.0,2014-06-24,665000.0
6840701150,5.0,1.0,2480.0,4400.0,1.5,0.0,0.0,3,7,1640.0,840.0,1919,0.0,98122,47.6046,-122.3,1940.0,4400.0,2015-03-11,540000.0
7301300050,3.0,2.5,1930.0,6180.0,1.0,0.0,0.0,3,7,1330.0,600.0,1961,0.0,98155,47.7481,-122.327,1940.0,6180.0,2014-11-19,375000.0
6381500635,3.0,1.0,1260.0,6826.0,1.0,0.0,0.0,3,6,720.0,540.0,1944,0.0,98125,47.731,-122.303,1300.0,6826.0,2014-05-16,342000.0
3980300020,3.0,1.0,670.0,23522.0,1.0,0.0,0.0,4,6,670.0,0.0,1968,0.0,98024,47.5329,-121.89,1880.0,20270.0,2015-03-10,340000.0
1923000050,5.0,3.25,3930.0,12719.0,2.0,,2.0,4,10,2540.0,1390.0,1974,0.0,98040,47.5631,-122.213,3600.0,15909.0,2015-03-30,1250000.0
7215720250,4.0,2.5,3160.0,13063.0,2.0,0.0,0.0,3,10,3160.0,0.0,1999,0.0,98075,47.5996,-122.021,3350.0,14213.0,2014-12-10,693000.0
3123049230,4.0,1.75,1770.0,12462.0,1.0,0.0,2.0,4,8,1770.0,0.0,1962,0.0,98166,47.4355,-122.338,2310.0,14810.0,2015-04-20,638500.0
8163000020,5.0,3.0,2240.0,18265.0,2.0,0.0,0.0,4,8,2240.0,0.0,1963,0.0,98027,47.5171,-122.029,1990.0,18265.0,2015-01-26,805000.0
7893808220,3.0,1.0,990.0,8062.0,1.0,0.0,0.0,4,7,990.0,0.0,1960,0.0,98198,47.4151,-122.334,1420.0,8790.0,2014-07-09,250000.0
538000440,3.0,2.5,1580.0,4698.0,2.0,0.0,0.0,3,7,1580.0,0.0,1998,0.0,98038,47.3539,-122.025,2070.0,4698.0,2015-05-01,325000.0
7883603390,4.0,1.75,1560.0,4290.0,2.0,0.0,0.0,3,7,1560.0,0.0,1994,0.0,98108,47.5292,-122.323,1250.0,6000.0,2015-04-01,270000.0
7645900235,6.0,2.5,2640.0,3680.0,2.0,0.0,0.0,5,8,1760.0,880.0,1922,0.0,98126,47.5771,-122.38,1960.0,3680.0,2014-07-10,880000.0
9232900050,2.0,1.75,2120.0,6350.0,1.0,0.0,0.0,4,6,1440.0,680.0,1924,0.0,98103,47.6974,-122.356,1590.0,6350.0,2014-08-06,300000.0
7305300500,2.0,1.0,1200.0,8750.0,1.0,0.0,0.0,3,6,1200.0,0.0,1948,0.0,98155,47.7548,-122.327,1100.0,8408.0,2014-12-15,290000.0
6065300840,4.0,4.0,5040.0,17208.0,1.0,0.0,0.0,5,10,2870.0,2170.0,1976,0.0,98006,47.5701,-122.188,4050.0,18647.0,2015-05-01,2850000.0
7227500020,3.0,1.0,1460.0,5825.0,1.0,0.0,0.0,5,5,1260.0,200.0,1942,0.0,98056,47.4958,-122.191,1150.0,5926.0,2015-01-23,259950.0
7237501190,4.0,3.25,4890.0,13402.0,2.0,0.0,0.0,3,13,4890.0,0.0,2004,0.0,98059,47.5303,-122.131,5790.0,13539.0,2014-10-10,1780000.0
422000010,3.0,1.0,1580.0,5250.0,1.0,0.0,0.0,5,7,1580.0,0.0,1954,0.0,98056,47.4964,-122.168,1180.0,5940.0,2014-11-06,299950.0
826069127,3.0,2.25,2100.0,43560.0,1.0,,0.0,4,8,1330.0,770.0,1977,0.0,98077,47.7511,-122.072,2100.0,43560.0,2015-04-06,483000.0
9413600420,3.0,2.25,2060.0,8640.0,1.0,,0.0,4,8,2060.0,0.0,1966,0.0,98033,47.6534,-122.195,2030.0,9000.0,2014-06-12,890000.0
9151600541,3.0,2.5,1690.0,4500.0,1.5,0.0,1.0,4,8,1690.0,0.0,1928,0.0,98116,47.5841,-122.383,2140.0,7200.0,2014-05-08,719000.0
3423059153,4.0,3.0,3370.0,100681.0,1.0,0.0,0.0,5,8,1920.0,1450.0,1977,0.0,98058,47.4319,-122.148,2440.0,43705.0,2014-10-08,785000.0
3630120190,3.0,2.5,2330.0,3995.0,2.0,0.0,0.0,3,9,2330.0,0.0,2006,0.0,98029,47.5542,-122.001,2330.0,3740.0,2015-03-26,660000.0
2787320430,4.0,1.75,1820.0,8118.0,1.0,0.0,0.0,4,7,1080.0,740.0,1980,0.0,98031,47.4104,-122.172,1810.0,8050.0,2014-06-18,264000.0
1672000170,3.0,1.75,1890.0,11141.0,1.0,0.0,0.0,4,8,1890.0,0.0,1968,0.0,98006,47.5697,-122.163,2720.0,11144.0,2014-09-08,575000.0
2050000020,4.0,3.75,3820.0,53574.0,1.0,,0.0,3,10,3820.0,0.0,1994,0.0,98072,47.7337,-122.121,3140.0,54014.0,2014-06-24,1220000.0
3221079069,3.0,2.5,2770.0,98881.0,2.0,0.0,0.0,3,9,2770.0,0.0,1991,0.0,98022,47.2568,-121.952,1830.0,74923.0,2014-08-15,475000.0
7501000080,4.0,3.5,3020.0,12750.0,2.0,0.0,0.0,3,10,3020.0,0.0,1990,0.0,98033,47.6524,-122.184,3120.0,14351.0,2014-11-21,845800.0
3500100078,3.0,1.75,1170.0,8182.0,1.0,0.0,0.0,3,7,1170.0,0.0,1962,0.0,98155,47.7368,-122.298,1610.0,8183.0,2014-06-11,352500.0
9493200010,3.0,1.0,1270.0,8400.0,1.0,0.0,0.0,3,7,1270.0,0.0,1955,0.0,98011,47.7604,-122.198,1390.0,8400.0,2014-06-23,347000.0
3905081350,4.0,2.75,1950.0,6192.0,2.0,0.0,0.0,3,8,1950.0,0.0,1992,0.0,98029,47.5698,-121.999,2040.0,5441.0,2015-01-09,560000.0
6061000010,4.0,2.75,2230.0,50094.0,1.0,,2.0,4,7,1330.0,900.0,1977,0.0,98092,47.2576,-122.099,2230.0,40770.0,2015-05-04,323000.0
7635801350,3.0,1.75,2220.0,22081.0,1.5,0.0,0.0,4,7,2220.0,0.0,1922,0.0,98166,47.4693,-122.364,2010.0,12360.0,2015-03-06,595000.0
7806210380,4.0,2.0,2060.0,6400.0,1.0,0.0,0.0,3,7,1170.0,890.0,1977,0.0,98002,47.2924,-122.197,1890.0,8736.0,2015-02-20,257500.0
7577700440,3.0,1.0,1100.0,4600.0,1.0,0.0,0.0,3,7,1100.0,0.0,1917,0.0,98116,47.5686,-122.385,1200.0,5175.0,2014-05-28,450000.0
3876810190,4.0,1.0,1140.0,7208.0,1.0,0.0,0.0,3,7,900.0,240.0,1970,0.0,98072,47.742,-122.173,1300.0,7991.0,2014-11-13,410000.0
1224059049,3.0,1.75,1980.0,13503.0,1.0,0.0,2.0,4,9,1320.0,660.0,1952,0.0,98008,47.5867,-122.111,2450.0,10890.0,2014-06-13,810000.0
3348401319,5.0,3.0,2480.0,10090.0,1.0,0.0,0.0,3,7,1300.0,1180.0,2004,0.0,98178,47.4964,-122.263,2290.0,9900.0,2014-05-12,372500.0
5589300585,3.0,1.0,1050.0,9083.0,1.0,0.0,0.0,3,7,1050.0,0.0,1951,0.0,98155,47.7533,-122.307,1440.0,9071.0,2014-12-03,325000.0
3293700221,3.0,1.0,1260.0,7660.0,1.0,,0.0,3,6,1260.0,0.0,1947,0.0,98133,47.7476,-122.35,1990.0,7861.0,2014-10-21,280000.0
2013300050,3.0,2.0,1680.0,19978.0,1.0,0.0,0.0,3,6,880.0,800.0,1948,0.0,98198,47.3924,-122.308,2150.0,11588.0,2014-07-11,258000.0
408100050,4.0,1.0,1360.0,5900.0,1.5,0.0,0.0,4,7,1360.0,0.0,1949,0.0,98155,47.7512,-122.318,1050.0,5900.0,2014-08-27,329950.0
4178300080,4.0,2.5,2450.0,12987.0,1.0,0.0,0.0,4,9,2030.0,420.0,1980,0.0,98007,47.6197,-122.15,2730.0,13685.0,2014-12-12,836000.0
2310040020,5.0,2.5,2260.0,7040.0,2.0,0.0,0.0,3,8,2260.0,0.0,1999,0.0,98038,47.352,-122.038,2180.0,6910.0,2015-04-09,365000.0
8698100170,2.0,1.0,1060.0,6000.0,1.0,0.0,0.0,4,5,1060.0,0.0,1908,0.0,98002,47.3066,-122.223,940.0,6000.0,2015-02-11,111300.0
1330910280,4.0,2.5,3720.0,105850.0,2.0,0.0,0.0,4,10,3720.0,0.0,1984,0.0,98053,47.655,-122.029,2830.0,88256.0,2015-04-27,864000.0
9413600670,3.0,1.75,1610.0,8613.0,1.0,0.0,0.0,5,7,1610.0,0.0,1962,0.0,98033,47.6527,-122.195,2010.0,8670.0,2014-06-23,725000.0
3825500020,4.0,2.5,3350.0,6605.0,2.0,0.0,0.0,3,8,2670.0,680.0,1990,0.0,98011,47.7498,-122.181,2730.0,5962.0,2015-02-18,550000.0
2500600289,2.0,1.0,790.0,7500.0,1.0,,0.0,3,7,790.0,0.0,1951,0.0,98198,47.4007,-122.294,1560.0,7794.0,2015-04-16,130000.0
4385701440,2.0,1.75,1660.0,4000.0,1.0,0.0,0.0,3,7,990.0,670.0,1940,0.0,98112,47.6394,-122.28,2070.0,4000.0,2014-09-26,765000.0
8645501330,3.0,1.5,1420.0,7480.0,1.0,0.0,0.0,4,7,1420.0,0.0,1963,0.0,98058,47.4651,-122.184,1720.0,7700.0,2015-04-21,255000.0
2323069073,3.0,2.5,2050.0,40003.0,1.0,0.0,0.0,4,8,1570.0,,1977,0.0,98027,47.47,-122.0,2700.0,46769.0,2014-06-22,439500.0
2475200080,3.0,1.75,1250.0,5546.0,1.0,0.0,0.0,4,7,1250.0,0.0,1987,0.0,98055,47.4725,-122.187,1640.0,4791.0,2014-09-08,268000.0
9533600185,3.0,1.75,1700.0,8534.0,1.0,0.0,0.0,4,7,1700.0,0.0,1953,0.0,98004,47.6276,-122.205,2100.0,10443.0,2015-04-01,985000.0
4139440460,4.0,2.5,2660.0,8469.0,2.0,,0.0,3,10,2660.0,0.0,1994,0.0,98006,47.5529,-122.12,2920.0,10697.0,2014-11-18,751305.0
1443500725,3.0,1.0,1350.0,7553.0,1.5,,0.0,3,6,1350.0,0.0,1914,0.0,98118,47.5345,-122.274,1380.0,7470.0,2015-04-23,280000.0
984000780,4.0,2.0,1810.0,8750.0,1.0,0.0,0.0,2,7,1110.0,700.0,1967,0.0,98058,47.4307,-122.17,1810.0,8750.0,2014-06-16,304000.0
7575610170,4.0,2.75,2210.0,13235.0,2.0,0.0,0.0,3,8,1730.0,480.0,1988,0.0,98003,47.3541,-122.303,1750.0,7542.0,2015-04-23,200000.0
2025800080,3.0,1.5,2120.0,41325.0,1.0,0.0,0.0,4,7,1420.0,700.0,1973,0.0,98092,47.2906,-122.055,1780.0,42000.0,2015-02-20,325000.0
1425059180,3.0,2.25,2470.0,11603.0,2.0,0.0,2.0,3,8,1540.0,930.0,1988,0.0,98052,47.6569,-122.123,2850.0,11250.0,2015-03-24,736000.0
1310440280,4.0,2.5,2700.0,6515.0,2.0,0.0,0.0,3,9,2700.0,0.0,1998,0.0,98058,47.4356,-122.11,2900.0,6710.0,2014-07-10,426500.0
2264500425,2.0,1.75,1760.0,4400.0,1.0,0.0,0.0,4,7,880.0,880.0,1930,0.0,98103,47.65,-122.34,1330.0,4180.0,2014-06-20,640000.0
1721800470,5.0,2.0,1930.0,6120.0,1.5,0.0,0.0,3,6,1930.0,0.0,1941,19690.0,98146,47.5073,-122.337,1130.0,6120.0,2014-05-21,230000.0
2589300170,4.0,1.0,1680.0,5043.0,1.5,0.0,0.0,4,6,1680.0,0.0,1911,0.0,98118,47.5354,-122.273,1560.0,5765.0,2015-03-24,366350.0
2338800161,2.0,1.0,1390.0,8336.0,1.0,,0.0,4,6,910.0,480.0,1946,0.0,98166,47.4646,-122.361,1610.0,7847.0,2015-01-06,365000.0
855700170,4.0,2.25,2240.0,8322.0,2.0,,0.0,3,8,2240.0,0.0,1979,0.0,98034,47.728,-122.206,2240.0,6448.0,2015-02-25,482000.0
1431700250,4.0,1.0,1980.0,7991.0,1.5,0.0,0.0,3,7,1980.0,0.0,1962,0.0,98058,47.4604,-122.17,1730.0,7700.0,2014-05-16,345000.0
7942601410,3.0,1.75,1830.0,5120.0,1.5,0.0,2.0,5,8,1830.0,0.0,1903,0.0,98122,47.6051,-122.311,2120.0,5120.0,2014-05-14,682000.0
4151800420,3.0,1.75,980.0,6002.0,1.0,,0.0,4,6,980.0,0.0,1942,0.0,98033,47.6643,-122.203,1150.0,6054.0,2014-08-15,657500.0
5700003280,6.0,2.5,3550.0,6533.0,2.0,0.0,0.0,3,8,3550.0,0.0,1925,0.0,98144,47.5719,-122.284,3140.0,6234.0,2015-04-19,895000.0
1105000780,3.0,1.5,1660.0,5665.0,1.0,,0.0,5,7,920.0,740.0,1918,0.0,98118,47.5391,-122.274,1530.0,5665.0,2015-04-03,425000.0
4046400440,4.0,2.5,2490.0,8750.0,2.0,0.0,0.0,3,8,2040.0,450.0,1976,0.0,98008,47.5931,-122.116,2120.0,10240.0,2014-08-06,532500.0
1089700010,4.0,2.5,2329.0,9436.0,2.0,0.0,0.0,3,9,2329.0,0.0,1995,0.0,98011,47.7366,-122.204,2660.0,10252.0,2014-10-08,540000.0
2600040130,3.0,2.25,1790.0,9580.0,2.0,0.0,0.0,3,8,1790.0,0.0,1984,0.0,98006,47.5541,-122.162,2060.0,9995.0,2014-07-11,578000.0
8121100715,3.0,3.0,2830.0,6041.0,2.0,0.0,3.0,3,8,1840.0,990.0,1915,0.0,98118,47.5694,-122.283,3420.0,6360.0,2015-02-09,1090000.0
1771000440,3.0,1.0,1160.0,9750.0,1.0,0.0,0.0,3,7,1160.0,0.0,1968,0.0,98077,47.7429,-122.072,1160.0,10565.0,2014-09-04,322500.0
7875200005,3.0,1.0,1000.0,10560.0,1.0,0.0,0.0,3,7,1000.0,0.0,1955,0.0,98003,47.3217,-122.317,1190.0,9375.0,2015-01-15,140000.0
1822069109,3.0,2.5,2540.0,51836.0,1.0,0.0,0.0,4,8,1820.0,720.0,1976,0.0,98042,47.389,-122.088,1650.0,51836.0,2014-09-10,485000.0
9283800050,2.0,1.5,1750.0,19709.0,1.5,,0.0,4,8,1440.0,310.0,1978,0.0,98010,47.3351,-122.044,1950.0,21075.0,2014-08-19,575000.0
238000244,3.0,2.5,2890.0,21780.0,2.0,0.0,0.0,3,8,2890.0,0.0,2000,0.0,98188,47.4326,-122.286,2120.0,8117.0,2014-06-17,421000.0
7972600430,4.0,2.0,1870.0,3497.0,1.0,0.0,0.0,3,7,1200.0,670.0,1954,0.0,98106,47.5309,-122.347,1270.0,3497.0,2015-03-11,355000.0
6204200470,4.0,2.25,2200.0,6967.0,2.0,0.0,0.0,3,8,2200.0,0.0,1986,0.0,98011,47.7355,-122.202,1970.0,7439.0,2015-03-18,515000.0
123039420,3.0,1.0,1300.0,7200.0,1.0,0.0,0.0,4,7,1300.0,0.0,1952,0.0,98146,47.5063,-122.369,1740.0,7100.0,2015-04-28,309000.0
1525059215,5.0,2.25,3410.0,35536.0,2.0,0.0,0.0,3,10,2530.0,880.0,1974,0.0,98005,47.65,-122.155,3140.0,43453.0,2015-02-24,815000.0
1787600094,3.0,1.0,1160.0,7875.0,1.0,0.0,0.0,3,7,1160.0,0.0,1953,0.0,98125,47.724,-122.323,1600.0,7875.0,2014-11-06,285000.0
2877101100,3.0,1.75,2100.0,5000.0,1.5,0.0,0.0,3,8,2100.0,0.0,1916,0.0,98117,47.6776,-122.36,1830.0,4200.0,2014-11-10,700000.0
9406550050,3.0,2.5,1490.0,8628.0,2.0,,0.0,3,7,1490.0,0.0,1994,0.0,98038,47.3643,-122.041,1640.0,8514.0,2015-03-30,289000.0
826069016,4.0,3.0,3280.0,62726.0,1.5,,0.0,3,7,3280.0,0.0,1979,0.0,98077,47.7509,-122.056,3210.0,73616.0,2014-12-12,458000.0
8732030080,3.0,1.75,1450.0,8378.0,1.0,0.0,0.0,4,8,1450.0,0.0,1978,0.0,98023,47.3093,-122.385,1860.0,8496.0,2014-08-18,230000.0
2231000020,3.0,2.5,1930.0,7120.0,1.0,0.0,0.0,4,7,1420.0,510.0,1961,0.0,98133,47.7715,-122.34,1600.0,8352.0,2014-08-12,432500.0
9407000840,3.0,1.75,1660.0,10440.0,1.0,0.0,0.0,3,7,1040.0,620.0,1978,0.0,98045,47.4448,-121.77,1240.0,10380.0,2014-07-31,288000.0
1775800290,3.0,1.75,1260.0,12330.0,1.0,0.0,0.0,3,7,1260.0,0.0,1968,0.0,98072,47.7412,-122.095,1320.0,12800.0,2014-08-01,354000.0
3821200050,3.0,1.0,1170.0,11000.0,1.0,0.0,0.0,2,6,1170.0,0.0,1980,0.0,98019,47.7346,-121.983,1590.0,10894.0,2014-06-04,119500.0
3224510080,4.0,3.0,3350.0,23781.0,1.0,0.0,0.0,4,9,2020.0,1330.0,1979,0.0,98006,47.56,-122.132,2870.0,12036.0,2014-11-20,805000.0
3626039415,3.0,2.5,1420.0,2581.0,3.0,0.0,0.0,3,7,1420.0,0.0,2004,0.0,98133,47.7027,-122.357,1420.0,2509.0,2014-06-11,435000.0
9262800294,3.0,1.75,2170.0,10018.0,1.0,0.0,0.0,4,7,1630.0,540.0,1978,0.0,98001,47.3087,-122.264,2049.0,15263.0,2014-09-22,260000.0
127100005,4.0,1.75,1800.0,8385.0,1.0,0.0,0.0,5,6,900.0,900.0,1950,0.0,98133,47.7744,-122.338,1770.0,8385.0,2015-04-01,377000.0
3905040170,4.0,2.5,2000.0,7376.0,2.0,0.0,0.0,3,8,2000.0,0.0,1990,0.0,98029,47.5719,-121.999,1950.0,5218.0,2015-03-20,602000.0
148000680,3.0,1.75,1660.0,4800.0,1.0,0.0,0.0,3,7,960.0,700.0,1941,0.0,98116,47.5734,-122.412,1510.0,4800.0,2014-10-27,530000.0
458000235,4.0,2.0,1540.0,3740.0,1.0,0.0,0.0,4,7,770.0,770.0,1946,0.0,98117,47.6886,-122.375,1090.0,5080.0,2015-03-25,525000.0
1445200050,2.0,1.5,1160.0,1086.0,2.0,0.0,0.0,3,7,890.0,270.0,2006,0.0,98155,47.768,-122.315,1160.0,1086.0,2014-11-10,250000.0
7950300005,3.0,1.0,1700.0,6356.0,1.5,0.0,0.0,3,7,1700.0,0.0,1907,0.0,98118,47.5677,-122.281,2080.0,6000.0,2014-05-28,681000.0
2726049169,3.0,1.75,1580.0,20588.0,1.0,,0.0,3,8,1580.0,0.0,1970,0.0,98125,47.706,-122.29,2080.0,7800.0,2014-09-05,625000.0
8944550050,3.0,2.5,2080.0,3920.0,2.0,0.0,0.0,3,8,2080.0,0.0,2010,0.0,98118,47.5412,-122.286,2110.0,3710.0,2015-05-08,448500.0
623049341,3.0,2.0,1030.0,7260.0,1.0,0.0,0.0,3,6,1030.0,0.0,1947,0.0,98146,47.5113,-122.347,1380.0,8100.0,2014-10-22,260000.0
7922900380,3.0,1.75,1770.0,8050.0,1.0,0.0,0.0,4,7,1020.0,750.0,1963,0.0,98008,47.5862,-122.118,2000.0,7875.0,2014-10-30,538000.0
2248000080,3.0,2.0,1540.0,7947.0,1.0,0.0,0.0,3,7,1120.0,420.0,1961,0.0,98011,47.7605,-122.217,1910.0,7950.0,2014-05-21,385500.0
9406540050,4.0,2.5,2650.0,6000.0,2.0,,0.0,3,9,2650.0,0.0,2000,0.0,98038,47.3768,-122.028,2630.0,6381.0,2014-09-05,428400.0
5416100190,4.0,2.75,2690.0,9240.0,2.0,0.0,0.0,3,8,2690.0,0.0,1998,0.0,98022,47.1896,-122.014,2640.0,9240.0,2014-07-29,346290.0
7215720680,4.0,2.75,2210.0,8430.0,2.0,0.0,0.0,3,9,2210.0,,1999,0.0,98075,47.5994,-122.017,2460.0,8069.0,2015-02-03,587000.0
4307330280,4.0,2.5,2390.0,6775.0,2.0,0.0,0.0,3,7,2390.0,0.0,2003,0.0,98056,47.4811,-122.182,2560.0,6346.0,2014-08-20,355000.0
1562000050,5.0,2.75,2580.0,7865.0,1.0,0.0,0.0,4,8,1480.0,1100.0,1964,0.0,98007,47.6208,-122.139,2140.0,8400.0,2015-04-28,650000.0
4307320280,4.0,2.5,2160.0,5455.0,2.0,0.0,0.0,3,7,2160.0,0.0,2003,0.0,98056,47.4799,-122.183,2160.0,5257.0,2014-07-30,340000.0
569000050,4.0,2.5,2230.0,8624.0,1.0,0.0,0.0,4,8,1430.0,,1969,0.0,98052,47.6623,-122.152,1970.0,8402.0,2014-07-03,565000.0
5700000595,4.0,2.0,2000.0,5000.0,1.5,0.0,0.0,5,7,2000.0,0.0,1925,0.0,98144,47.5787,-122.293,2200.0,5000.0,2015-02-19,630000.0
8029200190,3.0,1.0,1280.0,7198.0,1.0,0.0,0.0,5,6,1280.0,0.0,1916,19830.0,98022,47.2094,-121.996,1260.0,7198.0,2014-11-07,227000.0
2896000680,4.0,2.75,2810.0,17674.0,1.0,,0.0,4,8,1640.0,1170.0,1978,0.0,98052,47.6745,-122.144,2400.0,11240.0,2014-07-29,600000.0
9328500680,4.0,1.75,1680.0,6758.0,1.0,0.0,0.0,3,8,1680.0,0.0,1974,0.0,98008,47.641,-122.113,1910.0,7000.0,2015-02-02,540400.0
3295730050,3.0,2.5,2150.0,8060.0,2.0,,0.0,3,8,2150.0,0.0,1995,0.0,98033,47.6952,-122.188,2150.0,7172.0,2014-10-01,569000.0
3629970130,3.0,2.5,2820.0,8159.0,2.0,0.0,0.0,3,9,2820.0,0.0,2004,0.0,98029,47.5527,-121.992,2910.0,5000.0,2014-07-10,735000.0
3574801310,3.0,2.25,1750.0,9353.0,1.0,0.0,0.0,3,7,1210.0,540.0,1987,0.0,98034,47.7305,-122.225,1930.0,8545.0,2014-12-16,434000.0
4083802195,2.0,2.0,1060.0,4000.0,1.0,0.0,0.0,2,7,1000.0,60.0,1914,0.0,98103,47.6626,-122.337,1310.0,4000.0,2015-03-19,578888.0
9238500480,4.0,2.75,2430.0,20720.0,1.0,0.0,0.0,3,7,2430.0,0.0,1967,0.0,98072,47.775,-122.139,2580.0,26950.0,2014-05-23,465425.0
9264910280,4.0,2.75,2660.0,7754.0,1.5,0.0,0.0,3,8,1590.0,1070.0,1986,0.0,98023,47.3078,-122.337,2250.0,7754.0,2015-04-22,280500.0
3630120380,2.0,2.0,1670.0,3507.0,1.0,0.0,0.0,3,9,1670.0,0.0,2007,0.0,98029,47.5545,-122.003,2330.0,3889.0,2015-02-05,539950.0
424069088,3.0,2.0,1380.0,15426.0,1.0,0.0,0.0,4,7,1380.0,0.0,1968,0.0,98075,47.5951,-122.036,1380.0,15426.0,2014-09-04,406430.0
2954400020,4.0,3.75,4160.0,35000.0,2.0,0.0,0.0,3,11,4160.0,0.0,1991,0.0,98053,47.669,-122.067,5330.0,36446.0,2015-02-05,1150000.0
2154550020,3.0,2.5,1790.0,6191.0,2.0,0.0,0.0,3,8,1790.0,0.0,1992,0.0,98031,47.4102,-122.195,1790.0,6758.0,2014-11-11,250000.0
5420800010,3.0,2.5,1940.0,8547.0,1.0,0.0,0.0,3,7,1460.0,480.0,1989,0.0,98030,47.3491,-122.177,1750.0,7803.0,2014-05-08,266000.0
2459950010,3.0,2.0,1390.0,7200.0,1.0,0.0,0.0,3,7,1390.0,0.0,1996,0.0,98058,47.434,-122.154,1630.0,7340.0,2014-07-22,258000.0
4019301300,3.0,2.0,2200.0,21890.0,1.0,,2.0,3,8,1200.0,1000.0,1961,0.0,98155,47.7584,-122.271,2600.0,15162.0,2014-12-23,472000.0
3179100480,3.0,2.25,1264.0,1536.0,2.0,0.0,0.0,3,8,1264.0,0.0,2003,0.0,98105,47.6694,-122.279,1264.0,2067.0,2014-08-06,530000.0
7942601155,2.0,1.0,1095.0,5120.0,1.5,0.0,0.0,3,7,1095.0,0.0,1901,0.0,98122,47.6058,-122.313,1310.0,5120.0,2014-07-22,302282.0
2493200235,2.0,1.0,850.0,6213.0,1.0,0.0,0.0,3,6,750.0,100.0,1916,0.0,98136,47.5282,-122.384,1880.0,5500.0,2015-03-11,370000.0
6338000014,4.0,2.0,1760.0,5307.0,1.5,0.0,0.0,4,7,1170.0,590.0,1948,0.0,98105,47.6714,-122.28,1850.0,6600.0,2014-10-13,625000.0
1735800050,1.0,1.0,690.0,6825.0,1.0,0.0,0.0,4,5,690.0,0.0,1917,0.0,98002,47.3109,-122.225,1330.0,5381.0,2015-04-09,142500.0
2783100050,3.0,1.75,1400.0,7405.0,1.0,0.0,0.0,3,7,1400.0,0.0,1961,0.0,98133,47.7569,-122.334,1820.0,7440.0,2015-01-21,334000.0
1604600095,5.0,3.0,1810.0,3000.0,2.0,0.0,0.0,3,7,1810.0,0.0,1998,0.0,98118,47.5622,-122.291,1670.0,3000.0,2014-07-08,362000.0
3080000005,2.0,1.0,1310.0,4000.0,1.0,0.0,0.0,3,7,950.0,360.0,1942,0.0,98144,47.5798,-122.306,1310.0,4000.0,2015-04-17,181000.0
2268000470,3.0,1.0,1400.0,10425.0,1.0,0.0,0.0,4,7,1400.0,0.0,1968,0.0,98003,47.2738,-122.301,1440.0,10425.0,2014-12-31,241500.0
807800190,3.0,1.75,2350.0,12720.0,1.0,0.0,0.0,4,7,1180.0,1170.0,1964,0.0,98030,47.3594,-122.175,1680.0,10400.0,2015-02-04,245000.0
1274500170,3.0,1.0,1150.0,8848.0,1.0,0.0,0.0,3,7,1150.0,0.0,1968,0.0,98042,47.3626,-122.111,1220.0,9576.0,2015-05-06,227500.0
8857600780,5.0,1.5,1710.0,8100.0,1.5,0.0,0.0,4,7,1710.0,0.0,1961,0.0,98032,47.3839,-122.288,1480.0,8025.0,2014-10-03,158550.0
5145000130,3.0,2.25,1660.0,10247.0,1.0,0.0,0.0,5,7,1130.0,530.0,1968,0.0,98034,47.7262,-122.222,1680.0,7637.0,2014-09-25,450000.0
3288200470,3.0,1.75,1950.0,10080.0,1.0,0.0,0.0,4,7,1950.0,0.0,1967,0.0,98034,47.7282,-122.186,2340.0,8800.0,2015-02-04,485000.0
1771000950,4.0,1.75,1780.0,9794.0,1.0,0.0,0.0,3,7,1780.0,0.0,1967,0.0,98077,47.7419,-122.073,1160.0,9750.0,2014-11-06,353000.0
3818400050,4.0,3.0,2450.0,4668.0,2.0,0.0,0.0,3,8,2450.0,0.0,2004,0.0,98028,47.7721,-122.235,2460.0,4895.0,2015-04-06,500000.0
537000130,1.0,2.25,2060.0,10600.0,1.5,,0.0,3,7,1560.0,500.0,1927,19830.0,98003,47.3291,-122.304,2060.0,11880.0,2014-09-08,360000.0
5127000420,3.0,1.5,1540.0,11858.0,1.0,0.0,0.0,4,7,1540.0,0.0,1966,0.0,98059,47.4755,-122.157,1550.0,11473.0,2015-02-23,357500.0
8656300380,3.0,2.5,1650.0,13816.0,2.0,0.0,0.0,3,7,1650.0,0.0,1998,0.0,98014,47.6553,-121.912,1650.0,15144.0,2014-05-06,272000.0
6632300161,3.0,1.0,1160.0,7854.0,1.0,0.0,0.0,3,7,1160.0,0.0,1960,0.0,98125,47.7304,-122.308,1300.0,8317.0,2015-04-28,422000.0
622100130,2.0,2.0,1440.0,15000.0,1.0,0.0,0.0,3,7,1440.0,0.0,1985,0.0,98072,47.7648,-122.159,1780.0,15000.0,2014-09-17,365000.0
4028900048,3.0,1.75,2150.0,13789.0,1.0,0.0,0.0,4,8,1610.0,540.0,1966,0.0,98155,47.7591,-122.295,2150.0,15480.0,2014-08-21,450000.0
411100005,2.0,1.0,1060.0,6504.0,1.0,0.0,0.0,3,6,1060.0,0.0,1950,0.0,98155,47.7412,-122.327,1100.0,7200.0,2014-09-22,275053.0
6447300225,3.0,2.75,2620.0,17919.0,1.0,0.0,1.0,4,9,2620.0,0.0,1949,0.0,98039,47.6144,-122.228,3400.0,14400.0,2014-11-06,1880000.0
5739600427,3.0,1.75,1630.0,9000.0,1.0,0.0,0.0,3,7,960.0,670.0,1955,0.0,98004,47.6023,-122.205,1880.0,9000.0,2015-03-11,725000.0
5412310080,3.0,1.75,1840.0,9697.0,1.0,0.0,0.0,4,7,1500.0,340.0,1985,0.0,98030,47.3764,-122.179,1430.0,8079.0,2014-06-12,235000.0
2726049071,2.0,1.0,820.0,4206.0,1.0,0.0,0.0,3,5,820.0,0.0,1949,0.0,98125,47.7076,-122.284,1810.0,7200.0,2014-12-11,510000.0
2726049071,2.0,1.0,820.0,4206.0,1.0,0.0,0.0,3,5,820.0,0.0,1949,0.0,98125,47.7076,-122.284,1810.0,7200.0,2015-04-08,489950.0
3764650050,3.0,2.5,2010.0,4195.0,2.0,0.0,0.0,3,8,2010.0,0.0,1998,0.0,98034,47.732,-122.197,2010.0,5779.0,2014-07-30,463000.0
3905030480,4.0,2.25,1990.0,5948.0,2.0,0.0,0.0,3,8,1990.0,0.0,1991,0.0,98029,47.5712,-121.995,2150.0,6459.0,2014-06-17,536000.0
2345700500,4.0,2.5,2990.0,6145.0,2.0,,0.0,3,8,2990.0,0.0,2003,0.0,98003,47.2612,-122.294,2590.0,6512.0,2014-10-21,375000.0
8650300130,4.0,2.5,2540.0,4727.0,2.0,0.0,0.0,3,9,2540.0,0.0,1999,0.0,98034,47.7034,-122.236,3640.0,5129.0,2014-09-08,630000.0
2923049372,3.0,2.25,1640.0,14374.0,1.0,0.0,0.0,4,7,1140.0,500.0,1963,0.0,98148,47.4476,-122.332,2020.0,10500.0,2014-05-06,362000.0
5437200080,4.0,2.75,2500.0,11659.0,1.0,0.0,2.0,3,9,1490.0,1010.0,1979,0.0,98003,47.3381,-122.332,2830.0,9915.0,2015-02-04,350000.0
9808100185,4.0,3.5,4020.0,13515.0,2.0,0.0,0.0,3,11,4020.0,0.0,2001,0.0,98004,47.6462,-122.212,3930.0,13515.0,2014-10-03,1690000.0
4337000285,3.0,2.0,1500.0,8775.0,1.0,0.0,0.0,3,6,1390.0,110.0,1943,0.0,98166,47.4809,-122.335,1310.0,8775.0,2015-02-24,255000.0
2891000010,4.0,2.5,1594.0,7665.0,1.0,0.0,0.0,5,7,1088.0,506.0,1975,0.0,98002,47.3262,-122.211,1536.0,6000.0,2014-08-06,269000.0
7224000545,4.0,3.0,2130.0,4838.0,1.5,0.0,0.0,4,7,2130.0,0.0,1930,0.0,98055,47.4871,-122.203,1070.0,4838.0,2014-08-25,370000.0
3243100080,3.0,1.0,1130.0,7920.0,1.0,0.0,0.0,3,7,1130.0,0.0,1961,0.0,98059,47.4852,-122.125,1390.0,8580.0,2015-05-01,270000.0
3925000020,3.0,2.0,1690.0,9516.0,1.0,,0.0,3,7,1690.0,0.0,1997,0.0,98022,47.2132,-122.001,1850.0,9516.0,2015-02-24,265000.0
546000020,2.0,1.0,1440.0,4046.0,1.0,0.0,0.0,3,7,960.0,480.0,1946,0.0,98117,47.6901,-122.382,1400.0,4046.0,2015-04-29,487000.0
8651611060,4.0,3.25,3270.0,6027.0,2.0,0.0,0.0,3,10,3270.0,0.0,2001,0.0,98074,47.6346,-122.063,3270.0,6546.0,2014-08-04,835000.0
3024079063,4.0,3.25,4350.0,112750.0,1.0,0.0,0.0,3,9,2200.0,2150.0,2006,0.0,98027,47.5435,-121.966,2180.0,223027.0,2014-07-01,850000.0
3039000050,4.0,2.75,1610.0,11201.0,1.0,0.0,0.0,5,7,1020.0,590.0,1982,0.0,98033,47.7024,-122.198,1610.0,9000.0,2014-12-01,575000.0
1839900080,3.0,1.0,950.0,8000.0,1.0,0.0,0.0,3,7,950.0,0.0,1968,0.0,98034,47.7193,-122.184,2270.0,8540.0,2014-07-12,335000.0
4024101434,3.0,1.0,1010.0,7200.0,1.0,0.0,0.0,5,6,1010.0,0.0,1948,0.0,98155,47.7601,-122.307,1590.0,7663.0,2014-08-08,318000.0
2824069142,3.0,2.0,1420.0,11325.0,1.0,0.0,0.0,3,7,1420.0,,1980,0.0,98027,47.5356,-122.046,2330.0,3474.0,2015-04-09,510000.0
2618300080,3.0,1.5,1200.0,9720.0,1.0,0.0,0.0,4,7,1200.0,0.0,1965,0.0,98042,47.4225,-122.153,1380.0,10284.0,2014-05-02,242500.0
7785000010,5.0,2.25,2020.0,8400.0,1.0,0.0,0.0,4,7,1010.0,1010.0,1963,0.0,98040,47.5763,-122.219,1890.0,9233.0,2014-12-04,750000.0
4307330050,5.0,3.5,3390.0,7950.0,2.0,0.0,2.0,3,7,3390.0,0.0,2003,0.0,98056,47.4792,-122.181,2580.0,6900.0,2014-07-21,439900.0
2867100005,2.0,1.0,1700.0,3040.0,1.5,0.0,0.0,3,8,1460.0,240.0,1914,0.0,98119,47.6442,-122.369,1620.0,3230.0,2015-04-07,710000.0
3880900010,5.0,3.25,3410.0,9088.0,2.0,0.0,3.0,3,9,2760.0,650.0,1912,0.0,98119,47.6285,-122.361,3540.0,7100.0,2014-06-04,2400000.0
5255710010,3.0,1.75,2030.0,13700.0,1.0,0.0,0.0,3,8,1630.0,400.0,1976,0.0,98011,47.7726,-122.197,2120.0,11200.0,2014-12-15,435000.0
3213200314,4.0,2.75,2860.0,6867.0,1.0,0.0,1.0,5,7,1560.0,1300.0,1946,0.0,98115,47.6723,-122.263,2290.0,5350.0,2014-12-26,874000.0
9834200950,4.0,1.75,1690.0,4080.0,1.0,0.0,0.0,4,7,870.0,820.0,1984,0.0,98144,47.572,-122.289,1320.0,4080.0,2014-06-16,385000.0
3806000005,2.0,1.0,760.0,4746.0,1.0,0.0,0.0,3,5,760.0,0.0,1930,0.0,98055,47.4836,-122.214,1360.0,7810.0,2014-10-30,110000.0
6204400170,3.0,1.75,1780.0,8085.0,1.0,0.0,0.0,3,7,1210.0,570.0,1976,0.0,98011,47.7357,-122.197,1780.0,8085.0,2014-06-20,477000.0
2491200675,3.0,2.0,1550.0,6394.0,1.5,0.0,0.0,5,8,1550.0,0.0,1918,0.0,98126,47.5222,-122.379,1440.0,6387.0,2014-09-12,500000.0
98020480,4.0,2.5,4090.0,11225.0,2.0,0.0,0.0,3,10,4090.0,0.0,2005,0.0,98075,47.581,-121.971,3510.0,8762.0,2014-08-28,885000.0
8068000585,2.0,1.0,880.0,5600.0,1.0,0.0,0.0,5,7,880.0,0.0,1955,0.0,98178,47.5071,-122.265,1240.0,7015.0,2014-08-27,235000.0
4345000170,3.0,2.75,1320.0,15236.0,1.0,0.0,0.0,3,7,880.0,440.0,1995,0.0,98030,47.365,-122.184,1490.0,8351.0,2015-05-04,210000.0
3101500010,2.0,1.0,950.0,4000.0,1.0,0.0,0.0,3,6,950.0,0.0,1910,0.0,98144,47.5728,-122.312,1480.0,4000.0,2015-04-20,320000.0
3291800660,3.0,1.75,1390.0,7904.0,1.0,0.0,0.0,3,7,1390.0,0.0,1985,0.0,98056,47.4892,-122.181,1910.0,7904.0,2015-03-13,406000.0
3541600235,3.0,1.75,1900.0,10225.0,1.0,0.0,0.0,4,8,1220.0,680.0,1963,0.0,98166,47.4781,-122.357,1850.0,12630.0,2014-10-28,350000.0
2923039217,2.0,0.75,1392.0,43710.0,1.5,0.0,0.0,4,7,1392.0,0.0,1978,0.0,98070,47.4491,-122.453,1640.0,99316.0,2014-06-10,350000.0
7852010290,4.0,2.5,3340.0,8930.0,2.0,0.0,2.0,3,10,3340.0,0.0,1999,0.0,98065,47.535,-121.867,3160.0,7865.0,2014-07-10,720000.0
7695450010,4.0,2.75,2750.0,14982.0,1.0,0.0,3.0,3,9,1720.0,,1981,0.0,98198,47.3566,-122.32,2860.0,16344.0,2014-05-22,604700.0
3424069145,3.0,1.0,1400.0,5662.0,1.5,0.0,0.0,5,5,1400.0,0.0,1920,0.0,98027,47.5271,-122.036,1250.0,14375.0,2014-09-25,343000.0
3578400500,3.0,2.25,2220.0,15757.0,1.0,,0.0,3,8,1280.0,940.0,1982,0.0,98074,47.6212,-122.043,2020.0,14098.0,2014-12-09,558000.0
4365200895,4.0,1.0,1210.0,7740.0,1.5,0.0,0.0,3,7,1210.0,0.0,1922,0.0,98126,47.5216,-122.374,1100.0,7740.0,2015-04-17,364000.0
4027700321,3.0,1.75,2390.0,11242.0,1.0,0.0,0.0,3,7,1290.0,1100.0,1959,0.0,98155,47.7759,-122.272,2270.0,9650.0,2014-10-28,420000.0
7923600250,5.0,2.0,1870.0,7344.0,1.5,0.0,0.0,3,7,1870.0,0.0,1960,0.0,98007,47.5951,-122.144,1870.0,7650.0,2015-05-15,450000.0
8122100290,2.0,1.5,940.0,5000.0,1.0,0.0,0.0,4,7,810.0,130.0,1925,0.0,98126,47.5375,-122.374,940.0,5026.0,2014-08-13,392000.0
7224000980,4.0,1.0,1120.0,2685.0,1.0,0.0,0.0,3,5,860.0,260.0,1939,0.0,98055,47.4904,-122.203,1120.0,4838.0,2014-06-10,100000.0
9521100280,3.0,2.5,1250.0,1103.0,3.0,0.0,2.0,3,8,1250.0,0.0,2005,0.0,98103,47.6619,-122.352,1250.0,1188.0,2014-06-12,480000.0
7875400050,3.0,1.5,1060.0,9225.0,1.0,0.0,0.0,4,7,1060.0,0.0,1955,0.0,98003,47.3217,-122.318,1270.0,9375.0,2014-08-27,212000.0
6204420290,5.0,2.5,2410.0,8960.0,1.0,0.0,0.0,5,7,1600.0,810.0,1978,0.0,98011,47.7372,-122.2,2410.0,11514.0,2014-12-03,560000.0
1041440050,5.0,2.75,2844.0,3990.0,2.0,0.0,0.0,3,8,2844.0,0.0,2013,0.0,98092,47.3259,-122.167,2273.0,3900.0,2015-04-28,359950.0
1626069178,4.0,2.5,2200.0,110642.0,1.0,0.0,0.0,5,7,1330.0,870.0,1979,0.0,98077,47.7409,-122.052,2290.0,51400.0,2014-09-10,535000.0
3342101937,5.0,4.0,3460.0,5400.0,2.0,0.0,0.0,3,10,2830.0,630.0,2012,0.0,98056,47.5201,-122.204,1890.0,5400.0,2015-04-10,980000.0
9178601630,2.0,1.0,1580.0,2199.0,2.0,0.0,2.0,3,8,1580.0,0.0,1921,19950.0,98103,47.6541,-122.329,2170.0,4405.0,2014-11-13,720000.0
5273200080,2.0,1.0,1520.0,5400.0,1.0,0.0,0.0,3,7,920.0,600.0,1951,0.0,98115,47.6796,-122.279,1600.0,5400.0,2014-09-29,619950.0
7701930010,3.0,2.5,2260.0,19821.0,2.0,,0.0,3,9,2260.0,0.0,1994,0.0,98058,47.448,-122.088,2750.0,22718.0,2014-05-30,489000.0
6820100010,4.0,2.0,1800.0,2970.0,1.0,0.0,0.0,4,7,1000.0,800.0,1923,0.0,98115,47.6833,-122.312,1690.0,3801.0,2014-06-16,415000.0
3066400130,4.0,2.5,2650.0,11108.0,2.0,0.0,0.0,3,10,2650.0,0.0,1987,0.0,98074,47.6304,-122.051,2650.0,11585.0,2015-04-15,672500.0
339600010,3.0,1.0,1000.0,4171.0,1.0,0.0,0.0,3,7,1000.0,0.0,1985,0.0,98052,47.6834,-122.097,1090.0,3479.0,2014-10-17,352500.0
3391900130,4.0,2.0,2300.0,8400.0,1.0,,0.0,4,6,1150.0,1150.0,1962,0.0,98003,47.3282,-122.332,1230.0,8400.0,2014-09-03,258750.0
7283900010,3.0,1.0,1080.0,7000.0,1.0,0.0,0.0,4,6,1080.0,0.0,1916,0.0,98133,47.7637,-122.351,1410.0,7214.0,2015-02-23,350000.0
1113000430,3.0,1.0,902.0,10464.0,1.0,0.0,0.0,3,7,902.0,0.0,1965,0.0,98198,47.363,-122.308,1510.0,7210.0,2014-07-29,152000.0
5101405276,2.0,1.0,730.0,7528.0,1.0,0.0,0.0,3,7,730.0,0.0,1946,0.0,98115,47.6997,-122.305,1620.0,7528.0,2014-06-09,378500.0
7796100050,4.0,1.75,2600.0,41041.0,1.5,,0.0,4,8,2600.0,0.0,1965,0.0,98033,47.6634,-122.172,2750.0,37318.0,2014-07-30,1020000.0
2207200675,3.0,1.5,1570.0,6700.0,1.0,0.0,0.0,4,7,1570.0,0.0,1956,0.0,98007,47.6022,-122.134,1570.0,7300.0,2014-05-02,419000.0
3622910190,5.0,3.0,2876.0,13927.0,1.0,0.0,2.0,4,9,1970.0,906.0,1973,0.0,98040,47.5528,-122.229,3500.0,14454.0,2014-05-21,895000.0
9346930250,4.0,2.25,2290.0,9546.0,1.0,0.0,0.0,4,8,1780.0,510.0,1976,0.0,98006,47.5617,-122.13,2360.0,8864.0,2014-09-26,668500.0
3886000010,2.0,2.5,1470.0,2533.0,2.0,0.0,0.0,3,8,1470.0,0.0,2005,0.0,98033,47.6874,-122.165,1470.0,6511.0,2014-08-21,487000.0
6326000130,3.0,3.5,2620.0,10137.0,2.0,0.0,0.0,3,8,1970.0,650.0,1992,0.0,98146,47.4979,-122.371,1960.0,7680.0,2014-12-02,538000.0
686900010,5.0,1.5,2680.0,28014.0,1.0,0.0,0.0,4,8,1450.0,1230.0,1963,0.0,98004,47.6348,-122.196,2900.0,22180.0,2014-05-28,898000.0
1310000130,4.0,2.0,2020.0,7767.0,1.0,0.0,0.0,3,8,2020.0,0.0,1995,0.0,98003,47.3391,-122.309,1940.0,8239.0,2014-09-24,315000.0
139000185,3.0,2.5,2100.0,4440.0,2.0,0.0,4.0,3,7,2100.0,0.0,1945,0.0,98116,47.5865,-122.397,2100.0,6000.0,2015-04-28,800000.0
4039000050,3.0,1.75,1510.0,8250.0,1.0,0.0,0.0,4,8,1510.0,0.0,1962,0.0,98008,47.6183,-122.113,1770.0,8250.0,2014-07-14,516130.0
9253900417,3.0,2.5,2850.0,19593.0,1.5,1.0,4.0,3,10,1790.0,1060.0,1978,0.0,98008,47.5894,-122.111,2850.0,18782.0,2015-01-28,1600000.0
4128500380,4.0,2.5,4280.0,12796.0,2.0,0.0,0.0,3,11,3400.0,880.0,1999,0.0,98006,47.5588,-122.124,3520.0,9593.0,2015-04-27,1200000.0
8159300050,4.0,2.5,3238.0,9112.0,1.0,0.0,2.0,4,8,1678.0,1560.0,1979,0.0,98198,47.4005,-122.311,3056.0,9668.0,2015-03-12,355425.0
1338600185,3.0,2.5,2740.0,5925.0,2.0,0.0,2.0,3,10,2740.0,0.0,1913,19920.0,98112,47.6313,-122.303,2740.0,5948.0,2014-06-24,1160000.0
7625703900,4.0,2.5,2020.0,9600.0,2.0,0.0,0.0,4,7,2020.0,0.0,1954,0.0,98136,47.5434,-122.395,2250.0,8550.0,2014-09-26,689000.0
2767700022,3.0,3.25,1520.0,1500.0,3.0,0.0,0.0,3,7,1520.0,0.0,2000,0.0,98107,47.67,-122.389,1520.0,1323.0,2015-01-13,500000.0
3914000095,5.0,2.5,3860.0,42733.0,1.0,0.0,3.0,4,8,2300.0,1560.0,1955,0.0,98001,47.3117,-122.254,2520.0,19353.0,2014-07-18,430000.0
7334501410,4.0,2.25,1600.0,15312.0,1.0,0.0,0.0,4,7,1080.0,520.0,1979,0.0,98045,47.4629,-121.743,1620.0,12375.0,2014-11-21,299500.0
2597710050,4.0,2.5,2090.0,5289.0,2.0,,0.0,3,8,2090.0,0.0,1989,0.0,98058,47.4289,-122.164,2080.0,7109.0,2014-06-24,349950.0
7933250050,5.0,3.25,4020.0,4500.0,2.0,0.0,0.0,3,9,3120.0,900.0,2010,0.0,98004,47.6349,-122.204,3550.0,5775.0,2014-10-28,1420000.0
2600140500,4.0,2.25,2910.0,10189.0,2.0,0.0,0.0,3,9,2910.0,0.0,1988,0.0,98006,47.5465,-122.155,2780.0,10125.0,2014-12-16,998000.0
3876810170,3.0,1.0,900.0,9600.0,1.0,0.0,0.0,4,7,900.0,0.0,1970,0.0,98072,47.7423,-122.173,1220.0,8240.0,2015-05-05,329000.0
3740000010,3.0,1.75,1720.0,5956.0,2.0,0.0,0.0,3,8,1720.0,0.0,1981,0.0,98033,47.6875,-122.202,1620.0,9324.0,2014-10-09,575000.0
6895300050,5.0,2.25,3030.0,9430.0,2.0,0.0,0.0,4,8,2600.0,430.0,1961,0.0,98133,47.7515,-122.353,2230.0,8425.0,2014-10-02,529900.0
6645900010,4.0,2.5,3030.0,10189.0,1.0,0.0,0.0,3,9,2380.0,650.0,2003,0.0,98004,47.6367,-122.206,1940.0,10189.0,2014-11-20,1470000.0
9413600380,4.0,1.75,2190.0,9400.0,1.0,0.0,0.0,4,7,1450.0,740.0,1962,0.0,98033,47.6531,-122.196,1980.0,9000.0,2014-08-01,725000.0
2115720500,3.0,2.5,1680.0,5000.0,2.0,0.0,0.0,3,8,1680.0,,1987,0.0,98023,47.3196,-122.395,1720.0,5000.0,2014-10-23,286000.0
2202500255,3.0,2.0,1210.0,9926.0,1.0,0.0,0.0,4,7,1210.0,0.0,1954,20150.0,98006,47.5731,-122.135,1690.0,9737.0,2015-03-05,335000.0
2207100255,3.0,1.5,1120.0,7000.0,1.0,0.0,0.0,3,7,1120.0,0.0,1955,0.0,98007,47.5987,-122.146,1470.0,7950.0,2014-05-15,395300.0
8035350010,4.0,2.75,3180.0,13348.0,2.0,0.0,0.0,3,8,3020.0,160.0,2004,0.0,98019,47.7439,-121.977,3020.0,10029.0,2014-07-15,510000.0
1555300010,3.0,1.0,920.0,7500.0,1.0,0.0,0.0,4,7,920.0,0.0,1970,0.0,98032,47.3791,-122.289,1660.0,8000.0,2015-02-06,203000.0
6135300010,2.0,1.0,700.0,8301.0,1.0,0.0,0.0,3,6,700.0,0.0,1953,0.0,98155,47.7712,-122.323,1250.0,8304.0,2014-12-04,248000.0
1321730470,3.0,2.25,2540.0,7216.0,2.0,,0.0,3,8,2540.0,0.0,1991,0.0,98023,47.2906,-122.349,2140.0,7531.0,2015-01-27,265000.0
4083306345,4.0,1.5,2100.0,4560.0,1.5,0.0,0.0,4,8,2100.0,0.0,1912,0.0,98103,47.6497,-122.336,1930.0,4560.0,2015-05-04,1000000.0
1453602360,3.0,1.0,1540.0,24500.0,1.5,0.0,0.0,3,7,1540.0,0.0,1949,0.0,98125,47.7213,-122.29,1540.0,7250.0,2015-04-06,1000000.0
2025600280,3.0,2.0,1420.0,9828.0,1.0,,0.0,4,7,1420.0,0.0,1990,0.0,98010,47.3287,-122.011,1550.0,7227.0,2015-04-06,241400.0
1423800380,4.0,1.75,1450.0,10074.0,1.0,0.0,0.0,4,7,1450.0,0.0,1966,0.0,98058,47.4546,-122.182,1340.0,8023.0,2015-03-12,309950.0
2113701100,3.0,1.75,1550.0,4057.0,1.0,0.0,0.0,3,6,830.0,720.0,1945,0.0,98106,47.5291,-122.351,1100.0,4116.0,2014-08-26,294010.0
3578401060,3.0,2.25,1920.0,9672.0,2.0,0.0,0.0,4,8,1920.0,0.0,1984,0.0,98074,47.6233,-122.046,1950.0,10125.0,2014-12-16,345000.0
3578401060,3.0,2.25,1920.0,9672.0,2.0,0.0,0.0,4,8,1920.0,0.0,1984,0.0,98074,47.6233,-122.046,1950.0,10125.0,2015-05-04,625000.0
7691800020,4.0,2.5,2510.0,4543.0,2.0,0.0,0.0,3,8,2510.0,,2002,0.0,98075,47.5962,-122.039,2550.0,4675.0,2014-07-09,660000.0
8682230950,2.0,2.0,1660.0,4500.0,1.0,0.0,0.0,3,8,1660.0,0.0,2003,0.0,98053,47.7094,-122.031,1670.0,5580.0,2015-03-17,559000.0
7202360010,4.0,3.25,3990.0,9786.0,2.0,0.0,0.0,3,9,3990.0,0.0,2004,0.0,98053,47.6784,-122.026,3920.0,8200.0,2014-07-07,866000.0
2125049120,3.0,2.0,2350.0,5700.0,1.5,,0.0,4,8,1810.0,540.0,1939,0.0,98112,47.639,-122.31,2170.0,6000.0,2014-05-05,770000.0
5540000010,3.0,1.5,1350.0,7827.0,1.0,0.0,0.0,4,7,1350.0,0.0,1968,0.0,98030,47.3786,-122.219,1900.0,7827.0,2014-08-15,259950.0
1552800010,5.0,2.75,2980.0,9838.0,1.0,0.0,0.0,3,7,1710.0,1270.0,1968,0.0,98030,47.3807,-122.222,2240.0,9838.0,2015-03-11,352000.0
1118002000,5.0,4.75,6390.0,13180.0,2.0,0.0,0.0,3,10,4560.0,1830.0,1940,0.0,98112,47.6312,-122.291,4010.0,8137.0,2014-06-24,2470000.0
8564600080,3.0,2.0,1590.0,10229.0,1.0,0.0,0.0,3,7,1590.0,0.0,1966,0.0,98034,47.7239,-122.227,1320.0,10222.0,2014-11-06,395000.0
1446800660,4.0,1.75,1400.0,6650.0,1.5,0.0,0.0,4,6,1400.0,0.0,1942,0.0,98168,47.4888,-122.332,1120.0,8645.0,2015-03-16,276500.0
2624079022,3.0,2.25,1880.0,100623.0,1.5,0.0,0.0,3,8,1880.0,0.0,1987,20070.0,98024,47.5342,-121.883,2520.0,21689.0,2014-10-20,530000.0
5051800130,4.0,3.25,3500.0,10260.0,2.0,0.0,0.0,3,10,3500.0,0.0,1987,0.0,98008,47.5902,-122.13,3500.0,10658.0,2014-07-24,798000.0
7940700190,2.0,2.0,1370.0,5756.0,1.0,0.0,0.0,3,8,1370.0,0.0,1986,0.0,98034,47.714,-122.205,1380.0,5444.0,2014-08-13,380000.0
5422810010,4.0,2.5,2810.0,10433.0,2.0,0.0,0.0,3,8,2810.0,0.0,2001,0.0,98022,47.1895,-122.015,2640.0,9240.0,2014-08-19,350000.0
3529200190,3.0,2.5,2220.0,6049.0,2.0,0.0,0.0,4,8,2220.0,0.0,1990,0.0,98031,47.3972,-122.182,1980.0,7226.0,2014-05-14,325000.0
8944320280,3.0,2.5,2110.0,4549.0,2.0,0.0,0.0,4,8,2110.0,0.0,1989,0.0,98042,47.3885,-122.154,2110.0,4030.0,2015-04-02,336000.0
3222069153,3.0,2.25,1720.0,17235.0,1.0,0.0,0.0,4,7,1440.0,280.0,1974,0.0,98042,47.3438,-122.073,1990.0,35048.0,2014-10-24,286900.0
7211300050,5.0,2.25,1780.0,7245.0,1.0,0.0,0.0,4,8,1330.0,450.0,1976,0.0,98052,47.6946,-122.12,1780.0,7653.0,2014-09-30,472000.0
1545806980,3.0,1.75,1410.0,8100.0,2.0,,0.0,3,7,1410.0,0.0,1985,0.0,98038,47.3617,-122.046,1560.0,8100.0,2014-06-30,263000.0
9297300255,3.0,3.0,2110.0,4000.0,1.0,,2.0,4,7,1110.0,1000.0,1965,0.0,98126,47.5696,-122.375,1730.0,4000.0,2014-07-16,565000.0
4139400280,3.0,2.5,2700.0,8444.0,2.0,,0.0,3,10,2700.0,0.0,1992,0.0,98006,47.5597,-122.113,2840.0,9165.0,2014-10-08,765000.0
9201300020,3.0,2.25,2610.0,9409.0,1.0,,4.0,4,8,2610.0,0.0,1963,0.0,98075,47.5789,-122.076,2970.0,9156.0,2014-08-11,1520000.0
8663280080,3.0,2.0,1660.0,8174.0,1.0,0.0,0.0,3,7,830.0,830.0,1981,0.0,98034,47.7103,-122.199,1610.0,9318.0,2014-12-23,405000.0
98000980,4.0,3.5,4570.0,16219.0,2.0,0.0,0.0,3,11,4570.0,0.0,2002,0.0,98075,47.5859,-121.968,4700.0,16500.0,2015-04-27,1100000.0
1796100010,3.0,3.0,3760.0,188760.0,1.0,0.0,0.0,4,10,2640.0,1120.0,1979,0.0,98092,47.308,-122.087,2820.0,50543.0,2014-09-11,555000.0
2781280290,3.0,2.5,1610.0,3516.0,2.0,0.0,0.0,3,8,1610.0,0.0,2006,0.0,98055,47.4491,-122.188,1610.0,3056.0,2015-04-27,305000.0
1448800010,3.0,2.25,1740.0,9370.0,1.0,0.0,0.0,3,7,1390.0,350.0,1992,0.0,98198,47.391,-122.316,1740.0,7555.0,2014-09-01,289950.0
1526079026,5.0,3.5,3530.0,218472.0,2.0,0.0,0.0,3,7,2380.0,1150.0,1999,0.0,98019,47.7309,-121.905,2110.0,211404.0,2014-08-13,487500.0
1788800630,3.0,1.0,840.0,12091.0,1.0,,0.0,3,6,840.0,0.0,1959,0.0,98023,47.3281,-122.343,840.0,9324.0,2014-10-29,96500.0
1788800630,3.0,1.0,840.0,12091.0,1.0,,0.0,3,6,840.0,0.0,1959,0.0,98023,47.3281,-122.343,840.0,9324.0,2015-02-25,185000.0
8864000250,4.0,1.0,1470.0,6061.0,1.5,,0.0,3,7,1470.0,0.0,1945,0.0,98168,47.4819,-122.289,1230.0,6175.0,2014-08-27,150550.0
7972600670,4.0,2.0,2470.0,5080.0,1.5,0.0,0.0,3,6,1970.0,500.0,1948,19880.0,98106,47.5308,-122.348,1060.0,5080.0,2014-06-24,339000.0
4077800094,4.0,1.75,2220.0,7230.0,1.0,0.0,1.0,3,8,1280.0,940.0,1950,0.0,98125,47.7065,-122.279,2210.0,7230.0,2015-02-02,675000.0
9834200440,3.0,1.75,1720.0,4080.0,1.0,0.0,0.0,4,7,960.0,760.0,1924,0.0,98144,47.5747,-122.287,1660.0,4080.0,2014-06-24,615000.0
1245002125,4.0,2.5,2700.0,9320.0,2.0,0.0,0.0,4,8,2700.0,0.0,1994,0.0,98033,47.6861,-122.198,2120.0,8056.0,2014-06-04,837500.0
5634500170,2.0,1.0,950.0,11835.0,1.0,0.0,0.0,3,5,950.0,0.0,1932,0.0,98028,47.7494,-122.237,1690.0,12586.0,2014-08-19,250000.0
1954400500,3.0,2.5,1790.0,8144.0,2.0,,0.0,3,8,1790.0,0.0,1989,0.0,98074,47.6169,-122.045,1800.0,7503.0,2014-06-25,583000.0
9528102771,3.0,2.5,1610.0,1728.0,3.0,,0.0,3,8,1610.0,0.0,2000,0.0,98115,47.6776,-122.318,1540.0,3090.0,2014-09-04,499000.0
2895600095,3.0,2.5,2290.0,6328.0,2.0,0.0,0.0,3,8,2290.0,0.0,2001,0.0,98146,47.5103,-122.382,1600.0,6180.0,2014-07-16,550000.0
2921079027,4.0,2.5,2170.0,204296.0,1.0,0.0,0.0,4,7,2170.0,0.0,1980,0.0,98022,47.281,-121.933,1760.0,154202.0,2014-09-24,400000.0
524059323,3.0,2.5,2100.0,4097.0,2.0,0.0,0.0,3,9,2100.0,0.0,2008,0.0,98004,47.5983,-122.2,1820.0,4764.0,2015-02-19,990400.0
824069173,3.0,2.5,2320.0,52272.0,1.5,0.0,0.0,3,8,2320.0,0.0,1974,0.0,98075,47.587,-122.068,2200.0,52272.0,2014-08-21,600000.0
2678100005,2.0,1.0,1120.0,6236.0,1.0,0.0,0.0,4,6,1120.0,0.0,1954,0.0,98155,47.763,-122.291,1340.0,7784.0,2015-02-12,325000.0
2025700080,3.0,2.5,1530.0,6000.0,2.0,0.0,0.0,4,7,1530.0,0.0,1991,0.0,98038,47.3487,-122.036,1360.0,6000.0,2014-07-10,265000.0
6613000585,3.0,2.5,3490.0,9362.0,1.0,0.0,3.0,5,9,1770.0,1720.0,1960,0.0,98105,47.6605,-122.27,3640.0,7425.0,2015-01-08,1620000.0
2597000006,3.0,1.5,1180.0,8353.0,1.0,0.0,0.0,3,7,1180.0,0.0,1960,0.0,98155,47.7652,-122.274,1710.0,8748.0,2015-03-09,347500.0
1923300170,5.0,2.0,2050.0,3000.0,1.5,0.0,0.0,3,7,1470.0,580.0,1912,19840.0,98103,47.6864,-122.352,1560.0,4500.0,2015-01-09,629000.0
1224049005,2.0,2.0,2360.0,11340.0,1.5,0.0,0.0,3,9,2360.0,0.0,1997,0.0,98040,47.5835,-122.227,3030.0,11340.0,2014-07-08,1090000.0
4123840050,4.0,2.5,2570.0,7859.0,2.0,0.0,0.0,3,8,2570.0,0.0,1992,0.0,98038,47.3736,-122.045,2150.0,7284.0,2014-06-30,397500.0
1937300280,2.0,1.0,1270.0,3700.0,1.5,0.0,0.0,3,7,1270.0,0.0,1909,0.0,98144,47.5949,-122.307,1980.0,3200.0,2014-10-30,404500.0
9183703376,3.0,1.5,1250.0,7500.0,1.0,0.0,0.0,3,7,1250.0,0.0,1967,0.0,98030,47.3719,-122.215,1260.0,7563.0,2014-05-13,225000.0
9542801310,3.0,2.25,2510.0,9900.0,1.0,0.0,0.0,3,8,1610.0,900.0,1978,0.0,98023,47.2988,-122.374,1940.0,8510.0,2015-05-13,267000.0
2771104830,4.0,3.75,2690.0,4000.0,2.0,0.0,3.0,4,9,2120.0,570.0,1909,19890.0,98119,47.6418,-122.372,2830.0,4000.0,2014-06-11,800000.0
7967650010,4.0,2.5,2900.0,6918.0,2.0,0.0,0.0,3,8,2900.0,0.0,2001,0.0,98001,47.3504,-122.284,2720.0,10376.0,2015-02-10,339000.0
6744701310,4.0,2.5,3830.0,11972.0,1.0,1.0,4.0,3,11,2370.0,1460.0,1981,0.0,98155,47.7404,-122.284,3080.0,12297.0,2015-04-15,1850000.0
3131201310,5.0,1.0,1280.0,3876.0,1.5,0.0,0.0,3,7,1280.0,0.0,1923,0.0,98105,47.6605,-122.324,1420.0,3825.0,2014-09-30,525000.0
3630180500,5.0,3.5,4350.0,6218.0,2.0,0.0,0.0,3,10,3520.0,830.0,2007,0.0,98027,47.5396,-121.997,3260.0,5989.0,2014-10-06,1150000.0
7624700050,1.0,1.0,1370.0,6250.0,1.5,,0.0,4,7,1370.0,0.0,1921,0.0,98136,47.5571,-122.385,1450.0,6250.0,2014-12-23,565000.0
3274800460,2.0,2.25,1230.0,1280.0,2.0,0.0,0.0,3,8,960.0,270.0,2012,0.0,98144,47.5942,-122.298,1130.0,1357.0,2014-05-20,387000.0
1939000010,4.0,2.5,2440.0,34290.0,2.0,0.0,0.0,3,9,2440.0,0.0,1987,0.0,98053,47.6685,-122.044,2860.0,38119.0,2014-06-19,720000.0
4139490190,4.0,3.5,4410.0,12426.0,2.0,0.0,2.0,3,12,3420.0,990.0,1996,0.0,98006,47.5518,-122.107,4090.0,12127.0,2014-07-11,1500000.0
6381500170,2.0,1.0,910.0,7617.0,1.0,0.0,0.0,3,6,910.0,0.0,1936,0.0,98125,47.7332,-122.305,1310.0,6624.0,2014-08-26,235000.0
6381500170,2.0,1.0,910.0,7617.0,1.0,0.0,0.0,3,6,910.0,0.0,1936,0.0,98125,47.7332,-122.305,1310.0,6624.0,2015-01-16,365000.0
1954420170,3.0,2.5,2150.0,7484.0,2.0,0.0,0.0,3,8,2150.0,0.0,1988,0.0,98074,47.6191,-122.043,2150.0,6879.0,2014-05-21,368250.0
1954420170,3.0,2.5,2150.0,7484.0,2.0,0.0,0.0,3,8,2150.0,0.0,1988,0.0,98074,47.6191,-122.043,2150.0,6879.0,2014-11-13,580000.0
623059016,4.0,3.25,3190.0,11774.0,2.0,1.0,4.0,3,8,2610.0,580.0,1956,19910.0,98178,47.5033,-122.225,2240.0,8725.0,2014-07-17,1100000.0
6181400470,4.0,2.5,2130.0,4496.0,2.0,0.0,0.0,3,7,2130.0,0.0,2004,0.0,98001,47.3041,-122.28,3220.0,5400.0,2015-01-27,215000.0
3904920980,4.0,2.5,2740.0,9959.0,2.0,0.0,0.0,3,9,2740.0,,1989,0.0,98029,47.5672,-122.011,2630.0,9905.0,2014-09-09,648000.0
7215730430,4.0,3.0,3150.0,9318.0,2.0,0.0,0.0,3,9,3150.0,0.0,2001,0.0,98075,47.5959,-122.018,3150.0,9318.0,2014-09-03,705000.0
475000190,3.0,2.25,1450.0,1540.0,2.0,,0.0,3,8,1180.0,270.0,2005,0.0,98107,47.6685,-122.365,1450.0,1540.0,2015-01-09,465000.0
2877100235,5.0,2.0,2400.0,3500.0,1.5,0.0,0.0,3,8,1900.0,500.0,1911,0.0,98103,47.6762,-122.356,1520.0,4000.0,2014-12-22,650000.0
7893202340,4.0,2.25,2280.0,7500.0,1.0,0.0,0.0,4,7,1140.0,1140.0,1963,0.0,98198,47.4182,-122.332,1660.0,8000.0,2014-07-21,335000.0
9238430190,4.0,2.0,2310.0,31850.0,1.5,,0.0,4,8,2310.0,0.0,1984,0.0,98072,47.7713,-122.122,2710.0,36042.0,2015-04-28,640000.0
1939120050,4.0,2.5,2460.0,8029.0,2.0,0.0,0.0,3,9,2460.0,0.0,1989,0.0,98074,47.6262,-122.03,2420.0,7987.0,2015-03-03,638250.0
9197800010,4.0,3.5,4200.0,14353.0,2.0,0.0,2.0,3,12,3640.0,560.0,1996,0.0,98040,47.5331,-122.217,3750.0,16316.0,2014-10-17,1460000.0
5248800250,4.0,2.0,1620.0,4600.0,2.0,,0.0,3,7,1620.0,,1909,0.0,98108,47.5533,-122.307,1620.0,4500.0,2015-04-27,375000.0
4457300630,4.0,1.75,2170.0,9525.0,1.0,,0.0,3,8,2170.0,0.0,1960,0.0,98040,47.5685,-122.217,1910.0,9525.0,2014-07-16,842000.0
2228900161,3.0,2.25,2880.0,7200.0,1.0,0.0,0.0,3,8,1710.0,1170.0,1970,0.0,98133,47.7707,-122.35,1880.0,10200.0,2014-10-08,499950.0
6817850050,4.0,2.5,3280.0,25211.0,2.0,,3.0,3,11,3280.0,0.0,1985,0.0,98074,47.6398,-122.05,3280.0,25211.0,2015-02-17,810000.0
1775800280,5.0,2.0,2900.0,11970.0,2.0,0.0,0.0,4,7,2900.0,0.0,1969,0.0,98072,47.741,-122.095,1260.0,12398.0,2015-02-26,310000.0
263000050,3.0,2.5,2160.0,8809.0,1.0,0.0,0.0,3,9,1540.0,620.0,2014,0.0,98103,47.6994,-122.349,930.0,5420.0,2014-10-31,730000.0
1870400470,4.0,1.75,2250.0,4750.0,1.5,0.0,0.0,4,7,1420.0,830.0,1924,0.0,98115,47.6738,-122.292,1930.0,4750.0,2014-11-13,637800.0
7839300185,3.0,1.0,1340.0,4800.0,1.5,,0.0,4,5,1340.0,0.0,1903,0.0,98055,47.477,-122.209,1240.0,4800.0,2015-02-06,225000.0
2426039130,4.0,1.0,1390.0,10800.0,1.5,0.0,0.0,4,7,1390.0,0.0,1941,0.0,98177,47.7248,-122.359,1390.0,9360.0,2014-06-10,417500.0
2938200170,4.0,2.0,1600.0,10160.0,1.0,,0.0,4,7,1600.0,0.0,1972,0.0,98022,47.2015,-122.003,1540.0,9352.0,2015-03-20,265000.0
1954440050,4.0,2.5,2050.0,8683.0,2.0,0.0,0.0,3,8,2050.0,0.0,1987,0.0,98074,47.62,-122.043,2010.0,8744.0,2014-07-25,550000.0
2224079001,3.0,2.0,2570.0,159865.0,1.0,0.0,0.0,5,7,2570.0,0.0,1968,0.0,98024,47.5547,-121.892,2010.0,38322.0,2015-01-26,625700.0
200520080,3.0,2.5,2660.0,10637.0,2.0,0.0,0.0,3,9,2660.0,0.0,1991,0.0,98011,47.7383,-122.22,2590.0,8637.0,2014-08-01,595000.0
2195900010,3.0,1.5,1540.0,13475.0,1.0,,0.0,4,7,1540.0,0.0,1972,0.0,98059,47.4766,-122.153,1550.0,13475.0,2014-07-14,270000.0
5707500050,5.0,3.0,2640.0,3200.0,2.0,0.0,0.0,4,7,2140.0,500.0,1906,0.0,98112,47.6188,-122.308,1540.0,2242.0,2014-07-18,739375.0
8929000130,2.0,1.75,1210.0,1032.0,2.0,0.0,0.0,3,8,1210.0,0.0,2014,0.0,98029,47.5522,-121.999,1210.0,1090.0,2014-07-08,357562.0
2944000170,4.0,2.5,3760.0,29224.0,2.0,0.0,0.0,3,11,3760.0,0.0,1987,0.0,98052,47.7203,-122.128,3930.0,19916.0,2014-06-11,1010000.0
8682262330,2.0,1.75,1350.0,4286.0,1.0,0.0,0.0,3,8,1350.0,0.0,2004,0.0,98053,47.7171,-122.033,1440.0,4839.0,2014-09-30,455000.0
4167800130,5.0,2.25,2600.0,9600.0,1.0,0.0,2.0,4,8,1810.0,790.0,1969,0.0,98023,47.3257,-122.365,2070.0,9660.0,2015-05-01,310000.0
1624079088,3.0,2.75,3900.0,111514.0,2.0,0.0,0.0,3,6,3460.0,440.0,1967,0.0,98024,47.5621,-121.924,2460.0,217800.0,2014-08-11,415000.0
7370600050,2.0,1.0,1340.0,8100.0,1.0,0.0,2.0,3,8,1340.0,0.0,1950,0.0,98177,47.7212,-122.364,1680.0,7752.0,2014-08-19,452000.0
2025059134,3.0,2.0,1760.0,16928.0,1.0,0.0,0.0,3,7,1760.0,0.0,1953,0.0,98004,47.6363,-122.202,3430.0,10059.0,2015-01-13,810000.0
7522500020,3.0,2.0,1840.0,4750.0,1.0,0.0,0.0,5,7,1010.0,830.0,1951,0.0,98117,47.6862,-122.395,1760.0,5510.0,2014-05-27,730001.0
1125069134,3.0,2.25,2980.0,86636.0,1.0,,0.0,3,9,2230.0,750.0,1989,0.0,98053,47.6627,-122.003,2980.0,107157.0,2015-04-30,825000.0
8032700010,3.0,2.5,1730.0,3000.0,2.0,0.0,0.0,3,8,1730.0,0.0,1996,0.0,98103,47.6532,-122.34,1730.0,1774.0,2014-07-16,665000.0
2473370050,4.0,1.75,1650.0,7800.0,1.0,,0.0,3,8,1650.0,0.0,1968,0.0,98058,47.4507,-122.139,1750.0,10400.0,2014-06-04,327500.0
3276930050,3.0,2.5,3370.0,36218.0,2.0,0.0,0.0,4,9,3370.0,0.0,1988,0.0,98075,47.5855,-121.987,2980.0,31793.0,2014-07-28,699950.0
3211230080,3.0,2.5,2200.0,34680.0,2.0,0.0,0.0,3,9,2200.0,0.0,1985,0.0,98092,47.3139,-122.116,2560.0,35840.0,2014-07-28,424000.0
7519000471,4.0,2.5,2180.0,3375.0,1.5,0.0,0.0,4,7,1420.0,760.0,1926,0.0,98117,47.6846,-122.361,1560.0,3375.0,2014-06-25,657000.0
8563000130,3.0,1.75,1490.0,10844.0,1.0,,0.0,3,7,1210.0,280.0,1974,0.0,98008,47.6208,-122.106,2090.0,9944.0,2014-07-17,445000.0
2770604103,3.0,2.5,1530.0,762.0,2.0,0.0,0.0,3,8,1050.0,480.0,2007,0.0,98119,47.642,-122.374,1610.0,1482.0,2014-07-31,450000.0
3581000020,3.0,1.0,1180.0,7455.0,1.0,0.0,0.0,4,7,1180.0,0.0,1964,0.0,98034,47.7276,-122.241,1450.0,8154.0,2014-09-26,350000.0
9432750190,4.0,2.5,2080.0,17532.0,2.0,0.0,0.0,3,9,2080.0,0.0,1996,0.0,98059,47.4835,-122.136,2550.0,12560.0,2014-11-12,460000.0
1622059088,4.0,2.5,3200.0,22651.0,1.0,0.0,0.0,5,8,1610.0,,1970,0.0,98031,47.3931,-122.183,2030.0,5500.0,2014-06-26,385000.0
5559900080,4.0,2.25,1880.0,6160.0,2.0,0.0,0.0,3,7,1880.0,0.0,1993,0.0,98023,47.3214,-122.347,1580.0,6405.0,2014-11-04,272000.0
7202260780,3.0,2.5,2510.0,5544.0,2.0,0.0,0.0,3,7,2510.0,0.0,2001,0.0,98053,47.6903,-122.042,2660.0,5614.0,2015-01-20,535000.0
8651410950,2.0,1.0,1060.0,5200.0,1.0,0.0,0.0,3,6,1060.0,0.0,1969,0.0,98042,47.3688,-122.08,910.0,5200.0,2015-04-30,216500.0
7843500080,3.0,2.5,2130.0,12245.0,2.0,0.0,0.0,3,8,2130.0,0.0,1989,0.0,98042,47.3406,-122.057,1910.0,12216.0,2015-02-25,325000.0
3205400290,3.0,1.75,1320.0,7280.0,1.0,0.0,0.0,3,7,1320.0,0.0,1968,0.0,98034,47.7229,-122.18,1370.0,7800.0,2015-04-06,420200.0
7129300420,3.0,1.75,1040.0,5650.0,1.0,0.0,0.0,5,6,1040.0,0.0,1951,0.0,98178,47.5111,-122.256,1290.0,5650.0,2014-12-02,258000.0
263000280,3.0,2.0,1150.0,4500.0,1.5,,0.0,3,7,1150.0,0.0,1917,19910.0,98103,47.6985,-122.348,1230.0,5400.0,2014-12-02,450000.0
2919200280,4.0,2.25,2120.0,3794.0,2.0,0.0,0.0,4,7,1420.0,700.0,1926,0.0,98117,47.6893,-122.359,1420.0,3840.0,2014-12-08,720168.0
2769602880,3.0,2.0,2130.0,5000.0,1.5,0.0,0.0,5,7,1330.0,800.0,1925,0.0,98107,47.6746,-122.362,2010.0,5000.0,2014-10-02,652000.0
8078440050,4.0,2.5,2340.0,8248.0,2.0,0.0,0.0,3,8,2340.0,0.0,1989,0.0,98074,47.6314,-122.03,2140.0,9963.0,2014-07-30,569500.0
1922069071,4.0,1.75,2250.0,292288.0,1.0,0.0,0.0,4,7,2250.0,0.0,1963,0.0,98042,47.3787,-122.091,1550.0,23798.0,2015-04-24,411000.0
7518502945,3.0,1.75,1890.0,3825.0,1.0,0.0,0.0,3,7,1290.0,600.0,1974,0.0,98117,47.6831,-122.381,1320.0,3825.0,2014-05-19,524950.0
7568700480,2.0,1.0,1140.0,10152.0,1.0,0.0,0.0,3,6,760.0,380.0,1942,0.0,98155,47.7369,-122.321,1340.0,10141.0,2015-03-23,153000.0
9577800005,3.0,2.5,2780.0,5467.0,2.0,0.0,2.0,3,9,2780.0,,2000,0.0,98126,47.5791,-122.378,2630.0,5000.0,2014-10-22,775000.0
7436050170,4.0,2.5,2390.0,6111.0,2.0,0.0,0.0,3,8,2390.0,0.0,1997,0.0,98030,47.3677,-122.173,2520.0,6500.0,2015-01-12,338500.0
7200001259,3.0,1.75,2390.0,9000.0,1.0,0.0,0.0,3,8,1500.0,890.0,1975,0.0,98052,47.6809,-122.113,2040.0,9000.0,2015-05-01,570000.0
4127000095,3.0,2.0,2680.0,8429.0,1.0,,0.0,4,9,1880.0,800.0,1950,19910.0,98038,47.372,-122.036,1570.0,8640.0,2014-10-29,653000.0
1934800086,2.0,2.5,1560.0,1222.0,2.0,0.0,0.0,3,8,1080.0,480.0,2008,0.0,98122,47.604,-122.307,1560.0,2081.0,2014-11-20,435000.0
3361401025,2.0,1.0,1130.0,8160.0,1.0,,0.0,4,6,1130.0,0.0,1952,0.0,98168,47.4997,-122.317,1060.0,6120.0,2014-11-26,207000.0
7430500415,2.0,1.0,1120.0,7500.0,1.0,0.0,2.0,4,7,1120.0,0.0,1971,0.0,98008,47.619,-122.096,3040.0,16940.0,2014-07-25,540000.0
1622049182,4.0,2.25,2050.0,9583.0,2.0,0.0,2.0,3,8,1770.0,280.0,1965,0.0,98198,47.3978,-122.313,2230.0,9730.0,2014-06-25,386000.0
7749500250,5.0,2.25,2600.0,8075.0,1.5,0.0,0.0,4,8,2600.0,0.0,1969,0.0,98092,47.2961,-122.188,2200.0,8800.0,2014-08-27,265000.0
1773101159,3.0,2.25,1050.0,572.0,2.0,0.0,0.0,3,7,740.0,310.0,2006,0.0,98106,47.5549,-122.363,1260.0,1062.0,2015-01-07,250000.0
9829200250,3.0,2.0,2600.0,6600.0,2.0,0.0,4.0,3,10,1930.0,670.0,1970,20140.0,98122,47.6055,-122.285,2670.0,6270.0,2015-01-05,1700000.0
3303860130,4.0,2.5,2811.0,7251.0,2.0,0.0,0.0,3,9,2811.0,0.0,2009,0.0,98038,47.3686,-122.058,3040.0,7250.0,2014-12-03,455000.0
9359100500,4.0,3.25,4060.0,13000.0,2.0,0.0,3.0,3,11,4060.0,0.0,2000,0.0,98040,47.581,-122.246,3220.0,13800.0,2014-05-27,1800000.0
1250203860,3.0,2.0,2260.0,7200.0,1.0,0.0,3.0,3,7,1130.0,1130.0,1941,0.0,98144,47.5886,-122.288,2260.0,6000.0,2014-10-30,759000.0
2386000170,4.0,2.75,4430.0,74358.0,2.0,0.0,0.0,3,10,4430.0,0.0,1990,0.0,98053,47.6392,-121.988,3820.0,80875.0,2015-03-26,970000.0
2600000050,3.0,2.25,2430.0,8327.0,1.0,0.0,0.0,4,9,1430.0,1000.0,1978,0.0,98006,47.5534,-122.16,2550.0,10427.0,2014-08-27,690000.0
7856640170,3.0,2.5,3420.0,25150.0,1.0,0.0,0.0,4,10,1750.0,1670.0,1987,0.0,98006,47.5706,-122.152,2900.0,19604.0,2014-07-08,789900.0
5540800130,2.0,1.0,1180.0,5100.0,1.5,0.0,0.0,3,7,1180.0,0.0,1926,0.0,98103,47.6947,-122.346,980.0,5100.0,2015-03-18,447500.0
7955060010,4.0,2.25,2010.0,7575.0,1.0,0.0,0.0,3,7,1220.0,790.0,1974,0.0,98034,47.7328,-122.2,1820.0,7831.0,2014-06-13,440000.0
7760400470,3.0,2.0,1230.0,7789.0,1.0,0.0,0.0,3,7,1230.0,0.0,1994,0.0,98042,47.3718,-122.073,1470.0,8670.0,2015-04-14,278000.0
9551202130,5.0,2.5,2750.0,6000.0,1.5,0.0,0.0,3,8,1750.0,1000.0,1904,19940.0,98103,47.6729,-122.334,1520.0,4158.0,2014-07-14,980000.0
4345000050,3.0,2.75,1300.0,14197.0,1.0,0.0,0.0,3,7,860.0,440.0,1996,0.0,98030,47.3652,-122.183,1550.0,7596.0,2014-06-30,245000.0
7334501440,3.0,1.5,1150.0,11475.0,1.0,0.0,0.0,3,7,1150.0,0.0,1971,0.0,98045,47.4629,-121.744,1640.0,11475.0,2014-10-21,287000.0
1523069215,3.0,1.75,2220.0,132858.0,1.0,0.0,0.0,3,7,1110.0,1110.0,1988,0.0,98027,47.4853,-122.034,2130.0,77536.0,2014-06-03,435000.0
5525400430,3.0,2.5,2050.0,11690.0,2.0,0.0,0.0,4,9,2050.0,0.0,1989,0.0,98059,47.5279,-122.161,2410.0,10172.0,2014-07-15,585000.0
871001611,4.0,1.75,1700.0,5846.0,1.0,0.0,0.0,3,8,1700.0,0.0,1957,0.0,98199,47.6539,-122.408,1480.0,5177.0,2014-07-01,616000.0
1685200190,3.0,1.75,1610.0,9000.0,1.0,,0.0,4,7,1100.0,510.0,1978,0.0,98092,47.3187,-122.179,1610.0,8000.0,2015-01-15,203000.0
1982200675,4.0,2.75,2720.0,3840.0,2.0,0.0,0.0,3,8,1790.0,930.0,1920,20090.0,98107,47.6624,-122.361,1360.0,3880.0,2015-05-06,860000.0
1201500010,4.0,2.5,2190.0,12690.0,1.0,0.0,2.0,3,8,1170.0,1020.0,1973,0.0,98033,47.6627,-122.189,2630.0,10843.0,2015-03-30,833000.0
1822360080,4.0,2.75,2730.0,6856.0,2.0,0.0,0.0,3,8,2730.0,0.0,2003,0.0,98072,47.7739,-122.164,2520.0,5569.0,2014-12-11,565000.0
4113800500,3.0,2.5,2490.0,7589.0,2.0,0.0,0.0,3,9,2490.0,0.0,1991,0.0,98056,47.5355,-122.179,2500.0,10386.0,2015-02-12,572500.0
4299700095,4.0,2.0,1510.0,4235.0,1.0,0.0,0.0,3,7,1510.0,0.0,1955,0.0,98108,47.546,-122.293,1510.0,4268.0,2014-05-16,254000.0
3585900500,4.0,4.25,4720.0,21000.0,3.0,0.0,4.0,5,11,4720.0,0.0,1971,0.0,98177,47.7591,-122.376,3010.0,20000.0,2015-04-02,1530000.0
326069026,4.0,3.0,3810.0,217800.0,2.0,0.0,0.0,3,9,3810.0,0.0,2003,0.0,98077,47.7696,-122.021,2580.0,217364.0,2015-01-21,900000.0
4070700290,3.0,2.5,1950.0,3730.0,2.0,0.0,0.0,3,9,1950.0,0.0,1996,0.0,98033,47.6731,-122.199,2080.0,4000.0,2015-02-26,899000.0
7625703800,3.0,2.0,1300.0,6000.0,1.0,0.0,0.0,5,7,1300.0,0.0,1943,0.0,98136,47.5482,-122.392,1230.0,6000.0,2015-04-24,560000.0
643400130,3.0,1.75,1610.0,7200.0,1.0,,0.0,3,7,1180.0,430.0,1976,0.0,98007,47.5966,-122.144,1520.0,7973.0,2015-03-04,512500.0
2877103070,4.0,2.5,2040.0,5000.0,1.5,0.0,0.0,5,7,1180.0,860.0,1924,0.0,98117,47.6786,-122.36,1540.0,5000.0,2015-02-23,775000.0
421000185,2.0,1.0,700.0,4700.0,1.0,0.0,0.0,5,5,700.0,0.0,1953,0.0,98056,47.4953,-122.169,960.0,5200.0,2014-06-11,200000.0
2113700825,3.0,1.0,970.0,4700.0,1.0,0.0,0.0,4,6,720.0,250.0,1943,0.0,98106,47.5285,-122.354,1560.0,4600.0,2014-07-31,172000.0
623049093,3.0,1.0,910.0,6000.0,1.0,0.0,0.0,2,6,910.0,0.0,1956,0.0,98146,47.5065,-122.338,1090.0,6957.0,2014-05-22,219900.0
4348800080,3.0,1.0,1060.0,9123.0,1.0,0.0,0.0,3,7,1060.0,0.0,1952,0.0,98004,47.6218,-122.193,1620.0,9121.0,2014-07-11,641200.0
3762900010,5.0,3.25,2180.0,7200.0,2.0,0.0,0.0,4,7,2180.0,0.0,1982,0.0,98034,47.7078,-122.234,1840.0,7644.0,2014-07-15,473000.0
3578401700,3.0,1.75,2050.0,9580.0,1.0,0.0,0.0,3,8,1400.0,650.0,1984,0.0,98074,47.6212,-122.038,1740.0,11952.0,2014-07-01,540000.0
1211000280,2.0,1.0,750.0,4500.0,1.0,0.0,0.0,3,6,750.0,0.0,1945,0.0,98122,47.607,-122.297,1540.0,4000.0,2015-05-04,295000.0
1324300091,3.0,1.0,800.0,2296.0,1.0,0.0,0.0,4,6,800.0,0.0,1908,0.0,98103,47.6546,-122.356,1480.0,1472.0,2014-05-28,370000.0
4141800285,4.0,2.25,3470.0,8000.0,1.5,0.0,1.0,3,9,2360.0,1110.0,1906,0.0,98122,47.6149,-122.287,3010.0,8000.0,2014-07-14,1730000.0
1524079088,3.0,1.5,1390.0,48257.0,1.0,0.0,0.0,3,6,1390.0,0.0,1922,0.0,98024,47.5603,-121.894,1440.0,45302.0,2014-05-09,275000.0
9320900420,3.0,1.0,900.0,4750.0,1.0,0.0,0.0,4,6,900.0,0.0,1969,0.0,98023,47.3026,-122.363,900.0,3404.0,2014-10-14,89000.0
7349800780,2.0,1.75,1050.0,9800.0,1.5,,0.0,4,6,1050.0,0.0,1975,0.0,98019,47.7595,-121.473,1230.0,12726.0,2014-08-05,175000.0
1196002948,3.0,2.5,2410.0,11900.0,1.0,0.0,2.0,4,9,1600.0,810.0,1989,0.0,98023,47.3384,-122.34,3090.0,11902.0,2015-02-18,490000.0
5631500213,3.0,2.25,1180.0,9630.0,2.0,,0.0,3,7,1180.0,0.0,1986,0.0,98028,47.7352,-122.232,2660.0,5979.0,2014-05-15,342400.0
3416601045,3.0,1.0,1140.0,4200.0,2.0,0.0,0.0,4,7,1140.0,0.0,1904,0.0,98144,47.6012,-122.296,1510.0,4000.0,2014-06-23,345000.0
9828701650,2.0,1.0,700.0,3400.0,1.0,0.0,0.0,3,6,700.0,0.0,1946,0.0,98112,47.6212,-122.296,1570.0,4512.0,2014-11-25,399000.0
6071300500,4.0,2.5,2060.0,9719.0,1.0,0.0,0.0,4,8,1320.0,740.0,1960,0.0,98006,47.5549,-122.176,2050.0,9643.0,2014-08-15,550000.0
6072760670,3.0,2.25,2230.0,11835.0,1.0,0.0,0.0,5,8,1630.0,600.0,1974,0.0,98006,47.563,-122.178,2190.0,10384.0,2014-12-03,652450.0
9141100255,2.0,2.25,1950.0,29347.0,1.0,0.0,0.0,3,8,1350.0,600.0,1953,0.0,98133,47.739,-122.351,2125.0,7751.0,2015-04-29,438000.0
2824600290,3.0,1.75,2100.0,5058.0,1.0,,2.0,3,7,1340.0,760.0,1941,0.0,98126,47.5743,-122.378,1640.0,5000.0,2015-04-03,605000.0
2787720170,4.0,2.5,2130.0,11733.0,1.0,0.0,0.0,5,7,1330.0,800.0,1969,0.0,98059,47.512,-122.16,1800.0,9131.0,2014-09-29,395000.0
9826701735,3.0,2.0,1880.0,3048.0,2.0,0.0,0.0,4,7,1880.0,0.0,1902,0.0,98122,47.6031,-122.303,1680.0,3600.0,2014-11-12,449950.0
1703050420,4.0,2.5,2310.0,5526.0,2.0,0.0,0.0,3,9,2310.0,0.0,2003,0.0,98074,47.6299,-122.02,2500.0,5769.0,2015-03-30,651100.0
4060000440,3.0,1.0,880.0,6050.0,1.0,0.0,0.0,3,6,880.0,0.0,1945,0.0,98178,47.4995,-122.248,1130.0,6050.0,2015-02-04,241000.0
2525049148,5.0,5.0,5450.0,20412.0,2.0,0.0,0.0,3,11,5450.0,,2014,0.0,98039,47.6209,-122.237,3160.0,17825.0,2014-10-07,3420000.0
8857310010,2.0,1.5,1290.0,1749.0,1.0,0.0,0.0,3,8,660.0,630.0,1969,0.0,98008,47.6118,-122.116,1860.0,1749.0,2014-12-19,268500.0
1823049178,2.0,1.0,1010.0,7200.0,1.0,0.0,0.0,3,6,1010.0,0.0,1956,0.0,98166,47.4815,-122.339,1290.0,9000.0,2015-01-23,200000.0
4364200250,4.0,1.75,1690.0,7680.0,1.0,0.0,0.0,5,6,890.0,800.0,1946,0.0,98126,47.5296,-122.375,1060.0,7680.0,2014-12-01,400375.0
8682260480,2.0,1.75,1350.0,6315.0,1.0,0.0,0.0,3,8,1350.0,0.0,2005,0.0,98053,47.7141,-122.032,1665.0,5390.0,2014-05-28,429000.0
1250200345,3.0,1.0,680.0,2400.0,1.0,0.0,0.0,4,6,680.0,0.0,1903,0.0,98144,47.5982,-122.299,1470.0,3600.0,2014-10-24,230000.0
9808590460,4.0,2.25,2860.0,10702.0,2.0,0.0,0.0,3,10,2860.0,0.0,1982,0.0,98004,47.6451,-122.189,2890.0,10572.0,2015-02-18,1200000.0
7818700480,1.0,1.0,610.0,6000.0,1.0,0.0,0.0,4,5,610.0,0.0,1918,0.0,98117,47.6911,-122.367,970.0,5000.0,2015-04-09,314200.0
2792000010,4.0,2.5,2660.0,8887.0,1.0,0.0,0.0,4,8,1880.0,780.0,1967,0.0,98166,47.439,-122.342,1910.0,9620.0,2015-04-23,513000.0
1705400244,2.0,1.0,1390.0,5346.0,1.0,0.0,0.0,5,7,960.0,430.0,1908,0.0,98118,47.5567,-122.279,1450.0,5040.0,2015-04-02,535000.0
9358002375,6.0,3.0,2290.0,6344.0,2.0,0.0,0.0,3,7,2290.0,0.0,1980,0.0,98126,47.565,-122.37,1360.0,3202.0,2015-03-05,420000.0
8944320470,3.0,2.5,2110.0,4118.0,2.0,,0.0,3,8,2110.0,0.0,1989,0.0,98042,47.3878,-122.153,2110.0,4044.0,2014-06-23,345950.0
6372000101,3.0,2.0,1200.0,2016.0,1.0,0.0,1.0,4,7,600.0,600.0,1931,0.0,98116,47.5811,-122.404,1730.0,4520.0,2014-08-20,483500.0
2877100655,4.0,2.25,2360.0,2500.0,2.0,0.0,3.0,3,8,1520.0,840.0,2001,0.0,98117,47.6771,-122.358,1810.0,3900.0,2014-12-08,695000.0
9378500050,4.0,2.5,2350.0,8906.0,2.0,0.0,0.0,3,7,2350.0,0.0,1993,0.0,98031,47.4205,-122.215,2000.0,8165.0,2014-10-06,295000.0
3790600080,3.0,2.25,1590.0,9960.0,1.0,0.0,0.0,3,7,1060.0,530.0,1976,0.0,98155,47.7742,-122.287,1860.0,9760.0,2015-04-08,434975.0
8944360080,3.0,2.5,1810.0,4592.0,2.0,,0.0,3,8,1810.0,0.0,1992,0.0,98029,47.5764,-121.996,1810.0,4758.0,2014-07-08,513000.0
7979900225,3.0,1.75,1900.0,11407.0,1.0,0.0,0.0,3,8,1900.0,0.0,1963,0.0,98155,47.7455,-122.294,1710.0,11407.0,2015-03-23,360000.0
3163600130,3.0,1.0,1250.0,8000.0,1.0,0.0,0.0,3,7,1250.0,0.0,1956,0.0,98146,47.5065,-122.337,1040.0,6973.0,2015-03-17,234900.0
4139380050,4.0,3.5,3280.0,6603.0,2.0,0.0,0.0,3,10,3280.0,0.0,2007,0.0,98027,47.5642,-122.126,3280.0,7333.0,2014-06-16,963000.0
2749600095,2.0,1.5,870.0,4800.0,1.0,0.0,0.0,3,7,870.0,0.0,1924,0.0,98119,47.6509,-122.37,2090.0,4800.0,2014-08-19,595000.0
7852160250,4.0,3.25,3570.0,14408.0,2.0,0.0,2.0,3,10,3570.0,0.0,2006,0.0,98065,47.536,-121.857,4100.0,14577.0,2014-10-24,942500.0
3303980500,4.0,3.25,3780.0,11200.0,2.0,0.0,0.0,3,11,3780.0,0.0,2002,0.0,98059,47.521,-122.15,3720.0,11813.0,2014-09-05,1030000.0
1250200605,3.0,1.0,1190.0,3600.0,1.5,0.0,0.0,3,6,1190.0,0.0,1904,0.0,98144,47.5985,-122.298,1680.0,3600.0,2015-03-25,350000.0
8887001640,4.0,2.0,2280.0,39848.0,2.0,0.0,0.0,4,8,2280.0,0.0,1991,0.0,98070,47.5003,-122.465,1900.0,38472.0,2014-11-06,416500.0
2122059127,3.0,1.0,1030.0,60720.0,1.5,0.0,0.0,3,5,1030.0,0.0,1912,0.0,98042,47.375,-122.166,1330.0,10342.0,2014-09-16,209900.0
5700001045,3.0,1.75,2870.0,5000.0,1.5,0.0,0.0,4,8,1840.0,1030.0,1907,0.0,98144,47.5788,-122.292,2200.0,5000.0,2014-06-22,802000.0
7331900290,4.0,1.5,1520.0,8800.0,1.0,0.0,0.0,4,7,1520.0,0.0,1960,0.0,98002,47.3136,-122.208,1370.0,8800.0,2014-07-31,230000.0
7844200415,3.0,3.0,3700.0,10375.0,2.0,,0.0,3,9,3700.0,0.0,1982,0.0,98188,47.4286,-122.291,2130.0,9132.0,2014-07-02,489000.0
4055700345,3.0,1.5,2240.0,28750.0,1.0,0.0,0.0,3,8,1620.0,620.0,1956,0.0,98034,47.7137,-122.254,3200.0,23873.0,2014-07-14,497000.0
2923049421,3.0,2.25,1920.0,7738.0,1.0,,0.0,3,8,1520.0,400.0,1965,0.0,98148,47.4562,-122.33,2170.0,8452.0,2014-07-02,250000.0
1860600840,3.0,3.0,2560.0,3600.0,2.0,0.0,0.0,3,10,2110.0,450.0,1994,0.0,98119,47.633,-122.37,2160.0,3600.0,2014-08-15,925000.0
5095400460,4.0,2.5,1840.0,15496.0,2.0,0.0,0.0,3,8,1840.0,0.0,1991,0.0,98059,47.4683,-122.07,1840.0,15040.0,2014-07-23,390000.0
3819750170,3.0,2.75,2080.0,9600.0,1.0,0.0,0.0,3,7,2080.0,0.0,1988,0.0,98028,47.7698,-122.238,2220.0,9600.0,2015-03-10,415000.0
5021900779,3.0,2.0,1600.0,9638.0,1.0,0.0,0.0,5,7,1600.0,0.0,1952,0.0,98040,47.5753,-122.224,1800.0,11400.0,2015-04-04,785000.0
4206901155,3.0,2.0,2168.0,4000.0,1.5,0.0,0.0,3,8,2168.0,0.0,1907,0.0,98105,47.6561,-122.325,1770.0,4000.0,2014-09-24,575000.0
6303400290,2.0,1.0,860.0,8636.0,1.0,0.0,0.0,3,6,860.0,0.0,1924,0.0,98146,47.5081,-122.356,1100.0,8636.0,2015-01-26,170000.0
7871500440,4.0,1.75,2100.0,3400.0,1.0,,0.0,5,7,1100.0,1000.0,1915,0.0,98119,47.6429,-122.371,1890.0,3771.0,2014-10-14,750000.0
6085000130,3.0,1.0,1140.0,9639.0,1.0,0.0,0.0,4,7,1140.0,0.0,1967,0.0,98001,47.3112,-122.265,1140.0,9639.0,2015-03-21,230000.0
1896700080,4.0,3.0,3090.0,35074.0,2.0,0.0,0.0,3,9,3090.0,0.0,1978,0.0,98005,47.6359,-122.159,3120.0,35150.0,2015-01-05,855000.0
6197800101,3.0,1.0,1330.0,45738.0,2.0,0.0,0.0,2,6,1330.0,0.0,1967,0.0,98058,47.436,-122.185,1490.0,24000.0,2014-08-05,235000.0
7802900380,2.0,1.0,1360.0,69260.0,1.0,0.0,0.0,4,5,1360.0,0.0,1937,0.0,98065,47.5229,-121.838,1460.0,69260.0,2014-09-08,335000.0
3024059126,5.0,3.0,3420.0,18129.0,2.0,0.0,0.0,3,9,2540.0,880.0,1952,20050.0,98040,47.5333,-122.217,3750.0,16316.0,2014-07-03,1200000.0
7128300630,4.0,2.0,2180.0,6000.0,1.5,0.0,0.0,3,8,2060.0,120.0,1927,0.0,98144,47.5958,-122.306,1370.0,4500.0,2015-03-30,677000.0
7626200305,3.0,2.0,1800.0,5000.0,2.0,0.0,0.0,5,7,1600.0,200.0,1925,0.0,98136,47.5447,-122.389,1640.0,5000.0,2014-10-22,575000.0
7950300670,2.0,1.0,1120.0,4590.0,1.0,0.0,0.0,3,7,1120.0,0.0,1924,0.0,98118,47.5663,-122.285,1120.0,5100.0,2015-02-18,450000.0
1233100321,3.0,2.5,2980.0,7202.0,2.0,0.0,0.0,3,8,2980.0,0.0,1999,0.0,98033,47.6769,-122.177,2430.0,7280.0,2015-03-27,817250.0
9238500190,4.0,2.25,2600.0,28600.0,1.0,,0.0,3,8,1810.0,790.0,1968,0.0,98072,47.7757,-122.139,2580.0,26950.0,2014-12-02,440000.0
1972201856,2.0,2.0,1550.0,2400.0,1.5,0.0,0.0,4,7,1550.0,0.0,1900,0.0,98103,47.654,-122.346,1180.0,1224.0,2014-05-07,526000.0
624110920,3.0,2.25,3330.0,15258.0,2.0,0.0,0.0,3,10,3330.0,0.0,1986,0.0,98077,47.7262,-122.06,3360.0,14850.0,2014-07-25,762500.0
5003600080,4.0,2.5,2200.0,7719.0,2.0,0.0,0.0,3,8,2200.0,0.0,2000,0.0,98030,47.3649,-122.194,2460.0,7348.0,2015-04-14,325000.0
853600020,4.0,3.5,3840.0,85728.0,2.0,0.0,0.0,3,11,3840.0,0.0,1998,0.0,98014,47.615,-121.954,2430.0,42643.0,2014-07-10,840000.0
7625704317,2.0,1.0,840.0,4500.0,1.0,0.0,0.0,3,6,840.0,0.0,1939,0.0,98136,47.5441,-122.39,1300.0,5000.0,2015-05-03,377500.0
2946000912,3.0,1.5,1270.0,7128.0,1.0,0.0,0.0,4,6,1270.0,0.0,1954,0.0,98198,47.422,-122.321,1270.0,7986.0,2014-09-23,212500.0
4188000670,4.0,2.5,3240.0,20301.0,2.0,0.0,0.0,3,10,3240.0,0.0,1985,0.0,98052,47.719,-122.114,3010.0,23650.0,2014-05-15,749400.0
5215200010,3.0,2.5,2480.0,37843.0,1.5,,3.0,4,8,2480.0,0.0,1974,0.0,98070,47.4003,-122.422,2350.0,42122.0,2014-06-26,663000.0
2911700020,3.0,2.25,4470.0,22518.0,2.0,0.0,2.0,3,9,3240.0,1230.0,1953,0.0,98006,47.574,-122.18,2930.0,21837.0,2014-07-21,1480000.0
185000161,3.0,1.0,1780.0,7800.0,1.0,,0.0,3,7,1060.0,720.0,1957,0.0,98178,47.4932,-122.263,1450.0,7800.0,2014-10-15,261000.0
2140700190,4.0,2.5,1850.0,9248.0,2.0,0.0,0.0,3,8,1850.0,0.0,1997,0.0,98028,47.735,-122.244,2080.0,8711.0,2015-04-10,515000.0
9406600050,3.0,2.25,2200.0,16921.0,2.0,0.0,0.0,3,8,2200.0,0.0,1987,0.0,98038,47.3727,-122.051,2060.0,16921.0,2014-05-12,410000.0
2473000470,3.0,2.25,2760.0,10160.0,1.0,0.0,0.0,3,8,2760.0,0.0,1969,0.0,98058,47.4504,-122.15,2760.0,9600.0,2014-07-08,336000.0
5100403952,2.0,1.0,1090.0,4128.0,1.0,0.0,0.0,3,7,1090.0,0.0,1948,0.0,98115,47.696,-122.314,1090.0,5413.0,2015-02-25,440000.0
2024059127,4.0,2.75,3090.0,6200.0,2.0,0.0,0.0,3,9,3090.0,0.0,2014,0.0,98006,47.5538,-122.189,2890.0,10108.0,2015-01-09,908950.0
1483300430,2.0,1.0,820.0,3700.0,1.0,0.0,0.0,5,7,820.0,0.0,1968,0.0,98040,47.588,-122.251,1750.0,9000.0,2014-11-25,554000.0
291300170,3.0,2.25,1445.0,1606.0,2.0,0.0,0.0,3,7,1300.0,145.0,2003,0.0,98027,47.5348,-122.072,1410.0,1286.0,2014-05-09,387000.0
9117000170,4.0,2.25,1810.0,9240.0,2.0,0.0,0.0,3,7,1810.0,0.0,1961,0.0,98055,47.4362,-122.187,1660.0,9240.0,2015-05-05,268643.0
461004095,3.0,1.75,1620.0,5000.0,1.0,0.0,0.0,3,7,920.0,700.0,1954,0.0,98117,47.681,-122.372,1610.0,5000.0,2014-07-21,514000.0
9547201850,2.0,1.75,1060.0,4182.0,2.0,0.0,0.0,3,7,1060.0,0.0,1977,0.0,98115,47.6787,-122.308,1760.0,4590.0,2014-07-23,420000.0
7942100290,3.0,1.75,1050.0,9871.0,1.0,0.0,0.0,5,7,1050.0,0.0,1968,0.0,98042,47.3816,-122.087,1300.0,10794.0,2014-09-10,199000.0
4336000050,3.0,1.0,1010.0,15701.0,1.0,0.0,0.0,4,7,1010.0,0.0,1949,0.0,98188,47.4518,-122.292,1260.0,9800.0,2015-03-17,225000.0
2571910420,4.0,2.5,2050.0,8424.0,2.0,0.0,0.0,4,8,2050.0,0.0,1993,0.0,98022,47.196,-122.011,1970.0,8448.0,2014-08-19,320000.0
8802400896,2.0,1.0,970.0,8185.0,1.0,0.0,0.0,5,6,970.0,0.0,1904,0.0,98031,47.4025,-122.201,1500.0,12541.0,2014-10-23,204995.0
3630010020,3.0,2.0,1540.0,1827.0,2.0,0.0,0.0,3,8,1540.0,0.0,2005,0.0,98029,47.5479,-121.999,1560.0,2058.0,2014-12-29,376000.0
6793300010,4.0,2.75,3000.0,6222.0,2.0,0.0,0.0,3,9,3000.0,0.0,2004,0.0,98029,47.5582,-122.025,3340.0,7222.0,2014-12-15,705000.0
7852020250,4.0,2.5,3190.0,7869.0,2.0,0.0,2.0,3,9,3190.0,0.0,2001,0.0,98065,47.5317,-121.866,2630.0,6739.0,2014-06-02,725995.0
2473400290,4.0,2.5,1870.0,8190.0,1.0,0.0,0.0,3,7,1100.0,770.0,1977,0.0,98058,47.4521,-122.161,1590.0,9150.0,2015-01-26,285000.0
3328500250,4.0,2.5,2200.0,9397.0,2.0,0.0,0.0,3,8,2200.0,0.0,1987,0.0,98001,47.3406,-122.269,2310.0,9176.0,2014-05-02,285000.0
629420080,4.0,2.5,3070.0,5936.0,2.0,0.0,0.0,3,9,3070.0,0.0,2005,0.0,98075,47.5902,-121.988,3160.0,5936.0,2014-08-20,731000.0
2524049215,4.0,3.75,3730.0,17000.0,2.0,0.0,3.0,4,10,2820.0,910.0,1986,0.0,98040,47.5355,-122.242,3880.0,15550.0,2015-05-01,1560000.0
8663310050,4.0,2.5,2440.0,10423.0,1.0,0.0,0.0,3,7,2440.0,,1955,0.0,98034,47.725,-122.172,1990.0,7758.0,2014-10-06,510000.0
4083304835,2.0,1.0,990.0,4332.0,1.0,0.0,0.0,3,7,990.0,0.0,1909,0.0,98103,47.6528,-122.331,1920.0,3420.0,2014-10-23,620000.0
8155800050,3.0,4.0,4160.0,31796.0,2.0,0.0,0.0,3,11,4160.0,0.0,1989,0.0,98053,47.6635,-122.017,4300.0,36192.0,2015-04-22,1110000.0
4403200255,4.0,3.5,3670.0,4960.0,2.0,0.0,0.0,3,9,2870.0,800.0,2005,0.0,98177,47.7022,-122.374,1520.0,6335.0,2014-07-22,796000.0
5379800500,3.0,1.5,910.0,25500.0,1.0,0.0,0.0,3,5,910.0,0.0,1943,0.0,98188,47.4565,-122.276,1580.0,10019.0,2014-09-30,255000.0
7010700660,3.0,2.5,1940.0,4000.0,2.0,0.0,0.0,4,9,1940.0,0.0,2000,0.0,98199,47.659,-122.398,1410.0,4000.0,2015-04-28,807000.0
9406540190,4.0,2.5,1780.0,6000.0,2.0,0.0,0.0,3,9,1780.0,0.0,2000,0.0,98038,47.3774,-122.027,2650.0,6000.0,2014-11-10,315000.0
1795920250,3.0,2.25,2200.0,7355.0,2.0,0.0,0.0,4,8,2200.0,0.0,1986,0.0,98052,47.7266,-122.103,2290.0,7868.0,2015-02-27,637000.0
5249800010,4.0,4.25,6410.0,43838.0,2.5,0.0,2.0,4,12,5610.0,800.0,1906,0.0,98144,47.5703,-122.28,2270.0,6630.0,2014-12-03,2730000.0
8651510420,3.0,2.0,2070.0,10023.0,1.0,0.0,0.0,3,8,1220.0,850.0,1981,0.0,98074,47.6492,-122.062,2130.0,9694.0,2014-12-11,490000.0
1422700080,3.0,1.75,2040.0,7281.0,1.0,0.0,0.0,3,7,1020.0,1020.0,1962,0.0,98188,47.4681,-122.282,1740.0,7527.0,2014-06-10,253000.0
5468780250,4.0,2.5,2320.0,6270.0,2.0,0.0,0.0,3,8,2320.0,0.0,2004,0.0,98042,47.3501,-122.14,2150.0,6270.0,2014-05-08,325900.0
3723800415,2.0,2.0,1440.0,6677.0,1.0,0.0,0.0,3,7,870.0,570.0,1952,0.0,98118,47.5513,-122.264,2020.0,7642.0,2014-10-15,425000.0
1545800290,4.0,2.5,1700.0,6675.0,2.0,0.0,0.0,3,7,1700.0,0.0,1997,0.0,98038,47.3638,-122.053,1570.0,7540.0,2014-09-05,215000.0
1545800290,4.0,2.5,1700.0,6675.0,2.0,0.0,0.0,3,7,1700.0,0.0,1997,0.0,98038,47.3638,-122.053,1570.0,7540.0,2015-04-08,315000.0
2804100095,3.0,2.0,2050.0,3933.0,1.0,0.0,0.0,3,8,1180.0,870.0,1926,20010.0,98112,47.6436,-122.303,1940.0,4000.0,2014-05-16,724800.0
7282300095,2.0,1.0,800.0,6500.0,1.0,0.0,0.0,4,6,800.0,0.0,1953,0.0,98133,47.7621,-122.358,1220.0,7000.0,2014-07-09,295000.0
930000289,3.0,1.75,1800.0,7620.0,1.0,0.0,0.0,3,8,1350.0,450.0,1951,0.0,98177,47.7165,-122.361,1770.0,7620.0,2015-03-16,509007.0
2822059181,5.0,2.0,1460.0,169448.0,1.5,0.0,0.0,3,6,1460.0,0.0,1910,0.0,98030,47.3714,-122.177,2250.0,6059.0,2015-04-13,306000.0
1761100080,3.0,1.75,1290.0,7210.0,1.0,,0.0,3,7,1290.0,0.0,1984,0.0,98023,47.2889,-122.363,1350.0,7509.0,2014-07-17,205000.0
2953000250,3.0,1.5,1900.0,9737.0,1.0,0.0,0.0,4,7,1200.0,700.0,1968,0.0,98031,47.4125,-122.207,1670.0,9737.0,2014-07-31,275000.0
3416600185,3.0,1.75,1480.0,7000.0,1.0,0.0,2.0,3,8,1480.0,0.0,1963,0.0,98122,47.6018,-122.291,1850.0,4000.0,2014-11-06,685000.0
927200380,4.0,2.5,2090.0,12833.0,1.0,0.0,0.0,3,7,1220.0,870.0,1969,0.0,98034,47.7266,-122.175,1740.0,11200.0,2015-04-20,465000.0
7922750020,4.0,2.25,1950.0,9800.0,1.0,0.0,0.0,3,8,1330.0,620.0,1968,0.0,98033,47.666,-122.178,2170.0,9800.0,2014-07-08,560000.0
259600050,3.0,1.75,1250.0,9605.0,1.0,0.0,0.0,3,7,1250.0,0.0,1964,0.0,98008,47.6325,-122.121,1570.0,9605.0,2015-02-23,458500.0
3298300420,3.0,1.0,990.0,7590.0,1.0,0.0,0.0,3,6,990.0,0.0,1959,0.0,98008,47.6228,-122.121,1100.0,7590.0,2015-03-31,354000.0
1310440470,3.0,2.5,2740.0,7923.0,2.0,0.0,0.0,3,9,2740.0,0.0,1998,0.0,98058,47.4349,-122.105,2740.0,8815.0,2015-01-13,441000.0
3438502668,3.0,1.75,1260.0,10488.0,1.0,0.0,0.0,2,7,1110.0,150.0,1952,0.0,98106,47.5417,-122.357,1540.0,9120.0,2014-08-29,194000.0
5591700290,4.0,2.5,2150.0,6807.0,2.0,0.0,0.0,4,8,2150.0,0.0,1991,0.0,98031,47.4053,-122.189,1910.0,7240.0,2014-05-15,316500.0
4172100050,3.0,1.75,1750.0,3250.0,1.5,0.0,0.0,4,7,1230.0,520.0,1929,0.0,98117,47.6807,-122.366,1480.0,3600.0,2014-08-25,524950.0
9275700005,3.0,2.25,2880.0,6092.0,2.0,0.0,4.0,4,8,1920.0,960.0,1983,0.0,98116,47.5878,-122.381,2880.0,5308.0,2015-04-27,1050000.0
1089000190,4.0,2.25,2590.0,13894.0,2.0,0.0,0.0,4,9,2590.0,0.0,1975,0.0,98005,47.6351,-122.165,2720.0,13894.0,2015-04-12,925000.0
9523103000,3.0,1.75,2430.0,4524.0,1.5,,0.0,4,7,1830.0,600.0,1924,0.0,98103,47.674,-122.35,1610.0,4100.0,2014-10-20,780000.0
2781270440,2.0,2.0,1470.0,3128.0,2.0,0.0,0.0,3,6,1470.0,0.0,2005,0.0,98038,47.349,-122.021,1180.0,2576.0,2014-05-19,241000.0
2105200050,3.0,2.75,2020.0,10744.0,1.0,0.0,0.0,5,7,1270.0,750.0,1954,0.0,98166,47.4403,-122.343,2020.0,11069.0,2014-06-19,519000.0
7625703637,2.0,1.0,610.0,4000.0,1.0,0.0,0.0,4,6,610.0,0.0,1918,0.0,98136,47.5469,-122.391,870.0,5160.0,2014-08-28,286000.0
2926049408,3.0,2.0,3000.0,17800.0,1.0,0.0,0.0,3,8,1500.0,1500.0,1962,0.0,98125,47.7058,-122.315,2400.0,8300.0,2014-10-09,400000.0
3224079005,2.0,1.0,920.0,43560.0,1.0,0.0,0.0,4,5,920.0,0.0,1923,0.0,98024,47.5245,-121.931,1530.0,11875.0,2014-10-09,255000.0
5147600095,3.0,1.75,1070.0,7754.0,1.0,0.0,0.0,3,6,1070.0,0.0,1953,0.0,98146,47.5079,-122.344,950.0,7740.0,2015-01-21,152000.0
2413900050,4.0,2.0,3410.0,15143.0,2.0,0.0,0.0,4,8,3410.0,0.0,1972,19870.0,98052,47.6709,-122.052,2350.0,25936.0,2014-12-01,599000.0
3820350050,4.0,2.5,1820.0,3905.0,2.0,0.0,0.0,3,7,1820.0,0.0,2001,0.0,98019,47.7346,-121.985,1820.0,3863.0,2014-10-24,330000.0
8910500675,2.0,1.0,1060.0,7193.0,1.0,0.0,0.0,3,7,1060.0,0.0,1926,0.0,98133,47.7102,-122.356,1980.0,7560.0,2014-05-19,461000.0
1461200020,5.0,2.5,3070.0,34991.0,2.0,0.0,0.0,3,9,3070.0,0.0,1995,0.0,98059,47.4721,-122.148,2150.0,19515.0,2015-03-10,620000.0
722079056,4.0,2.5,2300.0,219106.0,1.0,0.0,0.0,4,7,1840.0,460.0,1958,0.0,98038,47.4044,-121.963,2120.0,123710.0,2014-10-06,352500.0
8663370020,3.0,2.0,1610.0,6911.0,1.0,0.0,0.0,3,7,1260.0,350.0,1988,0.0,98034,47.7188,-122.177,1630.0,6911.0,2014-08-06,435000.0
2568200130,5.0,2.75,2830.0,5310.0,2.0,0.0,0.0,3,9,2830.0,0.0,2006,0.0,98052,47.7074,-122.101,3150.0,6581.0,2014-05-16,725000.0
8947800080,3.0,1.0,970.0,12300.0,1.0,0.0,0.0,3,7,970.0,0.0,1982,0.0,98028,47.7335,-122.227,2040.0,9994.0,2014-11-05,300000.0
1545803390,3.0,2.5,1680.0,8284.0,2.0,0.0,0.0,3,7,1680.0,0.0,1989,0.0,98038,47.3609,-122.048,1550.0,8284.0,2014-11-11,252000.0
1088030010,4.0,2.75,2040.0,8996.0,1.0,0.0,0.0,4,8,1260.0,780.0,1974,0.0,98033,47.666,-122.185,2470.0,9180.0,2014-10-05,464625.0
1829700080,3.0,1.0,1450.0,9586.0,2.0,0.0,0.0,3,7,1450.0,0.0,1950,0.0,98155,47.7443,-122.326,1500.0,8592.0,2014-12-12,340000.0
2125049024,4.0,2.25,2870.0,6280.0,1.5,0.0,0.0,4,9,1980.0,890.0,1905,0.0,98112,47.6329,-122.31,2370.0,4760.0,2014-06-20,1330000.0
5706200020,5.0,2.0,1870.0,13970.0,1.0,0.0,0.0,4,7,1120.0,,1969,0.0,98027,47.5243,-122.042,1860.0,13970.0,2015-02-06,455000.0
2316400285,4.0,3.5,2490.0,18042.0,2.0,0.0,0.0,3,8,2490.0,0.0,2003,0.0,98070,47.4161,-122.441,1960.0,21107.0,2015-05-13,495000.0
7588700080,4.0,2.5,3350.0,4501.0,2.0,0.0,0.0,3,9,2640.0,710.0,2002,0.0,98117,47.688,-122.379,1000.0,4500.0,2015-04-21,925000.0
7853310380,4.0,2.75,3190.0,8737.0,2.0,,0.0,3,9,3190.0,0.0,2006,0.0,98065,47.523,-121.877,3240.0,7131.0,2014-12-11,587000.0
6821101870,3.0,1.75,1560.0,5520.0,1.0,0.0,0.0,4,6,780.0,780.0,1944,0.0,98199,47.6515,-122.399,1470.0,6000.0,2014-05-05,524000.0
9551201660,4.0,2.5,2750.0,4800.0,2.0,0.0,0.0,3,9,1960.0,790.0,1905,20050.0,98103,47.6709,-122.337,2400.0,5300.0,2014-06-13,1030000.0
3530500010,2.0,1.0,920.0,2332.0,1.0,,0.0,4,8,920.0,0.0,1980,0.0,98198,47.3779,-122.32,1310.0,2853.0,2014-09-30,176000.0
7387500185,2.0,1.0,1140.0,5500.0,1.0,0.0,0.0,3,6,1140.0,0.0,1947,0.0,98106,47.5187,-122.363,1110.0,5500.0,2014-05-21,249900.0
1626079132,3.0,2.5,2520.0,53143.0,1.5,0.0,0.0,3,7,2520.0,0.0,1988,0.0,98019,47.743,-121.925,2020.0,56628.0,2014-06-05,499500.0
8854100130,5.0,3.5,3150.0,10542.0,1.0,0.0,0.0,5,9,1620.0,1530.0,1974,0.0,98011,47.7469,-122.217,3150.0,11807.0,2014-09-11,600000.0
2123049142,4.0,2.5,2040.0,7800.0,2.0,0.0,0.0,3,7,2040.0,0.0,2003,0.0,98168,47.473,-122.293,1860.0,10954.0,2014-08-14,294000.0
3423059109,4.0,2.0,1780.0,19843.0,1.0,,0.0,3,7,1780.0,0.0,1963,0.0,98058,47.4414,-122.154,2210.0,13500.0,2015-04-15,272000.0
5631500992,3.0,2.5,2240.0,10800.0,2.0,0.0,0.0,3,8,2240.0,0.0,1996,0.0,98028,47.7433,-122.229,1900.0,9900.0,2014-05-15,390000.0
6641800020,4.0,2.5,3270.0,9650.0,1.0,0.0,3.0,4,9,2320.0,950.0,1971,0.0,98166,47.409,-122.333,2340.0,17357.0,2015-01-09,700000.0
7853301700,5.0,2.75,3110.0,6621.0,2.0,,0.0,3,9,3110.0,0.0,2006,0.0,98065,47.543,-121.888,3550.0,7953.0,2015-04-20,635000.0
2158900290,4.0,1.5,1850.0,3600.0,2.0,0.0,0.0,3,8,1660.0,190.0,1929,0.0,98112,47.6376,-122.307,1970.0,3600.0,2015-04-16,920000.0
2273600250,3.0,1.75,1570.0,8530.0,1.0,0.0,0.0,4,7,1190.0,380.0,1983,0.0,98033,47.6881,-122.184,1530.0,8708.0,2014-08-04,500000.0
3298700840,2.0,1.0,750.0,4515.0,1.0,0.0,0.0,3,6,750.0,0.0,1942,0.0,98106,47.5198,-122.351,1020.0,5000.0,2014-08-21,263500.0
5450500010,4.0,2.25,2240.0,9990.0,2.0,0.0,0.0,4,10,2240.0,0.0,1967,0.0,98040,47.5516,-122.217,2600.0,11480.0,2015-03-13,975000.0
3629870020,3.0,2.5,1870.0,3485.0,2.0,,0.0,3,8,1870.0,0.0,2001,0.0,98029,47.5493,-122.004,1940.0,3485.0,2014-11-14,575000.0
8856700130,4.0,2.5,2683.0,40386.0,2.0,0.0,0.0,4,9,2683.0,0.0,1987,0.0,98052,47.6982,-122.138,2683.0,34800.0,2014-06-12,822000.0
6381502155,3.0,1.0,1490.0,7200.0,1.0,0.0,0.0,3,7,1490.0,0.0,1954,0.0,98125,47.7276,-122.307,1280.0,7200.0,2015-01-16,300000.0
1443550080,4.0,2.5,2340.0,12080.0,2.0,0.0,0.0,3,8,2340.0,0.0,1999,0.0,98019,47.7325,-121.969,2200.0,12403.0,2015-03-30,487600.0
2205700345,4.0,2.0,1700.0,8640.0,1.0,0.0,0.0,3,7,850.0,850.0,1955,20100.0,98006,47.5774,-122.153,1620.0,9000.0,2014-07-07,500000.0
6926700660,2.0,2.0,1450.0,989.0,3.0,0.0,0.0,3,9,1450.0,,2014,0.0,98109,47.6354,-122.346,1490.0,1240.0,2014-09-11,680000.0
3279050130,3.0,2.5,3310.0,21096.0,2.0,,2.0,3,9,3310.0,0.0,2004,0.0,98023,47.3049,-122.386,3310.0,13835.0,2014-09-10,419000.0
2770606890,4.0,1.75,1520.0,5250.0,1.0,0.0,0.0,3,6,1520.0,0.0,1949,0.0,98199,47.6581,-122.39,1530.0,5250.0,2014-08-07,450000.0
2867100190,5.0,1.75,1260.0,4500.0,1.5,0.0,0.0,3,7,1260.0,0.0,1926,0.0,98119,47.6452,-122.369,1410.0,4388.0,2014-06-18,650000.0
8562600190,3.0,1.75,1840.0,8086.0,1.0,0.0,0.0,4,8,1840.0,0.0,1964,0.0,98052,47.67,-122.155,1840.0,8060.0,2014-06-23,550000.0
5680000545,4.0,2.0,1750.0,5202.0,1.0,0.0,1.0,4,6,1070.0,680.0,1942,0.0,98108,47.5677,-122.317,2090.0,5400.0,2014-12-03,330000.0
1922059027,4.0,1.0,1450.0,32234.0,1.5,0.0,0.0,4,6,1450.0,0.0,1932,0.0,98030,47.3818,-122.21,1530.0,10125.0,2015-01-23,282510.0
1725059316,4.0,4.0,6330.0,13296.0,2.0,0.0,2.0,3,13,4900.0,1430.0,2000,0.0,98033,47.6488,-122.201,2200.0,9196.0,2014-11-20,2390000.0
3275300440,2.0,2.0,1260.0,10200.0,1.0,0.0,0.0,3,7,1020.0,240.0,1983,0.0,98003,47.2593,-122.312,1560.0,10200.0,2014-11-20,230000.0
952001735,4.0,1.75,2100.0,6613.0,2.0,0.0,0.0,3,8,2100.0,0.0,1909,20040.0,98116,47.567,-122.385,1630.0,5750.0,2014-10-04,750000.0
1402950190,4.0,2.5,2430.0,5366.0,2.0,0.0,0.0,3,8,2430.0,0.0,2002,0.0,98092,47.3352,-122.19,2100.0,5414.0,2014-09-16,321000.0
4045100190,4.0,3.25,4250.0,18000.0,2.0,0.0,3.0,5,10,3350.0,900.0,1980,0.0,98040,47.5612,-122.229,3790.0,14537.0,2014-10-27,2200000.0
1207200010,4.0,2.0,1830.0,10416.0,1.0,0.0,0.0,3,7,1370.0,460.0,1958,0.0,98146,47.4878,-122.341,1830.0,9271.0,2015-03-18,245000.0
6815100095,2.0,1.0,1310.0,4000.0,1.0,0.0,0.0,3,6,1310.0,0.0,1913,0.0,98103,47.6854,-122.329,1550.0,4000.0,2014-12-23,510000.0
3825310130,4.0,3.25,3090.0,9571.0,2.0,0.0,0.0,3,9,2370.0,720.0,2004,0.0,98052,47.7058,-122.131,3630.0,9110.0,2014-06-24,751000.0
3276930380,4.0,2.5,2560.0,36601.0,2.0,,0.0,4,9,2560.0,0.0,1987,0.0,98075,47.5851,-121.992,2790.0,36601.0,2014-05-23,675000.0
8937600080,3.0,1.75,1930.0,13350.0,1.0,,0.0,3,8,1930.0,0.0,1967,0.0,98023,47.3317,-122.365,2270.0,13350.0,2015-01-26,295000.0
8024200010,2.0,1.0,1460.0,6000.0,1.0,0.0,0.0,2,7,1260.0,200.0,1925,0.0,98115,47.7009,-122.317,1580.0,6380.0,2014-10-28,312000.0
624110020,3.0,3.0,3460.0,13129.0,2.0,0.0,0.0,3,9,2560.0,900.0,1988,0.0,98077,47.7315,-122.058,3460.0,12568.0,2014-09-25,730000.0
6192410280,5.0,3.5,3290.0,5880.0,2.0,,0.0,3,9,2670.0,620.0,2005,0.0,98052,47.7067,-122.119,3090.0,5680.0,2015-01-02,762500.0
4302201045,3.0,1.0,820.0,7680.0,1.5,0.0,0.0,3,6,820.0,0.0,1910,0.0,98106,47.528,-122.359,1470.0,6912.0,2014-05-28,150000.0
507100020,3.0,1.0,1480.0,7374.0,1.0,0.0,0.0,3,6,760.0,720.0,1954,0.0,98133,47.7775,-122.336,1480.0,8934.0,2015-03-09,270000.0
259600280,4.0,2.0,1420.0,9301.0,1.0,0.0,0.0,4,7,1420.0,0.0,1963,0.0,98008,47.6325,-122.121,1530.0,8075.0,2015-04-06,400000.0
7691800130,3.0,2.5,2790.0,6720.0,2.0,0.0,0.0,3,8,2790.0,,2002,0.0,98075,47.5958,-122.038,2620.0,6720.0,2014-08-26,650000.0
2056100275,2.0,1.5,1390.0,5000.0,1.0,0.0,0.0,4,8,970.0,420.0,1954,0.0,98116,47.5673,-122.401,1610.0,5000.0,2014-10-06,530000.0
2202500080,3.0,1.0,950.0,9400.0,1.0,0.0,0.0,4,7,950.0,0.0,1954,0.0,98006,47.5746,-122.136,1260.0,9400.0,2014-06-30,248000.0
3179102155,4.0,3.5,3000.0,5300.0,1.0,0.0,0.0,5,7,1780.0,1220.0,1949,0.0,98115,47.6748,-122.279,1360.0,5450.0,2015-01-08,760000.0
937000280,4.0,1.0,1280.0,10521.0,1.5,0.0,0.0,3,7,1280.0,0.0,1960,0.0,98198,47.4215,-122.289,1540.0,9384.0,2015-02-20,199000.0
5379805253,2.0,1.0,870.0,8400.0,1.0,0.0,0.0,3,7,870.0,0.0,1960,0.0,98188,47.4493,-122.282,1070.0,12465.0,2014-10-20,240000.0
6821102340,3.0,1.5,1360.0,1795.0,2.0,0.0,0.0,3,7,1360.0,0.0,1945,0.0,98199,47.6471,-122.397,1580.0,1795.0,2015-05-04,415000.0
7229900250,3.0,1.0,1000.0,16376.0,1.0,0.0,0.0,3,7,1000.0,0.0,1959,0.0,98059,47.4825,-122.108,1420.0,16192.0,2014-12-02,228000.0
7287100177,4.0,2.5,2740.0,12106.0,1.0,0.0,0.0,3,8,1980.0,760.0,1992,0.0,98133,47.7648,-122.355,2170.0,11156.0,2015-02-25,525000.0
8820900670,3.0,1.75,1560.0,5223.0,1.0,0.0,0.0,4,7,810.0,750.0,1940,0.0,98125,47.7175,-122.288,1440.0,8491.0,2014-06-23,399950.0
3275850020,4.0,2.5,2590.0,8571.0,2.0,0.0,0.0,3,9,2590.0,0.0,1988,0.0,98052,47.691,-122.105,2360.0,8155.0,2015-04-13,781000.0
9528100899,3.0,2.5,1850.0,1330.0,2.5,0.0,0.0,3,9,1560.0,290.0,2004,0.0,98115,47.6831,-122.325,1810.0,2071.0,2015-04-28,827000.0
7016000440,5.0,2.25,2500.0,8621.0,1.5,0.0,0.0,4,7,2500.0,0.0,1968,0.0,98034,47.7379,-122.185,1980.0,7395.0,2014-07-16,525000.0
7202340010,4.0,2.5,3280.0,5232.0,2.0,0.0,0.0,3,7,3280.0,0.0,2004,0.0,98053,47.6798,-122.033,2600.0,5080.0,2015-02-24,671300.0
6911700066,2.0,1.0,670.0,2378.0,1.0,0.0,0.0,3,5,670.0,0.0,1919,0.0,98126,47.5769,-122.372,700.0,2970.0,2014-06-04,175000.0
7511000050,5.0,2.75,2890.0,22547.0,1.0,0.0,0.0,4,10,2150.0,740.0,1963,0.0,98040,47.5476,-122.219,3010.0,17809.0,2015-03-02,1100000.0
2925059260,5.0,2.5,3000.0,10560.0,1.0,,0.0,3,8,1500.0,1500.0,1966,0.0,98004,47.6249,-122.206,2690.0,11616.0,2015-05-06,800000.0
3558000170,4.0,2.5,1920.0,4600.0,2.0,,0.0,3,7,1920.0,0.0,2002,0.0,98038,47.3795,-122.023,2200.0,6600.0,2014-07-11,329950.0
8651730290,4.0,3.25,1960.0,7200.0,2.0,0.0,0.0,3,7,1960.0,0.0,1979,0.0,98034,47.7291,-122.218,1980.0,7529.0,2014-08-05,445000.0
9197100263,3.0,1.75,2000.0,12208.0,1.0,,0.0,3,7,1140.0,860.0,1979,0.0,98032,47.3752,-122.236,1060.0,8194.0,2014-08-19,237000.0
8941100095,6.0,4.0,3600.0,6224.0,2.0,,0.0,3,9,2610.0,990.0,1945,20060.0,98199,47.6531,-122.405,1430.0,6224.0,2014-09-23,1110000.0
2781100080,4.0,2.5,2740.0,5700.0,2.0,0.0,0.0,3,9,2740.0,,2006,0.0,98038,47.3535,-122.026,3010.0,5281.0,2014-12-10,438900.0
9822700190,9.0,4.5,3650.0,5000.0,2.0,0.0,0.0,3,8,2530.0,1120.0,1915,20100.0,98105,47.6604,-122.289,2510.0,5000.0,2014-08-08,1280000.0
3630030290,4.0,2.5,2310.0,3866.0,2.0,0.0,0.0,3,8,2310.0,,2005,0.0,98029,47.5498,-121.996,1950.0,4023.0,2014-10-17,600000.0
9510910250,4.0,2.5,2095.0,4569.0,2.0,0.0,0.0,3,9,2095.0,0.0,2002,0.0,98052,47.6603,-122.087,2095.0,4385.0,2015-01-20,670000.0
8682231330,2.0,2.0,1560.0,4823.0,1.0,,0.0,3,8,1560.0,0.0,2004,0.0,98053,47.7111,-122.032,1855.0,4989.0,2015-05-04,519000.0
2473480780,3.0,2.25,1880.0,7350.0,1.0,0.0,0.0,3,8,1390.0,490.0,1984,0.0,98058,47.4457,-122.123,1910.0,8400.0,2015-03-11,320000.0
8641500280,2.0,1.5,840.0,867.0,2.0,0.0,0.0,3,7,840.0,0.0,2005,0.0,98115,47.6955,-122.304,840.0,1322.0,2014-05-22,270000.0
7605800050,3.0,2.5,2730.0,5832.0,2.0,0.0,0.0,3,9,2730.0,0.0,1998,0.0,98005,47.6216,-122.161,2360.0,5832.0,2014-06-02,1000000.0
9828200525,1.0,1.0,860.0,4800.0,1.0,0.0,0.0,3,6,860.0,,1907,0.0,98122,47.6146,-122.299,1380.0,4800.0,2014-08-15,330000.0
7971300050,3.0,2.0,2320.0,10960.0,1.0,0.0,0.0,3,7,1510.0,810.0,1956,0.0,98005,47.6157,-122.174,2160.0,10960.0,2014-07-10,657500.0
126049169,3.0,1.75,1540.0,61419.0,1.0,0.0,0.0,3,7,1540.0,0.0,1967,0.0,98028,47.7663,-122.228,3790.0,8529.0,2014-08-28,450000.0
5062300280,3.0,1.0,890.0,6488.0,1.5,0.0,0.0,3,5,890.0,0.0,1928,0.0,98014,47.7087,-121.352,1330.0,16250.0,2015-04-16,150000.0
7167000020,4.0,2.5,4290.0,175421.0,2.0,0.0,0.0,3,10,4290.0,0.0,2004,0.0,98010,47.3585,-121.988,3370.0,63162.0,2014-06-16,792500.0
3303910010,3.0,2.5,1950.0,13227.0,2.0,0.0,0.0,4,9,1950.0,0.0,1978,0.0,98034,47.7217,-122.256,2650.0,12943.0,2015-02-20,540000.0
2268000050,3.0,1.0,1010.0,8848.0,1.0,0.0,0.0,4,7,1010.0,0.0,1968,0.0,98003,47.2742,-122.299,1380.0,10650.0,2014-07-21,229900.0
8857640170,4.0,2.5,2830.0,6536.0,2.0,0.0,0.0,3,8,2830.0,0.0,2003,0.0,98038,47.3888,-122.032,2830.0,6872.0,2015-05-06,533000.0
7806210190,4.0,1.75,1500.0,12560.0,1.0,0.0,0.0,4,7,1000.0,500.0,1977,0.0,98002,47.2918,-122.197,1700.0,9020.0,2014-12-22,239000.0
9206700190,3.0,2.5,3370.0,167706.0,1.0,0.0,0.0,3,10,3370.0,0.0,2000,0.0,98038,47.4379,-122.022,3350.0,213444.0,2015-03-06,713900.0
4136930190,4.0,2.5,3160.0,8726.0,2.0,0.0,0.0,3,9,3160.0,0.0,1999,0.0,98092,47.2582,-122.223,2500.0,8648.0,2014-10-28,427500.0
5666300010,3.0,1.0,1110.0,7000.0,1.5,0.0,0.0,4,7,1110.0,0.0,1955,0.0,98133,47.754,-122.341,1800.0,7000.0,2014-07-22,302000.0
1424059022,3.0,2.5,3830.0,48743.0,2.0,0.0,0.0,3,11,3830.0,0.0,1991,0.0,98006,47.5663,-122.125,2950.0,8299.0,2014-07-08,1150000.0
6204050080,3.0,2.5,3160.0,4270.0,2.0,0.0,0.0,3,8,2650.0,510.0,2006,0.0,98011,47.7453,-122.194,2720.0,12523.0,2014-05-28,555000.0
7128300500,3.0,2.25,2100.0,3000.0,2.0,0.0,0.0,3,7,2100.0,0.0,1996,0.0,98144,47.595,-122.306,1650.0,4500.0,2014-12-30,495000.0
1233100642,3.0,1.5,2240.0,13288.0,1.0,,0.0,3,7,2240.0,0.0,1953,0.0,98033,47.6762,-122.17,2150.0,9900.0,2014-07-22,495000.0
222029026,2.0,0.75,1060.0,48292.0,1.0,1.0,2.0,5,6,560.0,500.0,1947,0.0,98070,47.4285,-122.511,750.0,80201.0,2014-09-17,340000.0
9485940290,4.0,2.25,2350.0,36116.0,1.0,0.0,0.0,4,9,2350.0,0.0,1983,0.0,98042,47.3533,-122.082,2580.0,36116.0,2015-05-12,464950.0
4136890280,4.0,2.5,1940.0,7040.0,2.0,0.0,0.0,3,8,1940.0,0.0,1998,0.0,98092,47.2632,-122.209,2400.0,7145.0,2015-03-27,320000.0
1775500050,1.0,1.0,1160.0,64469.0,1.0,0.0,0.0,3,7,1160.0,0.0,2009,0.0,98072,47.7433,-122.082,1580.0,48352.0,2015-01-29,440000.0
7611200086,3.0,1.5,1840.0,9990.0,2.0,0.0,0.0,5,8,1840.0,0.0,1961,0.0,98177,47.7145,-122.369,2100.0,12474.0,2014-06-02,686000.0
3376600010,4.0,1.75,2260.0,11000.0,1.0,0.0,0.0,3,8,1620.0,640.0,1976,0.0,98008,47.6224,-122.109,1960.0,10000.0,2014-12-01,555000.0
7519001990,2.0,1.0,840.0,3860.0,1.0,0.0,0.0,4,6,840.0,0.0,1909,0.0,98117,47.6842,-122.365,1390.0,3860.0,2014-10-27,361500.0
7613700950,5.0,3.0,2830.0,7500.0,2.0,0.0,0.0,3,9,2460.0,370.0,1923,0.0,98105,47.6579,-122.277,2900.0,5000.0,2014-06-10,1240000.0
3802000020,4.0,1.0,1600.0,10183.0,1.0,,0.0,4,6,1600.0,0.0,1966,0.0,98002,47.277,-122.211,1410.0,10416.0,2014-07-09,154950.0
1796360470,3.0,1.75,1370.0,8719.0,1.0,0.0,0.0,3,7,1370.0,0.0,1982,0.0,98042,47.3664,-122.087,1370.0,7525.0,2014-06-17,247200.0
8732160050,3.0,2.25,1960.0,7414.0,1.0,0.0,0.0,3,7,1490.0,470.0,1984,0.0,98023,47.2977,-122.374,1580.0,8038.0,2014-08-22,250000.0
5249800345,3.0,1.5,1470.0,7200.0,2.0,0.0,0.0,4,7,1470.0,0.0,1907,0.0,98118,47.5602,-122.28,1530.0,7200.0,2014-06-19,590300.0
6071200545,5.0,2.75,2740.0,8426.0,1.0,0.0,0.0,4,8,1370.0,1370.0,1960,0.0,98006,47.5563,-122.184,2020.0,8783.0,2014-05-05,541125.0
291300280,2.0,2.5,1090.0,923.0,2.0,,0.0,3,7,1090.0,0.0,2004,0.0,98027,47.5347,-122.071,1410.0,1326.0,2015-02-18,310000.0
3261000080,4.0,2.75,2460.0,9520.0,1.0,0.0,1.0,3,8,1680.0,780.0,1976,0.0,98034,47.7021,-122.233,2380.0,9600.0,2015-03-10,704111.0
321049127,3.0,2.25,1820.0,19602.0,1.0,0.0,0.0,4,7,1820.0,0.0,1964,0.0,98001,47.331,-122.286,1520.0,8773.0,2014-10-28,277500.0
5379804393,4.0,2.75,1960.0,8937.0,1.0,,0.0,5,7,980.0,980.0,1954,0.0,98188,47.451,-122.278,1480.0,10016.0,2015-02-17,325000.0
1559900080,3.0,2.25,1760.0,7023.0,2.0,0.0,0.0,3,7,1760.0,0.0,1995,0.0,98019,47.7468,-121.98,1760.0,7082.0,2014-11-21,289200.0
7135300275,1.0,1.0,720.0,5000.0,1.0,0.0,0.0,4,6,720.0,0.0,1908,0.0,98118,47.5289,-122.272,1170.0,5000.0,2014-09-04,185000.0
1377300005,4.0,3.5,3470.0,8580.0,2.0,0.0,0.0,3,11,2500.0,970.0,2007,0.0,98199,47.6433,-122.403,1940.0,7920.0,2015-04-01,1450000.0
6668900020,4.0,2.0,1370.0,8100.0,1.0,,0.0,2,7,1370.0,0.0,1947,0.0,98155,47.749,-122.312,1280.0,8100.0,2015-03-18,420550.0
326049024,4.0,2.25,2370.0,11310.0,1.0,0.0,0.0,3,8,1550.0,820.0,1968,0.0,98155,47.7684,-122.289,1890.0,8621.0,2015-04-10,603000.0
7942600006,3.0,1.0,1390.0,2640.0,1.5,,0.0,3,7,1230.0,160.0,1903,0.0,98122,47.6078,-122.307,1780.0,3920.0,2014-11-26,345000.0
6430500233,3.0,2.0,1840.0,3075.0,1.0,0.0,0.0,5,7,920.0,920.0,1928,0.0,98103,47.6894,-122.35,1480.0,3774.0,2015-04-16,650000.0
7701800050,5.0,3.0,2790.0,19439.0,1.0,0.0,3.0,5,7,1500.0,1290.0,1973,0.0,98058,47.4088,-122.089,1620.0,19439.0,2014-06-25,589950.0
8165501640,2.0,2.25,1460.0,1607.0,2.0,0.0,0.0,3,8,1460.0,0.0,2007,0.0,98106,47.5395,-122.369,1460.0,1826.0,2014-08-19,309950.0
2623069069,3.0,2.5,2620.0,241200.0,1.5,,0.0,4,9,2620.0,0.0,1998,0.0,98027,47.4574,-122.01,2620.0,172933.0,2014-09-11,775000.0
8024201870,4.0,1.5,2230.0,5109.0,1.5,0.0,0.0,3,7,1330.0,900.0,1918,0.0,98115,47.6996,-122.31,1630.0,5109.0,2014-10-29,590000.0
9126101511,4.0,3.0,3250.0,2760.0,2.5,0.0,0.0,3,8,2420.0,830.0,1905,20070.0,98122,47.6104,-122.303,1260.0,2780.0,2015-04-28,863500.0
1377800010,3.0,1.0,1190.0,7000.0,1.0,,0.0,3,7,1190.0,0.0,1943,0.0,98199,47.6453,-122.403,1350.0,7000.0,2014-11-19,517500.0
6813600380,3.0,3.0,2090.0,7440.0,1.5,0.0,0.0,5,7,1290.0,800.0,1922,0.0,98103,47.6891,-122.331,1570.0,4960.0,2014-12-24,700000.0
923000280,3.0,2.5,2580.0,8154.0,1.0,0.0,0.0,3,10,2090.0,490.0,1956,19970.0,98177,47.7259,-122.361,1660.0,8155.0,2014-07-22,699000.0
255550190,3.0,2.5,2100.0,3574.0,2.0,0.0,0.0,3,7,1690.0,410.0,2005,0.0,98019,47.7453,-121.984,1970.0,2962.0,2014-07-22,350000.0
1829300130,4.0,2.5,3160.0,16564.0,2.0,0.0,0.0,3,10,3160.0,0.0,1987,0.0,98074,47.6365,-122.04,3160.0,12415.0,2014-07-17,795000.0
3645500050,3.0,2.5,2090.0,7640.0,1.0,0.0,0.0,3,7,1360.0,730.0,1962,20140.0,98133,47.7369,-122.338,2090.0,7668.0,2014-05-14,543000.0
1518000080,3.0,2.5,1570.0,3143.0,2.0,0.0,0.0,3,7,1570.0,0.0,2001,0.0,98019,47.7364,-121.969,1740.0,3591.0,2015-02-23,325000.0
7883605915,3.0,1.0,1020.0,6000.0,1.5,0.0,0.0,3,7,1020.0,0.0,1900,0.0,98108,47.5254,-122.318,1240.0,6000.0,2015-05-08,337500.0
1112700170,2.0,1.0,1300.0,11080.0,1.0,,0.0,4,7,1300.0,0.0,1955,0.0,98034,47.7281,-122.233,1600.0,9259.0,2015-02-27,425000.0
8965500020,3.0,2.5,2110.0,9773.0,1.0,0.0,0.0,3,9,2110.0,0.0,1986,0.0,98006,47.5628,-122.115,2560.0,11787.0,2015-03-17,780000.0
323059167,2.0,1.0,1210.0,17389.0,1.0,0.0,0.0,4,5,1210.0,0.0,1948,0.0,98059,47.5044,-122.148,2140.0,14419.0,2014-07-23,259000.0
1951700480,4.0,1.75,1990.0,12950.0,1.0,,0.0,4,8,1850.0,140.0,1968,0.0,98006,47.5434,-122.166,2090.0,12850.0,2014-08-13,524400.0
2005950050,3.0,2.0,1630.0,8018.0,1.0,0.0,0.0,3,7,1630.0,0.0,2003,0.0,98001,47.2638,-122.243,1610.0,8397.0,2014-05-27,260000.0
9406500480,2.0,2.0,1384.0,1822.0,2.0,0.0,0.0,3,7,1384.0,0.0,1990,0.0,98028,47.7525,-122.244,1078.0,1315.0,2015-04-20,273000.0
3522049063,4.0,2.5,3380.0,75794.0,2.0,0.0,0.0,3,10,3380.0,,1997,0.0,98001,47.3511,-122.266,3710.0,17913.0,2015-04-02,639900.0
2085700050,4.0,2.5,2480.0,8626.0,2.0,0.0,0.0,3,10,2480.0,0.0,2001,0.0,98001,47.3185,-122.262,2990.0,9033.0,2014-08-26,420000.0
6751300130,3.0,1.0,1270.0,8000.0,1.0,0.0,0.0,4,7,1270.0,0.0,1957,0.0,98007,47.5874,-122.136,1470.0,8000.0,2014-08-13,510500.0
2610100020,4.0,1.0,1010.0,7200.0,1.5,0.0,0.0,3,6,1010.0,0.0,1947,0.0,98155,47.742,-122.325,1360.0,7200.0,2015-04-08,290000.0
9476200680,3.0,1.75,1490.0,6269.0,1.0,0.0,0.0,4,6,990.0,500.0,1944,0.0,98056,47.4917,-122.188,1490.0,7722.0,2015-04-28,226000.0
6145600285,2.0,1.0,820.0,3844.0,1.0,0.0,0.0,4,6,820.0,0.0,1916,0.0,98133,47.7049,-122.349,1520.0,3844.0,2014-05-29,300000.0
203900460,3.0,2.0,1810.0,10860.0,1.0,0.0,0.0,3,7,1810.0,0.0,1967,0.0,98053,47.6393,-121.967,1420.0,11982.0,2014-07-28,407450.0
7878400022,4.0,2.25,3060.0,7920.0,1.0,0.0,0.0,3,7,1530.0,1530.0,1965,0.0,98178,47.4879,-122.245,1850.0,7800.0,2015-05-06,390000.0
3585900460,6.0,2.75,2980.0,20000.0,1.0,0.0,4.0,3,8,2130.0,850.0,1965,0.0,98177,47.7599,-122.375,2730.0,20000.0,2015-05-01,1060000.0
1321720170,3.0,2.5,3440.0,18167.0,2.0,0.0,0.0,3,11,3440.0,0.0,1991,0.0,98023,47.2909,-122.342,3990.0,20239.0,2014-08-17,610000.0
236400130,3.0,2.5,1820.0,7242.0,1.0,,0.0,3,7,1220.0,600.0,1959,0.0,98188,47.4318,-122.292,1350.0,8214.0,2015-01-23,239975.0
4141680190,3.0,2.5,2320.0,5760.0,1.0,0.0,0.0,3,7,1480.0,840.0,1987,0.0,98178,47.504,-122.248,1660.0,5762.0,2014-08-07,375000.0
3629980440,4.0,2.5,2620.0,4400.0,2.0,0.0,0.0,3,9,2620.0,0.0,2004,0.0,98029,47.5524,-121.991,2640.0,4554.0,2015-04-28,742500.0
1223039173,4.0,1.75,2190.0,11625.0,1.0,0.0,0.0,4,8,2020.0,170.0,1956,0.0,98146,47.4979,-122.363,1920.0,8855.0,2015-04-29,450000.0
2473000130,3.0,2.25,1780.0,10395.0,1.0,0.0,0.0,3,8,1780.0,0.0,1967,0.0,98058,47.4539,-122.15,2080.0,9360.0,2014-06-26,300000.0
2893000280,3.0,1.75,2200.0,7700.0,1.0,0.0,0.0,3,7,1240.0,960.0,1975,0.0,98031,47.4119,-122.181,1770.0,7360.0,2015-05-01,216600.0
7977201845,3.0,1.75,1600.0,6120.0,1.5,0.0,0.0,3,7,1600.0,0.0,1924,0.0,98115,47.6847,-122.291,1670.0,4590.0,2014-05-14,525000.0
4197400005,4.0,2.25,2450.0,21000.0,1.0,0.0,2.0,4,8,1650.0,800.0,1954,0.0,98166,47.4559,-122.344,1820.0,12480.0,2014-06-20,455000.0
5561200980,4.0,2.25,2680.0,35218.0,2.0,0.0,0.0,3,8,2680.0,0.0,1986,0.0,98027,47.4613,-121.997,2980.0,35218.0,2014-10-03,390000.0
3039000020,3.0,1.75,1850.0,8667.0,1.0,,0.0,4,7,880.0,970.0,1982,0.0,98033,47.7025,-122.198,1450.0,10530.0,2014-09-16,450000.0
6840701100,4.0,1.0,1740.0,4400.0,1.5,,0.0,3,7,1740.0,0.0,1924,0.0,98122,47.6058,-122.3,1590.0,4400.0,2014-12-02,382000.0
2130410050,3.0,2.25,1490.0,9600.0,1.0,0.0,0.0,4,7,1170.0,320.0,1987,0.0,98019,47.7378,-121.977,1590.0,10104.0,2014-05-13,287000.0
1924079091,4.0,2.0,1960.0,190357.0,1.0,0.0,3.0,2,8,1960.0,0.0,1971,0.0,98027,47.5538,-121.958,2560.0,189100.0,2015-01-13,460000.0
3570300080,3.0,2.25,1380.0,3015.0,2.0,0.0,0.0,3,7,1380.0,0.0,2009,0.0,98052,47.6783,-122.157,1930.0,3612.0,2014-10-28,435000.0
2321300351,2.0,1.0,1510.0,4032.0,1.5,0.0,0.0,3,8,1310.0,200.0,1935,0.0,98199,47.6371,-122.393,1700.0,4042.0,2014-06-12,575000.0
2652501630,3.0,1.5,1410.0,3600.0,1.0,0.0,0.0,3,7,1410.0,0.0,1906,0.0,98109,47.6402,-122.357,1370.0,3600.0,2015-05-04,626700.0
3810000020,4.0,1.5,1440.0,8680.0,1.5,0.0,0.0,3,7,1440.0,0.0,1922,0.0,98178,47.502,-122.228,1440.0,9000.0,2015-03-18,352000.0
8084400010,3.0,1.0,920.0,6750.0,1.0,,0.0,4,7,920.0,0.0,1951,0.0,98004,47.6322,-122.212,1460.0,8933.0,2015-03-16,650000.0
304000380,3.0,1.0,1090.0,17630.0,1.0,0.0,0.0,4,7,1090.0,0.0,1962,0.0,98002,47.288,-122.196,1300.0,12000.0,2014-10-06,197000.0
1873400020,8.0,2.75,2790.0,6695.0,1.0,,0.0,3,7,1470.0,1320.0,1977,0.0,98133,47.7565,-122.331,1760.0,7624.0,2014-07-03,340000.0
4359700080,3.0,2.0,1840.0,14985.0,1.0,0.0,0.0,3,7,1840.0,0.0,1968,0.0,98033,47.6916,-122.158,2300.0,16067.0,2014-07-21,560000.0
1727500010,3.0,1.75,1340.0,6300.0,1.0,0.0,0.0,3,7,1340.0,0.0,1972,0.0,98034,47.7186,-122.218,1780.0,7200.0,2015-01-07,354000.0
8651610680,4.0,2.5,2570.0,9086.0,2.0,0.0,0.0,3,9,2570.0,0.0,1999,0.0,98074,47.6373,-122.064,2760.0,6733.0,2014-08-01,670000.0
3629970190,4.0,3.5,3010.0,6202.0,2.0,0.0,0.0,3,9,3010.0,0.0,2005,0.0,98029,47.5533,-121.993,2520.0,5001.0,2015-01-26,769000.0
9136102057,4.0,2.5,2160.0,3139.0,1.0,0.0,0.0,3,7,1080.0,1080.0,1940,0.0,98103,47.6662,-122.338,1650.0,3740.0,2014-09-05,650000.0
1266200130,3.0,1.75,2140.0,9484.0,1.0,,0.0,3,7,1290.0,850.0,1953,0.0,98004,47.6234,-122.191,1960.0,9630.0,2014-06-15,650000.0
2787310130,4.0,1.75,2090.0,7416.0,1.0,0.0,0.0,4,7,1050.0,1040.0,1970,0.0,98031,47.4107,-122.179,1710.0,7527.0,2014-12-12,289950.0
8645511350,3.0,1.75,1810.0,21138.0,1.0,0.0,0.0,4,7,1240.0,570.0,1977,0.0,98058,47.4674,-122.178,1850.0,12200.0,2014-12-01,300000.0
9284801435,4.0,1.75,1760.0,5750.0,1.0,0.0,2.0,5,7,1070.0,690.0,1962,0.0,98126,47.5521,-122.373,1860.0,5750.0,2014-12-03,471000.0
3905010010,4.0,2.5,2500.0,8540.0,2.0,0.0,0.0,3,9,2500.0,0.0,1990,0.0,98029,47.5759,-121.994,2560.0,8475.0,2014-07-18,639000.0
4058801310,2.0,1.0,930.0,6900.0,1.0,0.0,2.0,3,7,930.0,0.0,1952,0.0,98178,47.506,-122.242,1910.0,7194.0,2014-10-09,287000.0
6705850020,4.0,2.5,3030.0,8335.0,2.0,0.0,0.0,3,10,3030.0,0.0,1992,0.0,98075,47.578,-122.056,2850.0,8678.0,2015-04-01,740000.0
1623800440,3.0,2.0,1460.0,3000.0,1.0,0.0,0.0,4,7,940.0,520.0,1990,0.0,98117,47.682,-122.365,1460.0,3000.0,2015-04-17,499922.0
3904902500,4.0,2.5,2940.0,14071.0,2.0,0.0,0.0,3,9,2940.0,0.0,1986,0.0,98029,47.5627,-122.018,2670.0,10982.0,2014-12-19,675000.0
7308600050,5.0,2.75,3360.0,9200.0,2.0,0.0,0.0,3,9,3360.0,0.0,2014,0.0,98011,47.7754,-122.173,3360.0,9713.0,2014-09-09,738515.0
5679501310,3.0,1.75,2110.0,4800.0,1.0,0.0,0.0,3,8,1210.0,900.0,1956,0.0,98108,47.567,-122.318,1660.0,4800.0,2014-10-30,445000.0
3935900005,4.0,2.25,2740.0,11343.0,1.0,0.0,2.0,5,10,1980.0,760.0,1953,0.0,98125,47.7117,-122.278,2790.0,10027.0,2015-05-01,1040000.0
3726800285,2.0,1.0,1070.0,2196.0,1.0,0.0,0.0,4,7,880.0,190.0,1917,0.0,98144,47.5726,-122.308,1160.0,3600.0,2014-10-01,346000.0
1183000005,3.0,2.0,1680.0,4886.0,2.0,,0.0,3,7,1180.0,500.0,1940,0.0,98118,47.5536,-122.286,1400.0,4900.0,2015-04-08,450000.0
5469502780,4.0,2.5,2260.0,13755.0,1.0,0.0,0.0,4,9,2260.0,0.0,1975,0.0,98042,47.3767,-122.161,2650.0,13650.0,2014-08-12,350000.0
9185700440,4.0,3.5,5860.0,7200.0,2.0,0.0,0.0,5,10,3690.0,2170.0,1907,0.0,98112,47.6287,-122.287,4150.0,7200.0,2014-07-28,2400000.0
629600130,4.0,2.25,2380.0,35008.0,1.0,,0.0,3,8,2380.0,0.0,1977,0.0,98075,47.5834,-122.001,2250.0,34794.0,2014-08-01,594950.0
9178601660,5.0,3.0,3320.0,5354.0,2.0,,0.0,3,9,3320.0,0.0,2004,0.0,98103,47.6542,-122.331,2330.0,4040.0,2015-05-14,1700000.0
2191600780,2.0,1.0,1050.0,9000.0,1.5,0.0,0.0,4,7,1050.0,0.0,1984,0.0,98003,47.2887,-122.299,1550.0,9600.0,2014-10-10,219000.0
7852180430,4.0,2.5,2070.0,3982.0,2.0,0.0,0.0,3,7,2070.0,0.0,2004,0.0,98065,47.531,-121.854,2340.0,4067.0,2015-04-09,450000.0
8155820080,4.0,2.25,1790.0,7311.0,2.0,0.0,0.0,3,7,1790.0,0.0,1992,0.0,98056,47.5055,-122.189,1400.0,7203.0,2015-04-15,402000.0
5248800440,2.0,1.0,840.0,4000.0,1.0,0.0,0.0,3,6,840.0,0.0,1942,0.0,98108,47.5531,-122.307,1100.0,4000.0,2015-02-17,275000.0
9818700430,3.0,1.5,990.0,4500.0,1.0,0.0,0.0,5,7,990.0,0.0,1948,0.0,98122,47.6051,-122.298,1490.0,4000.0,2014-10-01,421500.0
425079099,3.0,3.0,4120.0,60392.0,2.0,0.0,2.0,3,9,3180.0,940.0,1994,0.0,98014,47.6804,-121.913,2770.0,64033.0,2014-05-07,560000.0
5127000670,3.0,1.75,1620.0,9600.0,1.0,0.0,0.0,4,7,1620.0,0.0,1966,0.0,98059,47.4749,-122.155,1660.0,10200.0,2015-03-18,314000.0
6341000221,4.0,2.0,1340.0,8190.0,1.0,0.0,0.0,4,7,1340.0,0.0,1942,0.0,98146,47.4905,-122.343,1410.0,9721.0,2015-04-23,287000.0
7231501665,4.0,1.0,1500.0,5750.0,1.5,0.0,0.0,3,6,1500.0,0.0,1925,0.0,98055,47.4768,-122.206,1330.0,5750.0,2015-04-03,277000.0
5014000225,2.0,1.0,1300.0,6731.0,1.0,0.0,0.0,3,7,1300.0,0.0,1950,0.0,98116,47.5697,-122.395,1240.0,6731.0,2014-12-22,337500.0
4401200130,4.0,2.75,3100.0,10245.0,2.0,0.0,0.0,3,10,3100.0,0.0,1999,0.0,98052,47.6858,-122.107,3140.0,9028.0,2014-08-19,792000.0
1558500050,3.0,2.5,3380.0,7074.0,2.0,0.0,0.0,3,8,2200.0,1180.0,1999,0.0,98019,47.7462,-121.978,2060.0,6548.0,2014-11-13,435000.0
8899000050,4.0,2.5,2660.0,9030.0,1.0,0.0,0.0,4,7,1450.0,1210.0,1977,0.0,98055,47.4558,-122.212,1870.0,9030.0,2015-03-25,313100.0
2877102846,3.0,2.25,1700.0,3333.0,1.5,0.0,0.0,3,7,1100.0,600.0,1924,0.0,98117,47.6784,-122.361,1700.0,3750.0,2014-06-25,575000.0
7280300080,4.0,2.5,1840.0,7800.0,1.0,,2.0,3,8,1240.0,600.0,1972,0.0,98177,47.7762,-122.384,2010.0,9100.0,2015-02-02,510000.0
3624039073,2.0,1.0,890.0,5200.0,1.0,0.0,0.0,4,6,890.0,0.0,1941,0.0,98126,47.5311,-122.373,950.0,5200.0,2015-03-19,299950.0
3271300345,3.0,3.0,2800.0,5800.0,1.0,0.0,0.0,3,9,1580.0,1220.0,1953,20100.0,98199,47.6493,-122.413,2580.0,5800.0,2015-03-23,1030000.0
6190701483,4.0,1.75,2010.0,8625.0,1.0,,0.0,4,7,1340.0,670.0,1957,0.0,98133,47.7496,-122.355,1500.0,8400.0,2014-05-14,364000.0
414100630,3.0,1.0,1380.0,7470.0,1.0,0.0,0.0,5,7,1380.0,0.0,1965,0.0,98133,47.7479,-122.343,1440.0,7473.0,2014-07-29,335000.0
7686202275,3.0,1.0,1210.0,8000.0,1.0,0.0,0.0,3,6,1210.0,0.0,1954,0.0,98198,47.4211,-122.314,1430.0,8000.0,2014-12-09,219950.0
5113260170,3.0,2.0,1280.0,6994.0,1.0,0.0,0.0,3,7,1280.0,0.0,1991,0.0,98038,47.3889,-122.048,1290.0,7514.0,2015-01-13,215000.0
2421059090,4.0,2.5,4090.0,215186.0,2.0,0.0,0.0,4,8,3670.0,420.0,1979,0.0,98092,47.2964,-122.116,2430.0,142005.0,2015-05-11,640000.0
2770601734,3.0,1.0,1580.0,6300.0,1.0,0.0,0.0,3,7,1180.0,400.0,1925,0.0,98199,47.6505,-122.384,1560.0,1601.0,2014-06-30,535000.0
4222310290,4.0,2.0,1910.0,7826.0,1.0,0.0,0.0,4,7,1140.0,770.0,1973,0.0,98003,47.3493,-122.306,1540.0,7826.0,2014-08-19,253000.0
5016001060,2.0,2.5,1740.0,2500.0,2.0,0.0,2.0,3,8,1210.0,530.0,1994,0.0,98112,47.622,-122.3,1640.0,2500.0,2014-05-30,650000.0
5445300050,3.0,2.25,1130.0,4445.0,1.5,0.0,0.0,4,8,1130.0,0.0,1930,0.0,98117,47.6845,-122.375,1330.0,4445.0,2015-04-08,672000.0
7370600020,3.0,1.75,1970.0,8540.0,1.0,0.0,3.0,4,8,1130.0,840.0,1950,0.0,98177,47.7213,-122.365,2280.0,8540.0,2014-10-07,606000.0
5127000470,3.0,2.25,1780.0,9720.0,1.0,0.0,0.0,3,8,1280.0,500.0,1981,0.0,98059,47.4762,-122.156,1710.0,9790.0,2015-03-05,292000.0
1330250010,3.0,2.0,1670.0,7757.0,1.0,0.0,0.0,3,8,1670.0,0.0,1992,0.0,98030,47.3802,-122.207,2290.0,7859.0,2014-06-04,289950.0
1898600050,4.0,1.5,1360.0,9323.0,1.0,0.0,0.0,4,7,1360.0,0.0,1968,0.0,98023,47.3168,-122.401,1180.0,9611.0,2014-07-22,257500.0
9561100010,3.0,2.5,1840.0,6985.0,1.0,0.0,0.0,3,7,1290.0,550.0,1971,0.0,98133,47.7586,-122.342,2160.0,7990.0,2014-11-04,380000.0
9524100050,3.0,1.75,1255.0,1113.0,3.0,0.0,0.0,3,8,1255.0,0.0,2010,0.0,98103,47.6958,-122.343,1010.0,1038.0,2014-12-22,360000.0
2212200500,3.0,1.75,1840.0,7412.0,1.0,0.0,0.0,4,7,1240.0,600.0,1976,0.0,98031,47.3933,-122.188,1980.0,7350.0,2014-06-23,269500.0
5416500680,4.0,2.5,2960.0,6031.0,2.0,0.0,0.0,3,9,2960.0,0.0,2005,0.0,98038,47.3596,-122.04,2570.0,5012.0,2014-06-30,449000.0
6412600005,4.0,1.5,1430.0,7232.0,1.5,0.0,0.0,3,7,1430.0,0.0,1948,0.0,98125,47.7197,-122.328,1540.0,7232.0,2014-10-03,375000.0
2024069008,5.0,4.75,5990.0,10450.0,2.0,1.0,4.0,3,11,4050.0,1940.0,2002,0.0,98027,47.5554,-122.077,3330.0,14810.0,2014-06-19,2200000.0
2195700050,4.0,2.5,3480.0,59242.0,2.0,0.0,0.0,3,11,3480.0,0.0,1988,0.0,98072,47.7391,-122.102,2930.0,39400.0,2014-05-19,810000.0
1437580480,5.0,3.25,4260.0,7861.0,2.0,0.0,0.0,3,10,4260.0,,2005,0.0,98074,47.611,-121.992,4020.0,7528.0,2014-09-18,994000.0
2796100680,5.0,2.25,1820.0,10500.0,1.0,0.0,0.0,4,7,1080.0,740.0,1979,0.0,98031,47.4058,-122.177,1820.0,7500.0,2015-02-25,275000.0
7203102140,2.0,1.0,1290.0,2482.0,2.0,0.0,0.0,3,7,1290.0,0.0,2008,0.0,98053,47.6972,-122.025,1290.0,2482.0,2015-04-29,300000.0
40000235,5.0,2.5,2130.0,8428.0,2.0,0.0,0.0,3,7,2130.0,0.0,2013,0.0,98168,47.4726,-122.282,1500.0,11810.0,2015-04-14,380000.0
2946000285,3.0,2.0,1170.0,10051.0,1.0,0.0,0.0,4,7,1170.0,0.0,1957,0.0,98198,47.4229,-122.324,1440.0,9800.0,2015-03-02,200000.0
6848200221,3.0,3.5,1730.0,1349.0,3.0,0.0,0.0,3,9,1350.0,380.0,2009,0.0,98102,47.6224,-122.326,1830.0,3300.0,2014-09-02,635000.0
952004725,2.0,1.0,880.0,5750.0,1.0,0.0,0.0,3,6,880.0,0.0,1939,0.0,98126,47.5642,-122.379,1190.0,5750.0,2014-11-06,280000.0
7852110050,3.0,2.5,2380.0,6832.0,2.0,0.0,0.0,3,8,2380.0,0.0,2002,0.0,98065,47.5372,-121.876,2580.0,6832.0,2014-06-25,574000.0
5536100010,4.0,1.0,1330.0,9729.0,1.0,0.0,0.0,3,6,1330.0,0.0,1952,0.0,98004,47.6223,-122.208,2920.0,10353.0,2015-02-04,1050000.0
5703000050,3.0,2.25,1780.0,191228.0,2.0,0.0,2.0,3,8,1780.0,0.0,1988,0.0,98045,47.4575,-121.748,2440.0,87120.0,2014-05-08,545000.0
6071800480,3.0,1.5,1220.0,8400.0,1.0,0.0,0.0,4,7,1220.0,0.0,1962,0.0,98006,47.5467,-122.173,2110.0,9119.0,2015-03-27,271950.0
1954600050,5.0,1.75,2490.0,24969.0,1.0,0.0,2.0,4,8,1540.0,950.0,1959,0.0,98023,47.336,-122.35,2790.0,15600.0,2014-07-16,630000.0
3819800280,2.0,1.0,1180.0,10800.0,1.0,0.0,0.0,3,7,1180.0,0.0,1984,0.0,98011,47.7273,-122.236,1600.0,10800.0,2014-08-19,400000.0
7300400170,4.0,2.5,2310.0,6200.0,2.0,0.0,0.0,3,8,2310.0,0.0,1998,0.0,98092,47.3321,-122.172,2480.0,6200.0,2014-09-10,334000.0
9834201100,4.0,2.0,1440.0,4855.0,2.0,0.0,0.0,4,7,1440.0,0.0,1972,0.0,98144,47.5717,-122.287,1300.0,4080.0,2014-12-22,332500.0
8850000509,2.0,1.5,1620.0,1444.0,2.0,0.0,0.0,3,9,1080.0,540.0,2007,0.0,98144,47.5892,-122.309,1660.0,1642.0,2014-09-23,525000.0
4123840470,3.0,2.5,2620.0,8403.0,2.0,,0.0,3,8,2620.0,0.0,1991,0.0,98038,47.3675,-122.042,2190.0,7842.0,2015-02-24,408000.0
1150900080,4.0,2.5,3710.0,7491.0,2.0,0.0,0.0,3,9,3710.0,0.0,2003,0.0,98029,47.5596,-122.016,3040.0,7491.0,2015-04-27,846450.0
514500235,3.0,1.5,1040.0,10323.0,1.0,,0.0,4,7,1040.0,0.0,1958,0.0,98005,47.5882,-122.155,1580.0,7200.0,2014-10-20,411100.0
1522059120,5.0,3.25,3320.0,11340.0,2.0,0.0,0.0,4,8,2480.0,840.0,1999,0.0,98042,47.3904,-122.154,2330.0,8339.0,2014-07-09,409124.0
2895600680,2.0,1.5,800.0,5192.0,1.0,0.0,0.0,5,7,800.0,0.0,1951,0.0,98146,47.5119,-122.386,1190.0,5320.0,2014-07-07,335950.0
8087800480,5.0,2.5,2040.0,9597.0,1.0,0.0,0.0,4,7,1240.0,800.0,1963,0.0,98052,47.6544,-122.134,1800.0,8553.0,2015-03-31,480000.0
7931000066,2.0,1.75,1960.0,30144.0,1.0,0.0,0.0,3,7,980.0,980.0,1957,0.0,98031,47.4234,-122.212,1960.0,10140.0,2014-12-24,280000.0
5406500480,4.0,2.5,2670.0,4410.0,2.0,0.0,0.0,3,8,2670.0,0.0,1999,0.0,98075,47.5978,-122.038,2670.0,4410.0,2014-07-21,668000.0
2540820010,4.0,2.5,2930.0,8641.0,2.0,0.0,0.0,3,8,2930.0,0.0,2010,0.0,98034,47.7199,-122.246,2120.0,11175.0,2015-04-27,750000.0
3300700470,2.0,1.0,830.0,4000.0,1.0,0.0,0.0,3,6,830.0,0.0,1955,0.0,98117,47.6929,-122.379,950.0,4000.0,2014-05-14,394475.0
8823902005,5.0,1.75,2290.0,4320.0,2.0,,0.0,3,7,1980.0,310.0,1928,0.0,98105,47.664,-122.31,2870.0,4320.0,2015-03-26,848000.0
6003001760,3.0,1.5,2510.0,3600.0,2.5,0.0,0.0,4,8,2510.0,0.0,1907,0.0,98112,47.6195,-122.313,1740.0,1885.0,2014-09-24,675000.0
1432400095,3.0,1.0,1280.0,7572.0,1.0,0.0,0.0,4,6,1280.0,0.0,1958,0.0,98058,47.4491,-122.176,1170.0,7667.0,2014-11-06,175000.0
2483700095,4.0,1.5,1810.0,6000.0,1.0,0.0,1.0,3,8,1350.0,460.0,1952,0.0,98136,47.5233,-122.386,2020.0,6000.0,2014-11-06,560000.0
6600220380,5.0,2.75,2080.0,13189.0,2.0,0.0,0.0,3,8,2080.0,0.0,1987,0.0,98074,47.6288,-122.031,2030.0,11847.0,2014-05-31,538888.0
3990200020,4.0,1.75,1680.0,9244.0,2.0,0.0,0.0,3,8,1680.0,0.0,1991,0.0,98166,47.4612,-122.352,1840.0,9387.0,2014-09-08,359000.0
112900020,3.0,2.25,1660.0,5128.0,2.0,,0.0,3,7,1660.0,0.0,2001,0.0,98019,47.7362,-121.967,1680.0,4652.0,2014-07-01,300000.0
8700110020,3.0,2.5,1650.0,5994.0,2.0,0.0,0.0,4,7,1650.0,0.0,1989,0.0,98030,47.3603,-122.19,1930.0,6666.0,2014-09-17,273000.0
9831200221,3.0,2.5,1420.0,1438.0,2.0,0.0,0.0,3,9,1280.0,140.0,2003,0.0,98102,47.6265,-122.323,1490.0,1439.0,2014-07-10,670000.0
8078400010,4.0,2.25,2240.0,8376.0,1.0,,0.0,3,8,1740.0,500.0,1984,0.0,98074,47.6323,-122.029,1890.0,7875.0,2014-11-18,530000.0
9550200225,3.0,1.5,1230.0,3060.0,1.0,0.0,0.0,3,7,910.0,320.0,1927,0.0,98103,47.667,-122.333,1260.0,4488.0,2014-07-11,625000.0
2946001950,3.0,1.0,1260.0,6000.0,1.0,0.0,0.0,4,6,1260.0,0.0,1954,0.0,98198,47.4187,-122.323,1520.0,6600.0,2015-05-05,248000.0
3905050280,3.0,2.5,2060.0,4812.0,2.0,0.0,0.0,3,8,2060.0,0.0,1990,0.0,98029,47.5793,-122.002,1930.0,5264.0,2014-08-19,533000.0
3026059341,4.0,3.5,3090.0,10510.0,1.0,0.0,0.0,3,8,2190.0,900.0,1991,0.0,98034,47.7176,-122.214,2200.0,7408.0,2014-12-11,549950.0
7292700005,4.0,1.75,3220.0,7392.0,1.0,0.0,0.0,4,8,2010.0,1210.0,1959,0.0,98177,47.7719,-122.361,1660.0,8363.0,2014-10-14,485000.0
8856970440,3.0,2.5,2020.0,4845.0,2.0,0.0,0.0,3,7,2020.0,0.0,2001,0.0,98038,47.3848,-122.033,1930.0,5134.0,2015-05-06,353500.0
7504001440,2.0,1.75,1910.0,12142.0,1.0,0.0,0.0,3,9,1910.0,0.0,1976,0.0,98074,47.6276,-122.053,2580.0,12326.0,2014-09-15,435000.0
8068000305,3.0,1.0,1150.0,10000.0,1.0,0.0,0.0,3,6,1000.0,150.0,1951,0.0,98178,47.5075,-122.262,1340.0,10000.0,2014-11-04,241000.0
1681400010,4.0,2.75,2730.0,3560.0,1.5,,0.0,3,8,1550.0,1180.0,1921,0.0,98115,47.6737,-122.304,1860.0,3560.0,2014-05-19,885000.0
6850700670,6.0,3.0,2890.0,2370.0,2.5,0.0,0.0,3,7,2290.0,600.0,1906,0.0,98102,47.6227,-122.323,2180.0,2460.0,2014-05-13,799200.0
1546600020,3.0,2.5,2280.0,12746.0,1.0,0.0,0.0,4,8,1490.0,790.0,1973,0.0,98005,47.6362,-122.175,2100.0,12746.0,2015-01-14,760000.0
8071000050,2.0,1.0,1040.0,5700.0,1.0,0.0,0.0,3,6,1040.0,0.0,1922,0.0,98118,47.519,-122.26,1380.0,5700.0,2014-11-13,270000.0
1036000280,4.0,1.75,2440.0,7475.0,1.0,0.0,0.0,4,9,2040.0,400.0,1969,0.0,98052,47.6339,-122.096,2040.0,8480.0,2015-02-17,675000.0
5422560380,3.0,2.5,1720.0,5940.0,1.0,0.0,0.0,4,8,1000.0,720.0,1977,0.0,98052,47.6631,-122.129,1720.0,6136.0,2014-12-22,499000.0
1762600280,3.0,2.5,3430.0,28718.0,1.5,0.0,0.0,3,10,3430.0,0.0,1984,0.0,98033,47.6477,-122.183,3440.0,35021.0,2014-07-14,1200000.0
5416500840,4.0,2.5,2570.0,4865.0,2.0,0.0,0.0,3,8,2570.0,0.0,2005,0.0,98038,47.3588,-122.038,2570.0,4933.0,2014-06-27,320000.0
3523069008,4.0,3.25,4360.0,210254.0,1.0,0.0,0.0,3,10,2320.0,2040.0,2000,0.0,98038,47.4375,-122.008,2410.0,87120.0,2015-05-05,890000.0
8001210170,4.0,2.75,2060.0,7350.0,1.0,0.0,0.0,3,7,1210.0,850.0,1978,0.0,98001,47.3424,-122.275,1940.0,7420.0,2014-08-22,275000.0
6806300920,4.0,2.5,3020.0,8302.0,2.0,0.0,0.0,4,10,3020.0,0.0,1994,0.0,98042,47.363,-122.127,3020.0,8406.0,2014-06-10,490000.0
9826701665,3.0,2.5,2340.0,4200.0,1.5,0.0,0.0,3,7,1540.0,800.0,1906,0.0,98122,47.6033,-122.303,1590.0,4200.0,2014-07-25,550000.0
2253200010,5.0,2.0,2400.0,9537.0,1.0,0.0,0.0,5,7,1210.0,1190.0,1959,0.0,98056,47.5112,-122.186,1760.0,9533.0,2015-05-07,390000.0
1941400080,3.0,2.25,1610.0,11920.0,1.0,0.0,0.0,4,7,1110.0,500.0,1968,0.0,98032,47.3683,-122.279,1690.0,11839.0,2014-10-20,277000.0
3317010130,3.0,1.75,1090.0,7647.0,1.0,0.0,0.0,3,7,1090.0,0.0,1994,0.0,98003,47.2613,-122.302,1660.0,9219.0,2015-03-17,236000.0
1721059230,3.0,1.75,1470.0,13068.0,1.0,0.0,0.0,4,7,1470.0,0.0,1975,0.0,98092,47.3096,-122.197,2090.0,16988.0,2015-03-04,265953.0
9328500630,3.0,2.25,1670.0,6240.0,1.0,0.0,0.0,4,8,1240.0,430.0,1974,0.0,98008,47.6413,-122.113,1910.0,7000.0,2015-03-02,545000.0
6301800020,3.0,2.5,1850.0,10109.0,2.0,0.0,0.0,3,8,1850.0,0.0,1991,0.0,98034,47.7163,-122.229,1780.0,9660.0,2014-05-06,535000.0
7855000460,3.0,2.75,3940.0,9671.0,1.0,0.0,4.0,5,9,2140.0,1800.0,1967,0.0,98006,47.5654,-122.158,3390.0,9360.0,2014-10-07,1450000.0
9320350020,4.0,3.0,2330.0,3497.0,2.0,0.0,0.0,3,9,1920.0,410.0,2003,0.0,98108,47.554,-122.308,2330.0,5242.0,2014-06-30,490000.0
7849201061,4.0,2.5,2020.0,7200.0,1.5,0.0,0.0,4,6,2020.0,0.0,1954,0.0,98065,47.5223,-121.818,1440.0,7200.0,2015-04-08,319950.0
3885805640,3.0,1.5,1300.0,7200.0,1.0,0.0,0.0,5,7,1300.0,0.0,1960,0.0,98033,47.6821,-122.196,2280.0,7200.0,2014-07-04,625000.0
8960200630,3.0,1.0,1180.0,6947.0,1.0,0.0,0.0,4,7,1180.0,0.0,1968,0.0,98031,47.4233,-122.177,1760.0,8657.0,2015-02-20,248000.0
1736800920,3.0,1.75,1320.0,7840.0,1.0,0.0,0.0,3,8,1320.0,0.0,1966,0.0,98007,47.6024,-122.143,2050.0,7644.0,2015-04-21,475000.0
6152900402,6.0,2.75,2520.0,9324.0,1.0,0.0,0.0,4,7,1320.0,1200.0,1962,0.0,98155,47.7636,-122.294,1820.0,11000.0,2014-06-19,410000.0
9822700255,3.0,2.5,1680.0,2000.0,3.0,0.0,0.0,3,9,1680.0,0.0,1909,0.0,98105,47.6604,-122.29,1950.0,5000.0,2014-05-05,670000.0
1423069102,3.0,2.5,2000.0,35438.0,2.0,0.0,0.0,3,7,2000.0,0.0,1968,20050.0,98027,47.4733,-121.994,2000.0,51836.0,2015-03-31,430000.0
5279100675,2.0,1.0,1180.0,4900.0,1.0,0.0,0.0,5,6,1180.0,0.0,1954,0.0,98027,47.5321,-122.029,1650.0,7121.0,2014-10-28,313000.0
2524049056,3.0,3.25,3330.0,15093.0,2.5,0.0,0.0,3,9,3330.0,0.0,1988,0.0,98040,47.5395,-122.242,4340.0,20031.0,2014-07-14,950000.0
4232400470,2.0,2.0,1880.0,5400.0,1.5,0.0,0.0,3,8,1880.0,0.0,1902,0.0,98112,47.6238,-122.311,1590.0,5400.0,2014-05-27,751750.0
8562740440,4.0,2.5,2990.0,5280.0,2.0,0.0,0.0,3,9,2210.0,780.0,2003,0.0,98027,47.5353,-122.066,2990.0,6299.0,2014-09-09,760000.0
8114000020,3.0,1.75,1510.0,12408.0,1.0,0.0,0.0,4,7,1510.0,0.0,1969,0.0,98059,47.5069,-122.141,1480.0,17800.0,2015-01-28,310650.0
6600780130,4.0,3.0,3110.0,7231.0,2.0,,0.0,3,8,3110.0,0.0,1997,0.0,98092,47.3279,-122.191,2820.0,7311.0,2014-05-02,367500.0
5100403947,4.0,2.5,2150.0,5000.0,2.0,0.0,0.0,3,8,2150.0,0.0,2001,0.0,98115,47.6962,-122.314,2030.0,6380.0,2014-08-04,580000.0
1189000825,3.0,2.25,1900.0,3960.0,1.5,0.0,0.0,3,8,1200.0,700.0,1905,0.0,98122,47.6122,-122.298,1310.0,3960.0,2014-07-02,580000.0
3066400080,4.0,2.5,2720.0,10000.0,2.0,0.0,0.0,3,10,2720.0,0.0,1987,0.0,98074,47.6293,-122.051,2720.0,10020.0,2014-06-02,665000.0
2214800630,3.0,2.25,1560.0,8280.0,2.0,0.0,0.0,4,7,1560.0,0.0,1979,0.0,98001,47.3393,-122.259,1920.0,8120.0,2014-11-05,239950.0
4027701253,4.0,2.5,1990.0,30083.0,2.0,,0.0,3,8,1990.0,0.0,1998,0.0,98155,47.7678,-122.272,2220.0,11627.0,2014-08-13,470000.0
9547205260,3.0,1.75,1740.0,3060.0,1.0,0.0,0.0,5,8,950.0,,1930,20140.0,98115,47.6816,-122.31,1800.0,3960.0,2014-08-15,733000.0
9320600020,4.0,2.0,2130.0,8400.0,1.0,0.0,0.0,3,7,1350.0,780.0,1962,0.0,98031,47.4133,-122.209,1550.0,8596.0,2015-01-30,250000.0
2807100095,4.0,1.75,1510.0,9176.0,1.0,0.0,0.0,5,7,1510.0,0.0,1957,0.0,98133,47.7651,-122.339,1480.0,9176.0,2014-09-08,402000.0
8067000020,5.0,3.5,2100.0,5107.0,2.0,0.0,0.0,3,7,1410.0,690.0,1999,0.0,98178,47.5108,-122.257,1410.0,5650.0,2014-06-11,295000.0
8731980440,5.0,2.5,2344.0,8000.0,1.0,0.0,0.0,4,8,1560.0,784.0,1976,0.0,98023,47.3185,-122.377,2344.0,8000.0,2014-10-16,355000.0
5112800233,3.0,1.5,1970.0,22486.0,1.0,0.0,0.0,4,6,1970.0,0.0,1968,0.0,98058,47.4511,-122.089,1850.0,20160.0,2014-09-09,289000.0
6141600179,3.0,2.25,1470.0,9140.0,2.0,0.0,2.0,3,7,1470.0,0.0,1982,0.0,98133,47.7162,-122.349,1400.0,8204.0,2014-11-12,376000.0
8122100595,2.0,1.0,940.0,5040.0,1.0,0.0,0.0,3,7,940.0,0.0,1926,0.0,98126,47.5375,-122.374,940.0,5040.0,2014-06-27,212700.0
5467910190,3.0,1.75,1780.0,13095.0,1.0,0.0,0.0,4,9,1780.0,0.0,1983,0.0,98042,47.367,-122.152,2750.0,13095.0,2014-05-27,325000.0
808300460,4.0,2.5,2230.0,5743.0,2.0,,0.0,3,7,2230.0,0.0,2002,0.0,98019,47.7245,-121.957,2490.0,6300.0,2014-08-11,415000.0
7785350010,3.0,2.5,3570.0,15151.0,1.0,0.0,0.0,4,8,2400.0,1170.0,1981,0.0,98177,47.7475,-122.364,3140.0,14375.0,2015-04-02,935000.0
2133020020,3.0,2.5,1920.0,15260.0,2.0,0.0,0.0,3,7,1920.0,0.0,1990,0.0,98019,47.7317,-121.964,2370.0,15235.0,2015-01-16,372000.0
2588800006,3.0,1.5,1290.0,8366.0,1.0,0.0,0.0,3,7,1020.0,270.0,1957,0.0,98168,47.4853,-122.318,1770.0,8400.0,2014-10-21,240000.0
5169700022,3.0,1.75,1880.0,16262.0,1.0,0.0,0.0,5,7,1880.0,0.0,1980,0.0,98059,47.5089,-122.155,1900.0,7972.0,2014-09-15,334950.0
5416500660,4.0,2.5,2960.0,4640.0,2.0,0.0,0.0,3,9,2960.0,,2005,0.0,98038,47.3597,-122.04,2750.0,4623.0,2015-04-30,426500.0
6117502745,2.0,1.75,1840.0,14874.0,1.0,0.0,2.0,3,8,1300.0,540.0,1952,0.0,98166,47.4382,-122.348,2920.0,15084.0,2015-02-24,430000.0
2624049169,3.0,1.5,1890.0,6183.0,1.0,0.0,0.0,3,7,1090.0,800.0,1967,0.0,98118,47.5396,-122.269,1750.0,6183.0,2014-12-11,400000.0
1426300842,3.0,2.25,1820.0,6000.0,1.0,,0.0,4,7,1120.0,700.0,1964,0.0,98108,47.5684,-122.3,1970.0,6232.0,2015-04-28,455850.0
824059321,4.0,3.5,4370.0,8510.0,2.0,0.0,1.0,3,10,3610.0,760.0,2003,0.0,98004,47.5876,-122.204,2960.0,10347.0,2014-06-02,1970000.0
126049217,3.0,1.75,1530.0,10731.0,1.0,0.0,0.0,3,7,1530.0,0.0,1986,0.0,98028,47.7655,-122.244,2100.0,12593.0,2014-06-04,400000.0
2201500185,3.0,1.0,1030.0,10480.0,1.0,0.0,0.0,4,7,1030.0,0.0,1954,0.0,98006,47.5742,-122.139,1480.0,12200.0,2014-08-08,397500.0
1972205790,3.0,2.5,2000.0,1950.0,3.0,0.0,0.0,3,8,2000.0,0.0,2005,0.0,98109,47.6476,-122.356,1560.0,1340.0,2014-12-11,755000.0
6843000080,5.0,1.5,1730.0,9230.0,1.0,0.0,0.0,3,7,1010.0,720.0,1962,0.0,98058,47.4646,-122.184,1730.0,9230.0,2014-07-09,287000.0
1442700250,4.0,2.5,3620.0,16000.0,2.0,0.0,0.0,3,9,3620.0,0.0,1976,0.0,98038,47.3711,-122.06,2590.0,16000.0,2014-07-16,480000.0
2607760680,3.0,2.5,2040.0,9622.0,2.0,0.0,0.0,3,8,2040.0,0.0,1995,0.0,98045,47.4833,-121.8,2390.0,9868.0,2015-04-16,490000.0
3523059056,3.0,2.5,2640.0,6715.0,2.0,0.0,0.0,3,8,1680.0,960.0,1991,0.0,98058,47.441,-122.125,2260.0,7373.0,2014-06-18,365000.0
1657530010,3.0,2.5,1600.0,2244.0,2.0,0.0,0.0,3,7,1600.0,0.0,2005,0.0,98056,47.4899,-122.164,1600.0,1700.0,2015-02-24,260000.0
7276100020,4.0,1.0,1480.0,12675.0,1.5,0.0,0.0,4,7,1480.0,0.0,1929,0.0,98133,47.763,-122.342,1820.0,7995.0,2015-04-14,505000.0
9828200460,2.0,1.0,700.0,4800.0,1.0,0.0,0.0,3,7,700.0,0.0,1922,0.0,98122,47.6147,-122.3,1440.0,4800.0,2014-06-27,260000.0
9828200460,2.0,1.0,700.0,4800.0,1.0,0.0,0.0,3,7,700.0,0.0,1922,0.0,98122,47.6147,-122.3,1440.0,4800.0,2015-01-06,430000.0
5608000840,4.0,2.5,3520.0,12193.0,2.0,0.0,0.0,4,10,3520.0,0.0,1993,0.0,98027,47.5535,-122.095,3470.0,11318.0,2014-07-24,905000.0
5422560470,3.0,2.0,1650.0,6408.0,2.0,0.0,0.0,4,8,1650.0,0.0,1977,0.0,98052,47.6638,-122.128,1750.0,6402.0,2014-12-03,440000.0
446000020,4.0,1.0,1360.0,5500.0,1.5,,0.0,3,7,1360.0,0.0,1950,0.0,98115,47.6878,-122.285,1530.0,5790.0,2014-09-13,439500.0
9476200545,3.0,2.0,1350.0,6696.0,1.0,0.0,0.0,5,6,680.0,670.0,1944,0.0,98056,47.4919,-122.187,1350.0,6700.0,2015-01-27,270000.0
8648100130,3.0,2.5,1970.0,6291.0,2.0,0.0,0.0,4,7,1970.0,0.0,1998,0.0,98042,47.3627,-122.073,1980.0,8852.0,2015-04-29,306500.0
9358002232,3.0,2.0,1470.0,1656.0,2.0,0.0,0.0,3,8,1310.0,160.0,2003,0.0,98126,47.5653,-122.369,1470.0,2288.0,2014-10-19,380000.0
2212900920,4.0,1.75,1610.0,9652.0,1.0,0.0,0.0,5,7,1610.0,0.0,1969,0.0,98042,47.3281,-122.135,1220.0,9800.0,2014-07-22,215000.0
6149700380,2.0,1.0,810.0,6150.0,1.0,0.0,0.0,3,7,810.0,0.0,1950,0.0,98133,47.7289,-122.34,1080.0,7200.0,2015-02-06,299900.0
4340000080,4.0,3.5,2820.0,7809.0,2.0,0.0,0.0,3,10,2820.0,0.0,1995,0.0,98004,47.622,-122.195,2630.0,7904.0,2015-03-27,1450000.0
3751605432,3.0,1.0,1900.0,33888.0,1.5,0.0,0.0,4,5,1900.0,0.0,1942,0.0,98001,47.2738,-122.271,1430.0,19200.0,2014-05-13,239950.0
6384300020,4.0,2.5,1830.0,7345.0,1.0,0.0,0.0,4,8,1540.0,290.0,1973,0.0,98177,47.7741,-122.373,1990.0,7700.0,2014-06-23,494000.0
3450300430,4.0,1.5,1730.0,7700.0,1.0,,0.0,4,7,1010.0,720.0,1963,0.0,98059,47.4996,-122.163,1650.0,8066.0,2015-01-05,317500.0
1245001763,4.0,2.5,2110.0,7291.0,2.0,0.0,0.0,4,7,2110.0,,1977,0.0,98033,47.6888,-122.201,2350.0,8625.0,2015-03-03,670000.0
7853240660,3.0,2.5,3060.0,7831.0,2.0,0.0,2.0,3,9,3060.0,0.0,2004,0.0,98065,47.5401,-121.861,3140.0,7438.0,2014-08-20,650000.0
3723800414,4.0,2.5,2620.0,7328.0,2.0,0.0,0.0,3,8,2620.0,0.0,1983,0.0,98118,47.5514,-122.263,1670.0,5080.0,2015-03-20,852000.0
5104500020,2.0,1.5,1088.0,1360.0,2.0,0.0,0.0,3,7,1088.0,0.0,1983,0.0,98034,47.7094,-122.213,1098.0,1469.0,2014-06-17,250000.0
5438000080,3.0,1.5,1400.0,10853.0,1.0,0.0,0.0,4,7,1400.0,0.0,1964,0.0,98055,47.4433,-122.194,1620.0,10849.0,2014-12-10,264950.0
9498200091,2.0,2.0,1540.0,6804.0,1.0,0.0,0.0,5,7,1020.0,520.0,1942,0.0,98177,47.7044,-122.372,1380.0,6930.0,2014-09-25,582500.0
1498301213,3.0,2.5,1540.0,1564.0,2.0,0.0,0.0,3,7,1300.0,240.0,1998,0.0,98144,47.586,-122.313,1540.0,2875.0,2015-03-11,384000.0
2652500285,3.0,1.5,2310.0,3360.0,1.5,0.0,0.0,3,8,1790.0,520.0,1926,0.0,98119,47.6431,-122.359,1930.0,4320.0,2014-10-28,817000.0
5127000430,4.0,1.75,1730.0,9520.0,1.0,0.0,0.0,4,7,1730.0,0.0,1971,0.0,98059,47.4756,-122.157,1550.0,11211.0,2014-12-01,320000.0
4017110020,4.0,2.25,2070.0,39446.0,1.0,0.0,0.0,3,8,1470.0,600.0,1977,0.0,98155,47.7765,-122.276,2140.0,12043.0,2014-06-30,445800.0
3336001946,2.0,1.0,900.0,4500.0,1.0,0.0,0.0,3,7,900.0,0.0,1951,0.0,98118,47.5273,-122.265,1175.0,5320.0,2015-03-07,263300.0
5253300387,3.0,1.0,860.0,6635.0,1.0,0.0,0.0,3,6,860.0,0.0,1952,0.0,98133,47.7508,-122.339,1170.0,8000.0,2015-01-28,215000.0
9222400605,5.0,4.0,2980.0,4500.0,1.5,,0.0,3,7,2070.0,910.0,1921,0.0,98115,47.6736,-122.323,1560.0,4225.0,2014-11-15,842500.0
9222400605,5.0,4.0,2980.0,4500.0,1.5,,0.0,3,7,2070.0,910.0,1921,0.0,98115,47.6736,-122.323,1560.0,4225.0,2015-04-11,850000.0
2163300130,5.0,2.5,2740.0,12413.0,2.0,0.0,0.0,3,7,2740.0,0.0,1990,0.0,98031,47.4199,-122.183,1900.0,7416.0,2014-10-01,386000.0
8662500130,4.0,2.5,1790.0,5257.0,2.0,0.0,0.0,3,7,1790.0,0.0,1996,0.0,98030,47.3849,-122.204,1680.0,5320.0,2014-12-09,251100.0
1770000130,3.0,1.75,1750.0,16748.0,1.0,0.0,0.0,3,7,1330.0,420.0,1978,0.0,98072,47.7421,-122.089,1750.0,16050.0,2014-11-26,435000.0
1888120080,4.0,4.0,3610.0,12811.0,2.0,0.0,0.0,3,10,3610.0,0.0,2000,0.0,98075,47.5812,-121.993,3530.0,11783.0,2014-09-22,870000.0
862000020,6.0,1.0,1430.0,20620.0,2.0,0.0,0.0,3,7,1430.0,0.0,1954,0.0,98004,47.6255,-122.209,2450.0,10080.0,2015-02-06,800000.0
7199100020,3.0,1.75,1570.0,15500.0,1.0,0.0,0.0,4,7,1570.0,0.0,1968,0.0,98052,47.6916,-122.122,1610.0,7500.0,2014-07-14,555000.0
9169600275,2.0,1.0,2280.0,37500.0,2.0,0.0,0.0,3,7,2280.0,0.0,1932,0.0,98136,47.525,-122.389,2360.0,6000.0,2014-07-23,280000.0
2767601815,3.0,1.0,940.0,2366.0,1.0,0.0,0.0,3,6,940.0,0.0,1916,0.0,98107,47.6744,-122.383,1500.0,5000.0,2015-03-17,356000.0
7853221330,4.0,2.5,2920.0,6000.0,2.0,0.0,4.0,3,9,2920.0,0.0,2004,0.0,98065,47.5333,-121.859,3100.0,6001.0,2014-12-03,675000.0
7504010780,4.0,2.25,2260.0,11900.0,2.0,0.0,0.0,3,9,2260.0,0.0,1976,0.0,98074,47.6415,-122.057,2470.0,11900.0,2014-12-26,605000.0
5015000190,5.0,2.0,2000.0,4211.0,1.5,0.0,2.0,4,7,1280.0,720.0,1908,0.0,98112,47.6283,-122.301,1680.0,4000.0,2014-06-25,690500.0
8682260470,2.0,1.75,1440.0,4225.0,1.0,0.0,0.0,3,8,1440.0,0.0,2005,0.0,98053,47.7143,-122.032,1680.0,6200.0,2014-06-19,437000.0
4122700020,5.0,2.0,2310.0,13430.0,1.5,0.0,0.0,4,8,2310.0,0.0,1966,0.0,98004,47.6395,-122.203,2810.0,13906.0,2014-07-10,850000.0
8850000285,4.0,2.25,2300.0,4600.0,1.5,0.0,0.0,4,7,1340.0,960.0,1904,0.0,98144,47.5895,-122.311,1540.0,3000.0,2014-06-12,350000.0
4174600185,2.0,2.25,1490.0,6770.0,1.5,0.0,0.0,3,8,1490.0,0.0,1926,0.0,98108,47.5577,-122.297,1820.0,7875.0,2014-06-22,480000.0
7229800430,3.0,2.25,1830.0,25641.0,2.0,0.0,0.0,3,8,1830.0,0.0,1989,0.0,98059,47.4786,-122.112,1500.0,25641.0,2014-07-23,379500.0
42000130,5.0,4.5,4440.0,9784.0,2.0,0.0,0.0,3,10,4440.0,0.0,2012,0.0,98168,47.4702,-122.275,2720.0,10080.0,2014-09-24,600000.0
4139430250,4.0,3.5,4970.0,16582.0,2.0,0.0,3.0,4,11,3930.0,1040.0,1992,0.0,98006,47.5496,-122.12,3580.0,13335.0,2015-03-30,1440000.0
9834201470,2.0,1.5,1000.0,1075.0,2.0,0.0,0.0,3,7,840.0,160.0,2007,0.0,98144,47.5708,-122.288,1000.0,1083.0,2014-12-18,303000.0
4058801702,4.0,2.5,4940.0,10037.0,1.0,0.0,4.0,3,9,3450.0,1490.0,1953,0.0,98178,47.5095,-122.247,2430.0,9272.0,2015-02-06,800000.0
3363400655,2.0,2.0,1980.0,6000.0,1.5,0.0,0.0,5,7,1220.0,760.0,1906,0.0,98103,47.6809,-122.351,1280.0,3900.0,2014-07-24,549000.0
8700500020,3.0,2.5,1560.0,9600.0,1.0,0.0,0.0,3,7,1210.0,,1964,0.0,98188,47.457,-122.27,2070.0,9600.0,2014-11-26,324950.0
8148600020,2.0,1.0,870.0,6537.0,1.0,0.0,0.0,3,6,870.0,0.0,1948,0.0,98168,47.4906,-122.306,1100.0,8701.0,2014-09-26,170000.0
8651430780,3.0,1.0,840.0,6500.0,1.0,0.0,0.0,5,6,840.0,0.0,1969,0.0,98042,47.3704,-122.08,870.0,5200.0,2014-07-15,178000.0
1432400345,3.0,1.0,1250.0,8314.0,1.0,0.0,0.0,3,6,1250.0,0.0,1958,0.0,98058,47.4522,-122.178,1188.0,7700.0,2015-04-21,144000.0
2524049148,4.0,2.75,3120.0,20031.0,1.0,0.0,2.0,4,9,1980.0,1140.0,1954,0.0,98040,47.5389,-122.242,3330.0,18777.0,2015-03-17,1580000.0
2475900840,2.0,1.0,750.0,7000.0,1.0,0.0,0.0,3,6,750.0,0.0,1932,0.0,98024,47.5655,-121.89,1100.0,8777.0,2015-04-27,258000.0
7452500190,3.0,1.75,710.0,5050.0,1.0,0.0,0.0,4,6,710.0,0.0,1950,0.0,98126,47.5194,-122.375,900.0,5050.0,2014-10-16,345000.0
3459000050,3.0,1.75,2290.0,14800.0,1.0,,0.0,3,8,1620.0,670.0,1965,0.0,98155,47.7735,-122.273,2320.0,12474.0,2014-06-10,470000.0
2624049091,5.0,2.5,3750.0,91681.0,2.0,1.0,4.0,3,10,3750.0,0.0,1925,0.0,98118,47.5379,-122.264,3540.0,24293.0,2015-03-13,2900000.0
1138000250,3.0,1.5,980.0,7790.0,1.0,0.0,0.0,5,7,980.0,0.0,1969,0.0,98034,47.7141,-122.213,1390.0,7280.0,2014-05-21,350000.0
4399210130,2.0,1.75,1590.0,11276.0,1.0,0.0,0.0,4,7,1590.0,0.0,1972,0.0,98002,47.3177,-122.21,1750.0,10687.0,2014-06-26,225500.0
2770601365,2.0,1.0,940.0,4000.0,1.0,0.0,0.0,3,6,720.0,220.0,1942,0.0,98199,47.6488,-122.385,1180.0,6000.0,2015-02-24,473000.0
7272000980,3.0,1.75,1750.0,9623.0,1.0,0.0,0.0,3,7,1150.0,600.0,1962,0.0,98198,47.3997,-122.313,1820.0,9623.0,2015-02-26,279000.0
1566100010,3.0,1.0,1460.0,8227.0,1.0,0.0,0.0,3,6,880.0,580.0,1948,0.0,98125,47.7009,-122.301,1530.0,8128.0,2015-04-14,470000.0
6338000592,3.0,1.75,1540.0,4800.0,1.0,0.0,0.0,4,6,770.0,770.0,1925,0.0,98105,47.67,-122.284,1510.0,4080.0,2014-08-20,565000.0
2815600305,3.0,2.0,2560.0,6800.0,1.0,0.0,1.0,4,8,1380.0,1180.0,1952,0.0,98136,47.5506,-122.395,1780.0,6800.0,2015-04-22,695000.0
561500290,3.0,1.75,1660.0,37642.0,1.0,0.0,0.0,4,7,1660.0,0.0,1991,0.0,98022,47.2559,-122.007,2070.0,54450.0,2014-07-11,315000.0
3905080280,3.0,2.5,1880.0,4499.0,2.0,0.0,0.0,3,8,1880.0,0.0,1993,0.0,98029,47.5664,-121.999,2130.0,5114.0,2015-03-04,529000.0
925069071,5.0,3.75,3500.0,101494.0,1.5,0.0,0.0,3,8,3500.0,0.0,1967,19900.0,98053,47.6745,-122.054,3250.0,38636.0,2015-01-26,750000.0
2426049174,3.0,2.25,1840.0,10500.0,2.0,,0.0,3,7,1840.0,0.0,1993,0.0,98034,47.7326,-122.234,1840.0,7374.0,2014-10-29,481500.0
9407600250,3.0,2.0,1060.0,7412.0,1.0,0.0,0.0,3,7,1060.0,0.0,1987,0.0,98038,47.3897,-122.051,1080.0,7093.0,2015-03-27,211000.0
7955050170,3.0,2.25,1790.0,7500.0,1.0,0.0,0.0,3,7,1390.0,400.0,1973,0.0,98034,47.7321,-122.198,1940.0,7192.0,2015-04-10,455000.0
7224000950,2.0,1.0,810.0,4838.0,1.0,0.0,0.0,3,5,810.0,,1938,0.0,98055,47.4909,-122.203,890.0,4838.0,2014-11-03,238950.0
464001025,4.0,3.5,2600.0,5100.0,2.0,0.0,0.0,3,8,1820.0,780.0,2003,0.0,98117,47.6948,-122.395,2000.0,6720.0,2014-09-18,722500.0
5569700020,4.0,2.5,3230.0,19193.0,1.0,0.0,3.0,4,8,2000.0,1230.0,1973,0.0,98075,47.5755,-122.07,3230.0,13420.0,2014-07-30,795000.0
1310910290,4.0,2.25,2240.0,9600.0,2.0,0.0,0.0,3,8,2240.0,0.0,1971,0.0,98032,47.361,-122.281,2050.0,9240.0,2015-05-07,327500.0
5104531640,4.0,3.0,3400.0,5100.0,2.0,0.0,0.0,3,9,3400.0,,2006,0.0,98038,47.3548,-122.002,3400.0,5672.0,2015-03-23,585000.0
1025039145,4.0,2.0,3140.0,10875.0,1.0,0.0,1.0,3,7,1940.0,1200.0,1939,19690.0,98199,47.6656,-122.406,3300.0,10080.0,2014-06-13,775000.0
5406500170,4.0,2.5,2780.0,4200.0,2.0,0.0,0.0,3,8,2780.0,0.0,2001,0.0,98075,47.5989,-122.039,2510.0,4200.0,2014-10-24,645000.0
1826049426,4.0,2.75,2320.0,12368.0,1.0,0.0,0.0,3,8,1670.0,650.0,1968,0.0,98133,47.7373,-122.35,2070.0,9575.0,2015-01-05,445000.0
2011000010,3.0,1.75,1370.0,5858.0,1.0,,0.0,3,7,1370.0,0.0,1987,0.0,98198,47.3815,-122.313,1400.0,7500.0,2014-05-02,257950.0
9368700006,5.0,1.75,2230.0,7560.0,1.0,0.0,0.0,3,7,1230.0,1000.0,1959,0.0,98178,47.5055,-122.26,1380.0,6570.0,2015-03-24,375000.0
8016250080,3.0,2.5,1610.0,7223.0,2.0,0.0,0.0,3,7,1610.0,0.0,1994,0.0,98030,47.3661,-122.173,1610.0,7162.0,2014-07-09,245000.0
4053200285,3.0,2.5,3410.0,41022.0,2.0,,0.0,3,11,3410.0,0.0,1990,0.0,98042,47.3228,-122.08,2150.0,21429.0,2014-08-11,725000.0
5411600020,4.0,2.5,2810.0,4922.0,2.0,0.0,0.0,3,9,2810.0,0.0,2005,0.0,98074,47.614,-122.041,2920.0,4922.0,2015-03-04,702000.0
847100078,3.0,1.75,1850.0,14986.0,2.0,0.0,0.0,3,6,1850.0,0.0,1943,20050.0,98059,47.4837,-122.148,2660.0,10650.0,2014-08-18,330000.0
4232903295,3.0,1.5,1790.0,4800.0,1.5,0.0,0.0,3,8,1790.0,0.0,1912,0.0,98119,47.6332,-122.362,1780.0,3600.0,2015-04-16,940000.0
7979900680,3.0,1.0,1150.0,11396.0,1.5,0.0,0.0,4,7,1150.0,0.0,1950,0.0,98155,47.7435,-122.296,1600.0,8146.0,2015-03-05,354500.0
492000532,4.0,2.75,2420.0,8700.0,1.5,0.0,0.0,4,7,2420.0,0.0,1914,0.0,98002,47.3109,-122.229,1070.0,4804.0,2015-02-22,279950.0
2310000430,3.0,2.25,1580.0,7034.0,1.0,0.0,0.0,4,7,1180.0,400.0,1989,0.0,98038,47.3564,-122.04,1470.0,7358.0,2015-05-07,284000.0
8832900780,5.0,2.0,1760.0,21562.0,1.0,0.0,1.0,3,8,1560.0,200.0,1959,0.0,98028,47.7597,-122.263,2150.0,12676.0,2014-10-13,480000.0
8832900780,5.0,2.0,1760.0,21562.0,1.0,0.0,1.0,3,8,1560.0,200.0,1959,0.0,98028,47.7597,-122.263,2150.0,12676.0,2015-04-08,647500.0
3249500020,3.0,2.5,2750.0,35000.0,2.0,0.0,0.0,3,9,2750.0,0.0,1993,0.0,98077,47.75,-122.024,2780.0,35862.0,2015-04-06,625000.0
8651442810,3.0,1.0,920.0,4875.0,1.0,0.0,0.0,4,7,920.0,0.0,1978,0.0,98042,47.3623,-122.09,1160.0,4875.0,2014-07-10,152000.0
8564500020,3.0,1.0,960.0,10181.0,1.0,0.0,0.0,3,7,960.0,0.0,1961,0.0,98034,47.7231,-122.229,1740.0,10194.0,2015-01-27,322000.0
3019300050,3.0,1.75,1120.0,4000.0,1.0,0.0,0.0,4,7,870.0,250.0,1916,0.0,98107,47.6684,-122.368,1470.0,4000.0,2014-07-31,445000.0
2460900020,3.0,1.0,1560.0,3960.0,1.5,0.0,0.0,4,7,1560.0,0.0,1907,0.0,98144,47.5936,-122.301,1280.0,3960.0,2014-07-30,595000.0
2698200010,3.0,1.0,1380.0,7334.0,1.0,0.0,0.0,3,7,980.0,400.0,1981,0.0,98055,47.4339,-122.192,1910.0,7859.0,2015-05-13,165000.0
104560010,4.0,2.5,1940.0,6206.0,2.0,0.0,0.0,3,7,1940.0,0.0,1990,0.0,98023,47.3063,-122.359,2060.0,7092.0,2014-06-10,278500.0
5710610430,3.0,1.75,1810.0,10625.0,1.0,0.0,0.0,3,8,1370.0,440.0,1973,0.0,98027,47.5322,-122.049,2140.0,10922.0,2015-03-13,517500.0
34000005,2.0,1.0,1100.0,4200.0,1.0,,0.0,3,7,1100.0,0.0,1954,0.0,98136,47.5312,-122.392,1240.0,4000.0,2014-06-18,343566.0
7349400420,4.0,2.25,1980.0,9714.0,1.0,0.0,0.0,3,7,1170.0,810.0,1977,0.0,98002,47.3207,-122.209,1610.0,9272.0,2014-11-05,286285.0
3298300130,4.0,1.5,1340.0,6200.0,1.0,,0.0,5,6,1340.0,0.0,1959,0.0,98008,47.6214,-122.119,1210.0,7178.0,2015-02-06,474905.0
7312400080,3.0,1.75,1680.0,4800.0,1.0,0.0,0.0,4,7,1400.0,280.0,1960,0.0,98126,47.5535,-122.377,1540.0,5000.0,2014-07-14,550000.0
3356404198,4.0,2.5,2060.0,16000.0,2.0,0.0,0.0,3,6,2060.0,0.0,1993,0.0,98001,47.2849,-122.251,1530.0,8000.0,2015-01-29,286000.0
2344300122,3.0,3.25,2620.0,7215.0,1.0,0.0,0.0,4,8,1770.0,850.0,1980,0.0,98004,47.5836,-122.2,2180.0,8931.0,2014-08-08,900000.0
3904901330,3.0,2.25,1610.0,5159.0,2.0,0.0,0.0,3,7,1610.0,0.0,1985,0.0,98029,47.5675,-122.019,1610.0,5210.0,2014-08-20,449950.0
7524100280,4.0,1.5,1490.0,7560.0,2.0,0.0,0.0,3,7,1490.0,0.0,1966,0.0,98198,47.3684,-122.318,1490.0,7689.0,2014-06-12,259000.0
2473390440,3.0,2.25,1900.0,8125.0,1.0,0.0,0.0,3,7,1540.0,360.0,1969,0.0,98058,47.4564,-122.162,1480.0,8284.0,2014-12-02,340000.0
2215800050,4.0,2.5,3440.0,56192.0,2.0,0.0,0.0,3,9,3440.0,0.0,1994,0.0,98053,47.6969,-122.046,3150.0,44431.0,2015-04-15,785000.0
2769602475,2.0,1.0,1840.0,3300.0,1.5,0.0,0.0,4,6,1130.0,710.0,1910,0.0,98107,47.6757,-122.362,1320.0,4000.0,2014-05-09,490000.0
9183700470,4.0,2.0,2330.0,6250.0,1.0,0.0,0.0,4,7,1400.0,930.0,1941,0.0,98030,47.3782,-122.228,2050.0,9000.0,2014-05-27,344950.0
1337800284,3.0,2.0,2250.0,2975.0,2.0,0.0,0.0,4,9,1880.0,370.0,1905,0.0,98112,47.6289,-122.309,2690.0,4800.0,2014-08-27,950000.0
3867400130,4.0,1.75,2000.0,3988.0,1.0,0.0,4.0,4,7,1000.0,1000.0,1958,0.0,98116,47.5925,-122.391,1690.0,4144.0,2014-07-09,810000.0
7856410020,2.0,2.5,3010.0,16050.0,1.0,0.0,3.0,4,9,1260.0,1750.0,1976,0.0,98006,47.5643,-122.16,3010.0,11612.0,2015-03-09,998160.0
9477730080,3.0,1.75,1680.0,7389.0,1.0,0.0,0.0,3,8,1150.0,530.0,1979,0.0,98056,47.5199,-122.184,2100.0,10348.0,2014-12-10,377000.0
3300760020,3.0,2.0,1530.0,6773.0,1.0,,0.0,4,8,1530.0,0.0,1984,0.0,98033,47.6653,-122.194,2240.0,7201.0,2014-08-26,595000.0
148000440,2.0,1.0,970.0,4800.0,1.0,0.0,0.0,3,6,970.0,0.0,1911,19400.0,98116,47.5754,-122.414,1180.0,5900.0,2014-08-18,313300.0
1708400595,5.0,1.75,1550.0,5225.0,1.5,,0.0,4,7,1550.0,0.0,1941,0.0,98108,47.554,-122.306,1220.0,5225.0,2014-07-25,360000.0
9264901680,3.0,1.75,1660.0,7350.0,1.0,0.0,0.0,2,8,1660.0,0.0,1979,0.0,98023,47.3118,-122.337,1840.0,7673.0,2015-03-23,188000.0
3226079091,3.0,2.5,3680.0,203860.0,1.5,0.0,0.0,3,9,3680.0,0.0,1994,0.0,98014,47.6903,-121.929,2410.0,144183.0,2014-09-12,755000.0
2877104175,5.0,3.5,3210.0,4060.0,2.0,0.0,2.0,3,10,2290.0,920.0,1917,20030.0,98117,47.6801,-122.357,1940.0,5000.0,2014-09-10,1290000.0
8843900396,3.0,1.0,1480.0,13280.0,2.5,,0.0,3,6,1480.0,0.0,1940,0.0,98027,47.5378,-122.043,1510.0,8723.0,2014-07-14,455000.0
1425059193,5.0,3.5,3600.0,9312.0,2.0,,3.0,3,10,2680.0,920.0,2005,0.0,98052,47.6582,-122.122,3420.0,9860.0,2014-10-09,817500.0
5694000768,3.0,2.25,1700.0,1481.0,3.0,0.0,0.0,3,8,1700.0,0.0,2002,0.0,98103,47.6598,-122.349,1560.0,1350.0,2014-09-22,550000.0
8732190460,3.0,1.75,1680.0,8725.0,1.0,0.0,0.0,3,8,1240.0,440.0,1978,0.0,98023,47.3107,-122.397,2020.0,8352.0,2015-05-05,260000.0
723099028,3.0,2.0,1550.0,34175.0,1.5,0.0,0.0,3,7,1550.0,0.0,1999,0.0,98045,47.4855,-121.698,2300.0,35174.0,2014-06-26,320000.0
4139480190,3.0,3.25,3780.0,10623.0,1.0,0.0,1.0,3,11,2650.0,1130.0,1999,0.0,98006,47.5506,-122.101,3850.0,11170.0,2014-09-16,1150000.0
1133000050,4.0,2.5,2360.0,7370.0,1.0,0.0,0.0,3,7,1460.0,900.0,1985,0.0,98125,47.7201,-122.308,1590.0,9906.0,2015-04-20,362000.0
2770601462,3.0,2.5,1810.0,1750.0,2.0,0.0,0.0,3,7,1350.0,460.0,1997,0.0,98199,47.6513,-122.386,1640.0,1563.0,2015-04-23,503500.0
3630120480,3.0,2.5,2290.0,3475.0,2.0,0.0,0.0,3,9,2290.0,0.0,2006,0.0,98029,47.5551,-122.001,2340.0,3626.0,2014-06-02,653000.0
624110050,4.0,2.75,3370.0,12447.0,2.0,0.0,0.0,3,10,3370.0,0.0,1991,0.0,98077,47.7309,-122.058,3700.0,13129.0,2014-06-04,760000.0
2301400655,4.0,1.75,2090.0,5050.0,1.0,0.0,0.0,4,7,1090.0,1000.0,1916,0.0,98117,47.6802,-122.358,1760.0,5000.0,2014-11-25,775000.0
7936500190,4.0,3.75,2130.0,34689.0,1.5,1.0,4.0,3,9,2130.0,0.0,1955,0.0,98136,47.5489,-122.398,3030.0,28598.0,2014-10-21,1340000.0
126039323,5.0,1.75,2060.0,10911.0,1.0,0.0,0.0,4,7,1360.0,700.0,1954,0.0,98177,47.7767,-122.365,2060.0,9688.0,2015-02-24,417500.0
9512500460,3.0,1.5,1560.0,9350.0,1.0,0.0,0.0,4,7,1220.0,340.0,1969,0.0,98052,47.6729,-122.148,1870.0,8671.0,2014-07-11,525000.0
7203601405,2.0,1.0,730.0,2400.0,1.0,0.0,1.0,3,4,730.0,0.0,1934,0.0,98198,47.35,-122.322,1220.0,4382.0,2015-04-14,217000.0
6204200170,4.0,2.75,2910.0,6308.0,1.0,0.0,0.0,3,8,1640.0,1270.0,1985,0.0,98011,47.7352,-122.201,1970.0,7127.0,2014-07-09,525000.0
5027800190,4.0,2.25,2490.0,8700.0,1.0,,0.0,3,7,1890.0,600.0,1976,0.0,98155,47.7397,-122.324,1470.0,7975.0,2015-03-24,442500.0
2206500430,4.0,1.75,1710.0,10440.0,1.0,0.0,0.0,4,7,1710.0,0.0,1955,0.0,98006,47.5756,-122.158,1480.0,10440.0,2014-07-09,525000.0
9477001410,4.0,1.75,1520.0,10630.0,1.0,0.0,0.0,4,7,1520.0,0.0,1967,0.0,98034,47.7347,-122.193,1550.0,8039.0,2015-02-25,425500.0
2324079073,3.0,2.75,2930.0,218235.0,2.0,0.0,2.0,3,8,2930.0,0.0,1990,0.0,98024,47.5481,-121.886,2450.0,218235.0,2014-08-15,710000.0
2817210420,4.0,3.0,3160.0,10948.0,1.0,0.0,3.0,3,8,1930.0,1230.0,1991,0.0,98070,47.3733,-122.422,2380.0,13623.0,2014-11-14,545000.0
1402200440,5.0,2.75,2910.0,16410.0,1.5,,0.0,4,8,2910.0,0.0,1967,0.0,98058,47.44,-122.145,1980.0,18000.0,2015-02-12,410000.0
1545808370,3.0,2.25,1700.0,8100.0,1.0,0.0,0.0,3,7,1200.0,500.0,1980,0.0,98038,47.3601,-122.046,1700.0,8100.0,2015-04-22,245000.0
7335400500,2.0,1.0,810.0,6697.0,1.0,0.0,0.0,4,6,810.0,0.0,1923,0.0,98002,47.3057,-122.216,1140.0,6695.0,2014-07-11,194900.0
1843130980,4.0,2.5,2000.0,5390.0,2.0,0.0,0.0,3,7,2000.0,0.0,2003,0.0,98042,47.3732,-122.129,2330.0,5390.0,2014-05-06,284000.0
9262800255,2.0,1.75,1894.0,52769.0,1.5,0.0,0.0,4,6,1520.0,374.0,1936,0.0,98001,47.3088,-122.273,1820.0,50529.0,2014-08-19,280000.0
8656800190,3.0,1.75,2080.0,87991.0,1.0,0.0,0.0,3,6,1040.0,1040.0,1970,0.0,98014,47.6724,-121.865,2080.0,84300.0,2014-10-02,280000.0
2113700235,4.0,2.0,1730.0,5500.0,1.0,0.0,0.0,5,7,1010.0,720.0,1943,0.0,98106,47.5304,-122.353,1080.0,4900.0,2014-05-12,360000.0
4235400255,2.0,1.0,720.0,4323.0,1.0,,0.0,3,6,720.0,0.0,1942,0.0,98199,47.6604,-122.401,1460.0,3300.0,2014-09-05,405000.0
8691360380,4.0,2.5,3560.0,13981.0,2.0,0.0,0.0,3,10,3560.0,0.0,2000,0.0,98075,47.6002,-121.98,3840.0,13624.0,2015-04-14,865000.0
2205500080,4.0,2.0,1210.0,11100.0,1.0,0.0,0.0,4,7,1210.0,0.0,1955,0.0,98006,47.5747,-122.145,1280.0,11100.0,2014-06-10,483300.0
4137000250,4.0,2.5,2130.0,9268.0,2.0,0.0,0.0,4,8,2130.0,0.0,1985,0.0,98092,47.262,-122.22,2100.0,8400.0,2015-03-18,355000.0
2310010050,3.0,2.25,1570.0,8767.0,1.0,0.0,0.0,3,7,1180.0,390.0,1990,0.0,98038,47.3568,-122.038,1570.0,7434.0,2015-04-30,274950.0
1370802115,3.0,4.5,3950.0,6134.0,2.0,,3.0,3,11,2880.0,1070.0,1998,0.0,98199,47.6413,-122.405,3050.0,5281.0,2014-12-05,1930000.0
6117900010,3.0,3.25,3450.0,15586.0,2.0,,0.0,3,11,2690.0,760.0,1989,0.0,98166,47.4294,-122.343,3560.0,15046.0,2014-12-31,755000.0
2626069030,4.0,5.75,7220.0,223462.0,2.0,0.0,4.0,3,12,6220.0,1000.0,2000,0.0,98053,47.7097,-122.013,2680.0,7593.0,2015-02-09,1940000.0
9407102360,3.0,1.75,1150.0,9600.0,1.0,0.0,0.0,3,7,1150.0,0.0,1979,0.0,98045,47.4434,-121.774,1520.0,9976.0,2014-06-16,309212.0
104510440,3.0,2.25,1500.0,7615.0,1.0,0.0,0.0,3,7,1150.0,350.0,1984,0.0,98023,47.3146,-122.351,1540.0,8649.0,2014-06-04,219950.0
7519000170,3.0,2.5,1300.0,5150.0,1.5,0.0,0.0,4,7,1300.0,0.0,1920,0.0,98117,47.6838,-122.362,1400.0,4017.0,2014-07-23,690000.0
2113700500,3.0,1.75,1290.0,4000.0,1.0,0.0,0.0,3,6,1170.0,120.0,1943,0.0,98106,47.5309,-122.354,1140.0,4000.0,2014-10-05,250800.0
1560930050,3.0,2.0,2510.0,35255.0,1.0,0.0,2.0,3,9,2510.0,0.0,1994,0.0,98038,47.4012,-122.025,3140.0,36450.0,2015-03-25,557500.0
9550204590,4.0,1.75,2320.0,3825.0,1.5,0.0,0.0,5,8,1820.0,500.0,1926,0.0,98105,47.6659,-122.327,1940.0,3825.0,2014-06-24,941000.0
4217402115,6.0,4.75,5480.0,19401.0,1.5,1.0,4.0,5,11,3910.0,1570.0,1936,0.0,98105,47.6515,-122.277,3510.0,15810.0,2015-04-21,3650000.0
9412710440,4.0,2.75,2030.0,8600.0,1.0,0.0,0.0,4,7,1230.0,800.0,1977,0.0,98042,47.3942,-122.16,1810.0,8600.0,2015-04-22,305000.0
6043400006,4.0,1.5,2060.0,16110.0,1.0,0.0,0.0,4,8,2060.0,0.0,1949,0.0,98004,47.5983,-122.202,2060.0,16110.0,2014-07-29,815000.0
1024039049,3.0,2.5,2920.0,34527.0,1.0,0.0,4.0,4,9,1800.0,1120.0,1954,19830.0,98116,47.5799,-122.4,2480.0,7933.0,2014-05-12,1020000.0
1250204835,4.0,3.0,3330.0,6990.0,1.5,0.0,3.0,5,9,2330.0,1000.0,1928,0.0,98144,47.5886,-122.287,2620.0,5310.0,2014-09-08,1240000.0
6388920460,3.0,2.5,2110.0,8164.0,2.0,0.0,0.0,3,9,2110.0,0.0,1990,0.0,98056,47.5269,-122.171,2390.0,7499.0,2014-12-26,535000.0
1925059049,3.0,1.0,1175.0,10454.0,1.0,0.0,0.0,4,6,1175.0,0.0,1949,0.0,98004,47.6388,-122.218,2010.0,10800.0,2014-07-21,775000.0
7760400420,3.0,2.0,1590.0,8670.0,1.0,,0.0,3,7,1590.0,0.0,1994,0.0,98042,47.3725,-122.073,1590.0,9253.0,2014-07-18,255000.0
6163901271,2.0,1.0,1070.0,9750.0,1.0,0.0,0.0,3,7,1070.0,0.0,1947,0.0,98155,47.7532,-122.318,1500.0,8775.0,2014-08-11,327000.0
5437200050,4.0,2.0,2720.0,8819.0,2.0,0.0,3.0,3,8,2240.0,480.0,1976,0.0,98003,47.338,-122.333,2960.0,9672.0,2014-11-20,560000.0
3885806565,4.0,3.5,2980.0,6349.0,2.0,0.0,3.0,3,9,2980.0,0.0,1998,0.0,98033,47.6819,-122.208,2870.0,6349.0,2015-01-30,1340000.0
8651443190,3.0,1.75,1160.0,5200.0,1.0,0.0,0.0,4,7,1160.0,0.0,1977,0.0,98042,47.3643,-122.09,1470.0,5200.0,2014-12-04,199500.0
1722069145,4.0,2.5,3580.0,97574.0,2.0,0.0,0.0,3,9,3580.0,0.0,2004,0.0,98038,47.3901,-122.071,2510.0,27068.0,2014-12-23,760000.0
7883605985,3.0,2.25,3020.0,6000.0,3.0,0.0,2.0,3,8,1980.0,1040.0,1994,0.0,98108,47.5249,-122.319,1150.0,6000.0,2015-03-30,439000.0
4038700190,4.0,2.25,2380.0,5250.0,1.0,0.0,0.0,4,7,1410.0,970.0,1961,0.0,98008,47.6164,-122.115,2150.0,8560.0,2014-09-30,527000.0
8661000089,3.0,2.75,2270.0,13590.0,1.5,0.0,0.0,4,6,1300.0,970.0,1948,0.0,98022,47.2099,-122.001,1160.0,13545.0,2014-07-16,199950.0
2329800430,3.0,2.25,1660.0,8188.0,2.0,0.0,0.0,4,7,1660.0,0.0,1988,0.0,98042,47.3766,-122.115,1660.0,7000.0,2015-02-04,254000.0
6431500280,2.0,1.0,830.0,5000.0,1.0,0.0,0.0,4,7,830.0,0.0,1921,0.0,98103,47.6914,-122.352,1110.0,5000.0,2015-03-23,393000.0
6204430250,5.0,2.25,2480.0,12614.0,1.0,0.0,0.0,4,8,1860.0,620.0,1979,0.0,98011,47.7393,-122.2,2470.0,12392.0,2014-11-21,585000.0
4365200630,2.0,2.0,1900.0,7740.0,1.0,0.0,0.0,4,7,1150.0,750.0,1923,0.0,98126,47.5227,-122.372,1140.0,7740.0,2014-07-16,450000.0
3630120050,2.0,1.75,1670.0,4008.0,1.0,0.0,0.0,3,9,1670.0,0.0,2005,0.0,98029,47.5539,-122.001,2330.0,3752.0,2014-06-25,565000.0
7844200050,5.0,2.25,2000.0,7900.0,1.0,0.0,0.0,4,7,1300.0,700.0,1986,0.0,98188,47.4291,-122.292,2000.0,9132.0,2014-05-22,330000.0
1240700006,3.0,2.0,2320.0,65340.0,1.5,0.0,0.0,3,9,2320.0,0.0,1992,0.0,98074,47.6106,-122.055,3100.0,59603.0,2015-05-11,870000.0
8563000470,4.0,2.5,1860.0,8117.0,1.0,0.0,0.0,4,8,1460.0,400.0,1966,0.0,98008,47.6228,-122.104,2040.0,8199.0,2014-07-23,585000.0
3221069091,3.0,2.5,2110.0,208737.0,2.0,,3.0,3,9,2110.0,0.0,1977,0.0,98092,47.2674,-122.072,2390.0,125017.0,2014-11-06,500000.0
8645530010,3.0,2.0,1400.0,7384.0,1.0,0.0,0.0,3,7,1150.0,250.0,1979,0.0,98058,47.4655,-122.174,1820.0,7992.0,2014-05-15,225000.0
8645530010,3.0,2.0,1400.0,7384.0,1.0,0.0,0.0,3,7,1150.0,250.0,1979,0.0,98058,47.4655,-122.174,1820.0,7992.0,2015-03-25,295000.0
2141300420,3.0,2.75,2850.0,14800.0,1.0,0.0,0.0,4,9,1920.0,930.0,1976,0.0,98006,47.559,-122.146,3300.0,10809.0,2014-06-26,775000.0
9407101900,3.0,1.0,1370.0,11050.0,1.0,0.0,0.0,3,7,1370.0,0.0,1981,0.0,98045,47.4485,-121.776,1520.0,10000.0,2014-07-17,280000.0
1931300425,3.0,2.5,2170.0,3200.0,1.5,0.0,0.0,5,7,1280.0,890.0,1923,0.0,98103,47.6543,-122.347,1180.0,1224.0,2014-09-08,539000.0
9290800050,3.0,1.75,2570.0,14033.0,1.0,0.0,2.0,4,8,2570.0,0.0,1953,0.0,98166,47.4335,-122.338,2550.0,16100.0,2015-03-24,567500.0
9421500010,4.0,2.25,1970.0,7902.0,1.0,,0.0,3,8,1310.0,660.0,1960,0.0,98125,47.7249,-122.298,1860.0,8021.0,2015-02-05,442500.0
3333500151,5.0,3.75,2980.0,4635.0,3.0,0.0,0.0,3,8,2980.0,0.0,1997,0.0,98118,47.5508,-122.268,1100.0,5150.0,2015-05-07,598200.0
3759500006,4.0,2.5,2300.0,10843.0,2.0,0.0,0.0,5,8,2300.0,0.0,1955,0.0,98033,47.6988,-122.202,1780.0,10843.0,2014-10-14,610000.0
4221270290,3.0,2.5,1990.0,4936.0,2.0,0.0,0.0,3,8,1990.0,0.0,2004,0.0,98075,47.5911,-122.018,2250.0,4815.0,2014-11-21,544900.0
1775801405,4.0,2.5,2390.0,38258.0,2.0,0.0,0.0,3,8,2390.0,0.0,2001,0.0,98072,47.7433,-122.094,1960.0,17113.0,2014-12-16,557500.0
3575302575,3.0,2.5,2160.0,7500.0,1.0,0.0,1.0,3,7,1430.0,730.0,1979,0.0,98074,47.6188,-122.064,1560.0,7500.0,2014-08-11,532500.0
2581300010,4.0,3.25,3300.0,15907.0,2.0,0.0,0.0,5,10,3300.0,0.0,1985,0.0,98040,47.5413,-122.216,2740.0,11358.0,2014-06-09,1350000.0
8805900080,3.0,2.0,1840.0,2825.0,1.0,,0.0,3,7,1040.0,800.0,1920,0.0,98112,47.6428,-122.302,1820.0,3750.0,2015-04-30,750000.0
8121200460,3.0,2.5,2030.0,10958.0,2.0,0.0,0.0,3,8,2030.0,0.0,1983,0.0,98052,47.7251,-122.11,1960.0,10282.0,2014-11-19,530000.0
2461900609,3.0,2.5,1400.0,2036.0,2.0,,0.0,3,7,1400.0,0.0,2003,0.0,98136,47.5516,-122.382,1500.0,2036.0,2014-07-17,346100.0
3298600440,4.0,2.25,2320.0,16800.0,2.0,,0.0,4,9,2320.0,0.0,1977,0.0,98092,47.2959,-122.166,2700.0,15680.0,2014-08-10,260000.0
643300010,3.0,1.75,1410.0,9150.0,1.0,0.0,0.0,5,7,1410.0,0.0,1959,0.0,98006,47.5683,-122.178,1800.0,9940.0,2014-08-29,365000.0
224069102,3.0,2.0,1860.0,42800.0,1.0,0.0,0.0,4,7,930.0,930.0,1983,0.0,98075,47.5898,-122.004,1980.0,11250.0,2014-09-08,615000.0
8856960050,4.0,2.5,1820.0,6916.0,2.0,0.0,0.0,3,7,1820.0,0.0,1994,0.0,98038,47.3862,-122.029,1680.0,6995.0,2014-07-24,318400.0
4024101478,4.0,2.5,1910.0,7172.0,2.0,,0.0,3,8,1910.0,0.0,1993,0.0,98155,47.7615,-122.309,1630.0,10127.0,2015-03-03,498500.0
1839910470,3.0,1.75,1540.0,7490.0,1.0,0.0,0.0,5,7,1540.0,0.0,1971,0.0,98034,47.7222,-122.177,1270.0,7350.0,2015-04-08,450000.0
3668000670,3.0,2.0,1430.0,7905.0,1.0,0.0,0.0,4,7,1430.0,0.0,1988,0.0,98092,47.2757,-122.145,1870.0,8400.0,2015-03-27,200000.0
1274500420,3.0,1.0,1010.0,8906.0,1.0,0.0,0.0,5,7,1010.0,0.0,1968,0.0,98042,47.3627,-122.108,1150.0,10414.0,2014-09-09,234000.0
8151600470,2.0,1.0,940.0,8384.0,1.0,0.0,0.0,3,5,940.0,0.0,1947,0.0,98146,47.5065,-122.364,1290.0,8384.0,2014-08-04,121800.0
56000095,3.0,2.75,2600.0,5875.0,1.5,0.0,2.0,5,8,1600.0,1000.0,1929,0.0,98116,47.5773,-122.406,2260.0,5492.0,2014-06-26,805000.0
3432500980,4.0,2.25,2060.0,7283.0,1.0,0.0,0.0,3,8,1220.0,840.0,1963,20130.0,98155,47.7435,-122.317,1500.0,8134.0,2014-07-08,410000.0
7940700050,3.0,2.5,1920.0,4534.0,2.0,0.0,0.0,3,8,1920.0,0.0,1986,0.0,98034,47.7144,-122.204,1380.0,5100.0,2015-02-18,475000.0
1025039292,4.0,2.5,2900.0,21074.0,2.0,0.0,0.0,3,11,2900.0,0.0,1986,0.0,98199,47.6696,-122.416,3390.0,20000.0,2014-10-30,1340000.0
3438503140,1.0,1.0,1020.0,7920.0,1.0,0.0,0.0,3,7,1020.0,0.0,1947,19830.0,98106,47.5385,-122.355,1000.0,7168.0,2014-09-18,269000.0
7558750190,4.0,2.25,2150.0,9520.0,2.0,0.0,0.0,4,8,2150.0,0.0,1979,0.0,98052,47.6885,-122.113,2000.0,9520.0,2014-07-24,573000.0
3395040440,3.0,2.5,1660.0,2890.0,2.0,0.0,0.0,3,7,1660.0,0.0,2001,0.0,98108,47.5434,-122.293,1540.0,2890.0,2015-03-27,330000.0
4338800190,4.0,1.0,1230.0,7410.0,1.5,0.0,0.0,3,7,1230.0,0.0,1944,0.0,98166,47.4798,-122.344,1020.0,7648.0,2014-06-26,252750.0
8682290670,2.0,2.5,2170.0,7546.0,1.0,0.0,0.0,3,8,2170.0,0.0,2007,0.0,98053,47.7242,-122.032,2170.0,7083.0,2015-04-06,745000.0
5113260430,3.0,2.0,1280.0,7633.0,1.0,0.0,0.0,3,7,1280.0,0.0,1991,0.0,98038,47.3883,-122.05,1450.0,6783.0,2015-03-04,280000.0
387000190,4.0,2.5,2240.0,6920.0,1.0,0.0,0.0,5,8,1380.0,860.0,1974,0.0,98146,47.5011,-122.375,1540.0,7000.0,2015-04-30,535000.0
6844703135,4.0,1.5,1780.0,5100.0,1.0,0.0,0.0,3,7,1320.0,,1953,0.0,98115,47.6944,-122.288,1880.0,5100.0,2015-03-12,580000.0
8899000190,3.0,1.75,1840.0,7200.0,1.0,0.0,0.0,4,7,1220.0,620.0,1968,0.0,98055,47.456,-122.209,1770.0,8075.0,2014-12-12,301000.0
3275760190,4.0,1.75,1740.0,7700.0,1.0,0.0,0.0,5,7,1740.0,0.0,1968,0.0,98008,47.6259,-122.111,1740.0,8120.0,2014-06-24,600000.0
3438500924,5.0,3.0,3040.0,6604.0,2.0,0.0,0.0,3,9,3040.0,0.0,2005,0.0,98106,47.548,-122.356,1650.0,6825.0,2014-08-11,538900.0
5104530430,3.0,2.5,2370.0,4375.0,2.0,0.0,0.0,3,8,2370.0,0.0,2006,0.0,98038,47.354,-121.999,2380.0,4606.0,2015-02-09,366000.0
5468770250,4.0,2.5,2100.0,6783.0,2.0,0.0,0.0,3,8,2100.0,0.0,2003,0.0,98042,47.3504,-122.141,2100.0,6192.0,2014-08-19,303000.0
4318200440,3.0,2.25,1470.0,1578.0,2.0,0.0,0.0,3,8,1090.0,380.0,2007,0.0,98136,47.5388,-122.387,1470.0,1668.0,2014-05-22,432000.0
1721800190,2.0,1.5,1300.0,6120.0,1.0,0.0,0.0,3,6,820.0,480.0,1945,0.0,98146,47.5088,-122.338,1250.0,6120.0,2015-04-09,300000.0
1250202285,3.0,3.0,3420.0,7826.0,2.0,0.0,0.0,4,8,2430.0,990.0,1939,0.0,98144,47.5873,-122.29,980.0,6300.0,2014-10-20,908800.0
2767602945,3.0,1.5,1190.0,4750.0,1.0,0.0,0.0,3,7,970.0,220.0,1940,0.0,98107,47.6726,-122.386,1460.0,4750.0,2014-06-25,500000.0
321049090,5.0,2.0,2080.0,16117.0,1.0,0.0,0.0,5,7,1740.0,340.0,1959,0.0,98001,47.3424,-122.289,1510.0,13068.0,2014-06-26,254000.0
4443801495,5.0,1.5,2180.0,4268.0,1.5,0.0,0.0,4,7,1340.0,840.0,1924,0.0,98117,47.6848,-122.389,1530.0,3880.0,2014-09-17,470000.0
3275750290,3.0,2.0,1460.0,7860.0,1.0,0.0,0.0,5,7,1460.0,0.0,1967,0.0,98008,47.6233,-122.108,1850.0,8148.0,2015-03-17,480000.0
2273600460,3.0,1.75,1530.0,8503.0,1.0,0.0,0.0,4,7,1150.0,380.0,1983,0.0,98033,47.6872,-122.185,1610.0,8549.0,2015-01-30,536000.0
8562720420,4.0,3.5,4740.0,8611.0,2.0,0.0,3.0,3,11,3640.0,1100.0,2006,0.0,98027,47.5375,-122.07,4042.0,8321.0,2015-04-30,1350000.0
1330900250,3.0,2.25,1980.0,40887.0,1.0,,0.0,4,8,1980.0,0.0,1980,0.0,98052,47.6478,-122.029,2460.0,35700.0,2014-05-15,550000.0
1099600250,3.0,1.75,1710.0,6400.0,1.0,,0.0,4,7,1240.0,470.0,1976,0.0,98023,47.3036,-122.377,1600.0,6400.0,2014-12-02,260000.0
1445200190,2.0,1.5,1160.0,982.0,2.0,0.0,0.0,3,7,890.0,,2006,0.0,98155,47.7675,-122.315,1160.0,1008.0,2015-04-24,284900.0
1929300052,3.0,2.5,2200.0,3000.0,2.0,0.0,0.0,3,9,1530.0,670.0,2002,0.0,98109,47.6451,-122.35,2200.0,3300.0,2014-10-29,740000.0
7626200280,2.0,1.0,1170.0,5000.0,1.0,0.0,0.0,4,7,1030.0,140.0,1920,0.0,98136,47.5449,-122.388,1170.0,5850.0,2014-10-02,425000.0
7211402115,3.0,1.0,1120.0,7500.0,1.0,0.0,0.0,3,7,1120.0,0.0,1965,0.0,98146,47.5112,-122.359,1120.0,5000.0,2014-09-02,230000.0
324000280,3.0,1.5,1710.0,4000.0,2.0,0.0,0.0,3,8,1710.0,0.0,1926,0.0,98116,47.5714,-122.385,1910.0,4000.0,2015-04-13,675000.0
8091410080,3.0,1.75,1650.0,7807.0,1.0,0.0,0.0,3,7,1650.0,0.0,1986,0.0,98030,47.3514,-122.167,1810.0,8475.0,2014-07-29,267500.0
6616000010,4.0,2.5,2840.0,8820.0,1.0,0.0,2.0,5,8,1420.0,1420.0,1952,0.0,98118,47.5542,-122.265,2310.0,8750.0,2014-08-25,814000.0
1125069102,4.0,3.0,3310.0,217800.0,1.5,0.0,0.0,3,9,3310.0,0.0,1989,0.0,98053,47.6616,-121.999,2810.0,217800.0,2015-04-27,1250000.0
6413600151,3.0,2.0,1860.0,7232.0,1.0,0.0,0.0,3,7,1320.0,540.0,1985,0.0,98125,47.7165,-122.319,1830.0,7220.0,2014-09-16,460000.0
2607720420,3.0,2.5,2250.0,9608.0,2.0,,0.0,3,8,2250.0,0.0,1994,0.0,98045,47.4865,-121.802,2020.0,9834.0,2015-01-20,445000.0
1854900470,3.0,2.5,2890.0,7027.0,2.0,0.0,0.0,3,8,2890.0,0.0,2004,0.0,98074,47.6111,-122.009,2890.0,7197.0,2014-09-24,715000.0
8901000911,3.0,1.75,2120.0,5992.0,1.0,0.0,0.0,3,7,1060.0,1060.0,1947,0.0,98125,47.7083,-122.308,1840.0,11000.0,2015-02-19,425000.0
3709600190,4.0,2.5,2130.0,4750.0,2.0,,0.0,3,8,2130.0,0.0,2009,0.0,98058,47.4324,-122.184,2130.0,4071.0,2014-07-15,370000.0
537000255,2.0,1.75,1170.0,8200.0,1.0,0.0,0.0,4,6,780.0,390.0,1937,0.0,98003,47.3263,-122.305,1780.0,9020.0,2015-04-29,302000.0
4036800170,4.0,1.75,2120.0,7420.0,1.0,0.0,0.0,4,7,1060.0,1060.0,1956,0.0,98008,47.6019,-122.13,1540.0,7420.0,2014-06-23,453000.0
5127100190,3.0,1.75,1280.0,10716.0,1.0,0.0,0.0,4,7,1280.0,0.0,1969,0.0,98059,47.4755,-122.145,1440.0,9870.0,2014-05-20,290000.0
1762600190,4.0,2.5,3170.0,47502.0,2.0,0.0,0.0,3,10,3170.0,0.0,1988,0.0,98033,47.6495,-122.185,3190.0,35110.0,2014-12-29,1040000.0
7796100080,4.0,2.25,2260.0,41984.0,1.0,0.0,0.0,4,9,2260.0,0.0,1967,0.0,98033,47.6622,-122.171,2650.0,37318.0,2014-05-20,925000.0
9465910190,3.0,1.75,2930.0,19876.0,1.0,0.0,0.0,3,9,2030.0,900.0,1993,0.0,98072,47.7443,-122.17,2740.0,11499.0,2014-05-29,600000.0
9284801845,3.0,1.5,1060.0,5750.0,1.0,0.0,2.0,4,7,1060.0,0.0,1981,0.0,98126,47.5512,-122.371,1060.0,5750.0,2014-08-05,354000.0
3210200373,4.0,1.75,1740.0,9344.0,1.0,0.0,0.0,3,7,1180.0,560.0,1978,0.0,98023,47.3196,-122.399,1440.0,12884.0,2014-06-17,204950.0
1854900430,4.0,2.5,2990.0,5400.0,2.0,0.0,0.0,3,8,2990.0,0.0,2005,0.0,98074,47.6122,-122.009,2890.0,6538.0,2015-04-22,675000.0
2944000050,4.0,3.25,3530.0,20012.0,2.0,0.0,0.0,3,11,3530.0,0.0,1986,0.0,98052,47.7193,-122.127,3850.0,20707.0,2015-04-22,995000.0
7971300020,5.0,2.0,2960.0,10960.0,1.0,0.0,0.0,4,7,1500.0,1460.0,1957,0.0,98005,47.6162,-122.174,2160.0,10960.0,2015-03-31,800000.0
1542800010,3.0,2.5,1650.0,3711.0,2.0,0.0,0.0,3,8,1650.0,0.0,1996,0.0,98052,47.6863,-122.093,1760.0,3762.0,2014-09-09,472500.0
1433500050,4.0,2.5,2720.0,13500.0,1.0,0.0,0.0,3,8,1510.0,1210.0,1969,0.0,98007,47.6191,-122.145,2510.0,12350.0,2014-12-02,549950.0
9482700080,3.0,1.75,1516.0,2897.0,1.0,0.0,0.0,3,7,998.0,518.0,1925,0.0,98103,47.6842,-122.341,2100.0,3854.0,2014-10-13,575575.0
3303870050,4.0,3.25,4386.0,12275.0,1.0,,0.0,3,10,2356.0,2030.0,2006,0.0,98092,47.3329,-122.2,3060.0,10925.0,2015-03-03,545000.0
2071700010,3.0,2.25,2580.0,7434.0,1.0,0.0,0.0,3,7,1630.0,950.0,1963,0.0,98133,47.7446,-122.332,1920.0,7737.0,2014-11-19,340000.0
421000430,3.0,1.0,960.0,5512.0,1.0,0.0,0.0,4,6,960.0,0.0,1963,0.0,98056,47.4944,-122.165,1090.0,5837.0,2015-03-31,225000.0
2787460430,2.0,1.75,1460.0,10506.0,1.0,0.0,0.0,3,7,1460.0,0.0,1983,0.0,98031,47.4048,-122.178,1460.0,8153.0,2014-10-28,299950.0
2436200185,4.0,3.5,3840.0,4000.0,2.0,,0.0,3,8,2640.0,1200.0,2001,0.0,98105,47.6642,-122.291,1620.0,4000.0,2015-02-23,829900.0
9542830440,4.0,2.5,2090.0,4200.0,2.0,0.0,0.0,3,7,2090.0,0.0,2007,0.0,98038,47.3659,-122.017,2090.0,4200.0,2015-03-30,340000.0
23500190,4.0,2.25,2470.0,7800.0,1.0,,0.0,3,8,1470.0,1000.0,1975,0.0,98052,47.6913,-122.115,2050.0,8050.0,2014-10-08,515000.0
3905030190,4.0,2.5,2090.0,6906.0,2.0,0.0,0.0,4,8,2090.0,0.0,1992,0.0,98029,47.5718,-121.996,2090.0,6370.0,2014-07-11,601000.0
8079050010,3.0,2.5,2070.0,8581.0,2.0,0.0,0.0,3,8,2070.0,0.0,1994,0.0,98059,47.5101,-122.151,2440.0,7849.0,2015-05-04,470000.0
3172600095,3.0,1.0,1650.0,6400.0,1.0,0.0,0.0,4,7,980.0,670.0,1954,0.0,98106,47.52,-122.365,1230.0,6400.0,2014-07-08,371500.0
126059242,3.0,1.75,1880.0,45738.0,1.0,0.0,0.0,4,8,1410.0,470.0,1980,0.0,98072,47.7662,-122.114,2340.0,38556.0,2014-11-19,550000.0
2944510080,4.0,2.5,2060.0,7720.0,2.0,0.0,0.0,3,8,2060.0,0.0,1995,0.0,98023,47.2956,-122.374,1630.0,7720.0,2014-12-14,242550.0
7019000050,3.0,1.5,1410.0,9647.0,1.0,0.0,0.0,3,8,1410.0,0.0,1961,0.0,98177,47.7608,-122.361,2090.0,9272.0,2014-05-06,367500.0
7212680460,4.0,3.5,2770.0,8763.0,2.0,0.0,0.0,3,8,2100.0,670.0,1996,0.0,98003,47.2625,-122.308,2030.0,7242.0,2014-09-24,359000.0
5706600170,3.0,2.0,1390.0,8245.0,1.0,,0.0,2,7,1390.0,0.0,1984,0.0,98001,47.2669,-122.254,1260.0,8245.0,2015-03-11,204900.0
3322049005,4.0,2.75,5440.0,239580.0,1.0,0.0,0.0,2,9,2720.0,2720.0,1969,0.0,98001,47.354,-122.293,1970.0,40392.0,2014-09-30,850000.0
7338000950,3.0,1.5,1280.0,4452.0,2.0,0.0,0.0,3,6,1280.0,0.0,1985,0.0,98002,47.3344,-122.216,1070.0,4366.0,2014-10-21,187000.0
3323059027,3.0,2.75,1720.0,28000.0,1.0,0.0,0.0,4,7,1720.0,0.0,1958,0.0,98058,47.4375,-122.176,2000.0,41817.0,2014-05-28,326000.0
3323059027,3.0,2.75,1720.0,28000.0,1.0,0.0,0.0,4,7,1720.0,0.0,1958,0.0,98058,47.4375,-122.176,2000.0,41817.0,2015-02-25,340000.0
5502700005,6.0,2.25,3040.0,28535.0,1.0,0.0,0.0,3,8,1890.0,1150.0,1951,0.0,98030,47.3864,-122.223,1360.0,8250.0,2014-06-25,330000.0
7205930050,4.0,3.5,3780.0,7769.0,2.0,0.0,0.0,3,9,3110.0,670.0,2001,0.0,98052,47.691,-122.129,3310.0,7945.0,2015-01-02,782000.0
1853200190,4.0,2.5,2670.0,5974.0,2.0,0.0,0.0,3,8,2670.0,0.0,1999,0.0,98034,47.7122,-122.231,2140.0,5729.0,2014-11-03,612000.0
2697400020,3.0,2.0,1350.0,7216.0,1.0,0.0,0.0,3,7,1350.0,0.0,1964,0.0,98177,47.7616,-122.365,1920.0,7600.0,2014-10-31,400000.0
226039316,5.0,3.5,3490.0,9680.0,2.0,0.0,4.0,3,9,2460.0,1030.0,1980,0.0,98177,47.7757,-122.391,3080.0,13489.0,2014-06-03,941500.0
3126049439,2.0,1.5,870.0,747.0,2.0,0.0,0.0,3,8,800.0,,2004,0.0,98103,47.6967,-122.342,1710.0,1280.0,2015-01-09,313000.0
3491300052,4.0,2.25,2410.0,4250.0,1.5,0.0,0.0,5,7,1460.0,950.0,1929,0.0,98117,47.6849,-122.376,1360.0,5074.0,2015-04-09,735000.0
6662410020,3.0,1.75,1640.0,10123.0,1.0,0.0,0.0,3,8,1340.0,300.0,1977,0.0,98011,47.7698,-122.167,2210.0,10852.0,2015-03-19,471000.0
6139100086,3.0,1.0,1540.0,9800.0,1.0,0.0,0.0,4,7,1540.0,0.0,1950,0.0,98155,47.7604,-122.329,1560.0,9450.0,2015-02-24,350000.0
5710610670,4.0,2.5,2370.0,9601.0,1.0,,0.0,3,8,1570.0,800.0,1976,0.0,98027,47.5327,-122.054,2550.0,10500.0,2014-07-23,530000.0
7503000020,4.0,3.0,1830.0,9548.0,2.0,0.0,0.0,3,7,1830.0,0.0,1991,0.0,98028,47.7379,-122.224,1740.0,9750.0,2014-05-07,415000.0
1795920440,4.0,2.25,2330.0,8994.0,2.0,0.0,0.0,3,8,2330.0,0.0,1986,0.0,98052,47.7264,-122.104,2330.0,8396.0,2014-06-21,639500.0
3570000130,4.0,2.75,2240.0,27820.0,1.5,0.0,0.0,4,8,2240.0,0.0,1976,0.0,98075,47.5936,-122.054,2330.0,20000.0,2014-06-11,580379.0
7853340430,2.0,2.5,1700.0,2513.0,2.0,0.0,0.0,3,8,1700.0,0.0,2009,0.0,98065,47.5163,-121.878,1760.0,2891.0,2014-11-19,378000.0
2473380010,3.0,2.25,1750.0,9298.0,1.0,,0.0,4,7,1410.0,340.0,1969,0.0,98058,47.4579,-122.164,1720.0,7875.0,2015-01-15,265000.0
3306300630,3.0,1.75,1100.0,9750.0,1.0,0.0,0.0,4,6,1100.0,0.0,1967,0.0,98023,47.2955,-122.362,1100.0,9900.0,2014-09-24,212000.0
3222049120,4.0,3.0,2320.0,13068.0,2.0,0.0,2.0,3,8,2320.0,0.0,1998,0.0,98198,47.3497,-122.317,2220.0,25265.0,2015-01-23,400000.0
2425059173,4.0,2.5,2540.0,6491.0,2.0,,0.0,3,8,2540.0,0.0,1997,0.0,98008,47.6363,-122.117,1990.0,8447.0,2015-02-06,750000.0
1196000007,5.0,2.5,3090.0,12750.0,1.0,0.0,0.0,3,8,1750.0,1340.0,1968,0.0,98023,47.3408,-122.335,1760.0,25919.0,2014-05-05,384900.0
8651402910,2.0,1.0,770.0,5200.0,1.0,0.0,0.0,5,6,770.0,0.0,1969,0.0,98042,47.3627,-122.087,1150.0,5330.0,2014-08-06,176000.0
3558000130,3.0,2.75,2370.0,4632.0,2.0,0.0,0.0,3,7,2370.0,0.0,2002,0.0,98038,47.3794,-122.022,2290.0,5012.0,2014-09-09,350000.0
3830210020,3.0,1.0,1200.0,7210.0,1.0,0.0,0.0,4,6,1200.0,0.0,1977,0.0,98030,47.3729,-122.183,1200.0,7650.0,2014-07-29,168000.0
7950302210,4.0,2.0,2200.0,3060.0,1.0,0.0,0.0,3,7,1100.0,1100.0,1908,0.0,98118,47.565,-122.284,1410.0,5100.0,2014-11-14,358000.0
1774200190,3.0,2.75,2660.0,32757.0,1.0,0.0,0.0,4,8,2660.0,0.0,1975,0.0,98077,47.7649,-122.098,2720.0,35191.0,2015-04-28,580000.0
3715500170,3.0,1.75,1600.0,10280.0,1.0,,0.0,3,7,1050.0,550.0,1977,0.0,98034,47.725,-122.174,1590.0,8100.0,2014-06-23,442500.0
2436700655,2.0,2.5,1330.0,1249.0,3.0,0.0,0.0,3,8,1330.0,0.0,2004,0.0,98105,47.6668,-122.285,1430.0,1328.0,2015-03-17,515000.0
5072100095,5.0,2.5,3440.0,12900.0,1.0,0.0,2.0,4,8,1720.0,1720.0,1958,0.0,98166,47.4426,-122.342,2100.0,10751.0,2014-11-17,554000.0
305000170,3.0,2.5,2510.0,6320.0,2.0,0.0,0.0,3,9,2510.0,0.0,1996,0.0,98075,47.5868,-122.033,2518.0,5819.0,2014-06-10,659000.0
2570300130,4.0,2.5,2150.0,10098.0,1.0,0.0,0.0,3,7,1090.0,1060.0,1963,0.0,98034,47.7166,-122.201,1880.0,10000.0,2015-03-17,414999.0
776600130,3.0,1.5,1180.0,10277.0,1.0,0.0,0.0,3,6,1180.0,,1983,0.0,98045,47.488,-121.787,1680.0,11104.0,2014-05-02,275000.0
5379802181,2.0,1.0,680.0,8640.0,1.0,0.0,0.0,4,5,680.0,0.0,1951,0.0,98188,47.4559,-122.289,1320.0,13140.0,2014-11-19,193000.0
9558020380,4.0,2.5,2840.0,4750.0,2.0,0.0,0.0,3,9,2840.0,0.0,2002,0.0,98058,47.4511,-122.121,2460.0,4750.0,2014-08-20,525000.0
3396830020,3.0,2.5,1820.0,7500.0,2.0,0.0,0.0,3,8,1820.0,0.0,1985,0.0,98052,47.7155,-122.104,2040.0,8304.0,2014-10-09,424000.0
7519001825,2.0,1.0,1070.0,5150.0,1.0,0.0,0.0,4,6,870.0,200.0,1908,0.0,98117,47.6853,-122.366,1520.0,3860.0,2015-01-08,455000.0
2324039069,2.0,1.0,1250.0,5650.0,2.0,0.0,1.0,4,7,1250.0,0.0,1943,0.0,98126,47.5495,-122.377,1210.0,5650.0,2014-08-22,463000.0
1245500950,4.0,2.5,2190.0,6300.0,1.0,0.0,3.0,3,7,1240.0,950.0,1960,0.0,98033,47.6918,-122.216,2730.0,14659.0,2015-05-04,1100000.0
5100404030,3.0,1.75,3000.0,5413.0,2.0,0.0,0.0,4,8,1900.0,1100.0,1963,0.0,98115,47.6962,-122.312,1550.0,5413.0,2014-12-08,523000.0
9542000050,4.0,1.75,2270.0,9830.0,1.0,0.0,0.0,4,8,2270.0,0.0,1959,0.0,98005,47.5999,-122.176,2540.0,11990.0,2014-08-08,615000.0
5608000630,4.0,4.0,4500.0,11795.0,2.0,0.0,0.0,3,12,4500.0,0.0,1991,0.0,98027,47.5533,-122.098,3930.0,11576.0,2014-11-03,1520000.0
475001235,5.0,4.0,3400.0,5000.0,2.0,0.0,0.0,3,8,2320.0,1080.0,1900,20130.0,98107,47.6655,-122.363,1910.0,5000.0,2014-08-08,870000.0
2725069150,3.0,2.5,2830.0,9680.0,2.0,0.0,0.0,3,10,2830.0,0.0,1991,0.0,98074,47.6249,-122.024,2970.0,8691.0,2014-08-17,710000.0
9202000080,3.0,1.0,960.0,9563.0,1.0,0.0,0.0,5,7,960.0,0.0,1967,0.0,98023,47.2864,-122.357,1280.0,9600.0,2014-07-07,215000.0
225039049,2.0,1.0,1530.0,6450.0,1.0,0.0,0.0,4,7,1530.0,0.0,1920,0.0,98117,47.6833,-122.398,1530.0,5000.0,2014-09-08,590000.0
2212500430,5.0,2.5,2500.0,13034.0,1.0,0.0,0.0,3,7,1300.0,1200.0,1962,0.0,98092,47.3343,-122.194,2440.0,13300.0,2014-08-14,323000.0
2473100010,4.0,2.0,1560.0,7569.0,1.5,0.0,0.0,4,7,1560.0,0.0,1966,0.0,98058,47.4496,-122.155,1480.0,8755.0,2014-07-22,279000.0
2795000080,3.0,2.25,2070.0,7207.0,1.0,0.0,0.0,3,8,1720.0,350.0,1973,0.0,98177,47.7735,-122.371,2350.0,7980.0,2014-09-19,535100.0
9541800010,5.0,2.25,2710.0,19800.0,1.0,0.0,0.0,5,9,1910.0,800.0,1959,0.0,98005,47.5958,-122.175,2120.0,16400.0,2014-10-27,830000.0
2619920010,4.0,2.5,3150.0,4203.0,2.0,0.0,0.0,3,9,3150.0,0.0,2002,0.0,98033,47.688,-122.164,3150.0,5169.0,2014-07-03,815000.0
4046400010,3.0,2.25,1880.0,10880.0,1.0,0.0,0.0,3,8,1480.0,400.0,1975,0.0,98008,47.5937,-122.116,2120.0,10240.0,2015-03-09,535900.0
7642200095,3.0,1.0,1250.0,8800.0,1.0,0.0,0.0,3,7,1250.0,0.0,1955,0.0,98146,47.497,-122.357,1480.0,8200.0,2015-03-09,230000.0
8899000430,4.0,1.75,2290.0,8142.0,1.0,0.0,0.0,4,7,1490.0,800.0,1969,0.0,98055,47.4564,-122.211,1840.0,8142.0,2015-02-17,325500.0
8944750480,3.0,2.25,1990.0,4331.0,2.0,0.0,0.0,3,7,1990.0,0.0,1997,0.0,98056,47.4917,-122.167,1690.0,3688.0,2015-01-30,359000.0
7852020660,3.0,2.5,2100.0,5824.0,2.0,0.0,2.0,3,8,2100.0,0.0,1999,0.0,98065,47.5334,-121.867,1890.0,4140.0,2014-05-09,505000.0
7789000080,3.0,1.0,940.0,8400.0,1.0,0.0,0.0,5,7,940.0,0.0,1958,0.0,98056,47.5112,-122.167,950.0,8400.0,2014-09-30,253905.0
6413100122,3.0,1.75,1640.0,4860.0,1.0,0.0,0.0,3,8,1200.0,440.0,1965,0.0,98125,47.7125,-122.32,1480.0,7200.0,2014-07-11,369950.0
8856960280,3.0,2.25,1860.0,8378.0,2.0,0.0,0.0,3,7,1860.0,0.0,1995,0.0,98038,47.3875,-122.032,1870.0,8378.0,2015-01-21,350000.0
1868901190,4.0,2.25,2100.0,2500.0,3.0,0.0,0.0,3,8,2100.0,0.0,2001,0.0,98115,47.6726,-122.298,1660.0,4000.0,2014-08-07,650000.0
3123039136,3.0,1.75,1500.0,15246.0,1.0,0.0,0.0,3,6,1500.0,0.0,1925,0.0,98070,47.4367,-122.463,1500.0,16988.0,2014-08-25,295000.0
3585300415,3.0,1.75,1680.0,28046.0,1.0,0.0,3.0,3,8,1180.0,500.0,1948,0.0,98177,47.7648,-122.37,2190.0,26308.0,2015-05-07,620000.0
2624089007,2.0,2.5,3900.0,920423.0,2.0,0.0,0.0,3,12,3900.0,0.0,2009,0.0,98065,47.5371,-121.756,2720.0,411962.0,2015-03-20,2000000.0
4338800170,3.0,1.0,1400.0,7410.0,1.0,0.0,0.0,3,6,1400.0,0.0,1944,0.0,98166,47.4798,-122.343,1070.0,7410.0,2014-05-07,246000.0
4046501300,3.0,2.75,2600.0,12860.0,1.0,0.0,0.0,3,7,1350.0,1250.0,1965,0.0,98014,47.695,-121.918,2260.0,12954.0,2014-09-16,430000.0
3331001995,3.0,2.0,1440.0,4859.0,2.0,0.0,0.0,2,6,1440.0,0.0,1921,0.0,98118,47.5503,-122.285,1360.0,4558.0,2015-01-23,509990.0
802000130,4.0,1.75,1870.0,9500.0,1.0,0.0,0.0,4,7,1090.0,780.0,1962,0.0,98033,47.7012,-122.187,2010.0,10000.0,2014-12-09,490000.0
2011400779,4.0,2.75,2960.0,10454.0,1.0,0.0,1.0,3,8,2360.0,600.0,1979,0.0,98198,47.4006,-122.322,1870.0,10500.0,2014-12-02,385000.0
8651610660,4.0,2.5,2440.0,6733.0,2.0,0.0,0.0,3,9,2440.0,0.0,1999,0.0,98074,47.6374,-122.064,2570.0,6496.0,2015-04-29,769000.0
1788900380,2.0,1.0,1122.0,9100.0,1.0,0.0,0.0,4,6,1122.0,0.0,1960,0.0,98023,47.328,-122.341,840.0,9344.0,2015-02-12,185000.0
2121000250,3.0,1.5,1060.0,10464.0,1.0,0.0,0.0,4,7,1060.0,0.0,1973,0.0,98034,47.7313,-122.229,1420.0,10464.0,2014-05-09,303500.0
2110900050,4.0,2.5,2150.0,8165.0,1.0,,0.0,3,8,1430.0,720.0,1957,0.0,98177,47.773,-122.371,2360.0,7980.0,2015-02-11,468000.0
5469503280,4.0,2.5,3100.0,10000.0,2.0,0.0,0.0,3,9,3100.0,0.0,1978,0.0,98042,47.3741,-122.15,1850.0,9438.0,2014-07-21,449950.0
6300000364,2.0,1.5,880.0,1805.0,2.0,,0.0,3,7,880.0,0.0,1999,0.0,98133,47.7064,-122.342,880.0,5060.0,2014-06-16,235000.0
2616800050,4.0,2.5,2490.0,34947.0,2.0,0.0,0.0,3,9,2150.0,340.0,1985,0.0,98027,47.4823,-122.031,2490.0,39639.0,2014-12-02,520000.0
1446400648,2.0,1.0,1080.0,9067.0,1.0,0.0,0.0,3,6,1080.0,0.0,1951,0.0,98168,47.4815,-122.331,1080.0,6647.0,2014-11-06,203000.0
4038700380,5.0,2.5,2530.0,10190.0,1.0,0.0,0.0,4,7,1290.0,1240.0,1960,0.0,98008,47.616,-122.115,2040.0,8560.0,2014-08-26,657000.0
9109000050,3.0,1.0,1200.0,7800.0,1.0,0.0,0.0,4,7,1200.0,0.0,1954,0.0,98126,47.5196,-122.371,1230.0,7070.0,2014-07-09,275000.0
9465910380,4.0,2.25,2850.0,7453.0,2.0,,0.0,3,9,2850.0,0.0,1991,0.0,98072,47.7439,-122.174,2700.0,8468.0,2014-10-24,540000.0
1137400460,4.0,2.5,2950.0,4502.0,2.0,0.0,0.0,3,7,2950.0,0.0,2005,0.0,98059,47.5002,-122.151,2360.0,4502.0,2014-06-24,455000.0
2545700020,2.0,1.75,1160.0,6828.0,1.0,0.0,0.0,3,7,860.0,300.0,1941,0.0,98115,47.6937,-122.298,1250.0,6828.0,2014-10-16,458500.0
3260570290,4.0,3.5,3420.0,4751.0,2.0,0.0,0.0,3,10,3420.0,0.0,2003,0.0,98055,47.4734,-122.193,3490.0,5700.0,2015-04-24,549900.0
5652600185,3.0,1.75,2240.0,10578.0,2.0,0.0,0.0,5,8,1550.0,690.0,1923,0.0,98115,47.6954,-122.292,1570.0,10578.0,2014-05-02,750000.0
7347600507,4.0,1.75,1450.0,8891.0,1.5,0.0,0.0,3,7,1180.0,270.0,1962,0.0,98168,47.478,-122.278,1450.0,9013.0,2014-06-23,235000.0
1545802850,4.0,2.5,1820.0,7930.0,2.0,0.0,0.0,5,7,1820.0,0.0,1989,0.0,98038,47.359,-122.05,1490.0,7930.0,2014-09-11,286000.0
3126059027,4.0,3.5,4700.0,13730.0,2.0,0.0,3.0,3,11,3500.0,1200.0,1958,19950.0,98033,47.6899,-122.217,3210.0,15306.0,2015-03-18,2650000.0
8087800430,4.0,1.75,2430.0,14000.0,1.0,0.0,0.0,4,7,1580.0,850.0,1963,0.0,98052,47.6554,-122.134,1910.0,8285.0,2015-02-10,602000.0
9547200460,3.0,1.5,1960.0,4080.0,1.5,0.0,0.0,3,7,1960.0,0.0,1915,0.0,98115,47.6768,-122.31,1880.0,4080.0,2014-08-20,640000.0
3826501060,3.0,1.75,1440.0,10920.0,1.0,0.0,0.0,4,8,1440.0,0.0,1977,0.0,98030,47.3812,-122.168,1720.0,8260.0,2014-10-09,267000.0
5406500430,4.0,2.5,2730.0,4385.0,2.0,0.0,0.0,3,8,2730.0,,2001,0.0,98075,47.5975,-122.038,2670.0,4644.0,2015-04-21,712000.0
5417600130,2.0,1.0,910.0,9000.0,1.0,,0.0,3,5,910.0,0.0,1923,0.0,98065,47.526,-121.81,1290.0,9000.0,2014-10-10,244500.0
5417600130,2.0,1.0,910.0,9000.0,1.0,,0.0,3,5,910.0,0.0,1923,0.0,98065,47.526,-121.81,1290.0,9000.0,2015-05-12,301000.0
2138700345,4.0,2.5,2430.0,6325.0,2.0,0.0,0.0,4,8,2020.0,410.0,1919,0.0,98109,47.6413,-122.354,2340.0,4375.0,2014-08-18,990000.0
5611500170,4.0,2.75,3350.0,6500.0,2.0,0.0,0.0,3,10,3350.0,0.0,1999,0.0,98075,47.5838,-122.027,2960.0,6970.0,2015-04-22,739999.0
5700002125,4.0,1.75,2320.0,4322.0,1.0,0.0,0.0,3,7,1140.0,1180.0,1910,0.0,98144,47.5755,-122.289,1820.0,4322.0,2014-06-10,480000.0
1473200170,3.0,2.5,1260.0,1622.0,3.0,0.0,0.0,3,8,1260.0,0.0,2009,0.0,98133,47.7325,-122.343,1340.0,1188.0,2014-07-29,305000.0
2922702965,3.0,2.0,1980.0,3525.0,1.5,0.0,0.0,4,8,1590.0,390.0,1932,0.0,98117,47.6847,-122.368,1760.0,3760.0,2015-01-15,703300.0
7895500290,4.0,1.5,1580.0,8468.0,2.0,0.0,0.0,4,7,1580.0,0.0,1971,0.0,98001,47.3336,-122.281,1580.0,8260.0,2015-03-30,265000.0
7338200170,4.0,2.5,2710.0,35009.0,2.0,0.0,2.0,3,9,2710.0,0.0,1992,0.0,98045,47.4815,-121.714,2330.0,35040.0,2015-04-22,600000.0
6929603769,3.0,1.0,1400.0,9750.0,1.0,0.0,0.0,3,7,1400.0,0.0,1968,19980.0,98198,47.3862,-122.304,1640.0,8050.0,2014-07-21,253000.0
9429000170,4.0,2.5,2410.0,7950.0,2.0,0.0,0.0,3,8,2410.0,0.0,1997,0.0,98034,47.7185,-122.226,1920.0,7713.0,2015-03-26,617950.0
2114700190,4.0,3.25,1790.0,2460.0,2.0,0.0,0.0,4,7,1100.0,690.0,2000,0.0,98106,47.534,-122.346,1260.0,4040.0,2014-12-12,385000.0
323049148,3.0,2.0,1640.0,9234.0,1.0,0.0,0.0,5,7,1060.0,580.0,1967,0.0,98118,47.5162,-122.274,2230.0,10354.0,2014-12-19,319000.0
4038700290,3.0,2.5,1670.0,8023.0,1.0,0.0,0.0,5,7,1170.0,500.0,1960,0.0,98008,47.615,-122.117,1960.0,8964.0,2015-04-23,696000.0
9284802045,2.0,1.0,970.0,5750.0,1.0,0.0,0.0,4,6,970.0,0.0,1932,0.0,98126,47.5518,-122.37,1650.0,8625.0,2014-06-30,345000.0
3188100007,3.0,2.5,1610.0,1778.0,3.0,0.0,0.0,3,7,1610.0,0.0,2002,0.0,98115,47.6902,-122.306,1120.0,2187.0,2014-10-22,380000.0
1200019,4.0,1.75,2060.0,26036.0,1.0,,0.0,4,8,1160.0,900.0,1947,0.0,98166,47.4444,-122.351,2590.0,21891.0,2014-05-08,647500.0
2616800480,3.0,2.5,3570.0,35271.0,2.0,,0.0,3,9,3570.0,0.0,1997,0.0,98027,47.4782,-122.035,3510.0,37194.0,2014-09-25,725000.0
2310000380,3.0,1.75,1400.0,7735.0,1.0,0.0,0.0,4,7,1400.0,0.0,1989,0.0,98038,47.357,-122.04,1530.0,7754.0,2014-12-19,269950.0
4054560170,4.0,2.5,3470.0,32109.0,2.0,0.0,0.0,3,10,3470.0,0.0,1995,0.0,98077,47.7311,-122.036,3800.0,35181.0,2014-06-11,875000.0
7972601900,3.0,1.0,1210.0,9525.0,1.0,0.0,0.0,3,7,1210.0,0.0,1955,0.0,98106,47.5274,-122.345,1680.0,7620.0,2014-05-30,299950.0
3391500050,4.0,3.25,3930.0,10929.0,2.0,0.0,0.0,3,10,3930.0,0.0,2006,0.0,98004,47.6259,-122.194,1780.0,9999.0,2014-07-03,1880000.0
8132700190,2.0,1.0,990.0,4802.0,1.0,0.0,0.0,3,7,990.0,0.0,1947,0.0,98117,47.6876,-122.395,1180.0,5000.0,2014-06-02,430000.0
3904990430,5.0,2.5,2200.0,4942.0,2.0,0.0,0.0,3,8,2200.0,0.0,1989,0.0,98029,47.5772,-122.001,2200.0,5924.0,2015-01-29,495000.0
5469700052,3.0,1.5,1510.0,16200.0,1.0,0.0,0.0,3,7,1510.0,0.0,1970,0.0,98031,47.3926,-122.167,1650.0,13950.0,2014-11-13,275000.0
4006000509,3.0,1.0,1620.0,5040.0,1.0,0.0,0.0,3,7,1120.0,500.0,1964,0.0,98118,47.5263,-122.286,1790.0,6178.0,2014-09-16,333000.0
9269750460,3.0,2.25,1580.0,7941.0,2.0,0.0,0.0,4,7,1580.0,0.0,1986,0.0,98023,47.2843,-122.357,1730.0,8051.0,2014-05-19,247000.0
2721059173,3.0,1.75,1260.0,15000.0,1.5,0.0,0.0,4,7,1260.0,0.0,1983,0.0,98092,47.2737,-122.153,2400.0,21715.0,2015-03-09,204555.0
3981200660,3.0,2.0,2190.0,13673.0,1.0,,0.0,4,9,2190.0,0.0,1994,0.0,98042,47.3542,-122.098,2770.0,13804.0,2014-07-15,432000.0
4012800050,3.0,1.75,1230.0,13056.0,1.0,0.0,0.0,4,7,1230.0,0.0,1962,0.0,98001,47.3171,-122.279,1690.0,15750.0,2014-05-21,175000.0
3275750050,4.0,2.5,2030.0,7140.0,1.0,,0.0,4,7,1400.0,630.0,1968,0.0,98008,47.6244,-122.109,1800.0,7565.0,2015-03-20,556300.0
8572900275,2.0,1.0,780.0,3475.0,1.0,0.0,0.0,4,5,780.0,0.0,1930,0.0,98045,47.4944,-121.789,1210.0,6769.0,2014-06-25,286000.0
993000950,2.0,1.5,1110.0,1200.0,3.0,0.0,0.0,3,8,1110.0,0.0,2000,0.0,98103,47.6931,-122.342,1110.0,1363.0,2014-09-06,320000.0
426069099,3.0,2.5,2790.0,53143.0,2.0,,0.0,4,9,2790.0,0.0,1991,0.0,98077,47.7687,-122.036,2740.0,47916.0,2015-04-20,815000.0
3276180020,4.0,1.75,1660.0,10757.0,1.0,0.0,0.0,3,7,1000.0,,1980,0.0,98056,47.5071,-122.194,1880.0,8319.0,2015-03-27,385000.0
5700001640,4.0,1.0,3410.0,5000.0,2.0,0.0,0.0,5,8,2190.0,1220.0,1910,0.0,98144,47.5807,-122.291,2550.0,5000.0,2014-05-08,1040000.0
9264940130,4.0,2.25,2390.0,13002.0,2.0,0.0,0.0,3,8,2390.0,0.0,1987,0.0,98023,47.3111,-122.35,2450.0,11200.0,2014-10-28,350000.0
7300400670,4.0,2.5,1850.0,5880.0,2.0,,0.0,3,8,1850.0,0.0,1998,0.0,98092,47.3322,-122.173,2370.0,6500.0,2014-07-29,277000.0
4112100101,6.0,2.0,2500.0,5200.0,1.0,,0.0,3,8,1250.0,1250.0,1966,0.0,98118,47.5517,-122.268,1800.0,5200.0,2015-02-19,415000.0
6163901381,3.0,1.0,1000.0,8320.0,1.0,0.0,0.0,5,6,1000.0,0.0,1951,0.0,98155,47.7548,-122.316,1090.0,8450.0,2014-12-04,295000.0
7603100020,4.0,2.0,2450.0,5000.0,2.0,0.0,4.0,5,8,2200.0,250.0,1919,0.0,98116,47.5619,-122.405,2360.0,6090.0,2014-08-05,969000.0
4302200415,4.0,1.75,1440.0,6144.0,1.0,0.0,0.0,5,6,720.0,720.0,1947,0.0,98106,47.5257,-122.357,960.0,5160.0,2014-11-04,339888.0
3876760430,3.0,2.25,1660.0,7003.0,2.0,0.0,0.0,3,7,1660.0,0.0,1996,0.0,98030,47.3599,-122.188,1840.0,6680.0,2014-08-22,269950.0
3754501235,3.0,2.5,2510.0,4600.0,2.0,0.0,2.0,3,10,2510.0,0.0,2006,0.0,98034,47.7051,-122.223,2560.0,7500.0,2014-10-01,1190000.0
8691330500,4.0,2.5,3090.0,12511.0,2.0,0.0,0.0,4,10,3090.0,0.0,1998,0.0,98075,47.5932,-121.983,3100.0,10882.0,2014-12-16,780000.0
8651401680,3.0,1.0,860.0,5185.0,1.0,0.0,0.0,4,6,860.0,0.0,1968,0.0,98042,47.3634,-122.086,1120.0,5494.0,2015-04-08,198000.0
8011100050,2.0,1.0,1220.0,28703.0,1.0,0.0,0.0,4,7,1220.0,0.0,1953,0.0,98056,47.4952,-122.172,2740.0,6720.0,2015-05-08,350000.0
3768000280,3.0,1.0,1010.0,7680.0,1.0,,0.0,4,7,1010.0,0.0,1967,0.0,98034,47.732,-122.231,1320.0,7373.0,2014-12-01,350000.0
1321710460,4.0,2.25,2390.0,7350.0,2.0,0.0,0.0,3,8,2390.0,0.0,1990,0.0,98023,47.2938,-122.348,2390.0,7350.0,2014-12-06,319000.0
8731981680,4.0,2.25,3340.0,8000.0,2.0,0.0,0.0,4,8,3340.0,0.0,1973,0.0,98023,47.317,-122.385,2230.0,8000.0,2014-09-08,311000.0
7714000250,5.0,3.25,3620.0,4650.0,2.0,0.0,0.0,3,8,2790.0,,2004,0.0,98038,47.3552,-122.026,2850.0,4650.0,2014-10-18,394000.0
1336800010,5.0,2.25,4200.0,5800.0,2.5,0.0,0.0,4,9,2910.0,1290.0,1906,0.0,98112,47.6284,-122.312,3060.0,5800.0,2014-06-13,1340000.0
5442300807,5.0,2.75,3831.0,13800.0,2.0,1.0,4.0,3,9,3831.0,0.0,1959,19800.0,98040,47.5919,-122.251,3850.0,36563.0,2014-06-24,2700000.0
6190701112,3.0,1.0,1980.0,9540.0,1.0,0.0,0.0,3,7,1080.0,900.0,1949,0.0,98133,47.7551,-122.353,1680.0,9529.0,2014-11-25,396000.0
2680700280,4.0,1.75,1790.0,8372.0,1.0,0.0,0.0,4,8,1340.0,450.0,1976,0.0,98033,47.6605,-122.189,2180.0,10500.0,2015-04-02,809000.0
1025059181,3.0,2.0,1580.0,7400.0,1.0,0.0,0.0,3,7,1050.0,530.0,1977,0.0,98052,47.6715,-122.162,1560.0,7458.0,2014-07-22,480000.0
3856900005,6.0,1.75,2460.0,6000.0,1.0,0.0,0.0,4,7,1230.0,1230.0,1913,0.0,98115,47.6721,-122.323,1560.0,4275.0,2014-09-09,535000.0
4302700425,5.0,2.75,2110.0,5120.0,2.0,0.0,0.0,3,7,1870.0,240.0,1947,19830.0,98106,47.5294,-122.357,1580.0,5120.0,2015-02-13,425000.0
6824100005,3.0,2.5,1470.0,1204.0,3.0,0.0,0.0,3,8,1470.0,0.0,2006,0.0,98117,47.6998,-122.366,1460.0,1245.0,2014-08-01,408000.0
3625600190,4.0,2.5,3510.0,13100.0,2.0,0.0,0.0,4,10,3510.0,0.0,1966,0.0,98040,47.5306,-122.227,3230.0,12745.0,2015-04-09,1260000.0
7588700177,1.0,0.75,520.0,2885.0,1.0,0.0,0.0,4,6,520.0,0.0,1947,0.0,98117,47.6886,-122.378,980.0,4241.0,2015-04-20,310000.0
3303950080,3.0,2.5,1950.0,7421.0,2.0,0.0,0.0,3,8,1950.0,0.0,1996,0.0,98038,47.3842,-122.036,2200.0,4668.0,2014-11-03,292000.0
985000950,2.0,1.0,770.0,9715.0,1.0,0.0,0.0,4,6,770.0,0.0,1942,0.0,98168,47.4924,-122.312,1140.0,9715.0,2015-02-27,217000.0
8011100005,4.0,2.5,2250.0,6064.0,2.0,0.0,0.0,3,8,2250.0,0.0,2005,0.0,98056,47.4956,-122.174,1520.0,7840.0,2015-01-27,398500.0
5316100980,3.0,3.0,4040.0,7200.0,1.5,0.0,2.0,4,9,3340.0,700.0,1930,0.0,98112,47.6288,-122.284,3450.0,10800.0,2015-03-26,2250000.0
6819100345,4.0,1.75,2360.0,6000.0,1.0,,0.0,3,7,1280.0,1080.0,1955,0.0,98109,47.6465,-122.357,1700.0,3460.0,2015-03-25,700000.0
3276930420,4.0,2.5,2330.0,45860.0,2.0,0.0,0.0,3,9,2330.0,0.0,1989,0.0,98075,47.5842,-121.992,2930.0,5020.0,2014-09-12,585000.0
6648900005,3.0,1.0,1720.0,8910.0,1.0,0.0,0.0,4,7,1720.0,0.0,1954,0.0,98155,47.7736,-122.296,1870.0,8640.0,2014-10-08,399950.0
6083000050,3.0,1.75,1900.0,8540.0,1.0,,0.0,3,6,950.0,950.0,1980,0.0,98168,47.4868,-122.303,1370.0,10204.0,2014-06-13,235000.0
1180008315,3.0,1.0,1040.0,6800.0,1.0,0.0,0.0,5,6,1040.0,0.0,1951,0.0,98178,47.492,-122.224,1430.0,6080.0,2014-07-15,212000.0
8651510380,3.0,2.0,2070.0,9195.0,1.0,0.0,0.0,3,8,1220.0,850.0,1982,0.0,98074,47.6491,-122.061,2080.0,9551.0,2014-08-21,310000.0
8651510380,3.0,2.0,2070.0,9195.0,1.0,0.0,0.0,3,8,1220.0,850.0,1982,0.0,98074,47.6491,-122.061,2080.0,9551.0,2014-12-16,539000.0
9826701794,3.0,3.0,1550.0,1608.0,2.0,0.0,0.0,3,8,1280.0,270.0,2001,0.0,98122,47.6042,-122.303,1940.0,1883.0,2014-12-05,390000.0
2790400380,3.0,2.5,2020.0,11935.0,1.0,0.0,0.0,4,9,2020.0,0.0,1976,0.0,98052,47.632,-122.092,2410.0,12350.0,2014-12-01,560000.0
6979940050,5.0,2.5,3320.0,9024.0,2.0,0.0,0.0,3,9,3320.0,,1999,0.0,98075,47.5865,-122.056,3320.0,7665.0,2014-09-16,800000.0
1727001300,4.0,3.25,4130.0,112521.0,2.0,0.0,0.0,3,11,4130.0,0.0,1978,0.0,98005,47.6392,-122.165,3140.0,26147.0,2014-06-09,1900000.0
686100380,5.0,2.0,2030.0,9804.0,1.0,,0.0,3,7,1110.0,920.0,1963,0.0,98008,47.6297,-122.114,1930.0,7990.0,2014-10-27,472000.0
4037400280,3.0,1.75,1770.0,7875.0,1.0,0.0,0.0,4,7,1170.0,600.0,1958,0.0,98008,47.606,-122.125,1670.0,8000.0,2014-09-23,502550.0
8691400010,4.0,3.25,3330.0,7809.0,2.0,0.0,0.0,3,9,3330.0,0.0,2004,0.0,98075,47.5977,-121.976,3100.0,6465.0,2015-03-27,830000.0
1450300050,4.0,2.5,2260.0,9686.0,1.0,0.0,0.0,4,7,1520.0,740.0,1965,0.0,98002,47.286,-122.218,1750.0,9916.0,2014-07-23,224950.0
4024101440,3.0,2.5,1950.0,6871.0,2.0,0.0,0.0,3,8,1950.0,0.0,1997,0.0,98155,47.7603,-122.307,1950.0,7663.0,2014-06-18,375000.0
624100010,3.0,2.5,2930.0,19900.0,1.5,0.0,0.0,3,9,2930.0,0.0,1983,0.0,98077,47.7234,-122.066,3160.0,20492.0,2014-12-08,645000.0
9523102580,3.0,2.75,1960.0,2500.0,1.5,0.0,0.0,5,7,1410.0,550.0,1926,0.0,98103,47.6744,-122.353,2040.0,5000.0,2014-05-23,599000.0
7429000130,4.0,2.5,2980.0,12534.0,2.0,0.0,0.0,3,9,2980.0,0.0,1996,0.0,98031,47.3999,-122.211,2630.0,12534.0,2015-05-09,515000.0
7335400345,2.0,1.0,780.0,6685.0,1.0,0.0,0.0,4,5,780.0,0.0,1948,0.0,98002,47.305,-122.215,880.0,6695.0,2014-05-28,135000.0
7215721330,3.0,2.5,1650.0,4218.0,2.0,0.0,0.0,3,8,1650.0,0.0,2000,0.0,98075,47.5998,-122.016,1650.0,4559.0,2014-10-23,485000.0
3117100130,3.0,3.25,4030.0,12765.0,2.0,0.0,0.0,4,9,2800.0,1230.0,1975,0.0,98005,47.6331,-122.166,2670.0,13447.0,2014-07-14,890000.0
2868900020,3.0,1.0,1010.0,10125.0,1.0,0.0,0.0,4,7,1010.0,0.0,1972,0.0,98042,47.3423,-122.088,1230.0,10125.0,2015-04-08,215000.0
5703500130,3.0,1.0,1190.0,9600.0,1.0,0.0,0.0,3,7,1190.0,0.0,1981,0.0,98045,47.4805,-121.762,1360.0,10140.0,2014-12-17,299500.0
3025059136,2.0,1.0,1050.0,8750.0,1.0,0.0,0.0,4,7,1050.0,0.0,1951,0.0,98004,47.6294,-122.215,3360.0,20115.0,2014-08-13,800000.0
6679000130,3.0,2.5,1560.0,4244.0,2.0,0.0,0.0,3,7,1560.0,0.0,2002,0.0,98038,47.3834,-122.027,1670.0,4251.0,2015-02-09,275000.0
4222500020,3.0,1.5,1490.0,7800.0,1.0,0.0,0.0,3,7,1010.0,480.0,1963,0.0,98003,47.3431,-122.304,1570.0,7800.0,2015-02-19,256400.0
3997500130,2.0,1.0,770.0,8149.0,1.0,0.0,0.0,4,6,770.0,0.0,1948,0.0,98155,47.7439,-122.301,820.0,8149.0,2015-02-24,310000.0
9834201205,1.0,1.0,620.0,5100.0,1.0,0.0,0.0,3,6,620.0,0.0,1954,0.0,98144,47.5699,-122.287,1540.0,2676.0,2015-03-04,385000.0
806000020,3.0,1.5,1200.0,9120.0,1.0,,0.0,3,7,1000.0,200.0,1963,0.0,98055,47.4545,-122.187,1640.0,9200.0,2015-03-10,203000.0
507100005,4.0,2.0,2120.0,6865.0,1.0,0.0,0.0,3,7,1060.0,1060.0,1954,0.0,98133,47.7775,-122.337,1460.0,7780.0,2015-03-10,285000.0
8635760480,3.0,2.5,2330.0,3610.0,2.0,0.0,0.0,3,8,2330.0,0.0,1999,0.0,98074,47.6022,-122.021,1830.0,2948.0,2015-01-27,473975.0
1328330190,3.0,1.75,2000.0,9760.0,1.0,0.0,0.0,4,8,1400.0,600.0,1978,0.0,98058,47.4417,-122.134,1890.0,8089.0,2014-07-14,320000.0
2919702040,5.0,2.75,2820.0,4608.0,1.0,0.0,0.0,3,7,1450.0,1370.0,1967,0.0,98117,47.6886,-122.361,1620.0,3840.0,2014-06-12,599000.0
3095000095,3.0,2.0,2040.0,4800.0,1.0,0.0,0.0,4,7,1020.0,1020.0,1925,0.0,98126,47.5561,-122.377,1640.0,4800.0,2014-07-14,580000.0
304100010,4.0,2.25,1700.0,7056.0,2.0,0.0,0.0,3,7,1700.0,0.0,1999,0.0,98001,47.3385,-122.262,1650.0,6025.0,2014-12-09,269500.0
617000089,2.0,1.0,820.0,6200.0,1.0,0.0,0.0,4,6,820.0,0.0,1954,0.0,98166,47.4163,-122.34,1410.0,14000.0,2014-11-17,274000.0
3582750280,2.0,1.75,1315.0,2162.0,2.0,0.0,0.0,4,8,1315.0,0.0,1974,0.0,98028,47.752,-122.253,1640.0,2128.0,2015-03-26,347000.0
3438500430,3.0,1.75,1390.0,10905.0,1.0,0.0,0.0,3,6,860.0,530.0,1957,0.0,98106,47.5517,-122.36,1390.0,10839.0,2014-05-21,270000.0
8964800225,3.0,2.0,1890.0,12017.0,1.0,0.0,2.0,3,8,1890.0,0.0,1949,0.0,98004,47.6203,-122.21,2000.0,12210.0,2015-03-03,1430000.0
2013801350,3.0,1.75,1460.0,7226.0,1.0,0.0,0.0,3,7,1460.0,0.0,1993,0.0,98198,47.3839,-122.321,1760.0,7226.0,2015-02-20,220000.0
1320069163,3.0,1.0,1480.0,15416.0,1.0,0.0,2.0,4,8,1480.0,0.0,1955,0.0,98022,47.2142,-121.987,1190.0,10758.0,2015-03-04,243000.0
7549800168,3.0,1.75,1840.0,4030.0,1.0,0.0,0.0,5,7,1050.0,790.0,1925,0.0,98108,47.5549,-122.311,1840.0,5040.0,2014-05-27,457500.0
3226049466,2.0,1.75,1880.0,7208.0,1.0,0.0,0.0,3,7,940.0,940.0,1951,0.0,98115,47.6946,-122.328,1880.0,8051.0,2014-12-19,340000.0
9822700285,4.0,1.5,1910.0,5000.0,1.5,0.0,0.0,3,7,1610.0,300.0,1912,0.0,98105,47.6597,-122.29,2170.0,5000.0,2014-09-18,657500.0
538000250,4.0,2.5,2220.0,4720.0,2.0,0.0,0.0,3,7,2220.0,0.0,1998,0.0,98038,47.3541,-122.024,2090.0,4717.0,2015-01-12,332500.0
5702450250,3.0,2.0,1410.0,10015.0,1.0,0.0,3.0,3,6,1410.0,0.0,1993,0.0,98045,47.4948,-121.776,1570.0,10485.0,2014-07-17,340000.0
8835900086,4.0,3.0,3380.0,16133.0,1.0,0.0,1.0,3,8,2330.0,1050.0,1959,0.0,98118,47.5501,-122.261,2500.0,11100.0,2014-09-02,350000.0
3333002302,4.0,2.5,1950.0,5602.0,1.0,0.0,0.0,5,7,1120.0,830.0,1966,0.0,98118,47.5437,-122.291,2000.0,6050.0,2015-02-13,428000.0
7787120500,4.0,2.5,2400.0,8320.0,2.0,0.0,0.0,3,8,2400.0,0.0,1999,0.0,98045,47.4808,-121.781,2430.0,9258.0,2015-05-04,515055.0
8563010420,3.0,1.75,1560.0,8968.0,1.0,0.0,0.0,4,8,1560.0,0.0,1972,0.0,98008,47.6243,-122.1,1990.0,8034.0,2015-02-04,450000.0
3361400190,3.0,1.0,1040.0,8910.0,1.0,0.0,0.0,3,6,1040.0,0.0,1943,0.0,98168,47.5024,-122.32,1330.0,9720.0,2015-02-26,190000.0
1024039001,4.0,2.75,3090.0,16538.0,3.0,0.0,0.0,4,8,2590.0,500.0,1919,0.0,98116,47.5803,-122.403,1500.0,5130.0,2014-07-17,1000000.0
6806100420,3.0,2.5,1850.0,4600.0,2.0,0.0,0.0,3,7,1850.0,0.0,2005,0.0,98058,47.4661,-122.145,2160.0,4751.0,2014-11-19,299000.0
3204300225,2.0,1.0,1200.0,2500.0,2.0,,2.0,3,7,1090.0,110.0,1927,0.0,98112,47.6304,-122.301,2690.0,4800.0,2014-11-03,508000.0
8857640420,4.0,2.25,2190.0,3746.0,2.0,0.0,0.0,3,8,2190.0,0.0,2005,0.0,98038,47.3896,-122.034,2200.0,3591.0,2014-10-01,294000.0
4443800130,2.0,1.0,1380.0,5820.0,1.0,0.0,0.0,3,7,1380.0,0.0,1918,19760.0,98117,47.6875,-122.392,1540.0,4076.0,2014-10-24,320000.0
3449800290,5.0,2.75,3710.0,8674.0,2.0,0.0,0.0,3,9,3710.0,0.0,1996,0.0,98056,47.514,-122.176,3250.0,8678.0,2015-04-06,641000.0
2426059071,3.0,2.5,2320.0,98445.0,1.0,0.0,0.0,4,8,1380.0,940.0,1978,0.0,98072,47.7323,-122.116,2830.0,54014.0,2014-10-21,675000.0
2618300190,3.0,1.5,1110.0,10296.0,1.0,0.0,0.0,5,7,1110.0,0.0,1964,0.0,98042,47.422,-122.153,1330.0,10296.0,2014-12-24,255000.0
6181400920,3.0,2.5,1830.0,4997.0,2.0,0.0,0.0,3,7,1830.0,0.0,2004,0.0,98001,47.3035,-122.283,2488.0,4998.0,2015-04-30,286651.0
424069150,4.0,2.5,2460.0,45738.0,1.0,0.0,0.0,4,8,1650.0,810.0,1969,0.0,98075,47.5952,-122.056,2550.0,32040.0,2015-02-13,607500.0
856000255,3.0,1.0,1270.0,6500.0,1.0,0.0,0.0,4,7,1270.0,0.0,1956,0.0,98033,47.6874,-122.214,2260.0,7200.0,2015-02-03,765000.0
1841500050,4.0,1.75,1700.0,40973.0,1.0,0.0,0.0,3,8,1700.0,0.0,1961,0.0,98031,47.3439,-122.198,2760.0,40973.0,2014-10-20,334950.0
3226059071,3.0,1.0,1130.0,9147.0,1.0,0.0,0.0,5,7,1130.0,0.0,1952,0.0,98033,47.7006,-122.197,1930.0,9906.0,2014-08-19,426000.0
524059093,3.0,1.75,1640.0,18730.0,1.5,0.0,0.0,4,7,1640.0,0.0,1946,0.0,98004,47.5975,-122.196,1670.0,12154.0,2014-08-25,775000.0
1568100225,2.0,1.5,1040.0,8526.0,1.0,0.0,0.0,5,6,1040.0,0.0,1953,0.0,98155,47.7349,-122.295,1310.0,8504.0,2014-12-04,343000.0
4027700726,4.0,2.5,2320.0,7800.0,2.0,0.0,0.0,3,8,2320.0,0.0,1986,0.0,98028,47.7738,-122.266,2090.0,5721.0,2014-09-08,470101.0
5198600005,3.0,1.5,1200.0,7800.0,1.0,,0.0,4,7,1200.0,0.0,1958,0.0,98002,47.3137,-122.212,1390.0,8415.0,2015-05-05,195000.0
7677300010,4.0,1.0,1720.0,4410.0,1.5,0.0,2.0,3,7,1720.0,0.0,1928,0.0,98117,47.6791,-122.402,2140.0,4500.0,2015-03-03,772500.0
7979900006,3.0,1.5,2330.0,11740.0,1.0,,0.0,3,8,1330.0,1000.0,1954,0.0,98155,47.7481,-122.292,2630.0,11740.0,2014-06-25,450000.0
1102000527,4.0,3.75,4410.0,9231.0,3.0,0.0,3.0,3,11,4410.0,0.0,2001,0.0,98118,47.5427,-122.265,2160.0,6600.0,2014-09-02,1440000.0
1115800440,4.0,1.75,1650.0,8560.0,1.0,0.0,0.0,3,8,1650.0,0.0,1970,0.0,98052,47.6652,-122.146,1700.0,8560.0,2014-09-18,525000.0
9407110680,3.0,1.5,1370.0,11400.0,2.0,0.0,0.0,3,7,1370.0,0.0,1980,0.0,98045,47.4477,-121.77,1390.0,9600.0,2014-10-08,280000.0
6084601060,3.0,2.5,1770.0,8640.0,1.0,0.0,0.0,3,7,1420.0,350.0,1986,0.0,98001,47.326,-122.273,1894.0,7974.0,2014-07-18,270000.0
993001330,3.0,2.25,1410.0,1332.0,3.0,0.0,0.0,3,8,1410.0,0.0,2005,0.0,98103,47.6916,-122.34,1430.0,1448.0,2014-05-05,406100.0
2475200290,2.0,1.75,1710.0,4187.0,1.0,0.0,0.0,3,7,1710.0,0.0,1987,0.0,98055,47.4732,-122.188,1760.0,4084.0,2014-10-20,332544.0
5381000048,2.0,1.0,790.0,8250.0,1.0,0.0,0.0,3,6,790.0,0.0,1947,0.0,98188,47.4523,-122.286,900.0,8250.0,2015-04-27,110000.0
5605000595,6.0,2.25,2770.0,5854.0,1.5,0.0,0.0,3,8,2120.0,650.0,1921,0.0,98112,47.6466,-122.304,2300.0,5450.0,2014-12-09,685000.0
1124000050,4.0,1.0,1260.0,8505.0,1.5,0.0,0.0,5,7,1260.0,0.0,1951,0.0,98177,47.7181,-122.371,1480.0,8100.0,2014-07-29,461000.0
3558900430,3.0,2.25,2300.0,8067.0,1.0,0.0,0.0,4,8,1300.0,1000.0,1979,0.0,98034,47.7091,-122.198,2120.0,9524.0,2015-04-14,615000.0
2708100130,2.0,1.0,1070.0,3000.0,1.0,0.0,0.0,4,7,870.0,200.0,1926,0.0,98103,47.6828,-122.353,1890.0,3300.0,2015-05-03,550000.0
1236300290,4.0,3.5,3850.0,8100.0,2.0,0.0,1.0,3,11,2430.0,1420.0,1995,0.0,98033,47.6855,-122.19,2620.0,9346.0,2014-10-22,1060000.0
525069099,3.0,2.5,2320.0,219978.0,2.0,0.0,0.0,4,8,2320.0,0.0,1993,0.0,98053,47.6847,-122.064,2340.0,88862.0,2014-10-22,685000.0
3262300235,5.0,2.5,2870.0,16238.0,2.0,0.0,0.0,4,8,2870.0,0.0,1962,0.0,98039,47.6308,-122.238,2870.0,16238.0,2014-11-26,1560000.0
5104510130,4.0,2.5,1830.0,5175.0,2.0,0.0,0.0,3,7,1830.0,0.0,2003,0.0,98038,47.3565,-122.016,1830.0,5175.0,2014-06-03,312000.0
7197350050,3.0,1.75,1990.0,9594.0,1.0,0.0,0.0,3,8,1190.0,800.0,1977,0.0,98052,47.6617,-122.137,1930.0,9765.0,2014-07-01,507500.0
2822049148,3.0,1.0,1110.0,9827.0,1.0,0.0,0.0,3,7,1110.0,0.0,1966,0.0,98198,47.369,-122.311,1540.0,10187.0,2014-09-18,217000.0
7558300170,3.0,2.25,1830.0,13477.0,1.0,0.0,3.0,4,7,1170.0,660.0,1981,0.0,98034,47.7243,-122.21,1960.0,11344.0,2014-12-12,439000.0
7852190050,6.0,3.5,3600.0,6875.0,2.0,0.0,0.0,3,8,2740.0,860.0,2004,0.0,98065,47.5401,-121.879,3150.0,6663.0,2014-06-26,620000.0
1277000020,4.0,2.5,3210.0,8532.0,2.0,0.0,0.0,3,10,3210.0,0.0,1998,0.0,98007,47.625,-122.144,2950.0,6753.0,2014-08-12,915000.0
567000660,4.0,2.0,1490.0,5300.0,1.0,0.0,0.0,3,7,1110.0,380.0,1977,0.0,98144,47.5949,-122.296,1330.0,1499.0,2014-12-04,425000.0
9214400396,2.0,1.0,990.0,5643.0,1.0,0.0,0.0,3,7,870.0,120.0,1947,0.0,98115,47.6802,-122.298,1280.0,5700.0,2015-02-27,435000.0
9406520290,3.0,2.25,1646.0,12414.0,2.0,,0.0,3,7,1646.0,0.0,1996,0.0,98038,47.363,-122.035,1654.0,8734.0,2014-12-29,305000.0
2112700895,2.0,1.0,720.0,4000.0,1.0,0.0,0.0,3,6,720.0,0.0,1918,0.0,98106,47.5346,-122.353,1630.0,4000.0,2015-03-26,276000.0
2474400250,3.0,2.25,2310.0,7200.0,2.0,0.0,0.0,3,8,2310.0,0.0,1990,0.0,98031,47.4051,-122.193,1960.0,7201.0,2014-06-30,327500.0
3889100029,3.0,2.5,2670.0,10481.0,2.0,,0.0,3,9,2670.0,0.0,2003,0.0,98033,47.6673,-122.176,2620.0,8895.0,2014-06-17,810000.0
11501310,3.0,3.25,3060.0,9055.0,2.0,0.0,0.0,3,10,2460.0,600.0,1994,0.0,98052,47.6971,-122.101,2990.0,9598.0,2014-11-21,715000.0
5672000020,3.0,1.5,1380.0,11760.0,1.0,0.0,0.0,4,7,1380.0,0.0,1963,0.0,98055,47.4243,-122.202,1650.0,9855.0,2014-08-05,272000.0
6668900005,2.0,1.0,700.0,5559.0,1.0,0.0,0.0,5,6,700.0,0.0,1949,0.0,98155,47.7492,-122.311,1230.0,8100.0,2015-04-21,266000.0
2346800005,3.0,1.5,1710.0,8364.0,2.0,,2.0,3,7,1710.0,0.0,1944,0.0,98136,47.5175,-122.393,2430.0,9040.0,2015-04-27,543000.0
2872900050,3.0,2.5,1450.0,8064.0,1.0,0.0,0.0,3,8,1450.0,0.0,1984,0.0,98074,47.6256,-122.037,1710.0,9554.0,2014-10-07,400000.0
4040600190,5.0,2.25,2060.0,9000.0,1.0,,0.0,4,7,1320.0,740.0,1961,0.0,98007,47.6122,-122.137,2050.0,8800.0,2014-08-06,509500.0
7129301578,3.0,3.5,2380.0,6250.0,2.0,0.0,3.0,3,8,1670.0,710.0,1997,0.0,98118,47.5137,-122.252,2540.0,4010.0,2014-05-21,495000.0
3955900500,4.0,2.5,2760.0,5564.0,2.0,0.0,0.0,3,7,2760.0,0.0,2001,0.0,98056,47.4814,-122.189,2670.0,5626.0,2015-03-13,424950.0
7788400170,3.0,1.0,940.0,10875.0,1.0,0.0,0.0,3,7,940.0,0.0,1957,0.0,98056,47.5121,-122.168,1250.0,11200.0,2014-09-26,230000.0
3831000010,4.0,1.5,1760.0,6150.0,1.5,0.0,0.0,3,7,1760.0,0.0,1951,0.0,98031,47.3871,-122.224,1760.0,8276.0,2014-08-06,235000.0
3885803895,3.0,2.0,1360.0,8752.0,1.0,,2.0,4,6,1360.0,0.0,1942,0.0,98033,47.6879,-122.208,2530.0,7680.0,2015-03-09,763000.0
3810000480,3.0,1.75,2010.0,6150.0,2.0,0.0,0.0,5,7,2010.0,0.0,1939,0.0,98178,47.4975,-122.231,1770.0,7380.0,2014-09-19,350000.0
6169901197,3.0,1.5,2160.0,2260.0,2.0,,2.0,5,8,1620.0,540.0,1917,0.0,98119,47.6321,-122.371,2570.0,2400.0,2014-11-26,900000.0
6882520050,3.0,1.0,930.0,6060.0,1.0,,0.0,4,6,930.0,0.0,1973,0.0,98118,47.5289,-122.28,1640.0,6364.0,2014-10-07,250000.0
2608300103,3.0,2.5,1020.0,2040.0,2.0,0.0,0.0,3,7,720.0,300.0,2004,0.0,98106,47.5294,-122.361,1060.0,1478.0,2015-01-26,225000.0
3530400080,2.0,2.0,1360.0,5433.0,1.0,0.0,0.0,3,8,1360.0,0.0,1974,20030.0,98198,47.3804,-122.32,1160.0,5264.0,2014-12-26,255000.0
1099760470,4.0,1.75,1720.0,7200.0,1.0,0.0,0.0,3,7,1220.0,500.0,1974,0.0,98023,47.306,-122.375,1790.0,7200.0,2014-06-04,161700.0
4327600010,3.0,3.0,1790.0,13350.0,1.0,0.0,0.0,3,7,1190.0,600.0,1988,0.0,98178,47.4958,-122.262,1740.0,10624.0,2015-02-02,336000.0
6150200005,3.0,1.0,1150.0,6800.0,1.0,0.0,0.0,3,7,1150.0,0.0,1954,0.0,98133,47.727,-122.339,1210.0,6800.0,2014-10-23,410500.0
4019300480,4.0,3.5,2710.0,14016.0,2.0,0.0,0.0,4,8,2710.0,0.0,1968,0.0,98155,47.7601,-122.286,1590.0,27903.0,2014-11-11,502700.0
6855100010,3.0,2.5,2400.0,9601.0,1.0,0.0,0.0,5,7,1390.0,1010.0,1977,0.0,98034,47.7256,-122.211,2010.0,9943.0,2014-09-23,505000.0
5249801440,3.0,1.0,1660.0,7650.0,1.5,,0.0,3,7,1350.0,310.0,1910,0.0,98118,47.5576,-122.277,1750.0,5760.0,2014-12-16,250000.0
5249801440,3.0,1.0,1660.0,7650.0,1.5,,0.0,3,7,1350.0,310.0,1910,0.0,98118,47.5576,-122.277,1750.0,5760.0,2015-04-22,570000.0
7524350080,4.0,2.5,2290.0,8796.0,2.0,0.0,0.0,3,8,2290.0,0.0,1994,0.0,98198,47.3762,-122.318,2130.0,8796.0,2015-03-18,349900.0
1137800460,3.0,2.5,2870.0,25663.0,2.0,0.0,0.0,3,10,2870.0,0.0,1988,0.0,98003,47.2769,-122.333,2950.0,24347.0,2014-12-09,465000.0
587550280,4.0,3.25,4240.0,25639.0,2.0,,3.0,3,10,3550.0,690.0,1989,0.0,98023,47.3241,-122.378,3590.0,24967.0,2014-05-30,625000.0
871001365,3.0,1.75,1800.0,5102.0,1.0,0.0,0.0,3,7,1170.0,630.0,1952,0.0,98199,47.6514,-122.407,1720.0,5102.0,2015-02-19,655000.0
1430800279,4.0,1.75,2960.0,11347.0,1.0,0.0,0.0,4,8,1570.0,1390.0,1946,0.0,98166,47.4738,-122.353,1660.0,8911.0,2015-03-27,469000.0
1226039130,3.0,2.25,1980.0,7200.0,1.0,0.0,0.0,3,8,1300.0,680.0,1964,0.0,98177,47.7625,-122.36,1820.0,8250.0,2014-10-09,355000.0
7254000050,3.0,2.5,1730.0,2631.0,2.0,,0.0,3,8,1730.0,0.0,2001,0.0,98005,47.5878,-122.165,1730.0,2751.0,2015-02-24,596000.0
3530200020,4.0,2.5,3020.0,36893.0,2.0,0.0,0.0,3,9,3020.0,0.0,1986,20070.0,98077,47.768,-122.092,3020.0,36444.0,2015-04-02,790000.0
2386000020,4.0,2.25,4470.0,86225.0,2.0,0.0,0.0,3,10,4470.0,0.0,1991,0.0,98053,47.6377,-121.985,3850.0,97049.0,2014-10-08,885000.0
6738700225,4.0,3.25,2830.0,4000.0,2.0,,0.0,3,9,1910.0,920.0,1912,0.0,98144,47.5845,-122.291,2740.0,4000.0,2014-09-12,1030000.0
6821600005,4.0,1.75,2120.0,5400.0,1.0,0.0,0.0,4,8,1060.0,1060.0,1941,0.0,98199,47.6501,-122.395,2052.0,6000.0,2015-04-03,710000.0
3579000010,3.0,2.5,2150.0,9266.0,2.0,0.0,0.0,3,8,2150.0,0.0,1988,0.0,98028,47.7445,-122.248,2150.0,12550.0,2014-08-14,428040.0
9359100101,5.0,2.25,3510.0,13843.0,1.0,0.0,2.0,3,8,1850.0,1660.0,1959,0.0,98040,47.5817,-122.246,2680.0,8750.0,2015-04-14,1370000.0
6819100122,2.0,1.0,970.0,3400.0,1.0,0.0,0.0,3,7,970.0,0.0,1924,0.0,98109,47.6444,-122.357,1180.0,3600.0,2014-06-05,546000.0
3908100020,4.0,1.0,1360.0,5766.0,1.5,0.0,0.0,5,7,1360.0,0.0,1951,0.0,98115,47.6827,-122.289,1500.0,5704.0,2014-08-03,540000.0
6392001950,3.0,2.5,1470.0,3000.0,1.0,0.0,0.0,3,7,930.0,540.0,1985,0.0,98115,47.6832,-122.286,1470.0,5588.0,2014-09-08,435000.0
2872900280,4.0,2.25,3040.0,10283.0,1.0,0.0,0.0,4,8,1430.0,1610.0,1984,0.0,98074,47.6268,-122.038,1870.0,11074.0,2015-04-06,540000.0
6437400101,2.0,1.0,860.0,7204.0,1.0,0.0,0.0,3,7,860.0,0.0,1918,0.0,98106,47.5361,-122.351,1200.0,7500.0,2014-11-13,284000.0
7227502155,2.0,1.0,820.0,5700.0,1.0,0.0,0.0,5,5,820.0,0.0,1942,0.0,98056,47.4915,-122.184,1000.0,5700.0,2014-07-14,208000.0
1115100169,3.0,1.75,1900.0,7076.0,1.0,0.0,0.0,3,7,1130.0,770.0,1977,0.0,98155,47.7569,-122.326,1540.0,10113.0,2014-12-03,315000.0
2919702705,2.0,1.0,1330.0,5510.0,1.0,0.0,0.0,3,6,850.0,480.0,1910,0.0,98117,47.6901,-122.362,1200.0,4150.0,2014-07-31,417500.0
7302000500,3.0,1.75,1240.0,38095.0,1.0,0.0,0.0,3,7,1240.0,0.0,1978,0.0,98053,47.6522,-121.97,2060.0,38552.0,2014-09-17,345000.0
6021503656,3.0,2.5,1330.0,1064.0,3.0,0.0,0.0,3,8,1330.0,0.0,2004,0.0,98117,47.6835,-122.387,1330.0,1113.0,2014-09-02,375000.0
8665200020,3.0,1.75,1880.0,12821.0,1.0,0.0,0.0,3,7,1880.0,0.0,1959,0.0,98155,47.7681,-122.305,1540.0,12868.0,2014-06-23,389800.0
3288301330,3.0,1.75,1890.0,7560.0,1.0,0.0,0.0,3,8,1430.0,460.0,1973,0.0,98034,47.7322,-122.185,1890.0,9095.0,2015-04-08,475000.0
2621700010,4.0,2.25,2250.0,41688.0,2.0,0.0,0.0,3,8,2250.0,0.0,1980,0.0,98053,47.6695,-122.05,2350.0,37920.0,2014-05-08,569000.0
1824079073,5.0,4.25,4650.0,108464.0,2.0,0.0,0.0,3,10,3260.0,1390.0,1999,0.0,98024,47.5669,-121.956,2810.0,155509.0,2015-03-31,985000.0
1954440080,3.0,2.5,1830.0,8022.0,2.0,0.0,0.0,3,8,1830.0,0.0,1987,0.0,98074,47.6198,-122.044,2030.0,7736.0,2015-01-29,532000.0
7452500285,2.0,1.0,720.0,5000.0,1.0,0.0,0.0,5,6,720.0,0.0,1951,0.0,98126,47.5195,-122.374,810.0,5000.0,2014-08-11,280000.0
7937600380,4.0,2.0,1960.0,50112.0,1.0,0.0,0.0,4,7,1050.0,910.0,1963,0.0,98058,47.4353,-122.084,2340.0,44967.0,2015-02-17,435000.0
5153200651,3.0,1.0,1220.0,71191.0,1.0,0.0,0.0,3,6,1220.0,0.0,1952,0.0,98023,47.3261,-122.353,1960.0,15378.0,2015-03-16,223000.0
2323069022,2.0,1.0,1800.0,119790.0,1.0,0.0,0.0,4,7,1200.0,600.0,1947,0.0,98027,47.4617,-122.012,2320.0,79208.0,2015-01-15,390000.0
1328340380,3.0,1.75,1340.0,12800.0,1.0,0.0,0.0,3,7,880.0,460.0,1981,0.0,98058,47.4437,-122.137,1500.0,7875.0,2014-10-27,315000.0
2256500005,3.0,3.0,1740.0,3700.0,1.0,0.0,0.0,3,7,1740.0,0.0,1982,0.0,98122,47.6102,-122.309,1830.0,2480.0,2014-10-14,612000.0
9828200545,3.0,1.75,1680.0,2400.0,1.0,0.0,0.0,5,7,870.0,810.0,1922,0.0,98122,47.6155,-122.3,1440.0,3600.0,2014-05-13,591000.0
686450080,4.0,2.25,3220.0,8436.0,2.0,0.0,0.0,3,8,3220.0,0.0,1968,0.0,98008,47.6381,-122.116,2500.0,7632.0,2014-07-11,800000.0
2571900380,3.0,2.0,1610.0,8400.0,1.0,0.0,0.0,3,8,1610.0,0.0,1990,0.0,98022,47.1958,-122.009,1930.0,8459.0,2015-01-22,225000.0
1026069120,2.0,3.0,3160.0,66646.0,2.0,,0.0,3,7,3160.0,0.0,1993,0.0,98077,47.7479,-122.034,3140.0,38790.0,2014-05-08,589900.0
3882320010,4.0,2.5,2520.0,13156.0,1.0,0.0,0.0,3,8,1520.0,1000.0,1979,0.0,98052,47.6558,-122.135,2050.0,10940.0,2014-11-26,565000.0
1377300020,3.0,1.5,2120.0,8448.0,1.0,0.0,0.0,3,7,1060.0,1060.0,1940,0.0,98199,47.6438,-122.403,1620.0,7920.0,2015-02-19,650000.0
1124000005,3.0,2.5,2090.0,8505.0,2.0,0.0,0.0,3,8,2090.0,0.0,1951,19770.0,98177,47.7195,-122.371,1640.0,8100.0,2014-09-18,499000.0
1151100010,3.0,1.0,1330.0,20562.0,1.5,0.0,0.0,3,5,1330.0,0.0,1959,0.0,98045,47.4807,-121.775,1350.0,20562.0,2014-05-15,280000.0
7997200130,3.0,2.5,2420.0,7500.0,1.0,0.0,2.0,4,8,1210.0,1210.0,1944,0.0,98117,47.6949,-122.389,2340.0,7500.0,2015-01-28,649950.0
2419600005,3.0,1.75,1510.0,6360.0,1.0,0.0,0.0,4,7,1510.0,0.0,1954,0.0,98133,47.7321,-122.353,1480.0,7260.0,2014-07-09,420000.0
5727000010,4.0,2.5,2120.0,5293.0,2.0,0.0,0.0,3,7,2120.0,0.0,2003,0.0,98031,47.4217,-122.201,1990.0,5313.0,2014-12-15,319990.0
8656300080,3.0,2.0,1850.0,16535.0,1.0,0.0,0.0,3,7,1850.0,0.0,1992,0.0,98014,47.6565,-121.912,1528.0,13295.0,2014-08-12,265000.0
9517200290,3.0,1.75,2300.0,16474.0,1.0,0.0,0.0,3,7,1220.0,1080.0,1984,0.0,98072,47.7609,-122.144,1940.0,15601.0,2015-02-23,482000.0
3123049142,3.0,2.25,2600.0,14810.0,1.0,0.0,2.0,4,8,1490.0,1110.0,1956,0.0,98166,47.4326,-122.341,2450.0,16715.0,2014-08-05,452000.0
4139500080,4.0,4.25,5180.0,13077.0,2.0,0.0,3.0,3,12,4280.0,900.0,1998,0.0,98006,47.5513,-122.109,5030.0,15069.0,2014-07-18,1490000.0
6150200280,2.0,1.0,1810.0,8527.0,1.5,0.0,0.0,4,7,1810.0,0.0,1943,0.0,98133,47.7275,-122.336,1490.0,6800.0,2014-08-21,375000.0
6021500840,5.0,3.0,2190.0,4900.0,2.0,0.0,0.0,5,7,1490.0,700.0,1940,0.0,98117,47.6892,-122.386,1370.0,4606.0,2014-07-03,588000.0
8691310420,4.0,2.5,2500.0,10215.0,2.0,0.0,0.0,3,9,2500.0,0.0,1998,0.0,98075,47.5912,-121.986,2890.0,10240.0,2015-04-24,635000.0
1402900380,4.0,2.5,1890.0,6962.0,2.0,0.0,0.0,3,8,1890.0,0.0,1997,0.0,98092,47.3328,-122.187,2170.0,6803.0,2014-07-03,280500.0
2345500010,2.0,1.75,2040.0,8600.0,1.0,0.0,0.0,4,6,1430.0,610.0,1985,0.0,98003,47.2755,-122.308,1310.0,7859.0,2014-09-25,210500.0
3279000460,3.0,2.0,1310.0,7000.0,1.0,0.0,0.0,4,7,1310.0,0.0,1979,0.0,98023,47.303,-122.383,1390.0,7500.0,2014-09-26,196500.0
723000114,5.0,3.5,4010.0,8510.0,2.0,0.0,1.0,5,9,2850.0,1160.0,1971,0.0,98105,47.6578,-122.286,2610.0,6128.0,2014-05-05,1400000.0
5145100080,3.0,1.75,1780.0,8033.0,1.0,0.0,0.0,2,7,1210.0,570.0,1977,0.0,98034,47.7275,-122.219,1630.0,7508.0,2015-02-06,475000.0
8078410280,3.0,2.5,1980.0,9061.0,2.0,0.0,0.0,4,8,1980.0,0.0,1987,0.0,98074,47.6366,-122.029,1930.0,8869.0,2015-05-04,550000.0
3885806105,3.0,3.25,3690.0,7200.0,2.0,0.0,0.0,3,11,3690.0,0.0,2007,0.0,98033,47.6815,-122.2,1880.0,7200.0,2014-05-21,1580000.0
5702380780,3.0,1.75,1540.0,6687.0,1.0,0.0,0.0,3,7,1200.0,340.0,1991,0.0,98022,47.1938,-121.981,1540.0,7242.0,2015-04-22,240000.0
3826000280,3.0,1.0,1130.0,8100.0,1.5,0.0,0.0,3,6,1130.0,0.0,1934,0.0,98168,47.4935,-122.306,1080.0,8100.0,2015-04-29,272000.0
1421079007,3.0,2.75,2480.0,209199.0,1.5,0.0,0.0,3,8,1870.0,610.0,2000,0.0,98010,47.3085,-121.888,2040.0,219229.0,2015-03-24,408506.0
3702900185,3.0,2.5,2580.0,7500.0,2.0,,0.0,3,9,2580.0,0.0,1991,0.0,98116,47.5577,-122.396,910.0,6500.0,2014-08-18,640000.0
4136880460,4.0,2.5,2010.0,7226.0,2.0,0.0,0.0,3,8,2010.0,0.0,1995,0.0,98092,47.2588,-122.21,2160.0,7696.0,2014-05-14,316000.0
7885100005,4.0,2.0,2320.0,12000.0,1.0,0.0,0.0,3,7,1720.0,600.0,1943,20140.0,98108,47.5246,-122.325,1390.0,6000.0,2014-08-20,299000.0
3037200010,2.0,2.25,1180.0,2090.0,2.0,,0.0,3,7,1180.0,0.0,2004,0.0,98122,47.6032,-122.31,1550.0,2812.0,2015-03-05,447500.0
4309710250,4.0,2.5,3180.0,21904.0,2.0,0.0,3.0,3,9,3180.0,0.0,2000,0.0,98059,47.515,-122.117,3715.0,29170.0,2014-05-05,736500.0
3401700185,4.0,2.0,2970.0,52567.0,2.0,0.0,0.0,3,8,2970.0,0.0,1924,19850.0,98072,47.7333,-122.128,3280.0,46676.0,2014-07-28,665000.0
2141300080,5.0,2.5,3050.0,13212.0,1.0,0.0,0.0,4,8,1590.0,,1975,0.0,98006,47.5596,-122.142,2550.0,10826.0,2015-04-24,707000.0
3387800380,4.0,1.75,1630.0,8000.0,1.0,0.0,0.0,3,7,1630.0,0.0,1959,0.0,98031,47.3948,-122.201,1630.0,7700.0,2014-08-29,215000.0
2310000280,3.0,2.25,1620.0,6415.0,2.0,0.0,0.0,4,7,1620.0,0.0,1989,0.0,98038,47.3577,-122.038,1640.0,7253.0,2014-12-11,275000.0
1687900170,4.0,2.25,2170.0,8240.0,2.0,0.0,1.0,4,8,2170.0,0.0,1983,0.0,98006,47.5634,-122.128,2600.0,9898.0,2015-03-25,648000.0
8079000190,4.0,2.5,2150.0,8173.0,2.0,,0.0,3,8,2150.0,0.0,1987,0.0,98059,47.511,-122.153,2080.0,7620.0,2014-10-28,415000.0
1710400005,3.0,2.0,1770.0,1800.0,3.0,0.0,0.0,3,8,1770.0,0.0,1999,0.0,98122,47.6102,-122.314,1890.0,3200.0,2014-11-19,690000.0
2473420170,4.0,2.75,2110.0,13260.0,1.0,0.0,0.0,4,7,1290.0,820.0,1979,0.0,98058,47.4513,-122.16,1980.0,11016.0,2014-09-24,320000.0
1056200010,3.0,1.75,1590.0,8285.0,1.0,0.0,0.0,4,8,1590.0,0.0,1956,0.0,98004,47.5855,-122.194,1970.0,8970.0,2014-09-02,750000.0
263000359,3.0,2.25,1370.0,1524.0,3.0,0.0,0.0,3,8,1370.0,0.0,2005,0.0,98103,47.6982,-122.347,1370.0,1418.0,2014-06-30,355000.0
6624010170,3.0,1.75,1390.0,7399.0,1.0,,0.0,4,7,1390.0,0.0,1975,0.0,98031,47.4183,-122.182,1460.0,7800.0,2014-05-08,246000.0
824059265,3.0,1.75,1640.0,10464.0,1.0,,2.0,4,8,1640.0,0.0,1968,0.0,98004,47.5873,-122.205,2630.0,18872.0,2014-10-01,1160000.0
2869100080,3.0,2.5,2670.0,12187.0,2.0,0.0,0.0,3,8,2670.0,0.0,1986,0.0,98052,47.6677,-122.15,2400.0,8999.0,2014-06-06,744000.0
203100440,3.0,3.75,5400.0,24740.0,2.0,,0.0,3,11,5400.0,0.0,1997,0.0,98053,47.6426,-121.955,1690.0,20000.0,2014-09-11,1210000.0
9542800290,3.0,2.0,1690.0,6750.0,1.0,0.0,0.0,3,7,1210.0,480.0,1977,0.0,98023,47.3021,-122.375,1930.0,7350.0,2014-12-10,217000.0
3342100780,3.0,2.5,2600.0,5100.0,2.0,0.0,1.0,3,8,2600.0,0.0,1998,0.0,98056,47.5175,-122.205,2270.0,5400.0,2014-07-09,583000.0
475000080,2.0,1.5,1400.0,5000.0,1.0,0.0,0.0,4,7,1150.0,250.0,1904,0.0,98107,47.6681,-122.362,1530.0,4200.0,2014-11-11,515000.0
1562100380,4.0,1.75,2140.0,8000.0,1.0,0.0,0.0,4,8,1410.0,730.0,1965,0.0,98007,47.622,-122.139,2080.0,8000.0,2015-03-19,594000.0
3878900185,3.0,1.5,1640.0,5650.0,1.0,0.0,0.0,3,8,1640.0,0.0,1952,0.0,98178,47.509,-122.251,1640.0,5650.0,2014-10-22,303100.0
6791100280,3.0,1.75,1720.0,15225.0,1.0,0.0,0.0,4,7,1020.0,,1970,0.0,98075,47.579,-122.051,1860.0,13588.0,2014-10-10,430000.0
1926059099,5.0,3.25,3060.0,11778.0,2.0,0.0,0.0,3,8,3060.0,0.0,2004,0.0,98034,47.7212,-122.222,1840.0,10403.0,2014-12-08,708000.0
2881700547,3.0,1.0,1150.0,7260.0,1.0,0.0,0.0,3,7,1150.0,0.0,1959,0.0,98133,47.7344,-122.333,1200.0,7888.0,2014-08-13,221000.0
3260800190,3.0,2.5,2000.0,7205.0,2.0,0.0,0.0,3,8,2000.0,0.0,1998,0.0,98003,47.3499,-122.302,2180.0,7611.0,2015-03-24,325000.0
7715600050,3.0,1.75,1560.0,5950.0,1.0,0.0,0.0,4,6,780.0,780.0,1944,0.0,98125,47.719,-122.307,1320.0,7830.0,2015-02-19,385000.0
3158500460,3.0,2.5,2070.0,4689.0,2.0,0.0,0.0,3,8,2070.0,0.0,2013,0.0,98038,47.3545,-122.056,1880.0,4593.0,2015-03-27,359500.0
4027700797,3.0,2.0,1920.0,7200.0,1.0,,0.0,3,7,1300.0,620.0,1984,0.0,98028,47.7703,-122.265,2010.0,7200.0,2014-08-07,433000.0
9161100460,2.0,1.0,1000.0,4950.0,1.0,0.0,0.0,3,7,800.0,200.0,1948,0.0,98116,47.5671,-122.394,1060.0,5500.0,2015-03-23,525000.0
8069000216,3.0,2.0,1690.0,10062.0,1.0,0.0,2.0,5,7,940.0,750.0,1928,0.0,98178,47.5102,-122.241,2390.0,6650.0,2014-07-22,356200.0
3401700255,4.0,2.0,3090.0,87120.0,1.0,0.0,0.0,4,7,1590.0,1500.0,1974,0.0,98072,47.7275,-122.122,2560.0,88426.0,2014-07-29,595000.0
4083306720,4.0,1.5,1790.0,3420.0,1.0,0.0,0.0,4,7,1020.0,770.0,1923,0.0,98103,47.6489,-122.337,1680.0,3420.0,2014-09-15,560000.0
6377200010,4.0,3.0,4750.0,21701.0,1.5,0.0,0.0,5,11,4750.0,0.0,1976,0.0,98004,47.6454,-122.218,3120.0,18551.0,2014-12-08,2180000.0
2767601100,4.0,2.0,2090.0,4000.0,1.0,0.0,0.0,3,7,1480.0,610.0,1951,0.0,98107,47.6751,-122.379,1510.0,5000.0,2014-10-27,513000.0
2856100185,2.0,1.0,680.0,2550.0,1.0,0.0,0.0,4,5,680.0,0.0,1901,0.0,98117,47.6767,-122.388,1120.0,5100.0,2014-07-21,365000.0
3438500797,4.0,1.75,2100.0,11942.0,1.0,0.0,0.0,3,7,1030.0,1070.0,1964,0.0,98106,47.55,-122.356,1170.0,6986.0,2014-07-08,368000.0
6738700275,4.0,2.75,2840.0,4000.0,1.5,0.0,0.0,5,8,1960.0,880.0,1912,0.0,98144,47.5846,-122.291,2750.0,4000.0,2014-06-25,870000.0
1761100190,3.0,2.25,1470.0,6808.0,1.0,0.0,0.0,3,7,1160.0,310.0,1984,0.0,98023,47.2884,-122.365,1570.0,7881.0,2014-07-24,225000.0
713500020,4.0,4.5,4490.0,24767.0,2.0,0.0,2.0,3,11,3800.0,690.0,1998,0.0,98006,47.5544,-122.147,3370.0,32700.0,2015-04-21,1390000.0
5412310170,3.0,1.75,1150.0,8079.0,1.0,0.0,0.0,4,7,1150.0,0.0,1983,0.0,98030,47.3766,-122.18,1540.0,7399.0,2014-06-19,177000.0
7751800080,3.0,1.5,1460.0,9879.0,1.0,0.0,0.0,3,7,1460.0,0.0,1956,0.0,98008,47.6346,-122.127,1610.0,10050.0,2015-01-27,465000.0
1121000414,4.0,2.75,3150.0,6343.0,1.0,0.0,3.0,3,8,1810.0,1340.0,1976,0.0,98126,47.5424,-122.381,2250.0,6343.0,2014-09-27,750000.0
4239400920,3.0,1.0,1090.0,2800.0,1.0,0.0,0.0,3,6,1090.0,0.0,1969,0.0,98092,47.3162,-122.183,1040.0,2960.0,2014-09-22,149000.0
9408300380,3.0,2.5,2670.0,47480.0,2.0,0.0,3.0,3,9,2670.0,0.0,1981,0.0,98072,47.7443,-122.114,2760.0,42800.0,2014-06-09,605000.0
6865200095,3.0,2.0,2110.0,5800.0,1.5,0.0,0.0,4,7,1990.0,120.0,1927,0.0,98103,47.6645,-122.342,1620.0,4300.0,2014-10-24,725000.0
6669080010,4.0,2.25,1770.0,5236.0,2.0,0.0,0.0,3,7,1770.0,0.0,2007,0.0,98056,47.5137,-122.189,2470.0,5064.0,2014-09-22,413900.0
1446400670,3.0,1.5,1510.0,6600.0,1.0,0.0,0.0,3,6,1510.0,0.0,1938,0.0,98168,47.4821,-122.331,990.0,6600.0,2014-07-31,199950.0
203100460,1.0,1.0,530.0,13679.0,1.0,0.0,0.0,4,6,530.0,0.0,1949,0.0,98053,47.6422,-121.954,1930.0,20624.0,2014-09-24,400000.0
9523102750,3.0,1.5,2420.0,5000.0,2.0,,0.0,4,8,2200.0,220.0,1925,0.0,98103,47.6744,-122.353,2070.0,5000.0,2014-08-12,870000.0
8078570380,5.0,2.5,2490.0,7666.0,1.0,0.0,0.0,4,7,1490.0,1000.0,1989,0.0,98031,47.4022,-122.171,1930.0,7415.0,2014-06-05,292000.0
1423800080,3.0,1.0,990.0,8012.0,1.0,0.0,0.0,4,7,990.0,0.0,1966,0.0,98058,47.4557,-122.181,1260.0,9060.0,2014-05-12,225000.0
9259900010,4.0,2.0,1730.0,9139.0,2.0,0.0,0.0,3,8,1730.0,0.0,1957,0.0,98125,47.7181,-122.316,1410.0,7311.0,2015-03-16,466750.0
4223400050,2.0,1.5,1440.0,11954.0,1.0,0.0,0.0,4,8,1440.0,0.0,1978,0.0,98002,47.2909,-122.219,1460.0,9730.0,2015-03-23,330000.0
686400380,7.0,2.25,3260.0,8145.0,2.0,0.0,0.0,5,8,3260.0,0.0,1967,0.0,98008,47.6336,-122.115,2340.0,8145.0,2014-10-02,770000.0
1102001112,4.0,2.25,1950.0,7000.0,1.0,0.0,1.0,3,8,1450.0,500.0,1957,0.0,98118,47.5426,-122.262,1840.0,6440.0,2015-02-13,802500.0
241900020,5.0,2.5,2740.0,5400.0,2.0,0.0,0.0,3,8,2740.0,0.0,2005,0.0,98031,47.4036,-122.205,2900.0,5476.0,2014-07-18,378800.0
8691300380,3.0,2.75,2940.0,12487.0,2.0,0.0,0.0,3,10,2940.0,0.0,1997,0.0,98075,47.5879,-121.973,3110.0,10837.0,2015-05-01,795000.0
3426049132,3.0,2.0,1200.0,7320.0,1.0,0.0,0.0,3,7,1200.0,0.0,1955,0.0,98115,47.6986,-122.286,1750.0,8220.0,2015-04-22,460000.0
3904901190,3.0,2.5,2070.0,10908.0,2.0,0.0,0.0,3,8,2070.0,0.0,1986,0.0,98029,47.5665,-122.023,2220.0,10975.0,2014-12-19,567000.0
1789900080,3.0,1.75,1570.0,15570.0,1.0,0.0,0.0,3,7,1570.0,0.0,1981,0.0,98023,47.3207,-122.362,2000.0,28200.0,2014-07-22,209950.0
1021049022,2.0,1.0,1050.0,60113.0,1.0,0.0,0.0,4,7,1050.0,0.0,1943,0.0,98001,47.3226,-122.287,1380.0,27442.0,2014-05-20,415000.0
5634500179,4.0,1.5,1830.0,6985.0,1.0,0.0,0.0,3,7,1080.0,750.0,1967,0.0,98028,47.7494,-122.236,1650.0,9501.0,2014-12-15,424500.0
795002455,2.0,1.0,970.0,12500.0,1.0,0.0,0.0,3,6,970.0,0.0,1941,0.0,98168,47.5102,-122.33,1280.0,6250.0,2015-05-05,261000.0
6666860170,3.0,2.5,2200.0,9696.0,2.0,0.0,0.0,3,8,2200.0,0.0,1987,0.0,98031,47.4197,-122.205,2200.0,9915.0,2014-08-27,365000.0
9828200605,4.0,2.0,1930.0,3240.0,1.5,0.0,0.0,4,7,1930.0,0.0,1911,0.0,98122,47.6156,-122.299,1480.0,3600.0,2015-04-08,631000.0
853200010,5.0,5.5,7050.0,42840.0,1.0,0.0,2.0,4,13,4320.0,2730.0,1978,0.0,98004,47.6229,-122.22,5070.0,20570.0,2014-07-01,3800000.0
4449800345,3.0,2.5,1790.0,3962.0,2.0,0.0,0.0,3,8,1790.0,0.0,1992,0.0,98117,47.6894,-122.391,1340.0,3960.0,2014-10-08,584000.0
2522029136,3.0,1.75,1560.0,82328.0,1.0,,0.0,3,7,1560.0,0.0,1974,0.0,98070,47.3674,-122.503,2100.0,205603.0,2014-07-29,310000.0
1149900050,4.0,2.5,2780.0,7985.0,2.0,0.0,0.0,4,10,2780.0,0.0,1992,0.0,98029,47.5608,-122.016,2650.0,8094.0,2015-03-12,717000.0
6908200080,3.0,1.5,1720.0,8100.0,2.0,0.0,0.0,3,8,1720.0,0.0,1907,0.0,98107,47.6746,-122.4,2210.0,8100.0,2014-06-16,667000.0
3395800660,3.0,1.0,1640.0,8100.0,1.0,0.0,0.0,3,6,1040.0,600.0,1939,0.0,98146,47.482,-122.34,1600.0,8100.0,2014-12-30,190000.0
9414610010,3.0,2.0,1730.0,9000.0,1.0,0.0,0.0,3,8,1370.0,360.0,1978,0.0,98027,47.5202,-122.047,2390.0,10000.0,2014-06-17,430000.0
5379805120,2.0,1.0,740.0,7380.0,1.0,,0.0,4,6,740.0,0.0,1951,0.0,98188,47.4481,-122.278,1500.0,10075.0,2015-04-24,213000.0
1530900290,3.0,2.5,2280.0,3710.0,1.0,0.0,0.0,3,8,1550.0,730.0,1990,0.0,98072,47.735,-122.159,2030.0,3710.0,2014-10-07,475000.0
8886000005,2.0,2.75,2090.0,23962.0,2.0,0.0,3.0,4,8,2090.0,0.0,1988,0.0,98070,47.4145,-122.44,1820.0,32340.0,2015-03-09,649000.0
8965400010,3.0,2.5,2550.0,13458.0,2.0,0.0,0.0,3,9,2550.0,0.0,1990,0.0,98006,47.5586,-122.121,3180.0,13458.0,2014-06-06,715000.0
8644210470,4.0,3.5,3350.0,19487.0,1.0,0.0,0.0,3,11,2460.0,890.0,1992,0.0,98075,47.5796,-121.998,3360.0,19460.0,2015-03-18,845000.0
1545805980,3.0,2.5,2770.0,8820.0,1.0,0.0,0.0,3,7,1900.0,870.0,1980,20040.0,98038,47.3685,-122.048,1850.0,10920.0,2014-11-10,390000.0
2841500010,4.0,3.0,2860.0,5724.0,1.0,,0.0,3,7,1730.0,1130.0,1983,0.0,98108,47.5427,-122.302,2340.0,7200.0,2014-09-24,390000.0
1328330290,4.0,1.75,1990.0,7194.0,1.0,0.0,0.0,4,8,1400.0,590.0,1978,0.0,98058,47.4417,-122.135,1820.0,7400.0,2014-07-29,328000.0
4222100280,3.0,2.75,1740.0,8436.0,1.0,0.0,0.0,3,7,1140.0,600.0,1967,0.0,98003,47.3456,-122.305,1550.0,8436.0,2014-12-05,239999.0
4222200280,3.0,2.0,1460.0,7740.0,1.0,,0.0,3,7,1460.0,0.0,1968,0.0,98003,47.3467,-122.306,1540.0,7644.0,2014-10-21,225000.0
3224510290,3.0,1.75,3670.0,11884.0,1.0,0.0,2.0,4,9,1950.0,1720.0,1979,0.0,98006,47.5604,-122.133,3020.0,9747.0,2014-10-16,920000.0
5196420290,4.0,2.75,3270.0,9231.0,2.0,0.0,0.0,3,10,3270.0,0.0,1995,0.0,98052,47.6539,-122.121,3380.0,10154.0,2015-03-17,940000.0
1703900005,3.0,1.0,1210.0,4872.0,1.0,0.0,0.0,4,6,1210.0,0.0,1949,0.0,98118,47.5551,-122.273,1070.0,4872.0,2015-05-01,465000.0
3329530480,3.0,2.0,1770.0,7000.0,1.0,,0.0,3,7,1770.0,0.0,1986,0.0,98001,47.3321,-122.261,1510.0,10462.0,2014-07-01,241000.0
1541700170,4.0,2.5,1980.0,5909.0,2.0,0.0,0.0,3,8,1980.0,0.0,2003,0.0,98031,47.3913,-122.185,2550.0,5487.0,2014-06-09,307550.0
8833510190,4.0,2.5,2650.0,9627.0,1.0,0.0,3.0,4,8,1610.0,1040.0,1976,0.0,98028,47.7684,-122.254,2650.0,9221.0,2014-10-31,490000.0
8961970190,4.0,2.5,3040.0,6887.0,2.0,0.0,0.0,3,8,3040.0,0.0,1999,0.0,98074,47.6073,-122.015,2790.0,7196.0,2014-05-12,647000.0
323069120,4.0,2.75,3640.0,231739.0,1.5,0.0,0.0,3,10,3640.0,0.0,1999,0.0,98027,47.5078,-122.018,2670.0,91040.0,2014-08-27,780000.0
8944360170,3.0,2.5,1810.0,4332.0,2.0,0.0,0.0,3,8,1810.0,0.0,1992,0.0,98029,47.5776,-121.996,1740.0,4332.0,2014-11-14,517500.0
2546500020,3.0,2.0,1380.0,8682.0,1.0,0.0,0.0,4,7,1380.0,0.0,1966,0.0,98148,47.4238,-122.322,1410.0,10594.0,2014-06-18,295000.0
1338801060,4.0,1.5,1810.0,3400.0,2.0,0.0,0.0,3,8,1810.0,0.0,1926,0.0,98112,47.6264,-122.302,1770.0,3600.0,2014-12-04,560000.0
3747600050,5.0,2.0,2250.0,5472.0,1.5,0.0,0.0,5,7,1750.0,500.0,1930,0.0,98002,47.3065,-122.219,1540.0,5472.0,2014-11-05,319450.0
327000050,4.0,3.25,3860.0,7199.0,2.0,0.0,1.0,3,9,2870.0,990.0,2005,0.0,98115,47.6855,-122.269,2940.0,9600.0,2014-12-12,1500000.0
1898900280,4.0,3.0,2380.0,20277.0,1.0,0.0,0.0,3,8,1500.0,880.0,1999,0.0,98023,47.3046,-122.392,2370.0,15440.0,2014-09-19,340000.0
1423400005,3.0,1.0,1370.0,11658.0,1.0,0.0,0.0,4,6,1370.0,0.0,1958,0.0,98058,47.4576,-122.182,1080.0,9198.0,2014-08-15,249950.0
9521100585,3.0,1.0,1830.0,3000.0,1.5,0.0,0.0,3,7,1430.0,400.0,1926,0.0,98103,47.6619,-122.351,1510.0,2500.0,2014-06-13,499950.0
2025059150,4.0,1.75,1440.0,13296.0,1.0,0.0,0.0,4,8,1440.0,0.0,1967,0.0,98004,47.634,-122.204,3520.0,10802.0,2014-07-02,1040000.0
8941500010,4.0,2.5,2510.0,17200.0,1.0,0.0,2.0,4,9,1540.0,970.0,1977,0.0,98052,47.6287,-122.089,2370.0,14621.0,2015-02-16,750000.0
1425069071,4.0,2.5,3230.0,256132.0,2.0,0.0,0.0,3,9,3230.0,0.0,2006,0.0,98053,47.6544,-121.998,3080.0,217800.0,2015-03-23,875000.0
686400670,3.0,1.75,1670.0,7210.0,1.0,0.0,0.0,5,8,1670.0,0.0,1967,0.0,98008,47.6344,-122.116,2200.0,7210.0,2015-04-14,678000.0
2624049073,2.0,1.0,780.0,4200.0,1.0,0.0,0.0,3,6,780.0,0.0,1920,0.0,98118,47.5381,-122.267,1620.0,6000.0,2014-07-29,360000.0
1523059180,3.0,1.0,1720.0,16552.0,1.0,0.0,0.0,4,7,1720.0,0.0,1971,0.0,98059,47.4772,-122.153,1550.0,15457.0,2014-09-23,354900.0
8016300250,5.0,2.5,2260.0,10087.0,1.0,0.0,0.0,3,8,1520.0,740.0,1967,0.0,98008,47.5982,-122.128,2500.0,9440.0,2014-08-27,632000.0
7694600143,3.0,1.75,1480.0,9375.0,1.0,0.0,0.0,4,7,1480.0,0.0,1957,0.0,98146,47.5076,-122.366,1370.0,9000.0,2014-12-18,350000.0
269000950,3.0,4.0,2550.0,3900.0,2.0,0.0,2.0,3,8,2050.0,500.0,1940,20030.0,98199,47.6415,-122.392,2340.0,6400.0,2014-07-30,990000.0
2724079090,4.0,3.25,3920.0,881654.0,3.0,,3.0,3,11,3920.0,,2002,0.0,98024,47.5385,-121.896,2970.0,112384.0,2015-01-05,1650000.0
3342103369,4.0,2.5,2286.0,8269.0,2.0,0.0,0.0,3,8,2286.0,0.0,2002,0.0,98056,47.5174,-122.194,2110.0,4711.0,2014-07-07,481000.0
7104100050,3.0,2.5,1500.0,5412.0,1.0,0.0,0.0,5,7,900.0,600.0,1920,0.0,98136,47.5499,-122.394,1090.0,5412.0,2014-06-24,485000.0
8944360290,3.0,2.5,1740.0,4960.0,2.0,0.0,0.0,3,8,1740.0,0.0,1992,0.0,98029,47.5772,-121.998,1740.0,5021.0,2015-04-13,477000.0
6072500050,5.0,2.5,2880.0,9000.0,1.0,0.0,0.0,5,8,1440.0,1440.0,1966,0.0,98006,47.5456,-122.179,2010.0,9000.0,2014-07-29,560000.0
1066000290,6.0,3.0,2600.0,9350.0,1.0,0.0,0.0,4,8,1340.0,1260.0,1963,0.0,98008,47.6198,-122.105,2090.0,9102.0,2014-11-17,600000.0
2817260130,5.0,2.75,3320.0,23760.0,2.0,0.0,0.0,4,8,2190.0,1130.0,1975,0.0,98072,47.7498,-122.146,2520.0,36720.0,2014-06-13,622500.0
3582750170,2.0,2.25,1660.0,2128.0,2.0,0.0,0.0,4,8,1660.0,0.0,1974,0.0,98028,47.7528,-122.252,1640.0,2128.0,2015-04-29,410000.0
255370420,3.0,2.5,1990.0,3644.0,2.0,0.0,0.0,3,7,1990.0,0.0,2010,0.0,98038,47.3531,-122.017,2580.0,3800.0,2015-04-02,318200.0
2571910380,3.0,2.0,1680.0,8424.0,1.0,0.0,0.0,3,7,1680.0,0.0,1993,0.0,98022,47.1969,-122.011,1990.0,8545.0,2014-06-05,289000.0
3832150190,3.0,1.75,1570.0,7775.0,2.0,0.0,0.0,3,7,1570.0,0.0,1982,0.0,98031,47.3876,-122.216,1580.0,8622.0,2014-05-20,263000.0
5279100680,3.0,1.0,1150.0,4825.0,1.0,0.0,0.0,4,6,1150.0,0.0,1957,0.0,98027,47.5321,-122.029,1760.0,7121.0,2014-06-05,240000.0
7889601870,3.0,1.0,1270.0,7500.0,1.0,0.0,0.0,3,7,1270.0,0.0,1953,0.0,98146,47.4921,-122.339,1340.0,3000.0,2015-04-07,281500.0
5694001061,3.0,3.5,1890.0,1710.0,2.0,0.0,0.0,3,8,1640.0,250.0,1999,0.0,98103,47.6592,-122.349,1680.0,1562.0,2014-06-20,587206.0
1912100882,2.0,2.25,1350.0,1248.0,2.0,0.0,0.0,3,7,1180.0,170.0,2000,0.0,98102,47.6399,-122.32,1760.0,3360.0,2014-07-30,482000.0
8563020170,3.0,1.75,1650.0,9500.0,1.0,0.0,0.0,3,8,1650.0,0.0,1967,0.0,98052,47.631,-122.098,1880.0,9375.0,2015-03-10,485000.0
8656800020,3.0,2.5,1450.0,11480.0,2.0,,0.0,3,7,1450.0,0.0,1990,0.0,98014,47.672,-121.864,2080.0,87991.0,2015-02-12,309000.0
3876540780,3.0,2.25,1640.0,7350.0,1.0,,0.0,3,7,1140.0,500.0,1984,0.0,98003,47.2625,-122.3,1480.0,8041.0,2014-06-19,221000.0
8563030280,3.0,2.5,2030.0,8398.0,2.0,0.0,0.0,4,9,2030.0,0.0,1975,0.0,98008,47.6272,-122.095,2450.0,8104.0,2014-05-13,700000.0
2114300290,5.0,3.0,2420.0,7740.0,1.0,0.0,0.0,5,7,1360.0,1060.0,1929,19690.0,98106,47.536,-122.358,1840.0,6780.0,2014-09-29,411500.0
9141100005,4.0,3.5,2770.0,10505.0,2.0,0.0,0.0,3,8,2770.0,0.0,1940,20150.0,98133,47.7412,-122.355,1760.0,10505.0,2014-10-28,285000.0
5727500019,4.0,3.0,1980.0,7931.0,1.0,0.0,0.0,4,7,1160.0,820.0,1983,0.0,98133,47.7513,-122.334,1910.0,7931.0,2014-06-05,395000.0
1796360080,2.0,1.75,1460.0,7926.0,1.0,0.0,0.0,4,7,1460.0,0.0,1987,0.0,98042,47.3665,-122.092,1680.0,8206.0,2014-07-09,237950.0
9485800050,3.0,2.5,1610.0,8064.0,1.0,,2.0,4,7,1160.0,450.0,1981,0.0,98033,47.6818,-122.189,2260.0,8328.0,2015-03-10,680000.0
5560000680,2.0,1.0,1010.0,10057.0,1.0,0.0,0.0,3,6,1010.0,0.0,1961,0.0,98023,47.3286,-122.336,1040.0,8591.0,2014-12-26,199950.0
9297300480,4.0,3.5,2760.0,4000.0,2.0,0.0,2.0,3,8,2000.0,760.0,1926,20140.0,98126,47.5687,-122.374,1690.0,4000.0,2014-12-12,765000.0
6813600415,2.0,1.0,1060.0,4960.0,1.0,0.0,0.0,3,7,1060.0,0.0,1926,0.0,98103,47.6896,-122.331,1420.0,4960.0,2014-05-08,515000.0
6751300255,3.0,1.5,1510.0,8000.0,1.0,0.0,0.0,4,7,1510.0,0.0,1956,0.0,98007,47.5865,-122.135,1430.0,8000.0,2014-06-16,470000.0
3300700480,2.0,1.0,880.0,4000.0,1.0,0.0,0.0,3,6,780.0,100.0,1937,0.0,98117,47.6931,-122.379,950.0,4000.0,2014-08-20,330000.0
5379800446,3.0,2.5,2150.0,9375.0,1.0,0.0,0.0,3,8,1550.0,600.0,1968,0.0,98188,47.4578,-122.274,1950.0,9100.0,2015-02-26,284000.0
9558200080,3.0,2.5,1660.0,8125.0,1.0,0.0,0.0,3,7,1150.0,510.0,1999,0.0,98148,47.4373,-122.333,1250.0,8125.0,2014-09-12,295000.0
6817801150,4.0,2.5,2160.0,10987.0,1.0,0.0,0.0,4,8,1440.0,720.0,1981,0.0,98074,47.6333,-122.034,1280.0,11617.0,2015-03-30,555000.0
1454100005,3.0,1.0,1370.0,8162.0,1.5,0.0,0.0,3,6,1370.0,0.0,1949,0.0,98125,47.7263,-122.289,1560.0,8250.0,2014-08-06,350000.0
104540840,3.0,2.25,1460.0,5818.0,1.0,0.0,0.0,3,7,1140.0,320.0,1986,0.0,98023,47.3113,-122.358,1490.0,6031.0,2014-12-03,240000.0
2207100635,3.0,1.5,1450.0,7000.0,1.0,0.0,0.0,3,7,1450.0,0.0,1955,0.0,98007,47.5983,-122.15,1490.0,7245.0,2015-02-04,419900.0
2489200250,3.0,2.0,1560.0,6300.0,1.0,0.0,0.0,3,7,1560.0,0.0,1924,0.0,98126,47.5407,-122.379,1620.0,6300.0,2015-04-30,528000.0
5130000080,4.0,2.5,2480.0,9869.0,1.0,,0.0,4,8,1240.0,1240.0,1963,0.0,98028,47.7612,-122.229,2230.0,10310.0,2015-03-11,481000.0
6150700169,2.0,1.0,740.0,5995.0,1.0,0.0,0.0,4,7,740.0,0.0,1949,0.0,98133,47.7291,-122.337,1140.0,5995.0,2014-06-09,304700.0
8691350130,4.0,2.5,2927.0,12171.0,2.0,0.0,0.0,3,10,2927.0,0.0,1998,0.0,98075,47.5948,-121.983,2967.0,12166.0,2015-02-04,715000.0
6189200345,4.0,2.75,2260.0,12005.0,1.0,0.0,0.0,4,8,2260.0,0.0,1956,19890.0,98005,47.6342,-122.171,1870.0,10800.0,2014-08-20,738950.0
2222059099,3.0,1.5,1240.0,9405.0,1.0,0.0,0.0,4,7,1240.0,0.0,1966,0.0,98042,47.3727,-122.162,2260.0,7611.0,2014-10-22,215000.0
7227800660,6.0,2.0,2040.0,10812.0,1.0,0.0,0.0,4,5,2040.0,0.0,1943,0.0,98056,47.4919,-122.181,1440.0,10200.0,2014-05-22,300000.0
1148000005,3.0,1.75,1270.0,8100.0,1.0,0.0,0.0,3,6,880.0,390.0,1950,0.0,98146,47.4828,-122.344,1650.0,8173.0,2014-06-23,346000.0
6055000430,4.0,3.5,4370.0,37193.0,2.0,0.0,3.0,3,8,2780.0,1590.0,1996,0.0,98022,47.241,-121.979,2860.0,39356.0,2015-03-27,473000.0
7616200050,3.0,1.75,1700.0,6120.0,1.0,0.0,0.0,3,7,1700.0,0.0,1952,0.0,98116,47.5807,-122.397,1330.0,6120.0,2015-01-05,500000.0
7234601440,2.0,1.5,1300.0,7632.0,1.0,0.0,2.0,3,7,1300.0,0.0,1943,0.0,98122,47.6134,-122.308,1420.0,1676.0,2014-09-25,750000.0
8563020380,4.0,2.0,1820.0,9350.0,1.0,0.0,0.0,4,8,1820.0,0.0,1967,0.0,98052,47.6288,-122.098,2260.0,9299.0,2014-05-20,519900.0
1454100480,2.0,1.0,880.0,6171.0,1.0,0.0,0.0,4,7,880.0,0.0,1949,0.0,98125,47.7262,-122.285,2260.0,12769.0,2014-08-19,378500.0
5151600285,3.0,1.75,1870.0,12381.0,1.0,0.0,0.0,4,8,1870.0,0.0,1957,0.0,98003,47.3358,-122.32,1950.0,12667.0,2014-05-07,314500.0
2155000480,3.0,1.5,1350.0,9315.0,1.0,0.0,0.0,3,7,1350.0,0.0,1968,0.0,98052,47.6587,-122.124,1840.0,9920.0,2015-04-29,499950.0
1024049024,5.0,3.5,4870.0,7700.0,2.5,0.0,3.0,5,10,3650.0,1220.0,1929,0.0,98144,47.5832,-122.29,3220.0,7700.0,2014-12-03,1740000.0
1026069163,3.0,2.5,2460.0,38794.0,2.0,0.0,0.0,3,9,2460.0,0.0,1999,0.0,98077,47.7602,-122.022,2470.0,51400.0,2015-04-22,630000.0
4427100095,4.0,1.5,1720.0,6417.0,1.0,0.0,0.0,3,7,1720.0,0.0,1953,0.0,98125,47.7268,-122.311,1430.0,6240.0,2014-06-23,360000.0
4047200380,2.0,1.5,2730.0,19877.0,1.0,0.0,0.0,4,8,1570.0,1160.0,1976,0.0,98019,47.7698,-121.898,1450.0,19509.0,2014-05-26,460000.0
3222049024,3.0,1.0,1100.0,4046.0,1.5,0.0,4.0,4,6,1100.0,0.0,1922,0.0,98198,47.344,-122.331,2550.0,7847.0,2014-05-22,361000.0
2287000010,3.0,2.25,1810.0,9845.0,1.0,0.0,0.0,4,8,1810.0,0.0,1959,19910.0,98040,47.5505,-122.221,1900.0,10083.0,2014-07-10,713400.0
3692900010,2.0,1.0,930.0,3150.0,1.0,0.0,0.0,5,6,930.0,0.0,1918,0.0,98115,47.6783,-122.298,1900.0,5000.0,2014-10-28,445000.0
320069049,4.0,1.5,1590.0,131551.0,1.0,0.0,3.0,4,7,1590.0,0.0,1966,0.0,98022,47.2558,-122.024,2280.0,108028.0,2014-05-14,305000.0
868002335,3.0,2.75,2710.0,9204.0,1.5,0.0,4.0,3,9,1480.0,1230.0,1975,0.0,98177,47.7039,-122.385,2960.0,10080.0,2015-03-04,1430000.0
8945100050,3.0,1.0,1460.0,8400.0,1.0,0.0,0.0,4,6,1460.0,0.0,1962,0.0,98023,47.3086,-122.365,1060.0,8563.0,2015-04-24,222000.0
7853250080,5.0,3.25,3400.0,4499.0,2.0,,0.0,3,8,2740.0,660.0,2005,0.0,98065,47.5385,-121.88,3400.0,6163.0,2015-02-16,510000.0
6713700250,5.0,3.0,2920.0,11440.0,2.0,0.0,0.0,3,8,2920.0,0.0,2003,0.0,98133,47.7607,-122.354,1720.0,9348.0,2014-06-04,500000.0
4232901990,2.0,1.0,910.0,3600.0,1.0,0.0,0.0,4,7,910.0,0.0,1909,0.0,98119,47.6341,-122.361,1720.0,3600.0,2014-05-16,605000.0
3578401760,3.0,2.0,1320.0,10720.0,2.0,,0.0,3,8,1320.0,0.0,1981,0.0,98074,47.6203,-122.037,1910.0,13639.0,2014-08-20,393000.0
9113200290,4.0,2.5,2490.0,5170.0,2.0,0.0,0.0,4,9,2490.0,0.0,2000,0.0,98052,47.6836,-122.162,2490.0,5170.0,2014-06-25,725000.0
5116000250,3.0,1.75,2220.0,11646.0,1.0,0.0,0.0,3,7,1270.0,950.0,1950,0.0,98028,47.7762,-122.27,1490.0,10003.0,2014-07-07,320000.0
1099600010,4.0,1.5,1130.0,7840.0,1.0,0.0,0.0,4,7,1130.0,0.0,1970,0.0,98023,47.2986,-122.377,1690.0,7840.0,2014-06-12,210000.0
5416500980,4.0,2.5,2750.0,5767.0,2.0,0.0,0.0,3,9,2750.0,0.0,2005,0.0,98038,47.3595,-122.038,2800.0,5376.0,2014-07-29,419900.0
7312100010,4.0,2.5,2240.0,4447.0,2.0,0.0,0.0,3,7,2240.0,0.0,2006,0.0,98059,47.4868,-122.159,2000.0,3800.0,2015-03-02,410000.0
7936000562,3.0,2.25,2680.0,10440.0,1.0,,1.0,3,8,1540.0,1140.0,1963,0.0,98116,47.561,-122.398,2140.0,7560.0,2014-12-16,721000.0
9839300545,2.0,2.0,1270.0,5500.0,1.5,0.0,0.0,4,8,1270.0,0.0,1921,0.0,98122,47.6121,-122.294,1870.0,4400.0,2014-07-14,605000.0
6837700005,3.0,1.75,1520.0,5500.0,1.5,0.0,0.0,5,7,1520.0,0.0,1936,0.0,98116,47.5839,-122.383,2310.0,5500.0,2014-12-03,738000.0
6918720080,6.0,3.0,2480.0,12000.0,2.0,,0.0,3,8,2480.0,0.0,1972,0.0,98007,47.6131,-122.145,2220.0,8580.0,2015-04-02,725000.0
9407001700,2.0,1.0,960.0,20954.0,1.0,0.0,0.0,3,7,960.0,0.0,1977,0.0,98045,47.4485,-121.774,1240.0,9752.0,2014-08-19,255000.0
1473200130,3.0,2.25,1340.0,873.0,3.0,0.0,0.0,3,8,1340.0,0.0,2009,0.0,98133,47.7325,-122.343,1340.0,1186.0,2015-03-20,303000.0
4037200585,3.0,2.5,1090.0,7700.0,1.0,0.0,0.0,4,7,1090.0,0.0,1957,0.0,98008,47.607,-122.12,1740.0,7700.0,2014-07-23,394950.0
5249803870,4.0,3.0,2240.0,5580.0,2.0,0.0,0.0,5,7,1830.0,410.0,1949,0.0,98118,47.5598,-122.27,1530.0,4800.0,2014-09-02,530000.0
9558050170,4.0,2.5,3740.0,8700.0,1.0,0.0,0.0,3,10,2260.0,1480.0,2004,0.0,98058,47.4587,-122.117,2650.0,6333.0,2014-05-13,475000.0
1545808110,4.0,2.5,1800.0,8100.0,2.0,0.0,0.0,3,7,1800.0,0.0,1998,0.0,98038,47.3611,-122.047,1590.0,8100.0,2014-06-17,250000.0
1604601155,3.0,1.0,780.0,3540.0,1.0,,0.0,2,6,780.0,0.0,1920,0.0,98118,47.565,-122.291,1260.0,3540.0,2014-12-08,180000.0
2754700170,2.0,1.0,1330.0,4140.0,1.0,0.0,0.0,4,7,930.0,400.0,1919,19400.0,98115,47.6802,-122.306,1410.0,5100.0,2014-08-04,443500.0
3622059180,4.0,2.0,1900.0,76877.0,1.0,0.0,0.0,3,8,1900.0,0.0,2004,0.0,98042,47.3491,-122.113,1740.0,34848.0,2014-07-03,390000.0
7201600190,4.0,1.75,1570.0,7650.0,1.0,,0.0,3,7,1100.0,470.0,1975,0.0,98052,47.6801,-122.106,1580.0,7650.0,2015-02-20,430000.0
3450300280,5.0,4.5,3100.0,7260.0,2.0,0.0,0.0,3,8,3100.0,0.0,1963,20000.0,98059,47.5004,-122.162,1650.0,7700.0,2015-02-25,460000.0
1036450170,3.0,3.5,2740.0,3785.0,2.0,0.0,0.0,3,9,2190.0,550.0,2001,0.0,98034,47.7195,-122.182,2060.0,3457.0,2015-03-12,660000.0
8965000050,3.0,1.75,1570.0,10939.0,1.0,0.0,0.0,3,8,1200.0,370.0,1974,0.0,98052,47.6389,-122.102,1760.0,10200.0,2014-07-29,515000.0
4354700010,3.0,2.0,1330.0,6490.0,1.0,0.0,0.0,4,7,1330.0,0.0,1954,0.0,98125,47.7181,-122.308,1580.0,7202.0,2015-04-21,482500.0
4057300170,2.0,1.5,1140.0,2980.0,2.0,0.0,0.0,3,7,1140.0,0.0,1988,0.0,98029,47.5707,-122.018,1150.0,2981.0,2014-06-02,305000.0
4217400185,4.0,2.75,1550.0,4000.0,1.5,0.0,0.0,3,9,1550.0,,1930,0.0,98105,47.6596,-122.28,2120.0,4000.0,2014-06-03,835000.0
8155750010,3.0,2.0,1290.0,7952.0,1.0,0.0,0.0,3,7,1290.0,0.0,1998,0.0,98030,47.3867,-122.19,1670.0,7280.0,2014-12-04,237000.0
2159900020,2.0,1.5,1510.0,2001.0,2.0,0.0,0.0,4,8,1510.0,0.0,1985,0.0,98007,47.6211,-122.153,1510.0,2055.0,2014-11-26,445000.0
2487700130,4.0,2.5,2720.0,8000.0,1.0,0.0,0.0,4,7,1360.0,1360.0,1955,0.0,98136,47.5237,-122.391,1790.0,8000.0,2015-04-06,710000.0
2085200545,3.0,1.0,840.0,5700.0,1.0,0.0,0.0,4,5,840.0,0.0,1945,0.0,98038,47.3948,-122.028,1430.0,12600.0,2014-08-21,180000.0
9432900380,3.0,2.5,1850.0,8770.0,2.0,0.0,0.0,3,8,1850.0,0.0,1996,0.0,98022,47.2091,-122.009,2350.0,8606.0,2014-10-23,280017.0
2591850080,4.0,2.5,2290.0,11173.0,2.0,0.0,0.0,4,8,2290.0,0.0,1988,0.0,98058,47.4314,-122.164,2290.0,10404.0,2014-06-30,436500.0
1025049174,4.0,2.5,3200.0,7535.0,2.0,0.0,0.0,3,9,3200.0,0.0,2006,0.0,98105,47.666,-122.276,1650.0,6850.0,2014-05-15,1260000.0
5628400080,3.0,2.25,1800.0,9800.0,1.0,0.0,0.0,4,7,1300.0,500.0,1959,0.0,98028,47.7393,-122.244,1680.0,9545.0,2014-12-18,420000.0
7657000225,3.0,1.0,860.0,7467.0,1.0,0.0,0.0,3,6,860.0,0.0,1944,0.0,98178,47.4947,-122.237,1280.0,7467.0,2014-07-19,205000.0
6151800080,3.0,1.5,1980.0,10203.0,1.0,0.0,0.0,4,7,1680.0,300.0,1946,0.0,98010,47.3402,-122.046,1980.0,13664.0,2014-09-02,570000.0
6154900095,4.0,1.75,2140.0,7102.0,1.0,0.0,0.0,4,7,1070.0,1070.0,1948,0.0,98177,47.7042,-122.37,1950.0,7102.0,2014-07-11,565000.0
9542800050,2.0,2.5,2410.0,7500.0,1.0,0.0,0.0,3,7,1550.0,860.0,1978,0.0,98023,47.3078,-122.374,1840.0,8800.0,2014-12-11,287000.0
526059224,4.0,1.75,1650.0,7276.0,1.0,0.0,0.0,3,7,1010.0,640.0,1977,0.0,98011,47.7721,-122.206,1840.0,8550.0,2014-09-23,260000.0
526059224,4.0,1.75,1650.0,7276.0,1.0,0.0,0.0,3,7,1010.0,640.0,1977,0.0,98011,47.7721,-122.206,1840.0,8550.0,2015-02-06,470000.0
3275850190,3.0,2.5,2410.0,9916.0,2.0,0.0,0.0,4,10,2410.0,0.0,1989,0.0,98052,47.6911,-122.103,2310.0,8212.0,2014-09-05,700000.0
4137000460,3.0,1.75,1520.0,7500.0,1.0,0.0,0.0,3,8,1520.0,0.0,1985,0.0,98092,47.2646,-122.219,2180.0,7506.0,2015-02-25,249000.0
7936000403,3.0,1.75,2050.0,3520.0,1.0,0.0,0.0,4,7,1070.0,980.0,1977,0.0,98136,47.5536,-122.399,2050.0,16083.0,2014-06-09,568000.0
1175000073,4.0,1.0,1720.0,4011.0,1.5,0.0,0.0,4,7,1720.0,0.0,1904,0.0,98107,47.6719,-122.396,1580.0,3784.0,2014-06-06,500000.0
8645540290,5.0,2.5,2390.0,8775.0,1.0,0.0,0.0,4,7,1270.0,1120.0,1980,0.0,98058,47.4639,-122.17,1800.0,8000.0,2014-11-26,358000.0
7137960460,3.0,2.5,1680.0,6755.0,2.0,0.0,0.0,3,8,1680.0,0.0,1994,0.0,98092,47.3293,-122.17,1860.0,7257.0,2014-05-28,225000.0
8805400010,3.0,1.0,1060.0,7246.0,1.0,0.0,0.0,4,6,1060.0,0.0,1981,0.0,98056,47.4936,-122.165,1090.0,6694.0,2015-02-26,275500.0
1036450290,3.0,2.5,1860.0,3150.0,2.0,0.0,0.0,3,8,1860.0,0.0,2001,0.0,98034,47.719,-122.182,2050.0,3375.0,2015-02-02,495000.0
7613700660,5.0,2.25,1750.0,5000.0,1.0,0.0,0.0,3,8,960.0,790.0,1940,0.0,98105,47.6589,-122.276,2580.0,5000.0,2015-03-26,758800.0
8648210050,3.0,1.75,1480.0,8165.0,1.0,,0.0,4,7,1480.0,0.0,1985,0.0,98042,47.3624,-122.079,1450.0,7939.0,2015-04-03,280000.0
1565950670,3.0,2.5,1900.0,7361.0,2.0,0.0,0.0,3,8,1900.0,0.0,1994,0.0,98055,47.4324,-122.191,2100.0,7361.0,2015-02-25,380500.0
7159200005,7.0,4.5,6210.0,8856.0,2.5,0.0,2.0,5,11,4760.0,1450.0,1910,0.0,98109,47.6307,-122.354,2940.0,5400.0,2014-05-07,3200000.0
8687800010,3.0,1.75,1440.0,12888.0,1.0,,2.0,3,7,1090.0,350.0,1958,0.0,98168,47.471,-122.262,1710.0,12888.0,2014-06-17,260000.0
4242900285,4.0,2.5,1910.0,1502.0,3.0,0.0,0.0,3,8,1910.0,0.0,2014,0.0,98107,47.6747,-122.393,1520.0,3888.0,2014-08-05,630000.0
7834800225,3.0,2.0,2010.0,4000.0,1.0,0.0,0.0,5,7,1210.0,800.0,1915,0.0,98103,47.6638,-122.329,1770.0,4000.0,2014-08-20,875000.0
5649600225,3.0,1.0,960.0,4600.0,1.5,0.0,0.0,4,6,960.0,0.0,1927,0.0,98118,47.5553,-122.286,1380.0,5175.0,2015-04-03,457500.0
1959702045,2.0,1.0,1240.0,5500.0,1.0,0.0,0.0,3,7,1240.0,0.0,1954,0.0,98102,47.6461,-122.317,2080.0,4400.0,2014-11-19,900000.0
717000225,2.0,2.0,870.0,6450.0,1.0,0.0,0.0,4,6,740.0,130.0,1954,0.0,98118,47.5354,-122.278,1640.0,5775.0,2014-10-28,235000.0
792500190,3.0,2.0,1400.0,45738.0,2.0,0.0,0.0,4,8,1400.0,0.0,1981,0.0,98070,47.3624,-122.455,2390.0,56628.0,2014-06-27,410000.0
3820100284,3.0,3.0,1850.0,9600.0,1.0,0.0,0.0,3,7,1230.0,620.0,1981,0.0,98028,47.7717,-122.25,1970.0,10000.0,2014-08-27,355000.0
3629890190,4.0,4.0,4270.0,6002.0,2.0,0.0,3.0,3,10,3180.0,1090.0,2004,0.0,98029,47.5443,-121.994,4280.0,5942.0,2014-06-06,1300000.0
6868200029,3.0,1.75,2260.0,8512.0,1.0,0.0,0.0,3,7,1130.0,1130.0,1948,0.0,98125,47.7129,-122.304,2240.0,8040.0,2014-09-29,467500.0
8901000143,4.0,4.5,2690.0,7350.0,1.5,0.0,0.0,5,7,2690.0,0.0,1949,0.0,98125,47.7062,-122.311,1660.0,9000.0,2014-11-25,500000.0
2927600630,4.0,3.5,2780.0,9550.0,2.0,0.0,4.0,5,10,2530.0,250.0,1978,0.0,98166,47.454,-122.373,2724.0,10634.0,2015-04-16,995000.0
3432501315,3.0,1.0,1140.0,8144.0,1.0,0.0,0.0,3,7,1140.0,0.0,1956,0.0,98155,47.7464,-122.317,1150.0,8144.0,2014-08-27,277000.0
5101407250,4.0,2.25,2900.0,9680.0,2.0,0.0,0.0,3,7,1990.0,910.0,1947,0.0,98125,47.7037,-122.308,1850.0,7540.0,2014-12-17,630000.0
3999200780,5.0,2.75,2830.0,11795.0,1.0,0.0,0.0,4,7,1710.0,1120.0,1960,0.0,98008,47.5828,-122.118,2460.0,10880.0,2014-11-21,628000.0
2826079145,5.0,2.5,2560.0,46786.0,2.0,0.0,0.0,3,8,2560.0,0.0,1995,0.0,98019,47.7125,-121.915,2430.0,46929.0,2014-08-14,655000.0
1446403145,2.0,1.0,1240.0,9900.0,1.0,0.0,0.0,3,7,940.0,300.0,1950,0.0,98168,47.4862,-122.326,1050.0,9375.0,2015-01-22,170000.0
5137000170,4.0,2.5,2100.0,10750.0,1.0,0.0,2.0,4,8,2100.0,0.0,1967,0.0,98023,47.3338,-122.337,2310.0,10425.0,2014-12-17,352500.0
2896310420,4.0,2.75,3120.0,34040.0,2.0,0.0,0.0,3,9,3120.0,0.0,1997,0.0,98010,47.3431,-122.03,2420.0,25201.0,2015-02-19,615000.0
1446400725,3.0,1.0,970.0,6600.0,1.0,0.0,0.0,3,7,970.0,0.0,1965,0.0,98168,47.4836,-122.332,1200.0,6600.0,2014-06-10,165000.0
4030500130,4.0,2.5,2300.0,15188.0,2.0,0.0,0.0,4,7,2300.0,0.0,1966,0.0,98042,47.3683,-122.164,1820.0,10125.0,2014-09-23,243500.0
3319500299,2.0,1.5,950.0,676.0,2.0,0.0,0.0,3,7,850.0,100.0,2003,0.0,98144,47.6005,-122.306,950.0,1280.0,2014-08-06,304000.0
7139800020,3.0,1.5,2110.0,5195.0,1.0,0.0,0.0,3,7,1210.0,900.0,1959,0.0,98118,47.5283,-122.286,1950.0,5195.0,2014-10-16,369000.0
9433000460,4.0,2.75,2990.0,4298.0,2.0,0.0,0.0,3,9,2990.0,0.0,2014,0.0,98052,47.7101,-122.108,2990.0,4837.0,2014-10-07,779950.0
1326049130,4.0,2.25,2940.0,48788.0,1.0,,0.0,5,7,1520.0,1420.0,1961,0.0,98028,47.7422,-122.245,2470.0,14900.0,2014-07-02,605000.0
7137960440,4.0,2.5,1860.0,8709.0,2.0,0.0,0.0,3,8,1860.0,0.0,1994,0.0,98092,47.3289,-122.17,1990.0,6825.0,2014-12-23,292500.0
3946900010,2.0,1.75,1820.0,6050.0,1.0,0.0,0.0,3,7,910.0,910.0,1950,0.0,98115,47.6928,-122.323,1730.0,6050.0,2015-03-23,500007.0
5592050080,4.0,2.5,1950.0,4947.0,2.0,,0.0,3,8,1950.0,0.0,2000,0.0,98056,47.5042,-122.193,1760.0,5611.0,2015-04-29,449999.0
3288020050,4.0,2.5,1890.0,7867.0,2.0,0.0,0.0,3,8,1890.0,,1996,0.0,98038,47.3788,-122.031,2250.0,7867.0,2014-06-27,355000.0
2459000020,4.0,3.0,2710.0,7199.0,1.0,0.0,0.0,4,7,1710.0,1000.0,1967,0.0,98030,47.3789,-122.213,2070.0,9271.0,2014-11-25,258000.0
126049167,4.0,2.25,2150.0,20181.0,1.0,0.0,0.0,3,7,1090.0,1060.0,1963,0.0,98028,47.7627,-122.245,2150.0,10480.0,2014-06-19,380000.0
1525079069,4.0,3.0,3720.0,57499.0,1.0,0.0,0.0,3,9,1880.0,1840.0,2003,0.0,98014,47.6469,-121.897,2560.0,26372.0,2014-07-08,650000.0
1786200010,4.0,2.5,2580.0,11780.0,2.0,0.0,0.0,3,9,2580.0,0.0,2003,0.0,98038,47.3658,-122.04,2410.0,8403.0,2015-05-14,456500.0
5602000275,4.0,2.0,1540.0,10212.0,1.5,0.0,0.0,5,7,1540.0,0.0,1948,0.0,98022,47.2056,-121.999,1480.0,10212.0,2014-08-25,259950.0
1446403617,2.0,1.0,1050.0,6600.0,1.5,,0.0,3,6,1050.0,0.0,1964,0.0,98168,47.4828,-122.324,1330.0,6600.0,2014-07-02,123000.0
2767603649,3.0,2.25,1210.0,1250.0,3.0,0.0,0.0,3,8,1210.0,0.0,2014,0.0,98107,47.6722,-122.384,1780.0,5000.0,2014-07-30,520000.0
3649100387,4.0,2.25,2040.0,12000.0,1.0,0.0,0.0,4,7,1300.0,740.0,1963,0.0,98028,47.7362,-122.241,1930.0,12000.0,2015-04-16,506000.0
5249802660,3.0,1.0,980.0,4800.0,1.5,0.0,0.0,3,7,980.0,0.0,1926,0.0,98118,47.5663,-122.274,2030.0,7200.0,2014-07-30,425000.0
2592400470,5.0,2.5,1990.0,6840.0,2.0,0.0,0.0,4,7,1990.0,0.0,1974,0.0,98034,47.7162,-122.166,1990.0,7150.0,2014-12-05,438000.0
6448000020,4.0,2.5,2420.0,18480.0,1.0,0.0,0.0,4,9,2420.0,0.0,1967,0.0,98004,47.6214,-122.227,3330.0,19910.0,2015-01-29,1490000.0
1211000185,4.0,2.0,1240.0,3000.0,1.0,0.0,0.0,3,7,1040.0,200.0,1908,0.0,98122,47.6076,-122.298,1480.0,3500.0,2014-06-16,375000.0
7399300780,3.0,2.25,1530.0,6600.0,1.0,0.0,0.0,4,7,1240.0,290.0,1968,0.0,98055,47.462,-122.188,1500.0,7700.0,2015-04-29,337500.0
984100010,4.0,2.25,2080.0,7700.0,1.0,0.0,0.0,3,7,1450.0,630.0,1968,0.0,98058,47.4349,-122.17,1900.0,7980.0,2014-09-30,300000.0
6127010670,5.0,3.25,3570.0,5425.0,2.0,0.0,0.0,3,7,3570.0,0.0,2005,0.0,98075,47.5933,-122.007,2690.0,5347.0,2014-07-28,627000.0
1245002391,5.0,4.25,4230.0,6907.0,2.0,0.0,0.0,3,10,3450.0,780.0,2008,0.0,98033,47.6866,-122.205,2650.0,8076.0,2014-10-22,1400000.0
3904921100,4.0,2.5,2700.0,10160.0,2.0,0.0,0.0,3,9,2700.0,0.0,1988,0.0,98029,47.5685,-122.012,2760.0,9219.0,2015-05-12,674725.0
2473381150,3.0,2.75,2200.0,7000.0,1.0,0.0,0.0,4,7,1280.0,920.0,1977,0.0,98058,47.4574,-122.169,1670.0,7000.0,2014-06-18,325000.0
9269750010,5.0,2.0,1210.0,12538.0,2.0,0.0,0.0,3,7,1210.0,0.0,1982,0.0,98023,47.2848,-122.361,1510.0,7700.0,2015-04-02,230000.0
1924069071,5.0,1.75,2140.0,43124.0,1.0,0.0,2.0,4,7,1220.0,920.0,1962,0.0,98027,47.5516,-122.085,2520.0,14677.0,2014-07-29,485000.0
2571900430,4.0,2.5,2740.0,8400.0,1.5,0.0,2.0,3,8,2740.0,0.0,1993,0.0,98022,47.1947,-122.008,2030.0,8638.0,2014-09-23,315000.0
8673400052,3.0,2.75,1370.0,1193.0,3.0,0.0,0.0,3,8,1370.0,0.0,2003,0.0,98107,47.67,-122.392,1320.0,1180.0,2015-04-03,560000.0
5104511630,4.0,3.0,2800.0,7198.0,2.0,0.0,0.0,3,8,2800.0,0.0,2002,0.0,98038,47.3538,-122.013,3610.0,7845.0,2014-08-12,444000.0
3438500168,3.0,1.5,1060.0,7488.0,1.0,0.0,0.0,5,7,1060.0,0.0,1977,0.0,98106,47.5549,-122.356,1300.0,6780.0,2015-05-07,325000.0
1446403850,2.0,1.0,790.0,7153.0,1.0,0.0,0.0,4,6,790.0,0.0,1944,0.0,98168,47.4869,-122.324,810.0,7128.0,2014-09-16,118125.0
1446403850,2.0,1.0,790.0,7153.0,1.0,0.0,0.0,4,6,790.0,0.0,1944,0.0,98168,47.4869,-122.324,810.0,7128.0,2015-01-14,212000.0
5416500950,4.0,2.5,2820.0,5056.0,2.0,0.0,0.0,3,9,2820.0,0.0,2006,0.0,98038,47.3591,-122.038,2820.0,5150.0,2015-03-09,428900.0
8096600050,3.0,2.0,1850.0,9600.0,1.0,0.0,0.0,3,7,1850.0,0.0,1968,19980.0,98011,47.7671,-122.225,1770.0,9600.0,2015-01-23,510000.0
1473000020,3.0,1.5,1110.0,9762.0,1.0,0.0,0.0,4,7,1110.0,0.0,1963,0.0,98052,47.676,-122.15,1900.0,9720.0,2014-05-23,416000.0
722039049,4.0,3.0,3230.0,438213.0,2.0,0.0,0.0,3,9,3230.0,0.0,1999,0.0,98070,47.4141,-122.47,1600.0,144619.0,2014-10-09,950000.0
2212210660,3.0,1.5,1460.0,7140.0,1.0,0.0,0.0,4,7,980.0,480.0,1980,0.0,98031,47.3954,-122.191,1400.0,8572.0,2015-02-27,204000.0
6762700020,6.0,8.0,12050.0,27600.0,2.5,0.0,3.0,4,13,8570.0,3480.0,1910,19870.0,98102,47.6298,-122.323,3940.0,8800.0,2014-10-13,7700000.0
5608010980,4.0,2.5,3480.0,13421.0,2.0,0.0,0.0,3,11,3480.0,0.0,1995,0.0,98027,47.5504,-122.097,3290.0,9642.0,2014-10-07,878000.0
5015001045,4.0,3.0,3560.0,4000.0,3.0,,2.0,3,9,2970.0,590.0,1996,0.0,98112,47.6265,-122.3,1190.0,4000.0,2014-08-26,1050000.0
1005000250,2.0,1.0,840.0,5551.0,1.0,0.0,0.0,3,6,840.0,0.0,1952,0.0,98118,47.5354,-122.28,1270.0,4652.0,2015-01-30,350000.0
7974700122,3.0,1.75,1820.0,5500.0,1.0,0.0,0.0,4,8,1620.0,200.0,1957,0.0,98115,47.6737,-122.283,2330.0,6050.0,2014-06-10,659500.0
1775910460,3.0,2.5,1630.0,15200.0,1.0,0.0,0.0,3,7,1120.0,510.0,1988,0.0,98072,47.7454,-122.103,2050.0,15200.0,2015-03-13,395000.0
3797300190,4.0,2.5,1920.0,8562.0,2.0,0.0,2.0,4,7,1920.0,0.0,1994,0.0,98022,47.1932,-122.008,1820.0,8628.0,2014-07-08,308950.0
6450300605,3.0,2.0,1750.0,2550.0,1.0,,0.0,3,7,1750.0,0.0,1955,0.0,98133,47.7329,-122.343,1370.0,1533.0,2015-05-01,410000.0
3918400143,4.0,3.0,2750.0,7500.0,1.0,0.0,0.0,5,8,1630.0,1120.0,1966,0.0,98177,47.7134,-122.361,2440.0,7500.0,2014-10-16,710000.0
1022049182,1.0,1.0,620.0,8685.0,1.0,0.0,0.0,4,5,620.0,0.0,1976,0.0,98198,47.4095,-122.29,1300.0,12150.0,2015-04-28,175000.0
3578400780,3.0,2.0,1720.0,10098.0,1.0,0.0,0.0,4,8,1140.0,580.0,1981,0.0,98074,47.6231,-122.043,1840.0,10098.0,2015-03-27,508800.0
6905200050,3.0,3.0,1800.0,5000.0,1.5,0.0,2.0,3,8,1500.0,300.0,1929,0.0,98119,47.6475,-122.371,1670.0,5000.0,2014-10-09,606400.0
303100080,3.0,1.75,1300.0,7958.0,1.0,0.0,0.0,3,7,1300.0,0.0,1996,0.0,98092,47.3162,-122.194,1640.0,8698.0,2014-05-28,245100.0
123039642,3.0,2.5,1970.0,14876.0,1.0,0.0,0.0,3,7,1320.0,650.0,1981,0.0,98146,47.5031,-122.372,2030.0,8008.0,2015-05-01,540000.0
8718500095,3.0,1.5,1740.0,9046.0,1.0,0.0,0.0,3,7,1740.0,0.0,1956,0.0,98028,47.7402,-122.255,1830.0,9513.0,2015-05-07,415000.0
1774000780,4.0,2.75,1930.0,13041.0,1.0,0.0,0.0,4,8,1180.0,750.0,1980,0.0,98072,47.7502,-122.085,1880.0,10234.0,2015-01-05,469500.0
2421039075,3.0,1.75,1190.0,14777.0,1.0,0.0,0.0,4,7,1190.0,0.0,1965,0.0,98023,47.2933,-122.377,2240.0,8325.0,2014-11-06,195000.0
4139470010,4.0,3.25,4250.0,12281.0,2.0,,4.0,3,12,3020.0,1230.0,1996,0.0,98006,47.5507,-122.113,4940.0,12941.0,2014-10-06,1620000.0
629800380,4.0,3.5,4360.0,24603.0,2.0,0.0,0.0,3,12,4360.0,0.0,1998,0.0,98074,47.6035,-122.005,4770.0,27521.0,2014-10-13,1450000.0
8965520190,3.0,2.5,3420.0,16622.0,1.0,0.0,4.0,3,10,2410.0,1010.0,1991,0.0,98006,47.5638,-122.105,3460.0,14566.0,2014-10-30,1200000.0
925059193,4.0,3.75,4260.0,9800.0,2.0,,0.0,3,10,4260.0,0.0,2008,0.0,98033,47.6739,-122.172,1950.0,8970.0,2014-07-09,1070000.0
1245500250,2.0,1.0,920.0,10000.0,1.0,0.0,0.0,4,7,920.0,0.0,1981,0.0,98033,47.6938,-122.21,1340.0,10000.0,2015-05-07,555500.0
9828700005,3.0,1.0,1040.0,4000.0,1.0,0.0,0.0,3,7,1040.0,0.0,1950,0.0,98122,47.6178,-122.292,1170.0,4000.0,2015-05-12,440000.0
5101402312,3.0,1.0,1260.0,7250.0,1.0,0.0,2.0,3,7,960.0,300.0,1940,0.0,98115,47.6947,-122.311,1540.0,7250.0,2015-04-23,485000.0
339200130,3.0,2.5,2460.0,12028.0,2.0,,0.0,3,9,2460.0,0.0,1996,0.0,98052,47.691,-122.095,2540.0,12229.0,2014-05-31,693000.0
6145602125,3.0,1.0,830.0,3386.0,1.0,,0.0,3,6,830.0,0.0,1942,0.0,98133,47.7027,-122.355,1300.0,3844.0,2014-07-24,295000.0
9346910500,3.0,2.5,2060.0,10650.0,1.0,0.0,0.0,5,8,1050.0,1010.0,1976,0.0,98006,47.5627,-122.137,2690.0,8850.0,2015-03-30,700000.0
7986401305,2.0,1.75,2210.0,9374.0,1.0,0.0,3.0,4,8,1560.0,650.0,1951,0.0,98107,47.6634,-122.359,2140.0,5640.0,2014-12-16,767500.0
922059169,6.0,4.25,5480.0,189050.0,2.0,0.0,0.0,4,10,5140.0,340.0,1991,0.0,98031,47.412,-122.168,2470.0,10429.0,2014-12-01,800000.0
123059071,3.0,2.0,1860.0,217800.0,2.0,0.0,2.0,3,8,1860.0,0.0,1998,0.0,98059,47.5157,-122.107,2500.0,217800.0,2014-07-08,440000.0
1626069069,3.0,2.5,1350.0,187313.0,1.0,0.0,0.0,4,7,1350.0,0.0,1997,0.0,98077,47.7369,-122.049,2310.0,49222.0,2014-10-29,600000.0
5605000430,4.0,2.5,2790.0,5450.0,2.0,0.0,0.0,3,10,1930.0,860.0,1925,0.0,98112,47.6453,-122.303,2320.0,5450.0,2014-09-17,1160000.0
7640400250,2.0,1.0,1570.0,8210.0,1.0,0.0,0.0,4,8,1150.0,420.0,1952,0.0,98177,47.7221,-122.371,1680.0,8196.0,2014-06-19,506000.0
4477000290,4.0,1.75,2030.0,15400.0,1.0,0.0,1.0,3,9,1130.0,900.0,1975,0.0,98166,47.4603,-122.365,2040.0,12425.0,2015-03-11,474950.0
8127700440,3.0,2.5,2570.0,5500.0,1.0,0.0,0.0,4,7,1320.0,1250.0,1961,0.0,98199,47.6417,-122.397,1460.0,6250.0,2014-12-11,654000.0
6822100780,2.0,1.0,1210.0,6000.0,1.0,0.0,0.0,4,7,1000.0,210.0,1942,0.0,98199,47.6482,-122.402,1840.0,6000.0,2014-09-11,710000.0
9195700380,4.0,2.25,1530.0,7845.0,1.0,0.0,0.0,4,7,1030.0,500.0,1981,0.0,98027,47.5589,-122.082,1710.0,7627.0,2014-08-11,620000.0
1425059174,3.0,2.0,1510.0,10827.0,2.0,0.0,0.0,3,7,1510.0,0.0,1984,0.0,98052,47.654,-122.127,1900.0,10908.0,2014-10-28,390000.0
2155000290,3.0,2.25,1720.0,9600.0,1.0,0.0,0.0,4,7,1220.0,500.0,1967,0.0,98052,47.6581,-122.126,1720.0,9600.0,2014-06-30,550000.0
4058200630,3.0,1.75,2190.0,7021.0,1.0,0.0,2.0,4,7,1390.0,800.0,1953,0.0,98178,47.5033,-122.232,2180.0,7155.0,2014-10-02,353000.0
5561400440,4.0,2.5,3030.0,47958.0,1.0,0.0,0.0,3,8,1660.0,1370.0,1980,0.0,98027,47.4598,-122.004,2740.0,36017.0,2014-08-27,465000.0
4178500440,3.0,2.0,1410.0,6600.0,1.0,,0.0,4,7,1410.0,0.0,1990,0.0,98042,47.3596,-122.089,1750.0,7150.0,2015-01-28,279900.0
1923039022,2.0,1.75,1679.0,577605.0,2.0,0.0,0.0,3,9,1679.0,0.0,2001,0.0,98070,47.463,-122.475,1850.0,358934.0,2014-11-20,700000.0
9412200660,4.0,1.0,1980.0,10350.0,1.0,0.0,0.0,4,7,1430.0,550.0,1968,0.0,98027,47.5226,-122.045,1890.0,13140.0,2014-06-19,395000.0
2780700020,4.0,2.5,1900.0,9428.0,2.0,0.0,0.0,3,8,1900.0,0.0,1978,0.0,98028,47.7628,-122.244,1830.0,10480.0,2014-09-10,375000.0
1868901815,4.0,1.0,1720.0,2800.0,1.5,0.0,0.0,4,7,1200.0,520.0,1926,0.0,98115,47.6743,-122.299,1530.0,3500.0,2014-06-17,547000.0
4022902715,5.0,3.25,2480.0,10277.0,2.0,0.0,0.0,5,8,1640.0,840.0,1993,0.0,98155,47.7726,-122.286,2270.0,10277.0,2015-04-03,525000.0
225039145,3.0,1.0,1210.0,4731.0,1.5,0.0,0.0,3,7,1210.0,0.0,1901,0.0,98117,47.6865,-122.397,1450.0,5264.0,2014-06-19,285000.0
9274203390,2.0,1.75,1540.0,4025.0,1.0,0.0,0.0,4,7,1190.0,350.0,1908,0.0,98116,47.5876,-122.391,1950.0,4420.0,2014-05-20,570000.0
4397000020,3.0,2.5,2740.0,9168.0,2.0,0.0,0.0,3,9,2740.0,0.0,1991,0.0,98042,47.3835,-122.148,2690.0,10554.0,2015-03-24,409000.0
9415950020,4.0,2.5,1811.0,4381.0,2.0,0.0,0.0,3,8,1811.0,0.0,2007,0.0,98055,47.454,-122.19,1811.0,4150.0,2014-06-08,260000.0
2591830020,4.0,2.5,2720.0,7697.0,1.0,0.0,0.0,4,8,2120.0,600.0,1987,0.0,98058,47.4391,-122.161,2340.0,7700.0,2014-09-16,348000.0
3211200460,4.0,1.0,1520.0,9800.0,1.5,0.0,0.0,4,7,1520.0,0.0,1971,0.0,98034,47.7303,-122.236,1540.0,7700.0,2014-08-06,389000.0
2297400250,4.0,2.75,2160.0,7200.0,1.0,0.0,0.0,4,7,1220.0,940.0,1976,0.0,98034,47.7177,-122.224,1790.0,7614.0,2014-12-17,445000.0
9268200440,3.0,1.75,1390.0,4602.0,1.0,0.0,0.0,3,7,930.0,460.0,1981,0.0,98117,47.6944,-122.366,1230.0,4800.0,2014-07-21,400000.0
255580190,4.0,2.5,1740.0,7895.0,2.0,0.0,0.0,3,7,1740.0,0.0,1999,0.0,98001,47.3401,-122.282,1720.0,6813.0,2014-09-15,302000.0
6352600680,3.0,2.5,2849.0,9588.0,2.0,0.0,0.0,3,10,2849.0,0.0,2001,0.0,98074,47.6487,-122.079,3190.0,8897.0,2014-10-21,798000.0
1829700050,2.0,1.0,1440.0,8842.0,1.0,0.0,0.0,3,7,840.0,600.0,1950,0.0,98155,47.7443,-122.325,1650.0,8461.0,2014-07-24,335000.0
7859960250,4.0,2.5,3000.0,6892.0,2.0,0.0,0.0,3,8,3000.0,0.0,2005,0.0,98072,47.7623,-122.165,3000.0,6589.0,2015-01-07,585000.0
6072800170,4.0,4.0,3330.0,24354.0,1.0,0.0,0.0,4,10,3330.0,0.0,1961,0.0,98006,47.5708,-122.192,3880.0,25493.0,2015-04-28,2500000.0
6373000130,4.0,2.25,1720.0,2300.0,1.0,0.0,0.0,3,7,860.0,860.0,1940,20140.0,98116,47.5762,-122.412,1720.0,4680.0,2014-12-01,555000.0
4131900066,3.0,3.0,3920.0,13085.0,2.0,1.0,4.0,4,11,3920.0,0.0,1996,0.0,98040,47.5716,-122.204,3450.0,13287.0,2014-08-25,3100000.0
8965450190,3.0,2.5,1500.0,3060.0,2.0,,0.0,3,7,1500.0,0.0,1994,0.0,98006,47.5605,-122.117,2700.0,7734.0,2015-02-18,295000.0
1311200460,4.0,1.5,2050.0,7100.0,1.0,0.0,0.0,3,7,1050.0,1000.0,1963,0.0,98001,47.3395,-122.28,1950.0,7350.0,2014-06-18,265000.0
3764800250,4.0,2.0,1180.0,7275.0,1.0,0.0,0.0,3,7,1180.0,0.0,1965,0.0,98034,47.7301,-122.2,1210.0,7275.0,2015-01-05,330000.0
6607000095,4.0,1.5,1600.0,5750.0,2.0,0.0,0.0,4,6,1600.0,0.0,1902,0.0,98118,47.5437,-122.28,1690.0,5750.0,2015-02-18,286000.0
4358700188,3.0,2.5,1260.0,895.0,3.0,0.0,0.0,3,7,1160.0,,2009,0.0,98133,47.7072,-122.336,1190.0,1095.0,2015-03-31,305000.0
5101403915,2.0,1.0,1290.0,5376.0,1.0,0.0,0.0,3,6,1290.0,0.0,1945,0.0,98115,47.6966,-122.315,1180.0,5376.0,2015-04-03,970000.0
7844200425,4.0,2.0,2680.0,14157.0,1.0,0.0,0.0,3,8,1460.0,1220.0,1966,0.0,98188,47.4286,-122.292,2100.0,9199.0,2015-04-14,525000.0
9407001330,3.0,1.75,2370.0,9750.0,1.0,0.0,0.0,4,7,1280.0,1090.0,1979,0.0,98045,47.4459,-121.773,1230.0,9775.0,2014-12-02,355000.0
7905370440,5.0,2.5,2310.0,8303.0,1.0,0.0,0.0,3,7,1300.0,1010.0,1975,0.0,98034,47.7212,-122.211,1930.0,8303.0,2014-10-10,469950.0
2202500290,4.0,1.0,1450.0,8800.0,1.0,0.0,0.0,4,7,1450.0,0.0,1954,0.0,98006,47.5746,-122.135,1260.0,8942.0,2014-05-02,435000.0
3374500250,4.0,2.5,2680.0,7700.0,2.0,0.0,0.0,4,8,2680.0,0.0,1990,0.0,98031,47.4094,-122.17,2400.0,7700.0,2014-09-22,363500.0
5244800895,2.0,1.5,1030.0,4500.0,1.0,0.0,0.0,3,7,830.0,200.0,1924,0.0,98109,47.6455,-122.352,1250.0,4000.0,2014-05-23,595000.0
100100050,3.0,1.0,1320.0,11090.0,1.0,0.0,0.0,3,7,1320.0,0.0,1955,0.0,98155,47.7748,-122.304,1320.0,8319.0,2014-11-12,275000.0
7454001060,2.0,1.0,670.0,7952.0,1.0,0.0,0.0,4,6,670.0,0.0,1942,0.0,98146,47.5124,-122.372,1080.0,9525.0,2015-04-08,295000.0
7215400280,3.0,2.25,2670.0,37089.0,2.0,,0.0,3,9,2670.0,0.0,1990,0.0,98042,47.3347,-122.077,2290.0,36284.0,2015-01-16,345000.0
203101330,3.0,2.25,2440.0,47916.0,2.0,0.0,0.0,3,8,2090.0,350.0,1991,0.0,98053,47.6347,-121.958,2150.0,24000.0,2014-07-01,485000.0
2450000290,5.0,2.5,3370.0,8113.0,2.0,0.0,0.0,3,9,3370.0,0.0,2005,0.0,98004,47.5812,-122.196,2470.0,8113.0,2014-12-15,1250000.0
5101402472,2.0,1.0,940.0,5413.0,1.0,0.0,0.0,3,7,940.0,0.0,1923,0.0,98115,47.6956,-122.304,1340.0,5296.0,2015-01-29,340500.0
4310700020,3.0,1.0,1100.0,5132.0,1.0,,0.0,3,6,840.0,,1948,0.0,98103,47.7011,-122.336,1280.0,5132.0,2014-10-10,280000.0
7967600285,3.0,2.25,2520.0,78408.0,2.0,0.0,0.0,3,9,2520.0,0.0,1988,0.0,98001,47.3514,-122.279,1490.0,29972.0,2014-12-11,449888.0
7905200381,2.0,1.75,1400.0,4720.0,1.0,0.0,0.0,4,7,820.0,580.0,1927,0.0,98116,47.5705,-122.392,1330.0,6786.0,2014-10-28,483000.0
3992700585,3.0,1.75,1880.0,9360.0,1.0,0.0,0.0,4,7,940.0,940.0,1941,0.0,98125,47.7131,-122.283,1390.0,7200.0,2014-11-20,445500.0
7972601950,5.0,3.5,2800.0,7350.0,2.0,0.0,0.0,3,7,2800.0,0.0,1995,0.0,98106,47.5273,-122.345,2190.0,7620.0,2014-06-17,379900.0
6870310010,4.0,3.5,2500.0,3080.0,2.0,0.0,0.0,3,8,1810.0,690.0,2008,0.0,98052,47.6749,-122.14,2060.0,3295.0,2014-07-02,599950.0
2970800130,3.0,1.0,810.0,5240.0,1.0,,0.0,3,6,810.0,0.0,1942,0.0,98166,47.4734,-122.35,1700.0,5245.0,2014-10-09,215000.0
6084600660,3.0,2.5,1720.0,6847.0,2.0,0.0,0.0,3,7,1720.0,0.0,1987,0.0,98001,47.3266,-122.272,1610.0,7790.0,2014-07-18,263000.0
325059126,4.0,1.0,2170.0,12100.0,1.0,0.0,0.0,5,7,2170.0,0.0,1961,0.0,98033,47.6893,-122.164,1270.0,12844.0,2015-02-09,565000.0
526069024,5.0,3.0,4530.0,258746.0,1.5,0.0,0.0,4,9,3200.0,1330.0,2003,0.0,98077,47.7702,-122.066,3430.0,83199.0,2014-05-12,950000.0
6163901261,4.0,1.0,1440.0,8320.0,1.5,0.0,0.0,3,7,1440.0,0.0,1946,0.0,98155,47.7529,-122.318,1440.0,9230.0,2014-09-09,395000.0
4289900005,4.0,3.25,2850.0,4100.0,2.0,0.0,3.0,3,10,1820.0,1030.0,1908,0.0,98122,47.6147,-122.285,2130.0,4200.0,2014-12-30,1540000.0
2818100255,4.0,2.5,2620.0,14126.0,1.0,0.0,4.0,4,8,1620.0,1000.0,1941,0.0,98117,47.6983,-122.397,2620.0,8905.0,2014-10-29,922000.0
1389310130,3.0,2.5,1676.0,18778.0,2.0,0.0,0.0,3,7,1676.0,0.0,1997,0.0,98014,47.6521,-121.905,1410.0,18778.0,2014-12-12,330000.0
4139910250,4.0,3.75,5850.0,35070.0,2.0,0.0,0.0,4,12,4410.0,1440.0,1990,0.0,98006,47.5485,-122.124,4830.0,36200.0,2015-02-10,1530000.0
5416100020,3.0,1.75,1910.0,8329.0,1.0,0.0,0.0,3,8,1910.0,0.0,2004,0.0,98022,47.19,-122.016,2510.0,9259.0,2014-12-09,323000.0
8682261650,2.0,2.0,1670.0,4996.0,1.0,0.0,0.0,3,8,1670.0,0.0,2004,0.0,98053,47.7141,-122.031,1670.0,4996.0,2014-07-10,554000.0
8100400170,3.0,2.0,2050.0,11454.0,1.0,0.0,0.0,3,8,2050.0,0.0,1987,0.0,98052,47.6389,-122.11,1980.0,11424.0,2015-04-10,500000.0
1604590190,5.0,3.5,3730.0,16679.0,1.0,,0.0,3,10,2760.0,970.0,1990,0.0,98075,47.5987,-122.029,3280.0,16679.0,2015-05-13,775000.0
6882510020,4.0,1.75,1800.0,5210.0,1.0,0.0,0.0,5,7,1080.0,720.0,1979,0.0,98118,47.5298,-122.28,1870.0,5365.0,2014-07-15,340000.0
3459800020,4.0,1.75,2230.0,6838.0,1.0,0.0,0.0,3,7,1320.0,910.0,1985,0.0,98008,47.5742,-122.118,1580.0,7500.0,2015-04-06,560000.0
5437600010,3.0,2.5,1670.0,5298.0,2.0,,0.0,3,8,1670.0,0.0,2002,0.0,98042,47.3925,-122.165,1920.0,5298.0,2015-04-06,304000.0
1395500020,3.0,1.0,1400.0,10800.0,1.0,0.0,0.0,3,6,1400.0,0.0,1962,0.0,98034,47.719,-122.202,1430.0,10000.0,2014-11-07,279900.0
807800020,5.0,3.0,2110.0,10766.0,2.0,0.0,0.0,3,7,2110.0,0.0,2005,0.0,98030,47.3599,-122.176,1460.0,10400.0,2015-03-04,315000.0
1563102880,4.0,2.0,2160.0,6300.0,1.5,0.0,1.0,4,8,2160.0,0.0,1928,0.0,98116,47.5662,-122.404,1980.0,5152.0,2014-06-21,849000.0
8937500020,3.0,1.75,2420.0,14862.0,1.0,0.0,0.0,3,8,1380.0,1040.0,1977,0.0,98023,47.3301,-122.365,2550.0,14675.0,2015-02-10,325000.0
629420480,4.0,3.5,3320.0,8808.0,2.0,0.0,0.0,3,9,3320.0,0.0,2005,0.0,98075,47.592,-121.989,3160.0,9226.0,2014-09-26,786000.0
8961950250,5.0,2.75,3220.0,8160.0,2.0,0.0,0.0,3,9,3220.0,0.0,1999,0.0,98001,47.3154,-122.254,2876.0,11521.0,2014-09-15,384000.0
4217400420,3.0,1.5,1340.0,6000.0,1.5,,1.0,3,9,1340.0,0.0,1927,0.0,98105,47.66,-122.282,2600.0,6000.0,2014-11-24,907000.0
3121500020,3.0,2.5,2490.0,23891.0,2.0,0.0,0.0,3,9,2490.0,0.0,1993,0.0,98053,47.6716,-122.029,2900.0,34705.0,2014-07-02,700000.0
2025700430,3.0,2.0,1640.0,8395.0,1.0,0.0,0.0,4,7,1640.0,0.0,1991,0.0,98038,47.348,-122.035,1510.0,7180.0,2014-08-26,269500.0
739800250,3.0,2.25,1420.0,7297.0,1.0,0.0,0.0,3,7,1130.0,,1984,0.0,98031,47.4046,-122.194,1730.0,7419.0,2015-02-22,269000.0
8647600020,4.0,2.5,3340.0,123600.0,2.0,0.0,0.0,3,10,3340.0,0.0,2005,0.0,98053,47.6101,-121.955,3730.0,123600.0,2014-11-11,749950.0
1518000290,3.0,2.75,1580.0,4007.0,2.0,,0.0,3,7,1580.0,0.0,2001,0.0,98019,47.7367,-121.969,1770.0,3799.0,2015-03-16,325000.0
8917100020,3.0,1.5,2170.0,16600.0,1.0,1.0,2.0,3,10,1130.0,1040.0,1979,0.0,98052,47.6307,-122.088,3130.0,13875.0,2014-06-06,1150000.0
3205100010,3.0,1.5,1370.0,7853.0,1.0,0.0,0.0,4,7,1370.0,0.0,1962,0.0,98056,47.5409,-122.18,1730.0,9465.0,2014-12-16,406000.0
2405500050,4.0,2.5,2840.0,9354.0,2.0,0.0,0.0,3,10,2840.0,0.0,1990,0.0,98074,47.6274,-122.04,2540.0,10200.0,2014-06-06,650000.0
7823700005,3.0,1.75,1940.0,7500.0,1.5,0.0,0.0,4,8,1940.0,0.0,1918,19850.0,98022,47.2062,-121.993,1650.0,7500.0,2014-07-07,295000.0
8642600170,4.0,2.0,1757.0,19370.0,1.0,0.0,2.0,5,7,1757.0,0.0,1955,0.0,98198,47.3974,-122.312,1850.0,11125.0,2014-10-09,375000.0
7518502960,2.0,1.0,980.0,5100.0,1.0,,0.0,4,6,980.0,0.0,1907,0.0,98117,47.6824,-122.38,1190.0,5100.0,2015-02-27,395000.0
4279600080,6.0,3.0,2470.0,9267.0,2.0,0.0,0.0,3,8,2470.0,0.0,1982,0.0,98007,47.6025,-122.152,2470.0,9151.0,2014-12-31,609000.0
6421100592,3.0,1.75,1610.0,11950.0,1.0,0.0,2.0,3,7,1210.0,400.0,1984,0.0,98052,47.6705,-122.138,1610.0,9363.0,2014-09-10,510000.0
7967200290,3.0,2.25,1590.0,11745.0,1.0,0.0,0.0,3,7,1090.0,500.0,1978,0.0,98001,47.3553,-122.28,1540.0,12530.0,2014-05-30,190000.0
7228501903,1.0,1.0,780.0,1033.0,1.0,0.0,0.0,3,7,780.0,0.0,1922,19850.0,98122,47.6155,-122.306,1040.0,1319.0,2014-08-05,250000.0
9275200080,3.0,1.5,720.0,7450.0,1.0,0.0,1.0,1,5,720.0,0.0,1924,0.0,98126,47.584,-122.375,2600.0,7360.0,2014-11-07,295000.0
8825900095,3.0,1.5,1630.0,4080.0,1.5,0.0,0.0,4,8,1630.0,0.0,1927,0.0,98115,47.6756,-122.308,1950.0,4080.0,2015-04-21,740000.0
7849201100,3.0,1.0,1590.0,7759.0,2.0,0.0,0.0,4,7,1590.0,0.0,1912,19840.0,98065,47.5217,-121.819,1600.0,7200.0,2015-02-17,323000.0
8562790980,3.0,2.75,2310.0,1850.0,2.0,0.0,0.0,3,10,2020.0,290.0,2011,0.0,98027,47.5304,-122.073,2340.0,2155.0,2015-03-03,713000.0
1370801435,3.0,1.75,2320.0,6090.0,2.0,,3.0,3,8,2040.0,280.0,1939,0.0,98199,47.643,-122.412,3110.0,7052.0,2014-11-05,1070000.0
3897100275,3.0,1.75,1660.0,9900.0,2.0,0.0,0.0,3,8,1660.0,0.0,1978,0.0,98033,47.6704,-122.184,1720.0,6600.0,2014-10-27,460000.0
6745700190,3.0,1.75,2070.0,5000.0,1.5,0.0,0.0,3,8,2070.0,0.0,1920,0.0,98144,47.5828,-122.291,2630.0,5000.0,2015-04-07,880000.0
2770600795,4.0,1.75,2500.0,7000.0,1.0,0.0,0.0,3,7,1250.0,1250.0,1947,0.0,98199,47.648,-122.386,1680.0,7000.0,2015-03-02,585000.0
1148000190,2.0,1.0,940.0,8532.0,1.0,0.0,0.0,4,7,940.0,0.0,1959,0.0,98166,47.4814,-122.343,1050.0,8100.0,2014-05-22,249950.0
5039300305,3.0,2.5,1990.0,3478.0,2.0,0.0,0.0,3,10,1520.0,470.0,1990,0.0,98199,47.6361,-122.399,1710.0,6157.0,2014-11-07,450000.0
3981200250,3.0,2.5,2620.0,14096.0,2.0,0.0,0.0,4,9,2620.0,0.0,1989,0.0,98042,47.3513,-122.1,3010.0,14096.0,2014-09-26,450000.0
5457300095,4.0,3.25,3730.0,7071.0,3.0,0.0,2.0,3,11,3730.0,0.0,1985,0.0,98109,47.6292,-122.355,3730.0,7680.0,2015-01-07,1780000.0
1862400479,3.0,3.25,1600.0,1298.0,3.0,0.0,0.0,3,8,1600.0,0.0,1999,0.0,98117,47.6954,-122.375,1600.0,1348.0,2014-09-23,350000.0
8669160010,3.0,2.5,2095.0,3438.0,2.0,0.0,0.0,3,7,2095.0,0.0,2008,0.0,98002,47.3523,-122.213,1805.0,3402.0,2015-03-25,292500.0
2481630290,4.0,2.75,4230.0,31747.0,2.0,0.0,0.0,4,10,4230.0,0.0,1985,0.0,98072,47.731,-122.132,4080.0,35576.0,2014-06-26,879000.0
8925100255,4.0,2.5,3200.0,7500.0,1.5,0.0,1.0,5,8,1860.0,1340.0,1948,0.0,98115,47.6826,-122.274,2500.0,6500.0,2014-06-12,1180000.0
424069130,4.0,2.75,2050.0,17859.0,1.0,0.0,0.0,4,7,1300.0,750.0,1967,0.0,98075,47.5945,-122.056,2960.0,20908.0,2015-02-13,584999.0
2231800020,4.0,2.75,2020.0,8093.0,1.0,0.0,0.0,5,7,1300.0,720.0,1961,0.0,98133,47.7685,-122.332,1920.0,8089.0,2014-11-20,366000.0
3625700080,4.0,2.25,3270.0,15760.0,1.0,,0.0,4,10,2000.0,1270.0,1974,0.0,98040,47.5295,-122.229,4100.0,15760.0,2015-01-08,987500.0
3343901188,3.0,1.0,1320.0,7200.0,1.0,0.0,0.0,4,7,1320.0,0.0,1959,0.0,98056,47.5048,-122.19,1720.0,7249.0,2015-03-23,300000.0
1328330430,2.0,1.75,1270.0,7800.0,1.0,,0.0,4,7,890.0,380.0,1981,0.0,98058,47.4438,-122.134,2020.0,8025.0,2015-04-08,299000.0
2464400500,4.0,1.75,1980.0,2700.0,1.5,,0.0,3,8,1210.0,770.0,1931,0.0,98115,47.6865,-122.32,1720.0,2910.0,2014-07-14,560000.0
4054710190,3.0,2.5,2620.0,51354.0,2.0,0.0,0.0,3,9,2620.0,0.0,1998,0.0,98077,47.7211,-122.028,2620.0,37042.0,2014-07-01,695000.0
5095400630,4.0,1.75,1750.0,18810.0,1.0,0.0,0.0,3,7,1220.0,530.0,1977,0.0,98059,47.4719,-122.074,1840.0,17424.0,2014-12-05,360000.0
1788300020,3.0,1.0,1040.0,8892.0,1.0,0.0,0.0,4,6,800.0,240.0,1958,0.0,98023,47.3273,-122.349,820.0,9000.0,2014-07-08,183500.0
3336001470,3.0,1.75,1900.0,3000.0,1.5,0.0,0.0,5,7,1070.0,830.0,1903,0.0,98118,47.5255,-122.265,1130.0,6000.0,2014-06-19,311000.0
1310960190,3.0,1.75,1660.0,7210.0,1.0,0.0,0.0,4,7,1660.0,0.0,1977,0.0,98032,47.3609,-122.274,2150.0,7350.0,2014-10-21,263000.0
1545803340,3.0,1.75,1530.0,7930.0,1.0,0.0,0.0,5,7,1530.0,0.0,1986,0.0,98038,47.3609,-122.05,1610.0,7930.0,2015-02-24,269000.0
524059148,4.0,3.5,4280.0,9583.0,2.0,,0.0,3,11,4280.0,0.0,2005,0.0,98004,47.5979,-122.197,2360.0,10031.0,2014-06-06,1600000.0
7852190290,4.0,2.5,2870.0,6658.0,2.0,0.0,0.0,3,8,2870.0,0.0,2004,0.0,98065,47.5394,-121.878,2770.0,6658.0,2015-03-03,564000.0
2385200050,3.0,2.5,2540.0,5612.0,2.0,0.0,0.0,3,9,2540.0,0.0,1999,0.0,98059,47.4965,-122.157,2380.0,6303.0,2014-06-20,425000.0
8827901060,4.0,2.75,2100.0,4480.0,1.5,0.0,0.0,4,7,1780.0,320.0,1928,0.0,98105,47.6691,-122.294,2050.0,4480.0,2014-07-09,679000.0
6456200020,3.0,2.0,1740.0,9300.0,1.0,,0.0,4,7,1740.0,0.0,1952,0.0,98166,47.4526,-122.357,1540.0,9638.0,2014-08-26,410000.0
4166800080,4.0,2.5,2441.0,7316.0,2.0,0.0,0.0,3,8,2441.0,0.0,2007,0.0,98023,47.3237,-122.337,2724.0,7357.0,2014-10-20,340000.0
1591600307,3.0,1.75,1810.0,7200.0,1.0,0.0,0.0,5,7,1030.0,780.0,1959,0.0,98146,47.4993,-122.364,1950.0,8384.0,2015-05-11,360000.0
926069132,3.0,1.5,2060.0,44866.0,1.0,0.0,0.0,3,8,2060.0,0.0,1953,0.0,98077,47.7503,-122.051,2320.0,43995.0,2014-05-20,450000.0
7130300170,4.0,2.75,3160.0,8429.0,1.0,0.0,3.0,4,7,1620.0,1540.0,1982,0.0,98178,47.511,-122.251,1760.0,6780.0,2015-03-26,552000.0
2599200460,4.0,2.0,2930.0,12840.0,1.5,0.0,0.0,4,8,2930.0,0.0,1965,0.0,98092,47.2957,-122.187,1960.0,10920.0,2014-08-05,294000.0
7214400005,2.0,1.0,1310.0,5200.0,1.0,0.0,0.0,3,7,910.0,400.0,1946,0.0,98115,47.6784,-122.304,1320.0,4794.0,2015-03-13,663500.0
5017000470,6.0,4.5,4800.0,9097.0,2.0,0.0,0.0,3,10,3580.0,1220.0,2007,0.0,98112,47.6259,-122.291,2180.0,6037.0,2014-07-10,1980000.0
8651402660,4.0,1.5,1450.0,5530.0,1.0,0.0,0.0,4,6,1450.0,0.0,1969,0.0,98042,47.3613,-122.087,1060.0,5200.0,2014-10-08,175409.0
8665900328,4.0,3.0,1900.0,9077.0,2.0,0.0,0.0,3,7,1900.0,0.0,1954,20150.0,98155,47.7684,-122.304,1900.0,12868.0,2015-01-23,459000.0
3881900321,3.0,1.0,1050.0,5402.0,1.5,0.0,0.0,4,7,1050.0,0.0,1906,0.0,98144,47.5867,-122.311,1510.0,4685.0,2014-05-14,339950.0
1524079028,5.0,1.75,1610.0,15246.0,1.0,0.0,0.0,3,6,1610.0,0.0,1936,0.0,98024,47.5654,-121.894,1410.0,10500.0,2014-10-29,393000.0
626049091,2.0,1.0,720.0,11400.0,1.0,,0.0,5,6,720.0,0.0,1951,0.0,98133,47.7641,-122.341,1690.0,8075.0,2014-06-27,275500.0
6073200020,3.0,1.0,1020.0,9835.0,1.0,0.0,0.0,5,7,1020.0,0.0,1955,0.0,98006,47.5728,-122.179,1210.0,9622.0,2015-04-13,485000.0
3243100050,3.0,1.0,1250.0,7920.0,1.0,0.0,0.0,4,7,1250.0,0.0,1960,0.0,98059,47.4853,-122.126,1440.0,9648.0,2014-07-22,250000.0
1693600080,4.0,3.5,3200.0,8049.0,1.0,0.0,0.0,3,8,2700.0,500.0,1980,0.0,98005,47.5841,-122.172,1640.0,8506.0,2014-10-30,935100.0
7140600020,3.0,1.0,990.0,9599.0,1.0,0.0,0.0,4,6,990.0,0.0,1959,0.0,98002,47.2934,-122.215,1216.0,10364.0,2015-04-14,245000.0
6388910280,4.0,2.5,2850.0,25993.0,2.0,0.0,0.0,4,9,2850.0,0.0,1989,0.0,98056,47.5318,-122.17,2480.0,12672.0,2015-04-29,670000.0
2524000050,3.0,3.5,4240.0,21578.0,2.0,0.0,0.0,3,10,3500.0,740.0,1994,0.0,98040,47.5614,-122.215,3120.0,16440.0,2014-12-12,1390000.0
2223069120,4.0,1.75,2800.0,49149.0,1.0,0.0,0.0,4,7,1400.0,1400.0,1978,0.0,98027,47.4649,-122.034,2560.0,61419.0,2014-08-20,440000.0
1732801300,2.0,2.5,2310.0,3313.0,2.0,0.0,0.0,3,9,2310.0,0.0,2006,0.0,98119,47.6318,-122.365,2700.0,5670.0,2014-10-08,1250000.0
1685200020,3.0,1.75,1490.0,8000.0,1.0,0.0,0.0,4,7,1200.0,290.0,1978,0.0,98092,47.3187,-122.18,1540.0,8000.0,2014-08-27,203000.0
9510970050,4.0,2.5,1840.0,4011.0,2.0,0.0,0.0,3,9,1840.0,0.0,2005,0.0,98052,47.6662,-122.083,2120.0,4011.0,2014-09-01,583000.0
7156200005,3.0,1.0,1740.0,9163.0,1.0,0.0,0.0,3,7,1740.0,0.0,1954,0.0,98125,47.705,-122.299,1490.0,6509.0,2015-04-02,575000.0
5316100780,4.0,3.5,3280.0,3800.0,2.0,0.0,0.0,3,11,2880.0,400.0,2011,0.0,98112,47.6299,-122.28,2050.0,3800.0,2014-09-22,2580000.0
9362000080,5.0,3.5,4050.0,20925.0,2.0,0.0,3.0,3,10,3020.0,1030.0,1973,20050.0,98040,47.5348,-122.241,3880.0,18321.0,2015-03-16,1600000.0
2221800080,4.0,2.5,2160.0,8755.0,2.0,0.0,0.0,3,7,2160.0,0.0,1993,0.0,98030,47.3585,-122.195,1990.0,7971.0,2015-04-16,312500.0
2722059075,3.0,2.75,2720.0,31314.0,3.0,0.0,2.0,3,8,2720.0,0.0,1986,0.0,98042,47.3689,-122.163,2290.0,15188.0,2014-08-11,455000.0
3459600440,5.0,3.0,3650.0,16600.0,1.0,0.0,3.0,4,9,1860.0,1790.0,1978,0.0,98006,47.56,-122.144,3150.0,10400.0,2014-11-25,1310000.0
6844700415,4.0,2.25,1750.0,6120.0,1.0,0.0,0.0,3,7,1150.0,,1962,0.0,98115,47.6958,-122.29,1350.0,6120.0,2015-03-16,605000.0
1223089016,3.0,2.25,2450.0,49658.0,1.0,0.0,0.0,3,7,1770.0,680.0,1978,0.0,98045,47.486,-121.726,1340.0,121097.0,2014-07-18,325000.0
8044700010,3.0,1.75,1940.0,7306.0,1.0,0.0,0.0,3,8,1470.0,470.0,1982,0.0,98052,47.6632,-122.153,2360.0,8865.0,2015-04-27,630000.0
2024059130,4.0,3.75,3280.0,6000.0,2.0,0.0,0.0,3,9,3280.0,0.0,2014,0.0,98006,47.554,-122.19,2900.0,10108.0,2015-01-09,928950.0
8019700010,3.0,1.75,2480.0,10804.0,1.0,0.0,0.0,3,8,1800.0,680.0,1976,0.0,98177,47.7721,-122.367,2480.0,10400.0,2014-10-10,489950.0
1785400780,3.0,2.25,2120.0,18255.0,1.0,0.0,0.0,3,8,1590.0,530.0,1984,0.0,98074,47.6279,-122.037,2120.0,12997.0,2015-04-15,550000.0
4222200380,3.0,2.0,1710.0,7920.0,1.0,0.0,0.0,3,8,1260.0,450.0,1968,0.0,98003,47.3473,-122.305,1760.0,8120.0,2014-08-05,237000.0
7503000050,3.0,2.5,1690.0,10113.0,1.0,0.0,0.0,3,7,1310.0,380.0,1991,0.0,98028,47.7381,-122.223,1690.0,10113.0,2014-08-07,390000.0
1592000680,3.0,2.5,2190.0,10370.0,2.0,,0.0,3,9,2190.0,0.0,1987,0.0,98074,47.6218,-122.03,2470.0,10472.0,2014-05-28,665000.0
4303200130,4.0,3.0,1960.0,5160.0,1.0,0.0,0.0,3,7,1170.0,790.0,2001,0.0,98106,47.5313,-122.36,1960.0,5160.0,2015-02-10,277000.0
7731100066,3.0,1.0,1510.0,5000.0,1.5,0.0,0.0,3,7,1510.0,0.0,1909,0.0,98105,47.6708,-122.297,1680.0,4000.0,2014-06-12,545000.0
2770602335,3.0,2.5,1490.0,1410.0,2.0,0.0,0.0,3,10,1300.0,190.0,2008,0.0,98199,47.6478,-122.383,1490.0,1715.0,2015-04-07,615000.0
6706200130,3.0,1.75,2210.0,7920.0,1.0,0.0,0.0,3,7,1400.0,810.0,1966,0.0,98178,47.4968,-122.237,2220.0,7920.0,2015-04-15,343000.0
6632300567,4.0,2.5,2340.0,7877.0,2.0,0.0,0.0,3,9,2340.0,0.0,2004,0.0,98125,47.73,-122.315,1920.0,9116.0,2014-07-30,597000.0
7000100635,3.0,1.0,940.0,19000.0,1.0,0.0,0.0,3,6,940.0,0.0,1945,0.0,98004,47.5828,-122.19,2280.0,19000.0,2014-07-15,600000.0
1954420420,3.0,1.75,1470.0,6018.0,1.0,0.0,0.0,3,8,1470.0,,1987,0.0,98074,47.6171,-122.044,1720.0,6584.0,2015-03-13,479000.0
7809200005,3.0,1.75,1650.0,14633.0,1.0,0.0,0.0,4,7,1650.0,0.0,1958,0.0,98056,47.4984,-122.176,1370.0,12495.0,2014-12-16,292000.0
3056000050,3.0,1.5,1400.0,6527.0,1.0,,0.0,3,7,1110.0,290.0,1957,0.0,98166,47.4535,-122.358,1690.0,7597.0,2014-09-12,265000.0
7214780050,4.0,2.5,2710.0,49044.0,2.0,0.0,0.0,3,9,2710.0,0.0,1988,0.0,98077,47.774,-122.08,2560.0,38190.0,2015-04-20,623000.0
3210950080,4.0,2.5,2150.0,39449.0,1.0,0.0,0.0,3,7,1420.0,730.0,1978,0.0,98024,47.5531,-121.892,2010.0,35717.0,2014-05-14,486000.0
6914700130,3.0,2.0,1900.0,8100.0,1.0,0.0,0.0,4,7,950.0,950.0,1940,0.0,98115,47.6997,-122.319,1400.0,6380.0,2014-06-15,520500.0
7237550130,4.0,3.5,4380.0,74052.0,1.0,0.0,0.0,3,11,4380.0,0.0,2001,0.0,98053,47.6587,-122.009,5170.0,62291.0,2014-05-20,1300000.0
1250202660,4.0,1.0,2290.0,6300.0,1.5,0.0,4.0,4,7,2150.0,140.0,1921,0.0,98144,47.5917,-122.29,2390.0,6300.0,2014-09-24,825000.0
3546000380,3.0,1.75,1690.0,7953.0,1.0,,0.0,3,7,1690.0,0.0,1986,0.0,98030,47.3556,-122.175,1680.0,7425.0,2014-09-28,259900.0
5451200280,5.0,2.75,3090.0,12031.0,1.0,0.0,0.0,5,9,1600.0,1490.0,1968,0.0,98040,47.5342,-122.226,2280.0,10800.0,2015-04-02,1170000.0
7129301851,2.0,1.0,1120.0,5650.0,1.0,0.0,1.0,3,6,720.0,400.0,1904,0.0,98118,47.5155,-122.255,2160.0,6480.0,2014-09-23,245000.0
582000010,3.0,2.5,2680.0,4990.0,1.0,0.0,0.0,5,8,1440.0,1240.0,1951,0.0,98199,47.6538,-122.393,2320.0,6000.0,2015-03-20,830200.0
8078360080,4.0,2.5,2400.0,7351.0,2.0,0.0,0.0,3,9,2400.0,0.0,1990,0.0,98029,47.5707,-122.022,2330.0,7756.0,2014-06-23,650000.0
2658000373,4.0,2.0,1610.0,6250.0,1.0,0.0,0.0,4,7,1610.0,0.0,1952,0.0,98118,47.5293,-122.271,1310.0,6000.0,2015-01-22,305000.0
7504400290,5.0,2.5,3470.0,12003.0,2.0,,0.0,3,8,3470.0,0.0,1978,0.0,98074,47.624,-122.048,2220.0,12283.0,2015-03-05,599000.0
7137950460,4.0,2.5,2070.0,6175.0,2.0,0.0,0.0,3,8,2070.0,0.0,1993,0.0,98092,47.3262,-122.174,1940.0,6175.0,2014-09-26,272000.0
3303950130,3.0,2.5,2420.0,10733.0,2.0,0.0,0.0,3,8,2420.0,0.0,1996,0.0,98038,47.3835,-122.035,1950.0,8534.0,2014-11-13,415000.0
6648500440,4.0,2.25,2380.0,7400.0,1.0,0.0,0.0,4,8,1760.0,620.0,1979,0.0,98042,47.3555,-122.149,1940.0,7400.0,2014-11-21,319000.0
3824100235,4.0,1.75,2120.0,15920.0,1.0,0.0,0.0,4,7,1060.0,1060.0,1960,0.0,98028,47.771,-122.258,2200.0,12580.0,2014-07-24,425000.0
8732020440,4.0,2.5,2190.0,8100.0,1.0,0.0,0.0,4,8,1250.0,940.0,1978,0.0,98023,47.3131,-122.392,2100.0,8840.0,2015-04-28,297500.0
8649900480,4.0,2.5,2740.0,12899.0,2.0,0.0,0.0,4,10,2740.0,0.0,1990,0.0,98075,47.5811,-122.028,2830.0,9453.0,2014-05-27,725000.0
7708250010,3.0,2.5,1830.0,7585.0,2.0,0.0,0.0,4,8,1830.0,0.0,1995,0.0,98042,47.3893,-122.154,2070.0,7585.0,2015-01-07,325000.0
7955040130,3.0,1.75,1370.0,8467.0,1.0,0.0,0.0,4,7,970.0,400.0,1972,0.0,98052,47.6644,-122.145,1650.0,8472.0,2014-08-05,460000.0
3424069215,3.0,1.0,1000.0,10800.0,1.0,0.0,0.0,3,7,1000.0,0.0,1959,0.0,98027,47.52,-122.03,1140.0,16846.0,2015-02-17,396480.0
1337801060,3.0,1.0,2050.0,4800.0,2.0,0.0,0.0,3,8,1950.0,100.0,1922,0.0,98112,47.6315,-122.311,2220.0,4800.0,2015-03-05,1030000.0
2225300585,3.0,2.75,1750.0,9166.0,1.0,0.0,0.0,4,7,1170.0,580.0,1979,0.0,98155,47.7696,-122.325,1810.0,8760.0,2014-11-20,370000.0
2525300380,3.0,1.0,1620.0,13803.0,1.0,,0.0,4,6,1620.0,0.0,1969,0.0,98038,47.3631,-122.028,1260.0,10370.0,2015-04-16,260656.0
5634500415,3.0,2.5,1710.0,12677.0,2.0,0.0,0.0,3,8,1710.0,0.0,1996,0.0,98028,47.75,-122.234,1610.0,12160.0,2014-07-15,431000.0
2113700780,3.0,1.0,1060.0,5000.0,1.0,0.0,0.0,3,7,1060.0,0.0,1958,0.0,98106,47.5294,-122.354,1220.0,4600.0,2015-01-13,320000.0
1310970380,3.0,2.75,2170.0,7900.0,1.0,0.0,0.0,4,8,1380.0,790.0,1978,0.0,98032,47.362,-122.277,2170.0,7700.0,2014-05-19,296500.0
8562500380,4.0,2.5,3080.0,8451.0,1.0,0.0,0.0,3,7,1540.0,1540.0,1969,0.0,98052,47.674,-122.154,1550.0,8125.0,2015-03-09,679000.0
567000680,3.0,3.0,1320.0,1071.0,2.0,0.0,0.0,3,7,1080.0,240.0,2003,0.0,98144,47.5942,-122.296,1780.0,7715.0,2014-08-01,359000.0
1623049174,4.0,3.0,1920.0,12040.0,1.0,0.0,0.0,3,7,1920.0,0.0,1962,0.0,98168,47.4805,-122.301,1530.0,10230.0,2015-04-02,330000.0
9406590280,4.0,2.5,2440.0,4000.0,2.0,0.0,0.0,3,7,2440.0,0.0,2009,0.0,98038,47.3841,-122.036,2410.0,4502.0,2014-05-16,350000.0
3275800050,3.0,1.5,1640.0,8922.0,1.0,0.0,0.0,4,7,1640.0,0.0,1963,0.0,98146,47.495,-122.342,1540.0,9040.0,2014-10-22,242000.0
326069027,3.0,2.5,2420.0,198198.0,2.0,,0.0,3,9,2420.0,0.0,1997,0.0,98077,47.772,-122.022,2780.0,179467.0,2015-03-26,692500.0
825049073,2.0,1.5,1190.0,3400.0,1.0,0.0,0.0,3,7,990.0,200.0,1919,0.0,98115,47.6726,-122.32,1410.0,3150.0,2014-06-30,441000.0
3275870080,4.0,2.5,2910.0,15016.0,2.0,0.0,0.0,3,10,2910.0,0.0,1990,0.0,98052,47.69,-122.097,2870.0,13992.0,2014-12-12,765000.0
6837700170,2.0,1.0,1010.0,4050.0,1.0,0.0,0.0,3,7,1010.0,0.0,1950,0.0,98116,47.5838,-122.382,2310.0,5000.0,2014-09-03,375000.0
243000380,3.0,1.75,2080.0,7800.0,1.0,0.0,0.0,5,7,1220.0,860.0,1955,0.0,98166,47.4536,-122.355,1770.0,7860.0,2015-03-26,365000.0
582000675,2.0,1.5,1990.0,6000.0,1.0,0.0,0.0,3,6,1430.0,560.0,1944,0.0,98199,47.6521,-122.398,1350.0,6000.0,2014-09-08,580000.0
2655500235,4.0,3.5,3920.0,19088.0,1.0,0.0,1.0,3,10,2240.0,1680.0,2005,0.0,98040,47.576,-122.214,3800.0,13749.0,2015-04-10,1610000.0
4178300040,4.0,2.5,3080.0,13870.0,2.0,0.0,0.0,4,9,3080.0,0.0,1981,0.0,98007,47.6197,-122.149,2920.0,12221.0,2015-02-19,841000.0
3526059115,5.0,3.0,2670.0,11761.0,1.0,0.0,0.0,3,7,1370.0,1300.0,1981,0.0,98052,47.6895,-122.129,2580.0,10703.0,2015-04-21,515000.0
1722069052,5.0,2.5,4320.0,107157.0,1.0,,0.0,4,8,2160.0,2160.0,1967,0.0,98038,47.4009,-122.059,2480.0,107157.0,2014-10-24,565000.0
5101404698,2.0,1.5,1200.0,6380.0,1.0,0.0,0.0,3,7,1200.0,0.0,1929,0.0,98115,47.697,-122.319,1290.0,6598.0,2014-12-15,365000.0
13002495,3.0,1.5,1640.0,7222.0,2.0,0.0,0.0,4,7,1640.0,0.0,1908,0.0,98108,47.5215,-122.33,1240.0,5100.0,2014-07-07,295000.0
2391600555,2.0,1.0,870.0,5750.0,1.0,0.0,0.0,4,7,870.0,0.0,1947,0.0,98116,47.5637,-122.395,1100.0,5750.0,2014-06-30,406500.0
1133000144,3.0,2.5,2410.0,7225.0,2.0,0.0,0.0,3,8,2410.0,0.0,1991,0.0,98125,47.7211,-122.31,1940.0,8347.0,2015-02-12,614905.0
2525049133,5.0,2.25,2640.0,14959.0,1.0,0.0,0.0,4,7,1770.0,870.0,1929,0.0,98039,47.6191,-122.234,3240.0,17904.0,2015-04-02,1400000.0
345700180,2.0,1.0,990.0,10556.0,2.0,0.0,0.0,3,7,990.0,0.0,1981,0.0,98056,47.5118,-122.188,1350.0,7295.0,2014-07-16,250000.0
7518504775,5.0,1.0,1500.0,3978.0,2.0,,0.0,3,7,1500.0,0.0,1929,0.0,98117,47.6811,-122.383,1350.0,4080.0,2014-11-12,549000.0
3056800230,4.0,2.5,1790.0,6590.0,2.0,0.0,0.0,3,7,1790.0,0.0,2005,0.0,98059,47.4829,-122.128,1950.0,5180.0,2014-08-20,397000.0
6143600580,3.0,1.75,1490.0,10125.0,1.0,0.0,0.0,4,7,1490.0,0.0,1962,0.0,98001,47.3075,-122.284,2488.0,4981.0,2014-05-05,184000.0
9471200265,4.0,3.25,3960.0,16224.0,2.0,0.0,2.0,3,12,3100.0,860.0,1938,0.0,98105,47.6701,-122.259,3960.0,15050.0,2015-05-05,2500000.0
8024200855,3.0,1.5,1620.0,5108.0,1.0,0.0,0.0,3,7,1620.0,0.0,1954,0.0,98115,47.6978,-122.316,1380.0,6130.0,2014-07-28,499100.0
3178100065,4.0,1.5,2270.0,6010.0,1.0,0.0,0.0,3,8,1290.0,980.0,1954,0.0,98115,47.6743,-122.269,2120.0,5987.0,2014-09-25,676101.0
3432501295,3.0,1.0,1150.0,8145.0,1.0,,0.0,4,6,990.0,160.0,1932,0.0,98155,47.7471,-122.317,1200.0,8145.0,2014-06-23,290000.0
5467500040,4.0,1.75,2180.0,7560.0,1.0,0.0,0.0,4,7,1560.0,620.0,1962,0.0,98133,47.757,-122.336,1810.0,7352.0,2015-03-04,390000.0
2872100245,3.0,1.0,910.0,4500.0,1.0,0.0,0.0,3,7,910.0,0.0,1948,0.0,98117,47.6828,-122.395,1370.0,5000.0,2014-06-04,465000.0
1154100515,3.0,2.75,2770.0,54707.0,1.5,0.0,0.0,3,8,2370.0,400.0,1938,0.0,98155,47.7555,-122.289,1640.0,54707.0,2014-09-26,470000.0
3298300210,3.0,1.0,940.0,7590.0,1.0,0.0,0.0,4,6,940.0,0.0,1959,0.0,98008,47.6231,-122.12,1250.0,7590.0,2015-02-19,435000.0
2473002700,3.0,1.75,2410.0,8944.0,1.0,0.0,0.0,4,8,1860.0,550.0,1967,0.0,98058,47.4494,-122.139,2750.0,9600.0,2014-06-27,415000.0
7544800395,3.0,2.0,1010.0,2820.0,1.5,0.0,0.0,3,7,1010.0,0.0,1905,0.0,98122,47.6066,-122.304,1330.0,3000.0,2015-02-25,450000.0
822039111,3.0,2.5,2120.0,196995.0,1.0,,1.0,3,9,2120.0,0.0,1997,0.0,98070,47.4089,-122.459,1304.0,92423.0,2015-03-27,645000.0
2223059052,4.0,2.0,1530.0,6375.0,2.0,0.0,0.0,3,7,1530.0,0.0,1942,19830.0,98058,47.4692,-122.162,1500.0,8712.0,2014-05-29,231000.0
1320069223,3.0,1.5,1810.0,100188.0,1.0,0.0,0.0,5,7,1810.0,0.0,1969,0.0,98022,47.2175,-121.995,1540.0,40415.0,2014-06-24,358000.0
2551500220,3.0,1.0,1040.0,11900.0,1.0,0.0,0.0,5,6,1040.0,0.0,1972,0.0,98070,47.4332,-122.446,1250.0,9600.0,2014-08-15,330000.0
1049000740,2.0,1.5,1160.0,1848.0,2.0,,0.0,3,7,1160.0,0.0,1972,0.0,98034,47.7366,-122.176,1160.0,1566.0,2014-11-20,229950.0
9324800180,2.0,1.5,1430.0,8137.0,1.0,0.0,0.0,3,7,1130.0,300.0,1934,0.0,98125,47.7307,-122.29,1430.0,8137.0,2014-10-16,403250.0
7853220690,3.0,2.5,2280.0,6134.0,2.0,0.0,0.0,3,8,2280.0,0.0,2004,0.0,98065,47.5335,-121.854,2640.0,6167.0,2014-09-12,470000.0
1545803980,3.0,1.0,1200.0,7810.0,1.0,0.0,0.0,4,7,1200.0,0.0,1967,0.0,98038,47.3631,-122.05,1590.0,7800.0,2015-04-25,239000.0
2484700015,4.0,1.5,2480.0,6000.0,1.0,0.0,0.0,3,8,1520.0,960.0,1955,0.0,98136,47.5233,-122.386,1810.0,6000.0,2015-03-27,579000.0
993000873,3.0,2.0,1270.0,1348.0,3.0,,0.0,3,8,1270.0,0.0,2003,0.0,98103,47.6929,-122.342,1180.0,1360.0,2015-03-18,380500.0
9520900210,5.0,2.75,2730.0,6401.0,2.0,0.0,0.0,3,8,2730.0,0.0,2015,0.0,98072,47.7685,-122.16,2520.0,6126.0,2014-12-31,614285.0
3629960590,2.0,2.0,1340.0,1635.0,2.0,0.0,0.0,3,8,1340.0,0.0,2003,0.0,98029,47.5476,-122.005,1410.0,1375.0,2015-04-07,376000.0
9558200210,3.0,1.0,1240.0,9300.0,1.0,0.0,0.0,3,7,1240.0,0.0,1954,0.0,98148,47.4363,-122.333,1250.0,9300.0,2015-02-17,290000.0
3876000910,4.0,2.25,2400.0,7000.0,1.0,0.0,0.0,4,8,1800.0,600.0,1965,0.0,98034,47.7207,-122.184,2210.0,7210.0,2015-01-29,487000.0
7228501745,4.0,2.0,1220.0,7489.0,2.0,0.0,0.0,3,7,1220.0,0.0,1903,0.0,98122,47.6133,-122.306,1220.0,3750.0,2015-02-19,935000.0
8856004328,4.0,2.5,2163.0,5882.0,2.0,0.0,0.0,3,7,2163.0,0.0,2006,0.0,98001,47.2736,-122.251,1760.0,9600.0,2015-03-27,255000.0
253600150,2.0,2.5,1860.0,3504.0,2.0,0.0,0.0,3,7,1860.0,0.0,2000,0.0,98028,47.776,-122.239,1860.0,4246.0,2014-08-26,380000.0
5101400934,2.0,1.0,810.0,4368.0,1.0,0.0,0.0,3,6,810.0,0.0,1958,0.0,98115,47.6915,-122.312,1890.0,5253.0,2015-04-24,450000.0
9202650100,3.0,2.5,1950.0,7481.0,2.0,0.0,0.0,3,8,1950.0,0.0,1987,0.0,98027,47.564,-122.091,1980.0,8479.0,2014-10-10,622000.0
2310030490,3.0,2.25,1390.0,6004.0,2.0,0.0,0.0,3,8,1390.0,,1993,0.0,98038,47.3536,-122.047,1630.0,6397.0,2015-03-23,292500.0
1860600535,4.0,3.0,2120.0,3600.0,2.0,0.0,3.0,4,8,1830.0,290.0,1908,19960.0,98119,47.6344,-122.369,2120.0,3600.0,2014-12-20,1320000.0
1250201130,4.0,2.0,1510.0,3240.0,1.0,0.0,0.0,5,7,870.0,640.0,1901,0.0,98144,47.5972,-122.296,1420.0,5160.0,2015-02-06,410000.0
3298700820,3.0,1.75,1010.0,5355.0,1.0,0.0,0.0,3,6,1010.0,0.0,1950,0.0,98106,47.5202,-122.351,750.0,4515.0,2014-10-24,160000.0
1339300025,4.0,1.5,1840.0,4337.0,2.0,0.0,0.0,4,8,1840.0,0.0,1917,0.0,98112,47.6312,-122.307,2250.0,4337.0,2014-06-02,809000.0
4006000571,5.0,2.75,1650.0,5453.0,1.0,0.0,0.0,3,7,1650.0,0.0,1970,0.0,98118,47.5293,-122.285,1670.0,5885.0,2015-03-12,183750.0
9310300300,5.0,1.75,2860.0,12293.0,1.0,0.0,0.0,4,8,1430.0,1430.0,1947,0.0,98133,47.7385,-122.348,1920.0,18110.0,2014-10-13,411000.0
5332200515,3.0,1.75,2650.0,5512.0,2.0,0.0,0.0,3,9,2250.0,400.0,1984,0.0,98112,47.6265,-122.295,1440.0,5100.0,2015-02-09,1050000.0
809001565,2.0,1.0,1100.0,4160.0,1.0,0.0,0.0,3,7,1100.0,0.0,1919,0.0,98109,47.6352,-122.352,1900.0,4000.0,2014-08-22,625000.0
9406520580,3.0,2.25,1646.0,9519.0,2.0,0.0,0.0,3,7,1646.0,0.0,1994,0.0,98038,47.3646,-122.036,1975.0,8889.0,2014-08-19,305000.0
1323059143,4.0,4.5,5250.0,48352.0,2.0,0.0,0.0,3,10,5250.0,0.0,1998,0.0,98059,47.4858,-122.111,2500.0,48352.0,2015-04-23,915000.0
2131701020,3.0,1.5,1390.0,8300.0,1.0,0.0,0.0,4,7,1390.0,0.0,1974,0.0,98019,47.7383,-121.983,1470.0,7500.0,2015-03-11,317000.0
3438503045,2.0,1.0,780.0,6380.0,1.0,0.0,0.0,3,6,780.0,0.0,1947,0.0,98106,47.5423,-122.351,1270.0,6960.0,2015-01-20,165000.0
3204300705,2.0,1.0,1490.0,6000.0,1.0,0.0,0.0,3,7,1090.0,400.0,1946,0.0,98112,47.6296,-122.3,1590.0,6000.0,2014-05-15,575000.0
7941600220,3.0,1.0,970.0,7742.0,1.0,0.0,0.0,4,6,970.0,0.0,1967,0.0,98003,47.3173,-122.327,970.0,7650.0,2014-06-10,219900.0
3885805175,4.0,3.25,3730.0,7200.0,2.0,,0.0,3,10,2810.0,920.0,2006,0.0,98033,47.6824,-122.199,2490.0,7200.0,2014-10-01,1490000.0
1237500120,3.0,1.0,1090.0,9900.0,1.0,0.0,0.0,4,7,1090.0,0.0,1955,0.0,98052,47.6755,-122.16,1720.0,10419.0,2014-05-20,300000.0
322069020,3.0,1.75,1940.0,219527.0,1.0,0.0,0.0,3,7,1940.0,0.0,1991,0.0,98038,47.4214,-122.02,2060.0,108900.0,2014-06-19,520000.0
1310700330,4.0,2.25,1780.0,8820.0,1.0,0.0,0.0,4,8,1480.0,300.0,1966,0.0,98032,47.3618,-122.289,1780.0,8625.0,2015-05-07,310000.0
423059207,3.0,2.0,1190.0,6445.0,1.0,0.0,0.0,3,7,1190.0,0.0,1996,0.0,98056,47.5057,-122.172,1920.0,8195.0,2015-02-23,322500.0
7205000180,4.0,2.25,2000.0,10374.0,2.0,0.0,1.0,4,7,2000.0,0.0,1967,0.0,98023,47.3342,-122.34,2170.0,10374.0,2015-04-17,320000.0
7852180530,3.0,2.5,1390.0,4997.0,2.0,0.0,0.0,3,7,1390.0,0.0,2004,0.0,98065,47.5303,-121.855,2340.0,4125.0,2015-04-03,440000.0
6021501780,3.0,1.0,1500.0,4500.0,1.0,0.0,0.0,3,7,1120.0,380.0,1938,0.0,98117,47.6873,-122.385,1440.0,4500.0,2014-08-18,578000.0
8673400061,2.0,1.5,1070.0,877.0,3.0,,0.0,3,8,1070.0,0.0,2005,0.0,98107,47.6699,-122.393,1320.0,1193.0,2014-11-19,382000.0
3905100220,3.0,2.5,1720.0,4006.0,2.0,0.0,0.0,3,8,1720.0,0.0,1994,0.0,98029,47.569,-122.007,1780.0,3974.0,2014-05-28,535000.0
5104540330,4.0,2.5,3680.0,7236.0,2.0,0.0,0.0,3,10,3680.0,0.0,2006,0.0,98038,47.3543,-122.005,3310.0,7180.0,2015-05-08,679000.0
6752300120,3.0,2.25,1400.0,10436.0,1.0,0.0,0.0,4,7,1040.0,360.0,1985,0.0,98058,47.4261,-122.144,1860.0,9318.0,2014-12-01,258900.0
4077800412,3.0,1.5,1730.0,9509.0,2.0,0.0,0.0,3,8,1270.0,460.0,1955,0.0,98125,47.7067,-122.282,1810.0,8795.0,2015-03-16,563000.0
2787250090,5.0,3.0,2795.0,15101.0,2.0,0.0,0.0,3,8,2795.0,0.0,1996,0.0,98019,47.7301,-121.972,2750.0,14567.0,2014-06-18,562000.0
461002150,4.0,1.75,2000.0,3750.0,1.0,0.0,0.0,5,8,1120.0,880.0,1950,0.0,98117,47.6816,-122.374,1370.0,5000.0,2015-01-05,725000.0
1898310100,3.0,2.5,1830.0,8372.0,2.0,0.0,0.0,3,8,1830.0,0.0,1987,0.0,98023,47.3116,-122.4,1770.0,8372.0,2015-02-20,236775.0
3886902950,4.0,3.5,3380.0,8098.0,1.0,0.0,1.0,5,9,1690.0,1690.0,1952,0.0,98033,47.6839,-122.19,1890.0,8400.0,2014-09-11,860000.0
4427100025,3.0,1.5,1500.0,6337.0,1.0,0.0,0.0,5,7,1500.0,0.0,1953,0.0,98125,47.7276,-122.312,1420.0,6337.0,2014-05-09,270000.0
4038700730,4.0,2.75,1950.0,6930.0,1.0,0.0,2.0,4,7,1250.0,700.0,1960,0.0,98008,47.616,-122.113,1950.0,8560.0,2014-12-30,621000.0
7852011020,3.0,2.5,2490.0,5928.0,2.0,0.0,2.0,3,8,2490.0,0.0,1998,0.0,98065,47.5385,-121.87,2420.0,6381.0,2015-03-27,527900.0
126059018,4.0,2.25,1780.0,10748.0,2.0,0.0,0.0,4,8,1780.0,,1964,0.0,98072,47.762,-122.11,2070.0,37680.0,2015-01-08,395000.0
9407001340,3.0,2.0,1110.0,10500.0,1.0,0.0,0.0,5,7,1110.0,0.0,1978,0.0,98045,47.4456,-121.773,1230.0,10395.0,2014-05-22,320000.0
2799800750,4.0,2.5,2500.0,4750.0,2.0,0.0,0.0,3,8,2500.0,0.0,2003,0.0,98042,47.3666,-122.122,2690.0,4750.0,2015-04-16,300000.0
192000120,3.0,1.75,1480.0,7225.0,1.0,,0.0,4,7,1480.0,,1965,0.0,98056,47.513,-122.185,1430.0,7201.0,2014-05-20,320000.0
625069064,3.0,2.25,2570.0,47480.0,1.0,0.0,0.0,3,9,2570.0,0.0,1979,0.0,98053,47.6854,-122.079,2570.0,106722.0,2015-05-07,625000.0
2391600330,2.0,1.0,810.0,5060.0,1.0,0.0,0.0,3,6,810.0,0.0,1941,0.0,98116,47.5635,-122.394,900.0,5060.0,2015-04-10,505000.0
4180400090,4.0,2.5,2700.0,10814.0,1.0,0.0,0.0,4,8,1560.0,1140.0,1966,0.0,98030,47.369,-122.177,2460.0,6310.0,2014-06-13,300000.0
50300220,4.0,2.5,2180.0,9281.0,2.0,0.0,0.0,3,8,2180.0,0.0,2004,0.0,98042,47.3673,-122.072,2520.0,9520.0,2015-02-12,363000.0
4141010110,4.0,3.5,4330.0,15335.0,2.0,0.0,0.0,4,11,3230.0,1100.0,1988,0.0,98040,47.5315,-122.231,3840.0,14311.0,2014-08-08,1700000.0
6641040100,4.0,3.5,4210.0,10308.0,2.0,0.0,0.0,3,10,4210.0,0.0,2006,0.0,98008,47.5905,-122.117,3860.0,10200.0,2014-05-15,1150000.0
7922720040,4.0,2.5,2880.0,9202.0,1.0,0.0,0.0,3,8,1780.0,1100.0,1977,0.0,98052,47.6658,-122.139,2500.0,10265.0,2015-03-17,680000.0
8825900245,5.0,2.25,2610.0,4080.0,2.0,0.0,0.0,5,7,1750.0,860.0,1909,0.0,98115,47.6757,-122.309,2160.0,4080.0,2014-12-09,678940.0
3883100220,3.0,1.75,2010.0,8065.0,1.0,0.0,0.0,4,7,1090.0,920.0,1984,0.0,98031,47.4171,-122.202,1560.0,8065.0,2015-01-20,299000.0
3649100306,4.0,1.75,1500.0,11600.0,1.0,,0.0,4,7,1000.0,500.0,1955,0.0,98028,47.7373,-122.241,1740.0,11600.0,2014-05-06,379900.0
1099600090,3.0,1.0,1290.0,6566.0,1.0,0.0,0.0,5,7,1290.0,0.0,1976,0.0,98023,47.3004,-122.377,1690.0,6860.0,2014-06-13,205000.0
9828201725,4.0,1.0,1320.0,4440.0,1.5,0.0,0.0,3,7,1320.0,0.0,1929,0.0,98122,47.6145,-122.295,1260.0,4440.0,2014-05-20,387500.0
9352901085,3.0,1.0,1290.0,4720.0,1.0,0.0,0.0,3,6,790.0,500.0,1948,0.0,98106,47.5186,-122.358,1110.0,4720.0,2015-02-04,256000.0
4104910040,4.0,2.5,2440.0,11005.0,2.0,,0.0,3,9,2440.0,0.0,1994,0.0,98056,47.5318,-122.176,2590.0,14754.0,2014-07-01,548000.0
6147600040,3.0,1.75,1290.0,4811.0,1.0,0.0,0.0,3,7,1290.0,0.0,1996,0.0,98032,47.3912,-122.234,1310.0,4811.0,2015-02-24,163000.0
6371000026,2.0,2.0,1030.0,600.0,2.0,,0.0,3,8,680.0,350.0,2004,0.0,98116,47.5788,-122.41,1120.0,1267.0,2015-01-22,367500.0
8121100147,3.0,2.25,1640.0,2875.0,2.0,0.0,0.0,3,6,1240.0,400.0,1983,0.0,98118,47.5686,-122.286,1500.0,3960.0,2014-07-14,390000.0
6152900332,4.0,2.5,1160.0,16008.0,1.0,0.0,0.0,4,7,1160.0,0.0,1989,0.0,98155,47.7643,-122.295,1570.0,12645.0,2014-08-01,415000.0
9522600120,4.0,2.25,2230.0,8440.0,2.0,0.0,0.0,4,8,2230.0,0.0,1968,0.0,98011,47.7558,-122.217,2160.0,9412.0,2014-10-22,449000.0
2207200405,5.0,2.0,1910.0,12264.0,1.0,0.0,0.0,4,7,1010.0,900.0,1963,0.0,98007,47.601,-122.134,1700.0,9179.0,2014-07-16,460000.0
203900690,4.0,2.0,1980.0,15354.0,1.0,,0.0,3,7,1980.0,0.0,1977,0.0,98053,47.638,-121.968,1420.0,12300.0,2014-12-23,395000.0
252000300,3.0,2.0,1470.0,16500.0,1.0,,0.0,3,7,1470.0,,1961,0.0,98042,47.3617,-122.061,1720.0,14406.0,2015-01-20,300000.0
8899100230,3.0,1.75,1520.0,7439.0,1.0,0.0,0.0,4,7,1520.0,,1969,0.0,98055,47.457,-122.208,1650.0,7500.0,2015-03-11,345000.0
685000265,3.0,1.75,1930.0,8442.0,1.0,0.0,0.0,4,7,1930.0,0.0,1953,0.0,98004,47.6313,-122.204,1790.0,8442.0,2015-01-02,825000.0
2705600068,3.0,2.5,1330.0,2180.0,3.0,0.0,0.0,3,8,1330.0,0.0,2014,0.0,98117,47.6987,-122.365,1330.0,5000.0,2015-03-27,539950.0
3326059191,4.0,2.0,1580.0,9581.0,1.0,0.0,0.0,3,7,1580.0,0.0,1953,0.0,98033,47.692,-122.165,1580.0,10552.0,2014-06-16,410000.0
1207000025,3.0,1.0,1370.0,6000.0,1.0,0.0,0.0,3,7,1370.0,0.0,1955,0.0,98146,47.4879,-122.339,1370.0,9520.0,2014-08-01,245000.0
3288301050,4.0,2.75,3010.0,15750.0,1.0,0.0,0.0,4,8,1560.0,1450.0,1973,0.0,98034,47.7336,-122.183,2110.0,9450.0,2014-08-19,482000.0
9407001500,3.0,1.75,1390.0,9000.0,1.0,,0.0,4,7,1390.0,0.0,1978,0.0,98045,47.4469,-121.772,1400.0,9697.0,2014-08-11,270000.0
3882300090,3.0,1.75,1330.0,14560.0,1.0,0.0,0.0,3,7,1330.0,0.0,1983,0.0,98052,47.6599,-122.135,1510.0,9890.0,2014-12-26,475000.0
2926049221,3.0,2.0,1320.0,6500.0,1.0,0.0,0.0,3,7,1320.0,0.0,1947,0.0,98125,47.7119,-122.319,1110.0,6592.0,2014-10-14,445800.0
2121000300,4.0,3.0,2430.0,11670.0,1.0,0.0,0.0,4,7,1330.0,1100.0,1978,0.0,98034,47.7307,-122.228,1580.0,10464.0,2015-02-19,518000.0
3885801970,2.0,0.75,1260.0,4800.0,1.5,0.0,2.0,4,6,1080.0,180.0,1942,0.0,98033,47.6843,-122.212,2660.0,7200.0,2014-08-12,785000.0
3869900120,3.0,2.5,1690.0,1310.0,2.0,0.0,0.0,3,8,1140.0,550.0,2004,0.0,98136,47.5404,-122.387,1640.0,1321.0,2015-02-26,430000.0
4077800026,4.0,1.75,3420.0,7200.0,1.0,,3.0,5,8,1770.0,1650.0,1947,0.0,98125,47.7081,-122.277,2450.0,6200.0,2014-05-30,715000.0
9324800450,3.0,1.5,2790.0,6900.0,1.0,,2.0,3,8,1700.0,1090.0,1955,0.0,98125,47.7328,-122.288,2410.0,8100.0,2014-10-09,560000.0
1250201194,3.0,1.75,1270.0,6600.0,1.5,0.0,0.0,5,7,1270.0,0.0,1903,0.0,98144,47.5976,-122.295,1490.0,3600.0,2014-11-07,449000.0
2597520580,4.0,2.5,2910.0,9000.0,2.0,0.0,0.0,3,9,2910.0,0.0,1989,0.0,98006,47.5451,-122.142,2530.0,9000.0,2014-10-08,805000.0
6679000720,3.0,2.5,1560.0,5845.0,2.0,0.0,0.0,3,7,1560.0,0.0,2003,0.0,98038,47.3851,-122.029,1860.0,5752.0,2014-09-24,296000.0
7312400325,2.0,1.0,770.0,4840.0,1.0,0.0,0.0,4,7,770.0,0.0,1927,0.0,98126,47.551,-122.376,930.0,4840.0,2014-06-25,275000.0
2473500110,3.0,1.75,1770.0,16909.0,1.0,0.0,0.0,5,8,1770.0,0.0,1977,0.0,98058,47.4458,-122.134,1960.0,9100.0,2015-01-12,419950.0
1773100123,3.0,1.75,1100.0,1307.0,2.0,,0.0,3,7,780.0,320.0,2008,0.0,98106,47.5601,-122.363,1170.0,4800.0,2014-10-02,285000.0
6791050100,3.0,2.5,2890.0,8470.0,2.0,0.0,0.0,3,10,2890.0,0.0,1996,0.0,98075,47.5785,-122.054,3000.0,8879.0,2014-07-21,775000.0
1823059106,3.0,1.75,2110.0,15400.0,1.0,0.0,0.0,3,7,1380.0,730.0,1963,0.0,98178,47.4861,-122.226,2110.0,9800.0,2015-04-28,288250.0
3644100065,2.0,1.75,1220.0,2268.0,1.0,0.0,0.0,4,6,610.0,610.0,1909,0.0,98144,47.592,-122.295,1240.0,1675.0,2015-04-27,257000.0
5652601075,1.0,1.0,950.0,10585.0,1.5,0.0,0.0,3,6,950.0,0.0,1929,0.0,98115,47.6968,-122.297,1400.0,7056.0,2014-08-25,377000.0
2769601250,2.0,1.0,1420.0,3100.0,1.0,0.0,0.0,3,7,820.0,600.0,1924,0.0,98107,47.6737,-122.365,1420.0,3915.0,2015-05-12,550000.0
9842300540,3.0,1.0,1100.0,4128.0,1.0,0.0,0.0,4,7,720.0,380.0,1942,0.0,98126,47.5296,-122.379,1510.0,4538.0,2014-06-24,339000.0
7818700410,3.0,1.75,2140.0,6000.0,1.0,,0.0,3,7,1070.0,1070.0,1948,0.0,98117,47.6913,-122.366,1240.0,4650.0,2014-11-06,481500.0
5437810360,3.0,1.75,1300.0,7735.0,1.0,0.0,0.0,4,7,1300.0,0.0,1980,0.0,98022,47.1983,-122.0,1300.0,8941.0,2014-11-07,224500.0
5163700085,3.0,1.0,1790.0,11884.0,1.0,0.0,0.0,3,7,1790.0,0.0,1951,0.0,98031,47.3887,-122.22,1660.0,11513.0,2014-08-26,260000.0
1794500360,2.0,1.0,1470.0,5400.0,1.5,,0.0,3,8,1470.0,0.0,1912,0.0,98119,47.6391,-122.36,1760.0,3573.0,2015-04-23,865000.0
1777600450,5.0,3.0,2500.0,11779.0,1.0,0.0,0.0,4,8,1550.0,950.0,1971,0.0,98006,47.5696,-122.127,2580.0,12055.0,2015-05-05,730000.0
4083800555,2.0,1.0,980.0,3080.0,1.5,0.0,0.0,3,7,980.0,,1910,19460.0,98103,47.6646,-122.339,1450.0,3333.0,2015-03-26,550000.0
3359500096,3.0,2.0,2130.0,4000.0,2.0,0.0,0.0,3,7,2130.0,0.0,1908,0.0,98115,47.6741,-122.323,2010.0,4000.0,2014-08-20,645000.0
4024100090,3.0,1.75,1360.0,16000.0,1.0,,0.0,3,7,1360.0,0.0,1978,0.0,98155,47.7583,-122.306,1360.0,12939.0,2014-10-08,250000.0
7228501910,3.0,3.5,1630.0,1329.0,2.0,0.0,0.0,3,9,1360.0,270.0,2000,0.0,98122,47.6159,-122.306,1580.0,1319.0,2015-01-22,507200.0
7183000120,4.0,2.5,2500.0,11070.0,1.0,0.0,2.0,4,8,1300.0,1200.0,1964,0.0,98003,47.336,-122.334,2500.0,11070.0,2014-08-12,380000.0
7527000090,4.0,1.75,2260.0,19500.0,1.0,0.0,2.0,3,8,1450.0,810.0,1971,0.0,98074,47.6555,-122.086,2980.0,19500.0,2014-08-14,540000.0
8682281080,3.0,2.5,2300.0,6009.0,1.0,0.0,0.0,3,8,2300.0,0.0,2005,0.0,98053,47.7067,-122.013,1640.0,5931.0,2014-06-17,738500.0
2525310040,3.0,1.0,1060.0,10350.0,1.0,,0.0,4,7,1060.0,0.0,1980,0.0,98038,47.365,-122.028,1500.0,9660.0,2015-01-29,206000.0
5589300210,2.0,1.0,940.0,9458.0,1.0,,0.0,3,6,940.0,0.0,1948,0.0,98155,47.7523,-122.311,1450.0,9458.0,2015-03-17,265000.0
4008400515,1.0,0.75,780.0,77603.0,1.0,0.0,0.0,1,5,780.0,0.0,1945,0.0,98058,47.4396,-122.104,1750.0,30847.0,2015-01-20,190000.0
3268000040,3.0,1.0,1200.0,9087.0,1.0,0.0,0.0,5,7,1200.0,0.0,1969,0.0,98056,47.5234,-122.177,1250.0,11826.0,2014-06-28,339900.0
1022059123,6.0,2.5,2590.0,10890.0,1.0,0.0,0.0,4,7,1340.0,1250.0,1970,0.0,98042,47.4126,-122.165,2474.0,10454.0,2014-12-26,250000.0
3013300968,3.0,1.0,1100.0,4184.0,1.0,0.0,0.0,4,7,1100.0,0.0,1965,0.0,98136,47.5309,-122.382,1630.0,4366.0,2014-08-01,416500.0
7853220740,4.0,2.5,2890.0,9775.0,2.0,0.0,2.0,3,8,2890.0,0.0,2004,0.0,98065,47.5339,-121.854,2640.0,7184.0,2015-04-07,575000.0
3574801490,3.0,1.75,1230.0,7500.0,1.0,0.0,0.0,3,7,1230.0,0.0,1987,0.0,98034,47.7316,-122.224,1930.0,8747.0,2014-06-09,385000.0
2987400025,3.0,1.0,1030.0,6250.0,1.0,0.0,0.0,3,7,1030.0,0.0,1960,19970.0,98056,47.4988,-122.168,1160.0,7250.0,2014-10-09,253000.0
625049313,3.0,1.0,1140.0,4600.0,1.0,0.0,0.0,3,7,1140.0,0.0,1942,0.0,98103,47.6897,-122.337,1370.0,5000.0,2014-09-02,460000.0
6169901085,4.0,2.5,3200.0,3600.0,3.0,0.0,3.0,4,9,2600.0,600.0,1997,0.0,98119,47.632,-122.369,2490.0,4080.0,2014-08-07,1450000.0
9212900300,2.0,1.0,950.0,6000.0,1.0,0.0,0.0,3,7,950.0,0.0,1942,0.0,98115,47.6897,-122.294,1440.0,6000.0,2015-03-04,492000.0
2520069100,4.0,2.0,1960.0,30480.0,1.0,0.0,2.0,4,7,1060.0,900.0,1972,0.0,98022,47.1924,-121.988,1460.0,8914.0,2014-10-16,275000.0
2623069031,5.0,3.25,3010.0,1074218.0,1.5,,0.0,5,8,2010.0,1000.0,1931,0.0,98027,47.4564,-122.004,2450.0,68825.0,2014-05-21,542500.0
7625703945,2.0,1.0,1080.0,7775.0,1.0,0.0,0.0,3,6,1080.0,0.0,1955,0.0,98136,47.5447,-122.394,1730.0,7350.0,2014-07-01,345000.0
9238480120,4.0,2.75,2730.0,35075.0,1.0,0.0,0.0,3,8,1530.0,1200.0,1979,0.0,98072,47.7726,-122.139,2310.0,35000.0,2015-04-21,575000.0
626049058,5.0,2.5,2570.0,17234.0,1.0,0.0,0.0,3,7,1300.0,1270.0,1959,0.0,98133,47.7753,-122.355,1760.0,7969.0,2015-05-04,275000.0
125059138,6.0,4.5,3300.0,7561.0,2.0,0.0,0.0,3,8,3300.0,0.0,1980,0.0,98052,47.6795,-122.104,2470.0,7561.0,2014-07-22,510000.0
9185700485,4.0,3.5,4350.0,6000.0,2.0,0.0,0.0,5,10,2970.0,1380.0,1908,0.0,98112,47.6277,-122.286,4190.0,7200.0,2015-04-01,2540000.0
2523089110,3.0,3.5,3820.0,145054.0,2.0,0.0,3.0,3,9,2870.0,950.0,1999,0.0,98045,47.4419,-121.736,2500.0,95950.0,2014-09-09,830000.0
3825310540,4.0,2.5,2260.0,5172.0,2.0,0.0,0.0,3,9,2260.0,0.0,2004,0.0,98052,47.7047,-122.128,2680.0,5172.0,2014-11-21,640000.0
7202340590,4.0,2.75,3880.0,15025.0,2.0,0.0,0.0,3,7,3880.0,0.0,2004,0.0,98053,47.6777,-122.035,2620.0,5300.0,2014-10-14,702000.0
1952200410,3.0,2.5,2010.0,6857.0,1.0,0.0,0.0,4,9,1450.0,560.0,1955,0.0,98102,47.6402,-122.314,2380.0,6370.0,2014-11-19,960000.0
7137900410,3.0,1.0,950.0,7610.0,1.0,,0.0,3,7,950.0,0.0,1983,0.0,98092,47.3188,-122.174,1360.0,7938.0,2015-04-29,190000.0
7105600085,3.0,2.25,1730.0,13040.0,1.0,0.0,0.0,4,8,1290.0,440.0,1988,0.0,98052,47.6809,-122.119,1730.0,11016.0,2014-10-09,500000.0
1461200040,3.0,2.5,3070.0,22098.0,2.0,0.0,0.0,3,9,3070.0,,1995,0.0,98059,47.4724,-122.147,3070.0,21803.0,2014-07-14,529000.0
6675500035,3.0,1.75,1500.0,8173.0,1.0,0.0,0.0,3,7,1500.0,0.0,1997,0.0,98034,47.7293,-122.227,1970.0,8173.0,2014-06-13,435000.0
4322500110,3.0,1.75,2160.0,5760.0,1.0,0.0,0.0,4,8,1260.0,900.0,1954,0.0,98136,47.5346,-122.391,2090.0,5760.0,2015-03-03,670000.0
6064800090,3.0,2.25,1960.0,1985.0,2.0,0.0,0.0,3,7,1750.0,210.0,2003,0.0,98118,47.5419,-122.289,1760.0,1985.0,2015-05-07,365000.0
8085400355,5.0,3.0,3950.0,9520.0,1.0,0.0,0.0,3,9,2250.0,1700.0,1953,20020.0,98004,47.6363,-122.207,1890.0,9520.0,2014-12-04,1270000.0
943100220,3.0,1.0,1100.0,145490.0,1.5,0.0,0.0,4,6,1100.0,0.0,1915,0.0,98024,47.5697,-121.898,1100.0,11610.0,2014-09-25,465000.0
854000165,3.0,1.5,1400.0,7582.0,1.0,0.0,0.0,3,7,1400.0,0.0,1956,0.0,98148,47.4536,-122.33,1280.0,7872.0,2015-01-07,285000.0
1443500905,3.0,1.0,1020.0,4960.0,1.5,0.0,0.0,3,6,920.0,100.0,1926,0.0,98118,47.5328,-122.275,1230.0,7335.0,2015-02-05,219950.0
4031700210,3.0,1.5,1600.0,10548.0,1.0,0.0,0.0,4,7,1600.0,0.0,1962,0.0,98001,47.2925,-122.284,2880.0,13609.0,2014-11-17,220000.0
6169900580,6.0,4.5,4230.0,6420.0,2.0,0.0,3.0,4,8,2360.0,1870.0,1916,0.0,98119,47.6301,-122.369,3450.0,4085.0,2014-07-09,1470000.0
4232401265,5.0,3.5,3090.0,3600.0,2.0,0.0,0.0,3,9,2060.0,1030.0,2000,0.0,98112,47.6217,-122.309,2240.0,3904.0,2014-10-20,1110000.0
8682290410,2.0,2.5,2320.0,9311.0,1.0,0.0,0.0,3,8,2320.0,0.0,2007,0.0,98053,47.7226,-122.03,1680.0,4765.0,2015-04-17,694000.0
3904902430,3.0,2.5,2440.0,10363.0,2.0,0.0,0.0,3,9,2440.0,0.0,1988,0.0,98029,47.5634,-122.016,2500.0,10728.0,2015-04-03,620000.0
114101540,3.0,1.0,2020.0,19210.0,1.0,0.0,0.0,3,6,1760.0,260.0,1949,0.0,98028,47.7552,-122.229,1780.0,14469.0,2014-08-21,415000.0
1025069106,3.0,3.0,3270.0,38088.0,2.0,0.0,0.0,3,10,3270.0,0.0,1992,0.0,98053,47.6692,-122.028,1870.0,37457.0,2015-02-23,765000.0
3179101945,4.0,1.75,2260.0,6600.0,1.0,0.0,0.0,5,8,1220.0,1040.0,1948,0.0,98115,47.6753,-122.278,2240.0,6600.0,2014-07-15,864000.0
3083000355,5.0,2.0,2020.0,4000.0,2.0,0.0,0.0,3,7,2020.0,0.0,1950,0.0,98144,47.5799,-122.305,1960.0,4000.0,2014-12-04,385000.0
1741700040,3.0,1.0,1000.0,19969.0,1.0,0.0,0.0,3,7,1000.0,0.0,1951,0.0,98033,47.6745,-122.197,1370.0,7962.0,2015-01-13,725000.0
1828001130,4.0,2.25,2030.0,11585.0,1.0,0.0,0.0,4,7,1590.0,440.0,1967,0.0,98052,47.6561,-122.13,1960.0,8977.0,2014-06-17,545000.0
3211580210,3.0,1.75,1730.0,9893.0,1.0,0.0,0.0,4,9,1730.0,0.0,1988,0.0,98042,47.3747,-122.164,2120.0,9108.0,2015-04-11,299900.0
1036000610,3.0,1.75,2010.0,8072.0,1.0,0.0,0.0,4,8,2010.0,0.0,1974,0.0,98052,47.6327,-122.097,2030.0,8055.0,2015-05-07,639500.0
3378100100,4.0,1.5,1540.0,7168.0,1.0,0.0,0.0,3,7,1160.0,380.0,1964,0.0,98055,47.455,-122.198,1540.0,7176.0,2015-03-17,345000.0
9286000150,6.0,4.0,5330.0,18116.0,2.0,0.0,0.0,3,11,3950.0,1380.0,2000,0.0,98006,47.5503,-122.137,4590.0,16900.0,2015-03-30,1130000.0
7254200040,2.0,1.0,960.0,2700.0,1.0,0.0,0.0,3,6,780.0,180.0,1904,0.0,98144,47.6013,-122.299,1400.0,3000.0,2015-03-16,345000.0
8827900690,3.0,2.0,1460.0,2800.0,1.0,0.0,0.0,4,7,730.0,730.0,1921,0.0,98105,47.67,-122.295,1780.0,4560.0,2015-04-21,600000.0
9202500150,4.0,1.75,2160.0,7417.0,1.0,0.0,0.0,4,7,1360.0,800.0,1983,0.0,98056,47.5122,-122.181,1880.0,8022.0,2014-11-04,355000.0
1786810040,3.0,2.75,2640.0,11957.0,1.5,0.0,0.0,3,9,2260.0,380.0,1978,0.0,98052,47.6491,-122.12,2640.0,12641.0,2014-09-09,698000.0
8078410210,4.0,2.25,2170.0,7737.0,2.0,0.0,0.0,3,8,2170.0,0.0,1987,0.0,98074,47.637,-122.029,1850.0,8869.0,2014-06-16,566000.0
3905100210,3.0,2.5,1530.0,3840.0,2.0,0.0,0.0,3,8,1530.0,0.0,1994,0.0,98029,47.5691,-122.007,1720.0,3985.0,2014-07-23,449950.0
5592900015,3.0,1.0,1570.0,7727.0,1.0,,2.0,4,8,1270.0,300.0,1958,0.0,98056,47.4821,-122.192,2440.0,7727.0,2015-01-16,404600.0
7522700110,3.0,1.0,1490.0,7435.0,1.0,0.0,0.0,3,7,1120.0,370.0,1969,0.0,98198,47.368,-122.314,1490.0,7530.0,2014-06-24,258000.0
5253300243,4.0,2.0,1960.0,10559.0,2.0,0.0,0.0,4,7,1960.0,0.0,1955,0.0,98133,47.7494,-122.337,1580.0,7769.0,2015-04-29,415000.0
6669020490,4.0,2.25,2190.0,9020.0,2.0,,0.0,3,8,2190.0,0.0,1978,0.0,98032,47.3742,-122.284,2170.0,8400.0,2014-08-12,320000.0
5104510540,3.0,2.5,1690.0,4102.0,2.0,0.0,0.0,3,7,1690.0,0.0,2003,0.0,98038,47.3552,-122.015,1830.0,4733.0,2014-11-26,295000.0
3579700100,5.0,2.0,2330.0,10750.0,1.0,0.0,0.0,4,7,1190.0,1140.0,1962,0.0,98028,47.7325,-122.245,1830.0,10180.0,2014-05-27,389000.0
8643200035,3.0,1.75,1470.0,27000.0,1.0,0.0,0.0,3,7,1470.0,0.0,1958,0.0,98198,47.3943,-122.311,2230.0,14186.0,2014-08-21,299900.0
2781250100,3.0,2.5,2550.0,5349.0,2.0,0.0,0.0,3,7,2550.0,0.0,2004,0.0,98038,47.3504,-122.026,2640.0,5400.0,2015-04-15,394000.0
3885807255,4.0,2.0,2130.0,5500.0,1.5,0.0,0.0,5,7,2130.0,0.0,1939,0.0,98033,47.6807,-122.199,1490.0,6000.0,2015-02-02,762000.0
1774230090,4.0,2.75,3650.0,48351.0,1.5,0.0,0.0,4,8,3650.0,0.0,1978,0.0,98077,47.7632,-122.089,2820.0,53143.0,2014-06-13,697000.0
3521069146,3.0,2.5,3340.0,70131.0,2.0,0.0,0.0,3,9,2420.0,920.0,1994,0.0,98022,47.2666,-122.015,2760.0,116740.0,2015-03-30,485000.0
424500100,2.0,1.0,800.0,5600.0,1.0,0.0,0.0,5,6,800.0,0.0,1955,0.0,98056,47.4959,-122.172,1100.0,6000.0,2014-10-08,189900.0
3761700053,3.0,2.75,3470.0,9610.0,3.0,,4.0,3,11,3470.0,0.0,1989,0.0,98034,47.7205,-122.26,4130.0,11875.0,2015-01-05,2150000.0
2685600090,3.0,1.5,1030.0,6969.0,1.0,0.0,0.0,4,6,1030.0,0.0,1921,0.0,98108,47.5492,-122.3,1420.0,6000.0,2014-11-18,345000.0
6381500065,3.0,2.0,1630.0,7800.0,1.0,0.0,0.0,5,7,1630.0,0.0,1950,0.0,98125,47.7326,-122.307,1470.0,7800.0,2014-07-29,376500.0
9294300515,3.0,2.0,2010.0,7017.0,2.0,0.0,3.0,3,7,2010.0,0.0,1951,19880.0,98115,47.6828,-122.267,2450.0,6045.0,2014-10-24,775000.0
2769602840,3.0,1.0,1360.0,3737.0,1.5,0.0,0.0,4,6,1360.0,0.0,1910,0.0,98107,47.6751,-122.362,1820.0,4500.0,2014-10-16,450000.0
2526039156,4.0,2.25,2040.0,8315.0,1.0,0.0,0.0,4,8,1480.0,560.0,1958,0.0,98177,47.7077,-122.371,2330.0,8940.0,2014-12-10,760000.0
7852140100,4.0,2.5,2830.0,10954.0,2.0,0.0,0.0,3,8,2830.0,0.0,2003,0.0,98065,47.5396,-121.882,2470.0,10443.0,2014-10-07,569000.0
5522600205,3.0,1.5,2040.0,6750.0,1.0,0.0,0.0,3,7,1280.0,760.0,1950,0.0,98117,47.7013,-122.369,1970.0,6750.0,2014-09-17,500000.0
1370802620,2.0,2.0,1340.0,5350.0,1.5,0.0,0.0,3,8,1340.0,0.0,1941,0.0,98199,47.6384,-122.403,2210.0,5350.0,2014-12-11,592500.0
8079100210,4.0,2.5,2130.0,9139.0,2.0,0.0,0.0,3,9,2130.0,0.0,1988,0.0,98029,47.5648,-122.01,2150.0,8178.0,2015-03-04,620000.0
644200040,5.0,4.25,3920.0,16258.0,2.0,0.0,0.0,3,9,2900.0,1020.0,1990,0.0,98004,47.5871,-122.192,2540.0,12131.0,2014-05-15,1000000.0
9808640090,3.0,2.5,2415.0,2186.0,2.0,0.0,1.0,3,9,2415.0,0.0,1981,0.0,98033,47.6506,-122.202,2660.0,2165.0,2015-03-19,815000.0
5104531120,5.0,2.75,3750.0,12077.0,2.0,0.0,4.0,3,10,3750.0,0.0,2005,0.0,98038,47.3525,-122.002,3120.0,7255.0,2015-03-23,775000.0
3575303970,3.0,1.0,1010.0,7500.0,1.0,0.0,0.0,4,7,1010.0,0.0,1975,0.0,98074,47.6169,-122.062,1230.0,7500.0,2014-07-16,340000.0
6413100090,2.0,1.75,990.0,5850.0,1.0,0.0,0.0,4,6,990.0,0.0,1942,0.0,98125,47.7132,-122.321,840.0,6110.0,2014-09-15,458000.0
2475200870,2.0,1.5,1200.0,5773.0,2.0,0.0,0.0,3,7,1200.0,0.0,1985,0.0,98055,47.4723,-122.19,1530.0,4576.0,2014-09-17,250000.0
3423059081,2.0,1.0,1060.0,16988.0,1.0,,0.0,3,6,1060.0,0.0,1954,0.0,98058,47.4305,-122.157,2320.0,10580.0,2014-10-09,151600.0
1137410040,4.0,2.5,3200.0,6473.0,2.0,0.0,0.0,3,7,3200.0,0.0,2005,0.0,98059,47.5012,-122.15,2480.0,6140.0,2014-05-27,515000.0
3352400330,2.0,1.0,1810.0,10360.0,1.0,0.0,0.0,3,6,1010.0,800.0,1946,0.0,98178,47.5039,-122.266,1810.0,10360.0,2015-03-27,216000.0
2781320100,3.0,1.75,1670.0,24650.0,1.0,0.0,0.0,4,7,1670.0,0.0,1974,0.0,98022,47.1764,-122.026,1810.0,19465.0,2015-03-09,245000.0
8894000040,3.0,2.75,1850.0,16960.0,1.0,0.0,2.0,4,8,1850.0,0.0,1953,0.0,98177,47.7128,-122.365,2470.0,13761.0,2014-06-25,645000.0
3333000775,3.0,1.0,1100.0,5000.0,1.0,0.0,0.0,3,7,1100.0,0.0,1960,0.0,98118,47.5433,-122.283,1020.0,5000.0,2014-09-03,249900.0
9274204230,3.0,1.75,1660.0,6250.0,1.0,0.0,0.0,3,7,830.0,830.0,1980,0.0,98116,47.5859,-122.385,1660.0,5750.0,2014-07-09,410000.0
3972900025,6.0,1.75,2400.0,7500.0,1.5,0.0,0.0,3,7,1400.0,1000.0,1975,0.0,98155,47.7661,-122.313,1980.0,7500.0,2015-03-13,499000.0
1159400220,5.0,3.25,2900.0,12160.0,1.0,,0.0,4,8,1890.0,1010.0,1967,0.0,98005,47.6154,-122.168,2590.0,12160.0,2014-05-29,790000.0
3876313030,1.0,2.25,2140.0,10350.0,1.0,0.0,0.0,3,7,1470.0,670.0,1976,0.0,98072,47.7352,-122.17,1980.0,8400.0,2014-05-20,458000.0
2856100515,4.0,2.5,2670.0,5100.0,2.0,,0.0,3,8,1940.0,730.0,1929,20100.0,98117,47.6768,-122.39,1470.0,4080.0,2014-08-05,925000.0
4239400730,3.0,1.0,1090.0,3264.0,1.0,0.0,0.0,4,6,1090.0,0.0,1969,0.0,98092,47.3155,-122.182,1090.0,3330.0,2014-06-25,152000.0
1826059042,3.0,2.5,1970.0,12205.0,2.0,0.0,0.0,4,8,1970.0,0.0,1990,0.0,98011,47.7397,-122.209,2640.0,9636.0,2014-09-23,402000.0
3869900155,2.0,2.0,1250.0,1178.0,2.0,0.0,0.0,3,7,980.0,270.0,1996,0.0,98136,47.5426,-122.387,1270.0,1242.0,2015-03-26,340000.0
2600010220,4.0,2.5,4040.0,11350.0,2.0,0.0,2.0,4,10,3690.0,350.0,1984,0.0,98006,47.559,-122.162,3770.0,12382.0,2015-03-26,1250000.0
9290870040,4.0,2.5,3220.0,38448.0,2.0,,0.0,3,10,3220.0,0.0,1993,0.0,98053,47.6854,-122.053,3090.0,38448.0,2014-11-17,775000.0
5347200175,2.0,1.0,1310.0,2814.0,1.0,0.0,0.0,3,6,810.0,500.0,1944,0.0,98126,47.5185,-122.376,1300.0,1344.0,2015-03-19,299800.0
3810000455,4.0,2.25,2060.0,8400.0,1.0,0.0,0.0,3,7,1300.0,760.0,1960,0.0,98178,47.4984,-122.23,1990.0,7383.0,2014-09-08,340000.0
1962200037,3.0,2.25,1750.0,1572.0,2.5,0.0,0.0,3,9,1470.0,280.0,2005,0.0,98102,47.6498,-122.321,2410.0,3050.0,2014-05-02,626000.0
795001930,2.0,1.0,1150.0,9186.0,1.0,,0.0,3,7,1150.0,0.0,1946,0.0,98168,47.5081,-122.33,1390.0,10690.0,2014-10-07,324950.0
3905080730,3.0,2.5,2050.0,4976.0,2.0,0.0,0.0,3,8,2050.0,0.0,1994,0.0,98029,47.5689,-121.995,2050.0,5153.0,2015-02-23,535500.0
8651611110,3.0,3.25,3230.0,7639.0,2.0,,0.0,3,10,3230.0,0.0,1999,0.0,98074,47.6338,-122.063,3230.0,7772.0,2014-09-05,817500.0
5411600210,4.0,3.5,4170.0,4322.0,2.0,,0.0,3,9,2940.0,1230.0,2005,0.0,98074,47.6136,-122.041,2970.0,4922.0,2014-08-12,810000.0
7519000665,5.0,1.5,1940.0,3430.0,1.5,,0.0,4,6,1220.0,720.0,1926,0.0,98117,47.6853,-122.362,1830.0,4120.0,2015-04-08,565000.0
4217400120,3.0,1.5,2390.0,4000.0,1.5,0.0,0.0,3,9,1690.0,700.0,1936,0.0,98105,47.6604,-122.28,2350.0,4000.0,2014-11-25,978000.0
3586500665,3.0,1.0,1440.0,27505.0,1.0,0.0,0.0,3,8,1440.0,0.0,1951,0.0,98177,47.7553,-122.37,2430.0,16400.0,2015-01-12,530000.0
2582500110,4.0,2.5,2230.0,6487.0,2.0,,0.0,3,7,2230.0,0.0,2003,0.0,98092,47.3287,-122.169,2230.0,6882.0,2014-10-07,305000.0
6749700031,3.0,2.5,1210.0,1420.0,3.0,0.0,0.0,3,8,1210.0,0.0,2008,0.0,98103,47.6977,-122.349,1190.0,1407.0,2014-06-09,345000.0
4136800205,2.0,2.0,750.0,6553.0,1.5,0.0,2.0,3,7,750.0,0.0,1945,0.0,98178,47.4982,-122.221,1140.0,7500.0,2015-02-19,258000.0
3438503120,4.0,1.0,1770.0,7345.0,1.5,0.0,0.0,3,7,1770.0,0.0,1966,0.0,98106,47.5393,-122.351,1580.0,7345.0,2015-03-30,275000.0
1922069089,3.0,1.0,1020.0,55756.0,1.0,,0.0,3,7,1020.0,0.0,1961,0.0,98042,47.3836,-122.082,1490.0,12745.0,2015-03-24,310000.0
4099501215,3.0,2.0,2050.0,9000.0,1.0,0.0,0.0,4,7,2050.0,0.0,1951,0.0,98040,47.5885,-122.245,2910.0,8856.0,2014-06-03,713250.0
3325069025,3.0,1.0,2000.0,21780.0,1.0,0.0,0.0,3,8,1480.0,520.0,1978,0.0,98074,47.6064,-122.039,2000.0,45738.0,2015-05-08,500000.0
4058200985,3.0,1.75,2180.0,7200.0,1.0,,3.0,4,8,1090.0,1090.0,1954,0.0,98178,47.5044,-122.235,2180.0,7140.0,2014-09-11,472000.0
3031200246,3.0,1.0,920.0,4429.0,1.0,,0.0,3,7,920.0,0.0,1952,0.0,98118,47.5369,-122.291,1320.0,7860.0,2014-07-11,250000.0
624101110,4.0,2.25,3440.0,14237.0,2.0,0.0,0.0,3,9,3440.0,0.0,1982,0.0,98077,47.7241,-122.065,3250.0,18365.0,2014-10-02,725000.0
4046700210,3.0,2.0,1610.0,15005.0,1.0,0.0,0.0,4,7,1610.0,0.0,1986,0.0,98014,47.6886,-121.911,1610.0,15479.0,2014-06-29,345000.0
2916200065,3.0,1.5,1870.0,15685.0,1.0,0.0,0.0,3,7,1470.0,400.0,1936,0.0,98133,47.723,-122.353,1340.0,7620.0,2015-01-15,460000.0
6141100038,2.0,1.0,1110.0,6800.0,1.0,0.0,0.0,5,7,1000.0,110.0,1947,0.0,98133,47.7184,-122.355,1410.0,6963.0,2014-06-02,440150.0
2806800090,3.0,1.75,2200.0,8036.0,1.0,0.0,0.0,3,7,1270.0,930.0,1978,0.0,98011,47.7763,-122.209,1850.0,7563.0,2014-11-04,390000.0
312000265,2.0,1.0,790.0,5120.0,1.0,,0.0,3,6,790.0,0.0,1950,0.0,98136,47.557,-122.395,1250.0,5120.0,2015-05-04,375000.0
2938200040,3.0,1.5,1630.0,9282.0,1.0,0.0,0.0,4,7,1630.0,0.0,1963,0.0,98022,47.2021,-122.002,1420.0,9282.0,2014-12-11,224950.0
114101161,3.0,1.5,2100.0,67269.0,1.0,0.0,0.0,4,7,1220.0,880.0,1949,0.0,98028,47.7592,-122.23,1610.0,15999.0,2014-08-29,480000.0
1862400353,4.0,2.75,2690.0,5400.0,2.0,,0.0,3,7,2210.0,480.0,1940,20090.0,98117,47.6963,-122.367,1620.0,5400.0,2015-03-26,721000.0
179000100,2.0,1.0,600.0,4854.0,1.0,,0.0,5,6,600.0,0.0,1922,0.0,98168,47.4927,-122.28,1470.0,5000.0,2014-08-26,174000.0
7812800865,2.0,1.0,810.0,9882.0,1.0,0.0,0.0,3,6,810.0,0.0,1944,0.0,98178,47.4925,-122.239,950.0,7200.0,2014-11-19,170000.0
809002390,3.0,1.5,1660.0,3190.0,1.5,0.0,0.0,3,7,1660.0,0.0,1919,0.0,98109,47.6368,-122.351,2200.0,3240.0,2015-01-15,658000.0
2925059294,3.0,2.0,1880.0,8494.0,1.0,0.0,0.0,4,7,1200.0,680.0,1968,0.0,98004,47.6217,-122.192,1290.0,9128.0,2015-03-27,860000.0
7574200210,4.0,1.5,2310.0,68824.0,2.0,0.0,0.0,4,7,2310.0,0.0,1968,0.0,98010,47.3354,-122.031,2020.0,39900.0,2014-06-18,407450.0
5634500775,4.0,1.5,2650.0,34000.0,2.0,0.0,0.0,4,7,2650.0,0.0,1930,0.0,98028,47.7516,-122.237,1960.0,34000.0,2015-01-30,615000.0
8965460090,4.0,3.0,3130.0,12381.0,2.0,0.0,0.0,3,9,3130.0,0.0,1995,0.0,98006,47.5599,-122.118,3250.0,10049.0,2015-04-07,920000.0
1796350300,2.0,1.0,860.0,10400.0,1.0,0.0,0.0,4,6,860.0,0.0,1983,0.0,98042,47.3682,-122.096,1390.0,9086.0,2014-07-10,195000.0
428000150,3.0,1.0,990.0,9950.0,1.0,,0.0,5,7,990.0,0.0,1961,0.0,98056,47.5104,-122.171,1370.0,9260.0,2014-07-18,269950.0
2323089009,4.0,3.5,4030.0,1024068.0,2.0,0.0,0.0,3,10,4030.0,0.0,2006,0.0,98045,47.4619,-121.744,1830.0,11700.0,2015-01-19,855000.0
3528900735,3.0,2.25,1780.0,1429.0,3.0,0.0,0.0,3,8,1570.0,210.0,2007,0.0,98109,47.6413,-122.346,1470.0,1799.0,2014-09-10,620000.0
3904100220,2.0,2.0,1480.0,6075.0,1.0,0.0,0.0,5,7,740.0,740.0,1919,0.0,98118,47.5317,-122.276,1230.0,6053.0,2014-12-09,276000.0
254000735,3.0,1.0,1140.0,5258.0,1.5,0.0,0.0,3,6,1140.0,0.0,1911,0.0,98146,47.5122,-122.383,1140.0,5280.0,2014-08-06,329000.0
7893205080,3.0,1.5,1230.0,7500.0,1.0,0.0,0.0,3,7,1230.0,0.0,1962,0.0,98198,47.4202,-122.331,1260.0,7800.0,2014-10-07,270000.0
4397010300,4.0,2.5,3080.0,10646.0,2.0,0.0,0.0,3,9,3080.0,0.0,1993,0.0,98042,47.3828,-122.148,2740.0,9994.0,2014-11-13,440000.0
1150000740,4.0,2.5,1990.0,8034.0,2.0,0.0,0.0,4,10,1990.0,0.0,1989,0.0,98029,47.561,-122.018,2580.0,8034.0,2014-10-03,639000.0
1926049141,1.0,1.0,700.0,5621.0,1.0,0.0,0.0,4,6,700.0,0.0,1945,0.0,98133,47.734,-122.353,1020.0,5621.0,2014-10-10,403500.0
7011201016,3.0,2.5,1700.0,1156.0,2.0,0.0,2.0,3,9,1320.0,380.0,2002,0.0,98119,47.6373,-122.369,1710.0,1686.0,2014-10-01,585000.0
3028200100,2.0,1.0,860.0,9000.0,1.0,0.0,0.0,4,6,860.0,0.0,1942,0.0,98168,47.4801,-122.315,990.0,9975.0,2014-08-26,216000.0
8081010040,3.0,2.5,3160.0,24437.0,1.0,,3.0,3,11,2160.0,1000.0,1991,0.0,98006,47.5531,-122.131,3990.0,11977.0,2014-09-11,1150000.0
3023049186,3.0,2.0,2500.0,30056.0,1.0,0.0,0.0,5,8,1840.0,660.0,1954,0.0,98166,47.4468,-122.337,2500.0,30000.0,2015-04-16,575000.0
8029900110,4.0,2.5,3000.0,9460.0,2.0,0.0,0.0,3,9,3000.0,0.0,2001,0.0,98031,47.3959,-122.211,3000.0,8450.0,2014-11-14,430000.0
9367200205,2.0,1.0,1670.0,8195.0,1.0,0.0,0.0,3,7,1670.0,0.0,1954,19750.0,98033,47.6627,-122.192,1980.0,7500.0,2015-03-24,660000.0
5550300205,2.0,1.0,690.0,6400.0,1.0,0.0,0.0,3,6,690.0,0.0,1943,0.0,98126,47.5287,-122.367,1000.0,6400.0,2015-04-13,338000.0
8820901415,4.0,2.75,1240.0,3867.0,1.0,0.0,0.0,3,7,800.0,440.0,1987,0.0,98125,47.7157,-122.284,1150.0,7733.0,2014-05-29,400000.0
6018500120,2.0,1.0,900.0,5000.0,1.0,0.0,0.0,5,6,900.0,0.0,1930,19900.0,98022,47.2008,-121.995,1150.0,5000.0,2015-02-20,210000.0
3826000665,4.0,1.75,2200.0,8100.0,1.5,0.0,0.0,5,6,1400.0,800.0,1942,0.0,98168,47.4945,-122.303,1520.0,8100.0,2014-05-22,305000.0
1025079086,2.0,1.0,960.0,223898.0,1.0,0.0,0.0,3,6,960.0,0.0,1985,0.0,98014,47.6668,-121.892,1830.0,230868.0,2014-08-20,365000.0
2621660040,5.0,2.75,2130.0,6222.0,1.0,0.0,0.0,3,7,1300.0,830.0,1991,0.0,98118,47.5272,-122.276,2130.0,6222.0,2014-06-29,325000.0
8731982550,4.0,1.75,2020.0,8800.0,1.0,,0.0,4,8,2020.0,0.0,1969,0.0,98023,47.3202,-122.384,2320.0,8000.0,2014-12-10,245000.0
4324500180,3.0,1.0,1060.0,7350.0,1.0,0.0,0.0,4,7,1060.0,0.0,1959,0.0,98032,47.3809,-122.287,1060.0,7350.0,2014-09-26,182000.0
1702901485,2.0,1.0,1230.0,6600.0,1.0,0.0,0.0,3,7,1130.0,100.0,1906,0.0,98118,47.5573,-122.282,1260.0,5060.0,2014-06-03,440000.0
251300110,3.0,2.25,2510.0,12013.0,2.0,0.0,0.0,3,8,2510.0,0.0,1988,0.0,98003,47.3473,-122.314,1870.0,8017.0,2014-07-31,225000.0
251300110,3.0,2.25,2510.0,12013.0,2.0,0.0,0.0,3,8,2510.0,0.0,1988,0.0,98003,47.3473,-122.314,1870.0,8017.0,2015-01-14,358000.0
461002615,5.0,2.5,2720.0,5000.0,1.5,0.0,0.0,4,7,1530.0,1190.0,1939,0.0,98117,47.6827,-122.376,1210.0,5000.0,2014-12-02,580000.0
8091401030,3.0,1.5,1070.0,8886.0,1.0,,0.0,4,7,1070.0,0.0,1984,0.0,98030,47.3516,-122.166,1730.0,9461.0,2015-04-22,240000.0
3924500040,4.0,3.25,3580.0,43093.0,1.0,0.0,0.0,4,8,3580.0,0.0,1990,0.0,98024,47.5595,-121.901,2070.0,43093.0,2015-04-13,700000.0
9432900040,4.0,2.5,2230.0,8500.0,2.0,,0.0,3,8,2230.0,0.0,1994,0.0,98022,47.2082,-122.009,2270.0,8770.0,2014-07-29,325000.0
2426049125,4.0,2.25,2500.0,10890.0,1.0,0.0,0.0,5,7,1800.0,700.0,1978,0.0,98034,47.7318,-122.239,2500.0,7467.0,2014-11-14,488000.0
2883201055,4.0,1.0,1670.0,4600.0,1.5,0.0,0.0,5,8,1670.0,0.0,1906,0.0,98103,47.6838,-122.332,1820.0,4600.0,2014-09-10,875000.0
1795900360,4.0,2.5,2150.0,9070.0,2.0,0.0,0.0,4,8,2150.0,0.0,1985,0.0,98052,47.7279,-122.107,2230.0,8995.0,2014-06-02,615000.0
9542830690,3.0,2.5,2020.0,4183.0,2.0,0.0,0.0,3,7,2020.0,0.0,2012,0.0,98038,47.3658,-122.017,2030.0,4140.0,2014-11-20,321000.0
1245500690,3.0,2.5,2230.0,5750.0,2.0,0.0,0.0,3,9,2230.0,0.0,2003,0.0,98033,47.6938,-122.213,1900.0,8238.0,2014-06-02,1040000.0
7454000315,2.0,1.0,740.0,6300.0,1.0,0.0,0.0,3,6,740.0,0.0,1942,0.0,98126,47.5158,-122.376,740.0,6300.0,2015-04-24,299500.0
2426049113,4.0,1.5,2020.0,9583.0,2.0,0.0,0.0,4,7,2020.0,0.0,1963,0.0,98034,47.7283,-122.238,1770.0,8625.0,2015-04-14,459000.0
8665050450,3.0,2.5,1730.0,4065.0,2.0,0.0,0.0,3,8,1730.0,0.0,1996,0.0,98029,47.5668,-122.005,1730.0,4094.0,2014-09-12,435000.0
2787320620,3.0,1.75,1370.0,8280.0,1.0,0.0,0.0,4,7,1370.0,0.0,1980,0.0,98031,47.4096,-122.172,1850.0,7820.0,2014-10-10,222000.0
5100401411,4.0,1.0,1210.0,6380.0,1.5,0.0,0.0,3,7,1210.0,0.0,1936,0.0,98115,47.6924,-122.321,1340.0,6380.0,2014-10-27,485000.0
2767602855,5.0,3.5,2160.0,2323.0,3.0,0.0,0.0,3,9,2160.0,0.0,2007,0.0,98107,47.6726,-122.39,1750.0,4650.0,2015-04-29,750000.0
7575620750,3.0,2.25,1550.0,6022.0,2.0,0.0,0.0,3,8,1550.0,0.0,1989,0.0,98003,47.3525,-122.304,1650.0,5627.0,2014-12-22,266000.0
1529300115,2.0,1.0,1170.0,6000.0,1.0,0.0,0.0,4,7,970.0,200.0,1941,0.0,98103,47.6994,-122.354,2130.0,6002.0,2014-06-02,455000.0
122029066,3.0,1.75,2020.0,215622.0,2.0,0.0,0.0,4,7,2020.0,0.0,1975,0.0,98070,47.4189,-122.499,1810.0,215622.0,2015-05-08,490000.0
8732130580,3.0,1.75,1740.0,8625.0,1.0,0.0,0.0,4,7,1240.0,500.0,1978,0.0,98023,47.3054,-122.38,1980.0,8625.0,2015-04-30,280000.0
1689400375,4.0,3.25,3100.0,3900.0,2.0,0.0,2.0,5,9,2090.0,,1923,0.0,98109,47.6385,-122.348,2110.0,3900.0,2014-08-05,1450000.0
985001321,4.0,1.0,1590.0,24330.0,1.5,0.0,0.0,3,6,1140.0,450.0,1942,0.0,98168,47.4906,-122.309,1000.0,16228.0,2014-12-17,291000.0
7987400475,5.0,3.0,2400.0,10126.0,2.0,0.0,3.0,3,8,2400.0,0.0,1981,0.0,98126,47.5726,-122.373,2250.0,3946.0,2015-04-17,745000.0
6383000820,3.0,2.5,2290.0,9142.0,1.0,0.0,0.0,3,8,2290.0,0.0,1972,0.0,98117,47.691,-122.387,1770.0,8035.0,2014-08-07,685900.0
1311400120,3.0,1.75,1610.0,7392.0,1.0,0.0,0.0,4,7,1610.0,0.0,1964,0.0,98001,47.3413,-122.28,1450.0,7392.0,2014-08-01,160000.0
1153000040,4.0,2.5,2240.0,9934.0,1.0,0.0,0.0,4,8,1490.0,750.0,1968,0.0,98005,47.6147,-122.166,2640.0,11622.0,2015-04-29,650000.0
7452500530,2.0,1.0,850.0,6370.0,1.0,0.0,0.0,3,6,850.0,0.0,1951,0.0,98126,47.5198,-122.373,850.0,5170.0,2015-02-19,250000.0
6300000212,2.0,1.5,920.0,1458.0,2.0,0.0,0.0,3,7,920.0,0.0,1995,0.0,98133,47.7081,-122.342,1110.0,1598.0,2015-02-18,265000.0
3332000530,5.0,3.25,2590.0,6180.0,1.0,0.0,0.0,3,7,1330.0,1260.0,1960,0.0,98118,47.551,-122.272,1560.0,6180.0,2014-11-05,599000.0
7657600195,3.0,1.0,1340.0,7260.0,1.5,0.0,0.0,3,6,1340.0,0.0,1944,0.0,98178,47.4934,-122.237,1210.0,7260.0,2014-11-05,199950.0
1102000237,4.0,2.75,2420.0,11201.0,1.0,0.0,1.0,3,8,1420.0,1000.0,1948,19990.0,98118,47.5459,-122.265,3170.0,9385.0,2015-04-28,712500.0
2887702070,2.0,1.0,1420.0,4305.0,1.0,0.0,0.0,4,7,920.0,500.0,1941,0.0,98115,47.6864,-122.311,1420.0,4305.0,2014-10-22,490000.0
6392001005,4.0,1.0,1360.0,6000.0,1.5,0.0,0.0,3,7,1360.0,,1917,0.0,98115,47.6854,-122.288,1710.0,6000.0,2014-06-20,511500.0
1601600195,3.0,1.0,1510.0,6200.0,1.0,0.0,0.0,3,6,1010.0,500.0,1955,0.0,98118,47.5293,-122.274,1710.0,8623.0,2015-03-19,299000.0
3586500620,4.0,2.5,2650.0,25248.0,1.0,0.0,2.0,3,9,2330.0,320.0,1954,0.0,98177,47.7537,-122.373,3020.0,23135.0,2014-08-14,685000.0
6021502250,4.0,2.0,2120.0,4000.0,1.5,0.0,0.0,4,7,1720.0,400.0,1927,0.0,98117,47.688,-122.383,1760.0,4000.0,2014-08-25,597000.0
3830210220,3.0,1.0,1200.0,7200.0,1.0,0.0,0.0,3,6,1200.0,0.0,1977,0.0,98030,47.3746,-122.183,1200.0,7420.0,2014-09-08,210000.0
2568300266,4.0,2.5,3190.0,11375.0,1.0,,0.0,5,8,2210.0,980.0,1946,0.0,98125,47.704,-122.3,1100.0,8500.0,2014-05-30,659000.0
3423600065,3.0,1.0,1050.0,4160.0,1.0,0.0,0.0,4,7,1050.0,0.0,1925,0.0,98115,47.6756,-122.3,1580.0,3680.0,2014-06-04,540000.0
3343300180,3.0,2.0,1300.0,22605.0,1.0,0.0,0.0,3,7,1300.0,0.0,1998,0.0,98056,47.5337,-122.187,2250.0,10215.0,2015-03-30,469000.0
3125079013,3.0,2.5,3970.0,263538.0,1.5,0.0,0.0,3,9,3970.0,0.0,1991,0.0,98024,47.6067,-121.952,3970.0,194676.0,2015-04-30,1070000.0
6453900040,5.0,2.5,2990.0,7500.0,1.0,0.0,2.0,3,9,1800.0,1190.0,1972,0.0,98177,47.7707,-122.369,2800.0,9860.0,2014-07-14,575000.0
148000590,4.0,2.75,2440.0,7042.0,1.5,0.0,2.0,4,7,1640.0,,1941,0.0,98116,47.5731,-122.408,2170.0,7900.0,2014-07-31,725000.0
419000015,4.0,1.0,1170.0,5400.0,1.0,0.0,0.0,5,6,1170.0,0.0,1953,0.0,98056,47.492,-122.172,1100.0,5400.0,2014-09-17,299950.0
303000220,4.0,2.0,2270.0,18450.0,1.0,0.0,0.0,3,7,2270.0,0.0,1961,0.0,98001,47.3264,-122.262,2150.0,18450.0,2015-04-21,375000.0
6450302175,3.0,1.5,1280.0,5525.0,1.0,0.0,0.0,3,7,1280.0,0.0,1962,0.0,98133,47.7339,-122.336,1330.0,5286.0,2014-11-18,342450.0
1180000625,4.0,2.5,1950.0,3225.0,2.0,0.0,0.0,3,7,1950.0,0.0,2002,0.0,98178,47.5014,-122.226,1980.0,3225.0,2014-10-29,315000.0
7972600450,4.0,2.75,1930.0,3840.0,1.0,0.0,0.0,3,7,1170.0,760.0,1997,0.0,98106,47.5303,-122.346,1610.0,3840.0,2014-12-22,328000.0
1328300180,4.0,2.75,1970.0,7213.0,1.0,0.0,0.0,3,8,1170.0,800.0,1977,0.0,98058,47.4424,-122.126,1980.0,7045.0,2014-05-09,323000.0
7866000158,4.0,3.0,1820.0,3120.0,1.0,0.0,0.0,3,7,1000.0,820.0,1997,0.0,98118,47.5468,-122.274,1600.0,5001.0,2014-10-22,320000.0
7518505345,2.0,1.0,950.0,4080.0,1.0,0.0,0.0,4,7,950.0,0.0,1924,0.0,98117,47.6765,-122.384,1120.0,4080.0,2014-12-29,550000.0
8084900195,6.0,3.5,4010.0,16200.0,1.0,0.0,0.0,3,8,2090.0,1920.0,1955,19900.0,98004,47.6322,-122.216,3560.0,16200.0,2014-11-21,1650000.0
4139420590,4.0,3.5,4560.0,16643.0,1.0,0.0,3.0,3,12,2230.0,2330.0,1995,0.0,98006,47.5521,-122.115,4060.0,15177.0,2014-05-20,1210000.0
4139420590,4.0,3.5,4560.0,16643.0,1.0,0.0,3.0,3,12,2230.0,2330.0,1995,0.0,98006,47.5521,-122.115,4060.0,15177.0,2014-08-27,1200000.0
2621600015,3.0,1.0,1150.0,8924.0,1.0,0.0,0.0,3,6,1150.0,0.0,1943,0.0,98030,47.3865,-122.217,1492.0,8924.0,2015-01-21,120000.0
2621600015,3.0,1.0,1150.0,8924.0,1.0,0.0,0.0,3,6,1150.0,0.0,1943,0.0,98030,47.3865,-122.217,1492.0,8924.0,2015-04-30,175000.0
8005100360,3.0,1.0,910.0,5800.0,1.5,0.0,0.0,4,5,910.0,0.0,1900,0.0,98022,47.2068,-121.992,1400.0,6766.0,2014-09-16,169900.0
9527000330,6.0,2.75,2890.0,7500.0,1.0,0.0,0.0,4,8,1830.0,1060.0,1976,0.0,98034,47.7099,-122.23,1880.0,7500.0,2014-08-11,508000.0
748000145,2.0,1.0,1070.0,6678.0,1.0,0.0,0.0,4,7,1070.0,0.0,1951,0.0,98133,47.7315,-122.357,1680.0,7788.0,2014-12-11,335000.0
9191200015,3.0,2.75,2050.0,3320.0,1.5,0.0,0.0,4,7,1580.0,470.0,1927,0.0,98105,47.6719,-122.301,1760.0,4150.0,2014-09-10,613200.0
1822300040,2.0,1.5,1040.0,3500.0,1.5,0.0,0.0,4,6,1040.0,0.0,1904,0.0,98144,47.588,-122.304,1340.0,1213.0,2014-05-07,420000.0
9129100040,4.0,3.25,3320.0,8587.0,3.0,0.0,0.0,3,11,2950.0,370.0,2008,0.0,98103,47.691,-122.337,1860.0,5668.0,2014-08-25,1000000.0
3331500940,2.0,1.0,740.0,6180.0,1.0,0.0,0.0,3,6,740.0,0.0,1948,0.0,98118,47.5517,-122.272,1330.0,4635.0,2014-06-17,342000.0
524069101,4.0,2.0,3380.0,90968.0,1.0,0.0,0.0,4,9,1690.0,1690.0,1979,0.0,98075,47.5936,-122.077,3380.0,42740.0,2014-07-23,850000.0
6021502310,2.0,1.75,1210.0,4141.0,1.0,0.0,0.0,4,7,910.0,300.0,1942,0.0,98117,47.686,-122.382,1310.0,4141.0,2014-12-18,582000.0
4022901316,3.0,2.5,2480.0,6031.0,2.0,0.0,0.0,3,8,2480.0,0.0,2001,0.0,98155,47.772,-122.297,1850.0,7704.0,2014-10-31,475000.0
23500180,3.0,2.25,2010.0,6000.0,1.0,0.0,0.0,3,8,1330.0,680.0,1975,0.0,98052,47.6912,-122.115,2080.0,8260.0,2014-05-05,570000.0
9191200490,4.0,3.25,3230.0,5000.0,1.5,0.0,0.0,4,7,1750.0,1480.0,1916,0.0,98105,47.6702,-122.3,1730.0,4000.0,2015-03-24,826600.0
1189000207,2.0,2.5,1170.0,1394.0,2.0,0.0,0.0,3,8,1170.0,0.0,2001,0.0,98122,47.6131,-122.297,1250.0,3136.0,2014-10-21,387000.0
1771110720,3.0,1.0,1250.0,9126.0,1.0,0.0,0.0,3,7,1250.0,0.0,1969,0.0,98077,47.7554,-122.076,1440.0,10620.0,2014-05-21,330000.0
224069010,3.0,2.5,2070.0,49658.0,1.0,0.0,0.0,4,8,1540.0,530.0,1980,0.0,98075,47.5936,-122.013,2620.0,35160.0,2014-07-25,653450.0
3630060040,2.0,1.0,1050.0,3088.0,1.0,,0.0,3,7,1050.0,0.0,2005,0.0,98029,47.5471,-121.996,1890.0,2772.0,2014-09-11,285000.0
3211100450,3.0,1.0,1400.0,7800.0,1.0,0.0,0.0,3,7,1400.0,0.0,1962,0.0,98059,47.4789,-122.159,1400.0,7800.0,2014-08-14,217000.0
1245003255,3.0,1.0,1120.0,12500.0,1.0,,0.0,4,7,1120.0,0.0,1977,0.0,98033,47.6842,-122.2,2380.0,10000.0,2015-02-23,615000.0
1438000110,4.0,2.5,3150.0,5886.0,2.0,0.0,0.0,3,8,3150.0,0.0,2014,0.0,98059,47.4787,-122.122,2650.0,5886.0,2014-06-03,580135.0
8089500180,4.0,3.5,4540.0,19767.0,2.0,0.0,0.0,3,11,4200.0,340.0,1998,0.0,98006,47.5445,-122.137,3990.0,12881.0,2014-07-30,1150000.0
6802200110,3.0,2.0,1400.0,8821.0,1.0,0.0,0.0,3,7,1400.0,0.0,1991,0.0,98022,47.1949,-121.989,1450.0,8721.0,2014-10-29,231200.0
7203100120,4.0,2.75,2500.0,4950.0,2.0,0.0,0.0,3,8,2500.0,0.0,2010,0.0,98053,47.6964,-122.017,2500.0,4950.0,2014-06-16,680000.0
3445400120,3.0,1.5,1390.0,2153.0,2.0,0.0,0.0,3,7,1390.0,0.0,2001,0.0,98118,47.5506,-122.29,1100.0,2617.0,2014-07-25,267500.0
1454100650,4.0,2.75,3160.0,37200.0,2.0,0.0,3.0,3,8,2310.0,850.0,1939,0.0,98125,47.7214,-122.285,3130.0,20000.0,2014-08-04,942000.0
106000015,3.0,1.75,1310.0,8065.0,1.0,0.0,0.0,4,6,1310.0,0.0,1948,0.0,98117,47.701,-122.368,1420.0,8100.0,2014-06-19,435000.0
9459200110,2.0,1.0,1740.0,3622.0,1.0,0.0,0.0,4,7,950.0,790.0,1924,0.0,98118,47.5541,-122.29,1270.0,3800.0,2014-06-10,315000.0
3448000410,3.0,2.5,1490.0,1709.0,3.0,,0.0,3,8,1490.0,0.0,2004,0.0,98125,47.7173,-122.299,1364.0,1709.0,2014-05-13,354901.0
8682281220,2.0,2.0,1300.0,6515.0,1.0,0.0,0.0,3,8,1300.0,0.0,2005,0.0,98053,47.7078,-122.013,1640.0,6009.0,2014-10-14,439888.0
2114700530,4.0,1.0,1460.0,3840.0,1.5,0.0,0.0,3,8,1340.0,120.0,1928,0.0,98106,47.533,-122.347,990.0,4200.0,2015-01-22,360000.0
8093600065,4.0,1.0,1030.0,6621.0,1.0,0.0,0.0,4,6,1030.0,0.0,1955,0.0,98055,47.4857,-122.221,1420.0,6631.0,2014-12-31,205000.0
4137030040,3.0,2.5,1970.0,7500.0,2.0,0.0,0.0,3,8,1970.0,0.0,1988,0.0,98092,47.2658,-122.218,1950.0,8220.0,2014-06-12,299995.0
5126900100,2.0,1.0,790.0,7275.0,1.0,0.0,0.0,4,6,790.0,0.0,1944,0.0,98058,47.4771,-122.174,850.0,7399.0,2014-09-23,150000.0
5469501530,3.0,2.25,3800.0,33825.0,1.0,0.0,0.0,4,10,3330.0,470.0,1976,0.0,98042,47.3797,-122.152,3470.0,14484.0,2014-06-03,575000.0
7784000180,3.0,2.0,2168.0,12616.0,2.0,0.0,1.0,4,7,2168.0,0.0,1950,0.0,98146,47.4933,-122.367,2168.0,9750.0,2015-05-05,625000.0
7135520610,4.0,3.5,4140.0,13392.0,2.0,0.0,0.0,3,11,4140.0,0.0,2000,0.0,98059,47.5261,-122.144,4140.0,11529.0,2014-05-29,950000.0
8856500120,4.0,2.5,2440.0,7797.0,1.0,0.0,0.0,3,8,1560.0,880.0,1965,0.0,98031,47.3895,-122.222,2090.0,8100.0,2015-02-10,278800.0
5015000180,3.0,2.0,1720.0,4200.0,2.0,0.0,0.0,3,8,1720.0,0.0,1908,0.0,98112,47.6285,-122.301,1720.0,4200.0,2014-11-10,713500.0
3024059014,4.0,2.25,3020.0,11489.0,1.5,1.0,3.0,5,10,2110.0,910.0,1916,0.0,98040,47.5395,-122.21,3890.0,11489.0,2015-03-25,1900000.0
9268200348,5.0,2.0,2610.0,5009.0,1.0,0.0,0.0,3,7,1710.0,900.0,1988,0.0,98117,47.6969,-122.366,1600.0,5040.0,2014-10-28,439000.0
9195700040,3.0,2.0,1500.0,8086.0,1.0,0.0,0.0,3,7,1060.0,440.0,1981,0.0,98027,47.5584,-122.081,1550.0,8086.0,2014-09-26,425000.0
8798000100,4.0,2.5,2600.0,11280.0,1.5,0.0,0.0,3,7,1570.0,1030.0,1961,0.0,98003,47.336,-122.304,1660.0,11200.0,2014-08-25,252500.0
304000530,3.0,1.5,1370.0,8470.0,1.0,0.0,0.0,4,7,1370.0,0.0,1961,0.0,98092,47.2874,-122.192,1710.0,8800.0,2014-05-12,185000.0
3575304895,5.0,2.75,2400.0,15781.0,1.0,0.0,0.0,4,7,1200.0,1200.0,1974,0.0,98074,47.622,-122.059,2390.0,7500.0,2014-09-23,406550.0
9406500540,2.0,1.5,1068.0,1758.0,2.0,0.0,0.0,3,7,1068.0,0.0,1990,0.0,98028,47.7527,-122.244,1078.0,1315.0,2014-06-30,243000.0
6071800410,3.0,1.5,2220.0,8994.0,1.0,0.0,0.0,4,8,1110.0,1110.0,1962,0.0,98006,47.5473,-122.172,2220.0,8994.0,2014-12-01,500000.0
2122049013,2.0,1.0,880.0,7575.0,1.0,0.0,0.0,4,7,880.0,0.0,1942,0.0,98198,47.3757,-122.304,1800.0,7575.0,2015-05-13,204750.0
5470100220,3.0,1.5,1310.0,9273.0,1.0,0.0,0.0,4,7,1310.0,0.0,1968,0.0,98042,47.3683,-122.147,1710.0,9600.0,2014-09-09,222000.0
6623400246,4.0,1.0,1350.0,11507.0,1.0,0.0,0.0,3,7,1350.0,0.0,1966,0.0,98055,47.4269,-122.197,1320.0,25675.0,2014-05-23,200000.0
3918400028,3.0,2.25,1400.0,1320.0,3.0,,2.0,3,8,1400.0,0.0,2006,0.0,98133,47.7147,-122.356,1490.0,1449.0,2014-10-21,367000.0
1422700040,3.0,1.0,1170.0,7320.0,1.0,0.0,0.0,3,7,1170.0,0.0,1962,0.0,98188,47.4685,-122.282,2040.0,7320.0,2015-05-14,183000.0
7660100336,3.0,2.5,1020.0,1570.0,2.0,0.0,0.0,3,7,720.0,300.0,2004,0.0,98144,47.5871,-122.317,1470.0,1249.0,2014-12-10,300000.0
6145602240,3.0,1.75,1300.0,3844.0,1.0,0.0,0.0,3,7,1300.0,0.0,1985,0.0,98133,47.7024,-122.355,1290.0,3844.0,2014-08-19,369000.0
7287100035,3.0,2.0,2010.0,16736.0,2.0,0.0,0.0,4,6,2010.0,0.0,1929,0.0,98133,47.7643,-122.352,1890.0,11477.0,2014-07-31,380000.0
5101405465,3.0,2.0,1590.0,5009.0,2.0,0.0,0.0,4,6,1590.0,0.0,1985,0.0,98125,47.7012,-122.322,1730.0,6380.0,2015-02-03,463000.0
3756500180,3.0,1.0,1470.0,9750.0,1.0,0.0,0.0,3,7,1470.0,0.0,1963,0.0,98034,47.7155,-122.194,1300.0,9750.0,2014-12-08,475000.0
3750605620,3.0,1.75,1580.0,14400.0,1.0,,0.0,4,7,1580.0,0.0,1981,0.0,98001,47.2598,-122.281,1480.0,9600.0,2015-03-24,225000.0
2473350790,3.0,1.75,1970.0,9512.0,1.0,0.0,0.0,3,8,1970.0,0.0,1968,0.0,98058,47.4545,-122.146,2250.0,10573.0,2015-05-11,371000.0
3389900965,3.0,2.5,2330.0,3141.0,2.0,0.0,0.0,3,8,2330.0,0.0,2003,0.0,98116,47.5622,-122.392,1980.0,5265.0,2014-08-27,625000.0
1068000375,6.0,5.0,7100.0,18200.0,2.5,0.0,0.0,3,13,5240.0,1860.0,1933,20020.0,98199,47.6427,-122.408,3130.0,6477.0,2014-09-23,3200000.0
9407100730,3.0,1.75,1230.0,10725.0,1.0,0.0,0.0,3,7,1230.0,0.0,1980,0.0,98045,47.4431,-121.772,1250.0,10170.0,2015-01-29,329000.0
7618700112,3.0,1.75,2570.0,13000.0,2.0,0.0,0.0,4,7,2570.0,0.0,1962,0.0,98177,47.7705,-122.371,2570.0,8521.0,2015-02-10,634000.0
5104540360,4.0,2.5,3440.0,6915.0,2.0,,0.0,3,10,3440.0,0.0,2006,0.0,98038,47.3538,-122.004,3200.0,6915.0,2014-11-07,616000.0
1051000040,3.0,2.25,3330.0,20053.0,2.0,0.0,0.0,3,9,3330.0,0.0,1968,0.0,98004,47.6395,-122.214,2870.0,20053.0,2015-04-24,1820000.0
2896400300,4.0,2.25,1780.0,2684.0,2.0,0.0,0.0,3,7,1780.0,0.0,2002,0.0,98072,47.7642,-122.149,1670.0,2426.0,2015-03-19,435000.0
5003600120,4.0,2.5,2110.0,6295.0,2.0,0.0,0.0,3,8,2110.0,0.0,2000,0.0,98030,47.3641,-122.193,2720.0,6311.0,2015-04-15,320000.0
6352600490,4.0,3.5,2770.0,8049.0,2.0,0.0,0.0,3,9,2770.0,0.0,2002,0.0,98074,47.6469,-122.081,3410.0,7447.0,2015-01-14,820000.0
3820350120,3.0,2.5,1590.0,3359.0,2.0,0.0,0.0,3,7,1590.0,0.0,2000,0.0,98019,47.7349,-121.986,1820.0,3383.0,2014-08-22,310000.0
4235400097,3.0,2.25,1460.0,968.0,2.0,0.0,0.0,3,7,1140.0,320.0,2003,0.0,98199,47.6601,-122.4,1460.0,1531.0,2014-12-02,443750.0
2757000040,4.0,2.25,2070.0,13084.0,1.0,0.0,0.0,4,8,1700.0,370.0,1967,0.0,98040,47.5606,-122.222,2520.0,10180.0,2014-06-05,795000.0
537000325,3.0,2.5,2420.0,36862.0,1.0,,0.0,4,8,1530.0,890.0,1957,0.0,98003,47.3264,-122.308,1670.0,9046.0,2014-11-04,475000.0
9522100485,5.0,1.75,2000.0,3750.0,2.0,,0.0,4,7,2000.0,0.0,1921,0.0,98103,47.6618,-122.355,1520.0,3750.0,2014-05-15,585000.0
345700040,2.0,1.0,1010.0,7338.0,2.0,0.0,0.0,4,7,1010.0,0.0,1981,0.0,98056,47.5123,-122.19,1220.0,7719.0,2014-07-29,315000.0
3904960910,4.0,2.5,3050.0,7238.0,2.0,0.0,0.0,3,8,3050.0,0.0,1989,0.0,98029,47.5772,-122.013,2580.0,7228.0,2014-09-17,635000.0
1771000690,3.0,1.0,1160.0,11776.0,1.0,0.0,0.0,3,7,1160.0,0.0,1968,0.0,98077,47.7427,-122.074,1160.0,10050.0,2014-05-28,305000.0
1931300035,3.0,2.0,2180.0,5440.0,1.0,0.0,0.0,5,7,1100.0,1080.0,1904,0.0,98103,47.657,-122.345,1470.0,4109.0,2014-05-16,785000.0
2770601800,3.0,1.75,1560.0,6000.0,1.0,0.0,0.0,3,6,780.0,780.0,1944,0.0,98199,47.6501,-122.384,1560.0,1734.0,2014-10-24,525000.0
5309100515,4.0,1.75,1580.0,3635.0,1.0,,0.0,4,7,790.0,790.0,1910,0.0,98117,47.6795,-122.371,1190.0,3638.0,2015-01-20,537000.0
984210850,3.0,1.75,1660.0,8303.0,1.0,0.0,0.0,3,7,1380.0,280.0,1974,0.0,98058,47.4366,-122.171,1740.0,8320.0,2015-02-17,279950.0
924059233,4.0,2.0,2350.0,9329.0,2.0,0.0,0.0,3,8,2350.0,0.0,1977,0.0,98005,47.583,-122.17,1640.0,9403.0,2014-12-08,659000.0
5029451080,2.0,1.0,1440.0,6650.0,1.0,0.0,0.0,3,7,970.0,,1980,0.0,98023,47.2896,-122.369,1600.0,6847.0,2014-08-21,203000.0
4379400220,4.0,2.5,2930.0,7806.0,2.0,0.0,0.0,3,9,2930.0,0.0,2005,0.0,98074,47.6219,-122.024,2600.0,6051.0,2014-09-09,782500.0
5419800220,3.0,1.75,1590.0,7560.0,1.0,0.0,0.0,3,7,1130.0,460.0,1984,0.0,98031,47.4016,-122.18,1500.0,7560.0,2014-06-10,250000.0
1839500065,3.0,1.0,1400.0,9450.0,1.0,0.0,0.0,4,7,1060.0,340.0,1955,0.0,98056,47.5051,-122.194,1400.0,8108.0,2014-08-05,279000.0
2525059172,6.0,2.5,3190.0,12196.0,2.0,0.0,0.0,4,8,3190.0,0.0,1979,0.0,98052,47.6309,-122.103,2790.0,13068.0,2014-11-25,664000.0
7159200040,4.0,3.25,4580.0,4838.0,2.0,,3.0,4,11,3080.0,1500.0,1991,0.0,98109,47.6305,-122.354,3540.0,6483.0,2014-09-17,2900000.0
3812400107,4.0,2.0,1830.0,6000.0,1.0,0.0,0.0,5,7,1070.0,760.0,1953,0.0,98118,47.5453,-122.279,1830.0,5500.0,2015-03-30,378500.0
2726079061,3.0,1.75,2720.0,149410.0,1.5,0.0,0.0,3,9,2720.0,0.0,1988,0.0,98014,47.7092,-121.892,2560.0,149410.0,2014-05-07,535000.0
1270000040,2.0,1.0,1360.0,22508.0,1.0,0.0,0.0,3,7,1360.0,0.0,1932,0.0,98034,47.7101,-122.226,2830.0,12600.0,2014-07-16,520000.0
2113700115,3.0,2.0,1520.0,4000.0,1.0,0.0,0.0,5,6,800.0,720.0,1943,0.0,98106,47.531,-122.351,1430.0,4000.0,2015-05-04,369950.0
824069113,3.0,2.25,2290.0,14585.0,2.0,0.0,0.0,3,8,2290.0,0.0,1981,0.0,98075,47.5874,-122.074,1660.0,36961.0,2014-09-24,545000.0
8856920110,3.0,2.5,2150.0,14092.0,2.0,,0.0,3,8,2150.0,0.0,1991,0.0,98058,47.4621,-122.129,2400.0,10699.0,2015-05-04,360000.0
8146100410,3.0,1.5,1170.0,7645.0,1.0,0.0,0.0,4,7,1170.0,0.0,1955,0.0,98004,47.6077,-122.194,1870.0,7678.0,2014-08-05,760000.0
5101400838,3.0,1.75,1830.0,5488.0,1.0,0.0,2.0,4,7,1010.0,820.0,1939,0.0,98115,47.6914,-122.309,1200.0,5488.0,2014-09-16,450000.0
1088800850,4.0,2.5,2730.0,12261.0,2.0,0.0,0.0,3,9,2730.0,0.0,1991,0.0,98011,47.7419,-122.205,2730.0,10872.0,2014-05-02,612500.0
1061400360,3.0,1.0,1090.0,10710.0,1.0,0.0,0.0,4,7,1090.0,0.0,1962,0.0,98056,47.5,-122.169,1090.0,10440.0,2014-07-01,280000.0
9545250110,3.0,2.5,2560.0,9182.0,2.0,0.0,0.0,3,9,2560.0,0.0,1993,0.0,98027,47.5361,-122.051,2800.0,8784.0,2015-04-14,750000.0
425400115,3.0,1.0,1160.0,6132.0,1.0,0.0,0.0,4,7,1160.0,0.0,1958,0.0,98056,47.5015,-122.173,1280.0,6132.0,2014-07-15,237000.0
2436700315,2.0,1.75,1010.0,4000.0,1.5,0.0,0.0,5,7,1010.0,0.0,1919,0.0,98105,47.6665,-122.287,1470.0,4000.0,2014-10-14,441500.0
1545803520,3.0,2.0,1650.0,7930.0,1.0,,0.0,4,7,1650.0,0.0,1989,0.0,98038,47.3617,-122.05,1510.0,7930.0,2015-01-26,251000.0
257000037,3.0,1.0,2120.0,31564.0,1.0,0.0,0.0,3,7,1220.0,900.0,1942,0.0,98168,47.4938,-122.298,1790.0,11571.0,2014-12-29,200000.0
5016000315,1.0,1.0,960.0,2640.0,1.0,0.0,0.0,3,7,760.0,200.0,1908,0.0,98112,47.6223,-122.294,1620.0,3759.0,2014-06-16,332000.0
6300500477,3.0,2.5,1509.0,1114.0,3.0,0.0,0.0,3,8,1509.0,0.0,2014,0.0,98133,47.7048,-122.34,1509.0,2431.0,2014-08-26,401500.0
4022905172,4.0,1.75,2270.0,27122.0,1.0,0.0,0.0,5,8,1300.0,970.0,1957,0.0,98155,47.7637,-122.281,2380.0,11822.0,2014-09-26,585000.0
7300000650,4.0,2.5,1954.0,4805.0,2.0,0.0,0.0,3,8,1954.0,0.0,2005,0.0,98055,47.4297,-122.19,1714.0,3259.0,2014-07-02,340000.0
8682282070,3.0,3.5,2800.0,7694.0,1.0,,0.0,3,9,2800.0,0.0,2005,0.0,98053,47.7095,-122.022,2420.0,7694.0,2015-01-12,920000.0
7812801115,3.0,1.0,1270.0,6405.0,1.5,0.0,0.0,3,6,1270.0,0.0,1944,0.0,98178,47.4959,-122.241,1110.0,6405.0,2014-06-13,153000.0
9269750690,4.0,2.25,1810.0,7601.0,1.0,0.0,0.0,3,7,1080.0,730.0,1986,0.0,98023,47.2857,-122.358,1570.0,7601.0,2015-01-05,299950.0
1402620120,4.0,2.5,2410.0,7517.0,2.0,0.0,0.0,3,8,2410.0,0.0,1983,0.0,98058,47.4388,-122.142,2420.0,8095.0,2015-05-12,440000.0
3793501390,3.0,2.5,1690.0,17383.0,2.0,0.0,0.0,3,7,1690.0,0.0,2003,0.0,98038,47.3691,-122.031,2610.0,7999.0,2014-09-15,293000.0
9282800065,3.0,1.75,1190.0,6000.0,1.0,0.0,0.0,3,7,1190.0,0.0,1952,0.0,98178,47.5026,-122.236,1200.0,6000.0,2015-03-29,203000.0
1921059310,2.0,1.75,1280.0,6774.0,1.0,,0.0,3,7,1280.0,0.0,1991,0.0,98002,47.2925,-122.219,1450.0,7810.0,2015-03-20,193000.0
109000040,3.0,1.75,1460.0,7862.0,1.0,0.0,0.0,3,7,1460.0,0.0,1965,0.0,98155,47.7755,-122.299,2200.0,9293.0,2015-03-16,305000.0
5101405331,4.0,1.75,1600.0,6380.0,1.0,0.0,0.0,3,8,1130.0,470.0,1959,0.0,98125,47.701,-122.306,1090.0,6380.0,2014-05-02,495000.0
2044500142,3.0,1.75,1770.0,6000.0,1.0,0.0,0.0,3,7,1130.0,640.0,1952,0.0,98125,47.7135,-122.315,1900.0,7200.0,2014-09-02,420000.0
1837010040,4.0,2.5,2800.0,8190.0,1.0,0.0,0.0,3,8,1700.0,1100.0,1971,0.0,98177,47.7695,-122.368,2460.0,8165.0,2014-09-05,569500.0
3905000540,4.0,2.5,2680.0,9185.0,2.0,0.0,0.0,3,9,2680.0,0.0,1989,0.0,98029,47.5738,-121.992,2810.0,8505.0,2014-05-15,620000.0
6071200375,3.0,1.75,1680.0,9460.0,1.0,0.0,0.0,4,7,1680.0,0.0,1959,0.0,98006,47.5525,-122.182,1690.0,9448.0,2014-12-11,466000.0
3756500610,3.0,1.0,1120.0,10032.0,1.0,0.0,0.0,3,7,1120.0,0.0,1962,0.0,98034,47.7182,-122.194,1210.0,9918.0,2015-03-24,355500.0
3885805035,2.0,1.0,1040.0,7200.0,1.0,0.0,0.0,4,6,1040.0,0.0,1955,0.0,98033,47.6823,-122.203,1640.0,7200.0,2015-05-08,687500.0
7525100530,3.0,2.25,1790.0,2240.0,2.0,0.0,0.0,4,8,1790.0,0.0,1975,0.0,98052,47.6343,-122.106,1780.0,2560.0,2015-04-11,432100.0
1324059048,3.0,2.5,2410.0,34848.0,1.5,0.0,0.0,3,8,2410.0,0.0,1976,0.0,98006,47.5694,-122.12,2420.0,16424.0,2014-07-21,500000.0
3904921250,5.0,3.25,3370.0,7313.0,2.0,0.0,0.0,4,8,2140.0,1230.0,1988,0.0,98029,47.5632,-122.015,2990.0,7806.0,2014-10-10,690000.0
3331500485,2.0,1.0,800.0,5150.0,1.0,,0.0,4,6,800.0,0.0,1949,0.0,98118,47.5525,-122.274,1280.0,5150.0,2015-01-02,350000.0
7338401759,2.0,1.0,1380.0,5000.0,1.0,0.0,0.0,3,7,870.0,510.0,1943,0.0,98108,47.5339,-122.293,1450.0,5000.0,2014-06-10,268000.0
3122069029,2.0,1.0,990.0,39964.0,1.0,0.0,0.0,2,4,990.0,0.0,1945,0.0,98042,47.3577,-122.085,1560.0,8990.0,2014-06-19,120000.0
3797310150,4.0,2.5,1800.0,9229.0,2.0,0.0,0.0,3,7,1800.0,0.0,1994,0.0,98022,47.1927,-122.015,1970.0,9231.0,2015-02-18,285000.0
2205500540,4.0,1.5,1820.0,12327.0,1.0,0.0,0.0,4,7,1380.0,440.0,1955,0.0,98006,47.5767,-122.144,1450.0,9256.0,2014-10-08,365000.0
7202310040,3.0,2.5,2620.0,6842.0,2.0,,0.0,3,7,2620.0,0.0,2002,0.0,98053,47.6846,-122.037,2280.0,4800.0,2015-04-08,635000.0
3630120330,2.0,2.5,2290.0,3507.0,2.0,0.0,0.0,3,9,2290.0,0.0,2005,0.0,98029,47.5545,-122.002,2290.0,3640.0,2014-07-08,630000.0
4310700665,4.0,3.0,2200.0,4466.0,2.0,0.0,0.0,3,7,2200.0,0.0,1968,0.0,98103,47.7005,-122.339,1780.0,2250.0,2015-03-05,450000.0
7504001080,4.0,2.5,2940.0,12600.0,1.0,0.0,0.0,4,8,1850.0,1090.0,1974,0.0,98074,47.6294,-122.062,2030.0,11770.0,2015-03-04,590000.0
2021200770,2.0,1.75,1700.0,3618.0,1.0,0.0,1.0,3,8,1260.0,440.0,1950,0.0,98199,47.6336,-122.397,2200.0,5000.0,2014-09-09,895000.0
2005600090,3.0,1.0,860.0,11900.0,1.0,0.0,0.0,4,6,860.0,0.0,1963,0.0,98030,47.3574,-122.186,1660.0,10248.0,2014-05-14,160000.0
123000110,2.0,1.0,910.0,5000.0,1.0,0.0,0.0,3,7,910.0,0.0,1924,0.0,98107,47.6733,-122.37,1050.0,5000.0,2014-09-30,520000.0
2473372170,4.0,3.25,2820.0,13059.0,2.0,0.0,0.0,4,8,2820.0,0.0,1976,0.0,98058,47.4508,-122.132,2360.0,8600.0,2014-08-06,432000.0
7227500865,2.0,1.0,930.0,4743.0,1.0,,0.0,4,5,930.0,0.0,1942,0.0,98056,47.4966,-122.187,930.0,4779.0,2014-05-19,141800.0
510001280,4.0,2.0,2190.0,4560.0,2.5,0.0,0.0,5,8,2190.0,0.0,1910,0.0,98103,47.662,-122.329,2190.0,4560.0,2014-07-14,980000.0
3886903615,4.0,2.5,3430.0,7200.0,2.0,0.0,0.0,3,9,3430.0,0.0,2014,0.0,98033,47.6842,-122.196,1530.0,7800.0,2015-04-16,1290000.0
439200035,4.0,2.75,2560.0,6900.0,1.0,0.0,0.0,3,8,1480.0,1080.0,1959,0.0,98115,47.686,-122.297,2600.0,7200.0,2014-11-17,740000.0
4303200184,2.0,1.0,770.0,6450.0,1.0,0.0,0.0,4,6,770.0,0.0,1948,0.0,98106,47.531,-122.358,780.0,6063.0,2014-10-10,230000.0
9362000040,3.0,4.5,5230.0,17826.0,2.0,1.0,4.0,3,10,3740.0,1490.0,2005,0.0,98040,47.5348,-122.243,3670.0,17826.0,2014-06-23,3400000.0
4039701280,3.0,2.25,2440.0,9689.0,1.0,0.0,2.0,4,8,1830.0,610.0,1974,0.0,98008,47.6141,-122.111,2730.0,9689.0,2015-04-08,954500.0
9828201202,3.0,1.5,1650.0,3150.0,1.5,0.0,0.0,4,8,1650.0,0.0,1929,0.0,98122,47.6156,-122.297,1650.0,4500.0,2015-03-16,622000.0
2734100835,1.0,1.0,780.0,4000.0,1.0,0.0,0.0,3,5,780.0,0.0,1905,0.0,98108,47.5424,-122.321,1150.0,4000.0,2015-03-03,90000.0
6749700110,3.0,3.0,1260.0,1634.0,3.0,,0.0,3,8,1260.0,0.0,1998,0.0,98103,47.697,-122.349,1260.0,1135.0,2014-10-29,342000.0
3832060940,4.0,2.5,2320.0,4683.0,2.0,0.0,0.0,3,7,2320.0,0.0,2007,0.0,98042,47.3349,-122.059,2230.0,5750.0,2014-07-29,305000.0
2214800110,4.0,2.75,1560.0,8820.0,1.0,0.0,3.0,3,7,1060.0,500.0,1979,0.0,98001,47.3382,-122.257,2140.0,7800.0,2014-08-20,259900.0
1909600115,3.0,2.0,2330.0,6346.0,1.5,0.0,0.0,3,6,1600.0,730.0,1934,20140.0,98146,47.5135,-122.38,1380.0,8400.0,2014-08-27,420000.0
40000553,2.0,1.0,1400.0,19570.0,1.5,0.0,0.0,3,6,1100.0,300.0,1929,0.0,98168,47.4724,-122.271,2250.0,6500.0,2015-03-04,250000.0
7686203195,3.0,1.5,1450.0,6875.0,1.0,0.0,0.0,4,7,1450.0,0.0,1961,0.0,98198,47.4205,-122.316,1270.0,8000.0,2015-03-23,249950.0
2923059064,2.0,1.0,1140.0,15120.0,1.0,0.0,0.0,4,6,990.0,150.0,1932,0.0,98055,47.4521,-122.196,2320.0,11250.0,2015-02-17,199000.0
2895600090,3.0,1.0,1120.0,7320.0,1.0,,0.0,4,7,1120.0,0.0,1954,0.0,98146,47.5103,-122.382,1410.0,6328.0,2015-04-07,355200.0
4019301386,3.0,1.5,1970.0,13709.0,1.0,0.0,0.0,4,7,1680.0,290.0,1955,0.0,98155,47.7562,-122.277,2200.0,16536.0,2014-09-09,425000.0
7199360100,3.0,1.0,1110.0,7128.0,1.0,0.0,0.0,3,7,1110.0,0.0,1980,0.0,98052,47.6968,-122.124,1510.0,7107.0,2014-11-12,379500.0
1241500032,4.0,2.5,3070.0,6923.0,2.0,0.0,0.0,3,9,3070.0,0.0,2009,0.0,98033,47.669,-122.172,2190.0,9218.0,2014-08-19,860000.0
9558020610,3.0,2.5,1940.0,4927.0,2.0,,0.0,3,8,1940.0,0.0,2004,0.0,98058,47.4479,-122.12,2070.0,4892.0,2014-05-12,335000.0
2050100450,3.0,2.5,3050.0,12558.0,2.0,0.0,0.0,3,10,3050.0,0.0,1997,0.0,98074,47.6549,-122.089,3543.0,12558.0,2014-11-05,865000.0
1250200600,3.0,1.0,1240.0,3600.0,1.5,0.0,0.0,3,7,1240.0,0.0,1902,0.0,98144,47.5986,-122.298,1680.0,3600.0,2015-04-08,390000.0
9325200110,5.0,4.25,3380.0,7805.0,2.0,0.0,0.0,3,8,3380.0,0.0,2014,0.0,98148,47.4349,-122.328,2790.0,7805.0,2014-09-09,569950.0
293850040,3.0,2.5,3190.0,7828.0,2.0,,0.0,3,9,3190.0,0.0,2006,0.0,98059,47.5047,-122.144,2970.0,7828.0,2015-02-05,495500.0
3723800097,4.0,1.75,1670.0,10200.0,1.0,0.0,0.0,3,7,1390.0,280.0,1953,0.0,98118,47.5524,-122.267,1720.0,6860.0,2014-12-11,476500.0
7788400180,3.0,1.0,1660.0,11200.0,1.0,0.0,0.0,3,7,1660.0,0.0,1957,0.0,98056,47.5121,-122.168,1380.0,10875.0,2014-08-12,261000.0
2206700215,4.0,2.0,2070.0,9822.0,1.0,0.0,0.0,5,7,2070.0,0.0,1955,0.0,98006,47.566,-122.14,1300.0,9572.0,2014-08-22,375000.0
2206700215,4.0,2.0,2070.0,9822.0,1.0,0.0,0.0,5,7,2070.0,0.0,1955,0.0,98006,47.566,-122.14,1300.0,9572.0,2015-04-22,550000.0
603001050,2.0,1.0,1430.0,4000.0,1.0,0.0,0.0,3,7,930.0,500.0,1949,0.0,98118,47.5233,-122.284,1110.0,4000.0,2014-07-23,230000.0
3583400120,5.0,2.5,2270.0,10700.0,1.0,,0.0,4,8,1570.0,,1963,0.0,98028,47.741,-122.256,2020.0,10230.0,2015-02-04,526750.0
3886903155,3.0,2.0,1980.0,7680.0,1.5,0.0,0.0,4,6,1070.0,910.0,1911,0.0,98033,47.6839,-122.195,1330.0,8704.0,2015-03-04,606000.0
9485910100,4.0,2.75,2500.0,26400.0,1.0,,0.0,3,8,1780.0,720.0,1977,0.0,98031,47.3444,-122.084,2180.0,31900.0,2015-04-24,368500.0
3223039089,3.0,1.0,1230.0,171190.0,1.0,0.0,0.0,3,7,1230.0,0.0,1973,0.0,98070,47.4397,-122.46,1550.0,15450.0,2014-09-29,275000.0
2596300035,4.0,1.0,1390.0,9023.0,1.5,0.0,0.0,3,7,1390.0,0.0,1955,0.0,98155,47.7754,-122.296,1760.0,9023.0,2015-04-22,342000.0
9542801120,4.0,1.75,2120.0,8520.0,1.0,0.0,0.0,3,7,1600.0,520.0,1978,0.0,98023,47.302,-122.373,2160.0,8400.0,2015-03-27,278100.0
8150600195,4.0,2.75,1540.0,4840.0,1.0,,2.0,4,7,850.0,690.0,1929,0.0,98126,47.5491,-122.375,1180.0,4840.0,2014-10-28,450000.0
6806100040,4.0,2.5,2000.0,5006.0,2.0,0.0,0.0,3,7,2000.0,0.0,2005,0.0,98058,47.466,-122.147,2410.0,4889.0,2014-08-25,349950.0
8857640040,4.0,2.5,2400.0,6053.0,2.0,0.0,0.0,3,8,2400.0,0.0,2001,0.0,98038,47.3869,-122.033,2460.0,6519.0,2015-04-10,425000.0
2138000120,4.0,2.75,2110.0,8751.0,1.0,0.0,0.0,3,7,1510.0,600.0,1962,0.0,98011,47.7617,-122.215,1660.0,10295.0,2014-06-26,435000.0
4022902260,4.0,2.5,2550.0,19017.0,1.0,0.0,0.0,4,7,1300.0,1250.0,1961,0.0,98155,47.7682,-122.284,2080.0,21100.0,2014-06-26,460000.0
2225300149,4.0,1.75,1440.0,8114.0,1.0,0.0,0.0,4,7,1440.0,0.0,1963,0.0,98155,47.7639,-122.332,1940.0,7208.0,2014-12-22,323000.0
3438500880,2.0,1.0,810.0,6827.0,1.0,0.0,0.0,3,6,810.0,0.0,1944,0.0,98106,47.5495,-122.357,990.0,6827.0,2015-04-30,325000.0
1646502165,2.0,1.75,1170.0,4635.0,1.0,0.0,0.0,4,6,690.0,480.0,1924,0.0,98117,47.6842,-122.359,1240.0,4120.0,2014-08-13,480000.0
9541600110,3.0,2.5,3590.0,8400.0,1.0,,0.0,3,9,2950.0,640.0,1958,20070.0,98005,47.595,-122.173,1620.0,7875.0,2015-04-30,1330000.0
3348401095,4.0,1.75,2090.0,6485.0,1.0,0.0,0.0,3,7,1280.0,810.0,1956,0.0,98178,47.4958,-122.265,2190.0,9600.0,2015-04-27,210000.0
7579200915,5.0,4.5,3820.0,5750.0,2.0,0.0,3.0,3,9,2830.0,990.0,2000,0.0,98116,47.5581,-122.385,1750.0,5750.0,2015-04-01,920000.0
2126049096,3.0,1.0,1460.0,8290.0,1.0,0.0,0.0,3,8,1460.0,0.0,1959,0.0,98125,47.7246,-122.3,1470.0,8290.0,2014-12-02,399000.0
6021500025,3.0,1.75,2360.0,4063.0,1.0,0.0,0.0,5,7,1180.0,1180.0,1940,0.0,98117,47.6902,-122.382,1660.0,4063.0,2014-08-18,631750.0
8945000910,3.0,1.0,1100.0,8680.0,1.0,0.0,0.0,3,6,1100.0,0.0,1962,0.0,98023,47.3072,-122.363,1100.0,9220.0,2015-03-26,184000.0
2473411130,4.0,2.5,2100.0,7208.0,2.0,0.0,0.0,3,8,2100.0,0.0,1974,0.0,98058,47.4478,-122.128,2060.0,7480.0,2015-04-16,333000.0
2781250900,2.0,2.0,1310.0,2841.0,2.0,0.0,0.0,3,6,1310.0,0.0,2004,0.0,98038,47.3502,-122.022,1360.0,2550.0,2014-06-20,218000.0
3330500925,2.0,1.5,750.0,2964.0,1.0,0.0,0.0,5,5,750.0,0.0,1919,0.0,98118,47.5518,-122.277,1350.0,3090.0,2015-02-24,258305.0
9522100375,5.0,1.5,1720.0,5000.0,1.5,0.0,0.0,3,8,1720.0,0.0,1915,0.0,98103,47.6627,-122.355,1720.0,5000.0,2014-07-15,775000.0
1826049362,3.0,2.5,3370.0,19585.0,2.0,0.0,0.0,3,7,3200.0,170.0,1951,0.0,98133,47.7388,-122.339,1730.0,9430.0,2014-06-11,515000.0
1250200495,2.0,1.5,1200.0,1259.0,2.0,0.0,0.0,3,8,1000.0,200.0,2015,0.0,98144,47.6001,-122.298,1320.0,1852.0,2014-06-24,455000.0
5662100110,3.0,2.5,1830.0,6807.0,2.5,0.0,0.0,5,7,1830.0,0.0,1954,0.0,98155,47.7613,-122.322,1340.0,6807.0,2015-02-18,440000.0
2025049111,3.0,3.5,3870.0,3819.0,2.0,,0.0,3,11,2760.0,1110.0,2002,0.0,98102,47.6452,-122.317,2530.0,5500.0,2014-06-19,1440000.0
7576700131,3.0,2.25,2220.0,3707.0,2.0,0.0,0.0,4,8,1620.0,600.0,1919,0.0,98122,47.617,-122.286,2030.0,4850.0,2014-07-14,850000.0
4027701265,3.0,1.75,2920.0,21375.0,1.0,0.0,0.0,3,8,1850.0,1070.0,1961,0.0,98028,47.7666,-122.265,1540.0,8482.0,2015-05-01,480000.0
3423059177,5.0,2.75,2540.0,27007.0,1.0,0.0,0.0,3,8,1520.0,1020.0,1980,0.0,98058,47.4326,-122.155,1800.0,26572.0,2014-11-26,420000.0
3876312840,3.0,1.75,1970.0,7100.0,1.0,0.0,0.0,3,7,1590.0,,1976,0.0,98072,47.7353,-122.172,1790.0,7455.0,2014-09-12,408000.0
6928600330,5.0,1.75,2170.0,9752.0,1.0,,0.0,3,7,1100.0,,1962,0.0,98003,47.3355,-122.331,1810.0,10609.0,2014-08-20,278000.0
5316100820,3.0,3.0,2350.0,1620.0,2.0,0.0,0.0,3,9,1560.0,790.0,2001,0.0,98112,47.6308,-122.279,2000.0,4380.0,2015-01-22,1200000.0
1022059161,4.0,2.25,2630.0,39000.0,2.0,0.0,0.0,3,9,2630.0,0.0,1979,0.0,98042,47.4089,-122.149,2270.0,66647.0,2014-06-13,454000.0
4134300175,4.0,2.5,4120.0,14866.0,1.0,1.0,4.0,3,8,2070.0,2050.0,1965,0.0,98006,47.5571,-122.193,3620.0,19729.0,2015-04-17,1850000.0
7853301130,4.0,2.25,2440.0,5000.0,2.0,0.0,0.0,3,7,2440.0,0.0,2007,0.0,98065,47.5407,-121.89,2440.0,5212.0,2015-05-05,499000.0
6928000620,5.0,3.0,3480.0,6625.0,2.0,,0.0,3,8,3480.0,0.0,2012,0.0,98059,47.4815,-122.153,2800.0,9400.0,2015-02-18,590000.0
5680000750,3.0,3.5,1900.0,4805.0,2.0,0.0,0.0,3,8,1560.0,340.0,1999,0.0,98108,47.5686,-122.315,1360.0,4800.0,2014-07-30,385000.0
333100265,4.0,3.25,3160.0,10043.0,2.0,0.0,2.0,3,9,3160.0,0.0,2011,0.0,98034,47.7001,-122.238,3450.0,10043.0,2014-09-24,1250000.0
3530490031,2.0,1.75,1330.0,2159.0,1.0,0.0,0.0,4,8,1330.0,0.0,1979,0.0,98198,47.3822,-122.32,1220.0,3679.0,2014-09-24,202200.0
6400700230,3.0,2.25,1420.0,13468.0,1.0,0.0,0.0,3,7,960.0,460.0,1976,0.0,98033,47.6693,-122.176,1480.0,10980.0,2015-03-11,450000.0
322069010,3.0,2.0,2570.0,233481.0,1.5,0.0,0.0,4,8,2570.0,0.0,1986,0.0,98038,47.4199,-122.034,2280.0,157687.0,2015-05-08,435000.0
2722059013,2.0,1.0,1270.0,43560.0,1.0,0.0,0.0,4,5,1270.0,0.0,1908,0.0,98042,47.3651,-122.165,1870.0,6960.0,2015-02-04,550000.0
3878900815,3.0,2.25,2470.0,5650.0,1.0,0.0,2.0,3,7,1550.0,920.0,1973,0.0,98178,47.5072,-122.252,1660.0,5650.0,2015-05-04,361000.0
2600010330,4.0,2.25,2590.0,12600.0,2.0,0.0,0.0,3,9,2590.0,0.0,1979,0.0,98006,47.5566,-122.162,2620.0,11050.0,2015-01-20,760000.0
3889100027,4.0,2.5,3030.0,8507.0,2.0,0.0,0.0,3,9,3030.0,0.0,2003,0.0,98033,47.6675,-122.176,2570.0,8830.0,2014-06-16,902000.0
3505100297,3.0,1.75,1240.0,4550.0,1.5,0.0,0.0,4,7,1240.0,0.0,1951,0.0,98116,47.5803,-122.398,2110.0,5700.0,2015-04-11,505000.0
5560001130,3.0,1.0,1040.0,8925.0,1.0,0.0,0.0,4,6,1040.0,0.0,1961,0.0,98023,47.3265,-122.335,1040.0,8925.0,2015-02-25,200000.0
1311910300,5.0,2.25,2320.0,6375.0,1.0,0.0,0.0,4,7,1270.0,1050.0,1967,0.0,98001,47.3351,-122.282,1760.0,7600.0,2015-02-04,260000.0
7518505160,2.0,1.0,1190.0,5100.0,1.5,0.0,0.0,2,7,1190.0,,1928,0.0,98117,47.6773,-122.382,1920.0,5100.0,2014-09-25,417000.0
2115510330,3.0,2.25,2030.0,8690.0,1.0,0.0,0.0,4,8,1360.0,670.0,1986,0.0,98023,47.3185,-122.391,1720.0,8800.0,2015-02-02,287500.0
3955500100,3.0,1.5,1390.0,10530.0,1.0,0.0,0.0,3,7,1390.0,0.0,1961,0.0,98033,47.7025,-122.196,1750.0,10530.0,2015-04-07,450000.0
2771104965,2.0,1.75,2050.0,4000.0,1.5,0.0,2.0,3,8,2050.0,0.0,1979,0.0,98119,47.6415,-122.373,1940.0,4000.0,2015-01-30,825000.0
5317100530,4.0,3.0,3050.0,6179.0,2.0,0.0,0.0,4,9,2330.0,720.0,1926,0.0,98112,47.6253,-122.284,3020.0,6505.0,2014-08-27,1480000.0
3336002215,2.0,1.0,1240.0,5500.0,1.5,0.0,0.0,3,6,1240.0,0.0,1921,0.0,98118,47.5257,-122.263,1520.0,5500.0,2015-02-25,319950.0
9408300180,4.0,2.5,3030.0,30000.0,2.0,0.0,0.0,4,9,3030.0,0.0,1981,0.0,98072,47.7468,-122.112,2600.0,34932.0,2014-08-28,682000.0
2770604575,3.0,1.75,1930.0,6000.0,1.0,0.0,0.0,3,8,1130.0,800.0,1956,0.0,98119,47.6516,-122.375,1870.0,6000.0,2015-05-06,560000.0
7305900082,3.0,1.75,1490.0,10344.0,1.0,0.0,0.0,3,7,1490.0,0.0,1985,0.0,98155,47.7517,-122.326,1450.0,8632.0,2014-12-30,350000.0
8661000148,3.0,2.0,1510.0,10215.0,1.0,0.0,0.0,4,7,1510.0,0.0,1995,0.0,98022,47.2078,-122.003,1370.0,8902.0,2014-10-28,270000.0
7968460230,3.0,1.75,1320.0,35100.0,1.0,0.0,0.0,3,7,1320.0,0.0,1990,0.0,98092,47.312,-122.129,1660.0,35100.0,2015-03-05,284000.0
827000110,4.0,2.5,2330.0,4606.0,2.0,0.0,0.0,3,8,2330.0,0.0,2004,0.0,98031,47.3934,-122.184,2330.0,5783.0,2014-07-14,308000.0
3390600025,4.0,2.0,2240.0,7725.0,1.0,0.0,0.0,5,7,1120.0,1120.0,1956,0.0,98106,47.5331,-122.365,1340.0,6300.0,2014-05-29,450000.0
1026069172,4.0,2.5,2050.0,34222.0,2.0,0.0,0.0,4,8,2050.0,0.0,1989,0.0,98077,47.7572,-122.022,2240.0,51400.0,2014-06-18,540000.0
1226039103,4.0,1.5,1680.0,11123.0,1.0,0.0,0.0,3,7,1130.0,550.0,1959,0.0,98177,47.7565,-122.361,1770.0,10103.0,2014-06-10,380000.0
2125079054,4.0,2.75,2200.0,122403.0,1.5,0.0,0.0,3,7,2200.0,0.0,1971,0.0,98014,47.6301,-121.911,1710.0,74487.0,2015-02-24,522500.0
1545807810,1.0,1.0,670.0,7957.0,1.0,0.0,0.0,4,6,670.0,0.0,1978,0.0,98038,47.3594,-122.056,1600.0,7957.0,2014-10-21,118000.0
7205500120,4.0,1.75,1730.0,7210.0,1.0,0.0,0.0,4,7,1010.0,720.0,1968,0.0,98003,47.354,-122.315,1620.0,7210.0,2015-04-23,280400.0
924069176,4.0,2.75,2710.0,41811.0,1.5,0.0,0.0,4,8,1690.0,,1995,0.0,98075,47.5836,-122.046,2110.0,35656.0,2014-09-03,710000.0
4045500620,3.0,3.25,3410.0,25741.0,2.0,0.0,0.0,4,8,3410.0,0.0,1993,0.0,98014,47.6929,-121.868,1660.0,25865.0,2014-09-10,720000.0
8146100325,3.0,1.75,1330.0,7500.0,1.0,0.0,0.0,3,8,1330.0,0.0,1961,0.0,98004,47.6074,-122.195,1690.0,7800.0,2014-05-05,787000.0
8663240180,4.0,2.5,1990.0,2660.0,2.0,0.0,0.0,3,8,1990.0,0.0,2012,0.0,98034,47.732,-122.178,1990.0,2665.0,2015-03-30,537000.0
2087700115,2.0,1.5,1900.0,4450.0,1.0,,0.0,5,7,1500.0,400.0,1916,0.0,98144,47.5834,-122.293,2130.0,5000.0,2014-11-03,650000.0
7973202225,4.0,1.0,1310.0,8640.0,1.0,0.0,0.0,3,6,910.0,400.0,1948,0.0,98146,47.5104,-122.342,1310.0,8640.0,2015-01-06,154200.0
2557000090,4.0,2.5,1690.0,7260.0,1.0,0.0,0.0,3,7,1080.0,610.0,1979,0.0,98023,47.3001,-122.368,1690.0,7700.0,2015-01-15,238000.0
3500100209,3.0,1.0,1040.0,8199.0,1.0,0.0,0.0,3,7,1040.0,0.0,1953,0.0,98155,47.7348,-122.302,1420.0,8200.0,2014-08-04,285650.0
7234601166,2.0,1.5,1340.0,1286.0,2.0,0.0,0.0,3,8,1190.0,150.0,2006,0.0,98122,47.617,-122.309,1460.0,1245.0,2014-08-07,485500.0
3972900215,2.0,1.0,1120.0,7350.0,1.0,0.0,0.0,3,7,1120.0,0.0,1942,0.0,98155,47.7648,-122.31,1320.0,7545.0,2015-01-26,315000.0
1924059029,5.0,6.75,9640.0,13068.0,1.0,1.0,4.0,3,12,4820.0,4820.0,1983,20090.0,98040,47.557,-122.21,3270.0,10454.0,2014-06-17,4670000.0
3900500110,3.0,2.0,2310.0,10525.0,2.0,0.0,0.0,5,7,2310.0,0.0,1965,0.0,98033,47.6727,-122.174,1430.0,10523.0,2014-11-17,627000.0
5561000600,3.0,2.5,2190.0,34528.0,2.0,0.0,0.0,3,8,2190.0,0.0,1994,0.0,98027,47.4594,-121.986,2460.0,37901.0,2015-04-10,525000.0
3589500315,3.0,3.25,1220.0,1281.0,2.0,0.0,0.0,3,8,930.0,290.0,2014,0.0,98105,47.67,-122.317,1303.0,3810.0,2014-09-19,526000.0
3658700690,3.0,1.5,1200.0,3060.0,1.0,0.0,0.0,4,7,1060.0,140.0,1910,0.0,98115,47.679,-122.315,1410.0,3060.0,2015-03-27,480000.0
4054560120,3.0,3.5,3840.0,53696.0,2.0,0.0,0.0,3,9,3840.0,0.0,1996,0.0,98077,47.7322,-122.035,3810.0,35181.0,2014-10-08,970000.0
3918400123,4.0,2.5,2460.0,9973.0,1.0,0.0,0.0,4,8,1560.0,900.0,1965,0.0,98177,47.7133,-122.361,1830.0,7200.0,2014-08-11,640000.0
2592300450,3.0,2.5,1630.0,7950.0,1.0,0.0,0.0,3,8,1320.0,310.0,1985,0.0,98042,47.4224,-122.159,1650.0,7952.0,2014-06-27,279000.0
123039424,2.0,2.0,970.0,9750.0,1.0,0.0,0.0,5,6,970.0,0.0,1940,0.0,98146,47.5073,-122.372,1850.0,9000.0,2014-07-10,303000.0
8068000730,4.0,2.0,1780.0,5336.0,1.5,0.0,0.0,5,6,930.0,,1918,0.0,98178,47.5094,-122.263,1910.0,10304.0,2014-06-25,315000.0
7461420230,4.0,1.75,1760.0,7268.0,1.0,0.0,0.0,4,7,1080.0,680.0,1979,0.0,98058,47.4267,-122.148,1830.0,8786.0,2015-03-25,336500.0
1443501020,2.0,1.0,770.0,8150.0,1.0,,0.0,3,6,770.0,0.0,1951,0.0,98118,47.5324,-122.275,1140.0,8550.0,2014-11-13,163250.0
3798000165,3.0,1.0,1760.0,6927.0,1.0,,0.0,3,7,1050.0,710.0,1962,0.0,98011,47.7623,-122.2,2060.0,9120.0,2015-02-18,444950.0
730000085,2.0,1.0,990.0,2446.0,2.0,0.0,0.0,3,7,990.0,0.0,1998,0.0,98144,47.5919,-122.297,1260.0,2805.0,2014-08-01,285000.0
2061100265,2.0,1.0,1250.0,4960.0,1.0,0.0,0.0,3,7,940.0,310.0,1938,0.0,98115,47.6893,-122.325,2030.0,7440.0,2015-03-17,370000.0
1683900040,3.0,2.25,1440.0,5150.0,2.0,0.0,0.0,3,7,1440.0,0.0,1997,0.0,98106,47.5456,-122.356,1530.0,5238.0,2014-12-15,330000.0
3959401880,2.0,2.0,1960.0,4018.0,1.0,0.0,0.0,5,7,980.0,980.0,1950,0.0,98108,47.5629,-122.32,1240.0,4641.0,2014-08-20,395000.0
2124049160,6.0,3.0,2510.0,5310.0,1.0,0.0,0.0,4,7,1460.0,1050.0,1944,0.0,98108,47.5533,-122.304,1390.0,5407.0,2015-04-16,440000.0
7708180040,4.0,2.75,2920.0,6605.0,2.0,0.0,0.0,3,8,2920.0,0.0,2012,0.0,98059,47.4909,-122.144,3030.0,6605.0,2014-05-03,625000.0
1422300100,3.0,2.5,1730.0,46638.0,2.0,0.0,0.0,3,8,1730.0,0.0,1991,0.0,98045,47.4614,-121.709,1750.0,35508.0,2014-09-29,435000.0
255550230,3.0,2.5,1570.0,2577.0,2.0,0.0,0.0,3,7,1570.0,0.0,2005,0.0,98019,47.7456,-121.984,1970.0,2952.0,2014-11-18,299950.0
1370804480,2.0,1.75,970.0,4233.0,1.0,0.0,0.0,4,7,970.0,0.0,1944,0.0,98199,47.6384,-122.4,1340.0,4233.0,2014-09-29,560000.0
5104511590,4.0,3.0,2800.0,9764.0,2.0,0.0,0.0,3,8,2800.0,0.0,2002,0.0,98038,47.3543,-122.012,3610.0,8194.0,2014-05-20,380000.0
1498302783,4.0,2.0,1580.0,7800.0,2.0,0.0,0.0,2,6,1580.0,0.0,1906,0.0,98144,47.5848,-122.302,1190.0,4440.0,2014-05-19,333000.0
1623800300,2.0,1.0,1220.0,3000.0,1.0,0.0,0.0,3,7,920.0,300.0,1926,0.0,98117,47.6823,-122.365,1270.0,3000.0,2014-06-10,499000.0
5649600266,3.0,1.5,1550.0,8000.0,1.0,0.0,0.0,3,6,1330.0,220.0,1980,0.0,98118,47.5536,-122.286,1150.0,5150.0,2015-02-24,386000.0
2968801075,3.0,2.0,1220.0,7620.0,1.0,0.0,0.0,3,6,720.0,500.0,1947,0.0,98166,47.4564,-122.352,1640.0,7620.0,2014-09-22,320600.0
1923039089,2.0,2.0,1651.0,18200.0,1.0,0.0,0.0,3,6,1651.0,0.0,1946,0.0,98070,47.4621,-122.461,1510.0,89595.0,2014-06-10,285000.0
4006000183,7.0,4.0,3150.0,7800.0,2.0,0.0,0.0,3,8,3150.0,0.0,2013,0.0,98118,47.5259,-122.279,1880.0,6000.0,2014-09-09,450000.0
9183700845,2.0,1.0,800.0,7150.0,1.0,0.0,0.0,3,5,800.0,0.0,1933,0.0,98030,47.3788,-122.224,1220.0,8019.0,2014-12-18,175000.0
9558050360,5.0,2.75,3190.0,5857.0,2.0,0.0,0.0,3,9,3190.0,0.0,2004,0.0,98058,47.4575,-122.119,3100.0,5857.0,2015-04-21,544800.0
1683600120,3.0,1.75,1720.0,7587.0,1.0,0.0,0.0,4,7,1140.0,580.0,1981,0.0,98092,47.3175,-122.182,1120.0,7287.0,2015-01-21,220000.0
1604601570,2.0,2.25,1100.0,1695.0,2.0,0.0,0.0,3,9,1100.0,0.0,2009,0.0,98118,47.5663,-122.289,1100.0,3082.0,2014-09-05,374000.0
2787460720,3.0,2.0,1010.0,7896.0,1.0,0.0,0.0,3,7,1010.0,0.0,1984,0.0,98031,47.4046,-122.181,1540.0,7896.0,2015-02-27,200000.0
2787460720,3.0,2.0,1010.0,7896.0,1.0,0.0,0.0,3,7,1010.0,0.0,1984,0.0,98031,47.4046,-122.181,1540.0,7896.0,2015-05-06,259950.0
6386700300,4.0,2.75,1760.0,9222.0,1.0,,0.0,3,7,1140.0,620.0,1971,0.0,98023,47.3099,-122.362,1800.0,9222.0,2014-07-22,255000.0
2297400090,3.0,1.75,1400.0,6750.0,1.0,0.0,0.0,3,7,1040.0,360.0,1975,0.0,98034,47.717,-122.226,1860.0,7480.0,2015-03-23,447000.0
2420069278,3.0,2.5,1820.0,8722.0,1.5,0.0,0.0,3,7,1820.0,0.0,1926,20080.0,98022,47.2137,-121.989,1480.0,12285.0,2015-03-19,287000.0
7276100145,3.0,2.0,1470.0,6950.0,1.0,0.0,0.0,5,6,1470.0,0.0,1932,0.0,98133,47.7619,-122.343,1660.0,5065.0,2014-09-30,344950.0
2475900850,2.0,1.0,770.0,7000.0,1.0,0.0,0.0,3,6,770.0,0.0,1921,0.0,98024,47.5654,-121.89,1100.0,8777.0,2014-10-10,212000.0
3760100100,5.0,2.75,1340.0,11583.0,1.0,0.0,0.0,3,7,1190.0,150.0,1962,0.0,98034,47.709,-122.214,1950.0,10514.0,2014-07-23,425000.0
7849202585,1.0,1.0,480.0,4560.0,1.0,0.0,0.0,3,5,480.0,0.0,1922,0.0,98065,47.5253,-121.826,890.0,4803.0,2014-09-04,170000.0
6430500291,3.0,1.0,1260.0,4080.0,1.5,0.0,0.0,4,7,1260.0,0.0,1928,0.0,98103,47.6893,-122.354,1130.0,3876.0,2015-02-12,565000.0
8151600701,2.0,1.0,870.0,11100.0,1.0,0.0,0.0,3,6,870.0,0.0,1940,0.0,98146,47.5038,-122.364,1370.0,10404.0,2014-06-23,234000.0
2597450620,3.0,2.5,4010.0,12105.0,1.0,0.0,3.0,5,11,2600.0,1410.0,1983,0.0,98006,47.554,-122.151,4010.0,15081.0,2014-10-09,1510000.0
1099900120,3.0,2.5,2340.0,8414.0,1.0,0.0,0.0,3,7,1280.0,1060.0,1993,0.0,98188,47.4685,-122.265,2340.0,7268.0,2015-01-26,345000.0
7853340450,3.0,2.75,1770.0,3172.0,2.0,0.0,0.0,3,8,1770.0,0.0,2009,0.0,98065,47.5164,-121.878,1760.0,2891.0,2015-04-27,415000.0
5652600065,5.0,1.75,2660.0,10637.0,1.5,,0.0,5,7,1670.0,990.0,1922,0.0,98115,47.6945,-122.292,1570.0,6825.0,2014-10-10,760000.0
6114400142,5.0,2.5,3600.0,20001.0,2.0,0.0,0.0,4,9,3600.0,0.0,1976,0.0,98166,47.4484,-122.339,2860.0,21780.0,2015-02-26,484000.0
3630050180,2.0,1.75,1230.0,1107.0,2.0,,0.0,3,8,1230.0,0.0,2006,0.0,98029,47.5475,-121.999,1380.0,1107.0,2014-09-26,360000.0
1853000300,3.0,2.75,3270.0,39586.0,1.5,0.0,0.0,3,11,3270.0,0.0,1988,0.0,98077,47.731,-122.078,3480.0,35998.0,2015-02-24,875000.0
3585900785,3.0,2.5,3100.0,20553.0,1.0,0.0,0.0,3,10,3100.0,0.0,1954,0.0,98177,47.7635,-122.377,3000.0,22302.0,2014-05-14,930000.0
1545801970,3.0,2.0,1900.0,6660.0,1.0,0.0,0.0,5,7,950.0,950.0,1966,0.0,98038,47.3594,-122.054,1690.0,8111.0,2014-05-16,250000.0
7853340610,2.0,2.0,1750.0,2731.0,2.0,0.0,0.0,3,8,1750.0,0.0,2012,0.0,98065,47.5169,-121.878,1650.0,2731.0,2015-04-21,394000.0
8562900590,4.0,3.5,3380.0,11270.0,2.0,0.0,1.0,3,9,2160.0,1220.0,2007,0.0,98074,47.6124,-122.06,2910.0,11214.0,2015-01-22,865000.0
9422400035,2.0,2.0,2090.0,6000.0,2.0,0.0,1.0,3,7,2090.0,0.0,1918,19850.0,98116,47.5732,-122.413,1600.0,5400.0,2014-09-12,477500.0
9273200115,4.0,2.75,4120.0,12500.0,1.0,0.0,4.0,4,8,2060.0,2060.0,1947,0.0,98116,47.5914,-122.385,3680.0,5000.0,2014-12-17,1250000.0
3971700937,3.0,1.75,1260.0,7500.0,1.0,0.0,0.0,3,6,840.0,420.0,1947,0.0,98155,47.772,-122.323,1340.0,7500.0,2014-08-27,270000.0
1508210230,3.0,2.25,1800.0,6875.0,1.0,0.0,0.0,4,8,1230.0,570.0,1974,0.0,98052,47.6773,-122.11,1800.0,8749.0,2015-04-28,567000.0
5249803550,3.0,2.5,1960.0,7200.0,1.0,0.0,0.0,4,8,980.0,980.0,1940,0.0,98118,47.5655,-122.27,1440.0,7200.0,2014-06-02,635000.0
4218400100,6.0,2.75,4460.0,6952.0,2.5,,2.0,4,10,3460.0,1000.0,1930,0.0,98105,47.6626,-122.269,2750.0,4769.0,2014-09-11,1870000.0
1424100100,3.0,1.75,1330.0,9200.0,1.0,0.0,0.0,4,7,1330.0,0.0,1973,0.0,98092,47.2916,-122.185,1590.0,9200.0,2014-06-10,183000.0
7861000021,3.0,1.75,1820.0,78408.0,1.0,0.0,0.0,3,6,1220.0,600.0,1950,0.0,98042,47.3364,-122.128,1340.0,78408.0,2015-04-29,309933.0
7856601110,4.0,2.75,3360.0,9100.0,1.0,0.0,0.0,4,8,1760.0,1600.0,1973,0.0,98006,47.5641,-122.149,2620.0,8925.0,2015-03-25,945800.0
1121039059,2.0,1.75,2860.0,59612.0,1.0,1.0,4.0,3,8,1510.0,1350.0,1948,0.0,98023,47.3276,-122.389,2720.0,59612.0,2014-05-22,503000.0
522059172,3.0,1.0,1460.0,10200.0,1.0,0.0,0.0,4,7,1460.0,0.0,1957,0.0,98055,47.4238,-122.197,1460.0,8500.0,2014-08-14,220000.0
8594400110,3.0,1.75,1900.0,36769.0,1.0,0.0,0.0,3,8,1900.0,0.0,1987,0.0,98092,47.3041,-122.066,1950.0,35847.0,2015-04-01,335000.0
9201000120,3.0,2.25,1790.0,9927.0,1.0,0.0,2.0,4,7,1240.0,550.0,1969,0.0,98075,47.5822,-122.077,2610.0,10700.0,2015-04-22,650000.0
1822059440,4.0,3.5,3100.0,7600.0,2.0,0.0,0.0,3,10,3100.0,0.0,2005,0.0,98031,47.3892,-122.215,3350.0,7638.0,2015-02-03,511000.0
1623089039,2.0,1.0,900.0,57063.0,1.0,0.0,0.0,4,6,900.0,0.0,1938,0.0,98045,47.4735,-121.786,1440.0,268765.0,2014-12-17,275000.0
452001570,2.0,1.75,1530.0,5000.0,2.0,0.0,0.0,4,7,1260.0,270.0,1989,0.0,98107,47.6755,-122.37,1470.0,5000.0,2015-04-03,576250.0
1724069079,2.0,3.25,2070.0,3128.0,2.0,1.0,3.0,3,9,1760.0,310.0,1988,0.0,98075,47.5686,-122.06,2740.0,3568.0,2015-03-19,1450000.0
3141600210,3.0,2.0,1340.0,4320.0,1.0,0.0,0.0,3,5,920.0,420.0,1912,19930.0,98002,47.299,-122.228,980.0,6480.0,2014-06-19,186000.0
1797500530,1.0,1.0,1220.0,4160.0,1.0,0.0,0.0,3,7,1220.0,0.0,1922,0.0,98115,47.6746,-122.315,1970.0,4200.0,2015-05-05,655100.0
7300400580,4.0,2.5,2370.0,6500.0,2.0,0.0,0.0,3,9,2370.0,0.0,1998,0.0,98092,47.3328,-122.173,2590.0,6137.0,2014-05-05,328000.0
1826049442,3.0,2.5,1890.0,11036.0,1.0,0.0,0.0,3,8,1460.0,430.0,1973,0.0,98133,47.7426,-122.354,2040.0,7524.0,2015-03-10,441000.0
2525000220,3.0,1.75,1480.0,7725.0,1.5,0.0,0.0,4,7,1480.0,0.0,1981,0.0,98059,47.483,-122.163,1720.0,8379.0,2015-04-14,370000.0
191100665,2.0,1.0,1050.0,8382.0,1.0,0.0,0.0,3,7,1050.0,0.0,1959,0.0,98040,47.5627,-122.221,2400.0,9525.0,2015-04-13,630000.0
5634500201,4.0,2.25,2070.0,14000.0,1.0,0.0,0.0,3,7,1720.0,350.0,1958,0.0,98028,47.7484,-122.237,1690.0,14444.0,2015-04-14,470500.0
795000405,2.0,1.0,1170.0,6000.0,1.0,0.0,0.0,3,6,1170.0,0.0,1948,0.0,98168,47.5033,-122.331,1130.0,7500.0,2015-04-13,285950.0
1300300730,3.0,1.5,1090.0,7200.0,1.0,0.0,0.0,4,7,1090.0,0.0,1958,0.0,98040,47.5817,-122.241,2010.0,8982.0,2015-03-24,698000.0
1862900040,3.0,2.5,1650.0,6684.0,2.0,,0.0,3,7,1650.0,0.0,1991,0.0,98031,47.4051,-122.184,1850.0,7048.0,2014-06-26,268000.0
9279700150,4.0,3.75,4410.0,8112.0,3.0,0.0,4.0,3,11,3570.0,840.0,2003,0.0,98116,47.5888,-122.392,2770.0,5750.0,2015-02-12,1630000.0
322059311,4.0,2.5,1780.0,15000.0,2.0,0.0,0.0,2,7,1780.0,0.0,1993,0.0,98058,47.4239,-122.153,2005.0,9680.0,2015-03-30,355000.0
3333002710,3.0,1.0,1550.0,8778.0,1.0,0.0,0.0,3,7,1250.0,300.0,1952,0.0,98118,47.5413,-122.281,2120.0,7268.0,2014-09-17,299000.0
1257200115,4.0,2.75,2290.0,6120.0,2.0,0.0,0.0,4,7,2170.0,120.0,1926,0.0,98115,47.6746,-122.327,1910.0,4590.0,2014-05-21,1000000.0
9183703045,4.0,2.0,2220.0,8229.0,1.5,0.0,0.0,4,7,2220.0,0.0,1958,0.0,98030,47.3722,-122.22,1660.0,8396.0,2015-04-20,275000.0
7899800905,3.0,1.75,1150.0,10240.0,1.0,0.0,0.0,3,6,1030.0,120.0,1918,0.0,98106,47.5222,-122.357,1270.0,2566.0,2015-05-03,475000.0
7215400770,4.0,2.5,2000.0,37045.0,2.0,0.0,0.0,3,8,2000.0,0.0,1989,0.0,98042,47.3398,-122.071,2390.0,36868.0,2014-06-23,260000.0
1139000215,2.0,1.75,1270.0,7560.0,1.5,0.0,0.0,4,7,1270.0,0.0,1932,0.0,98133,47.7083,-122.357,1480.0,7560.0,2014-07-18,416000.0
9218400088,5.0,1.0,1810.0,11205.0,1.5,0.0,2.0,3,7,1810.0,0.0,1915,0.0,98178,47.5099,-122.262,1860.0,7965.0,2014-11-19,495000.0
9455200596,3.0,1.0,1450.0,8100.0,1.0,0.0,0.0,3,6,1450.0,0.0,1952,0.0,98125,47.7027,-122.289,1450.0,7800.0,2015-01-14,357500.0
510002506,2.0,1.5,1170.0,1079.0,3.0,0.0,0.0,3,7,1170.0,0.0,2003,0.0,98103,47.6607,-122.333,1170.0,1116.0,2014-08-25,459500.0
7212680850,3.0,2.5,1730.0,6930.0,2.0,0.0,0.0,3,8,1730.0,0.0,1994,0.0,98003,47.2621,-122.308,1780.0,6930.0,2014-09-03,258000.0
5229300085,3.0,2.25,2680.0,98445.0,1.0,0.0,0.0,5,8,2680.0,0.0,1962,0.0,98059,47.5015,-122.108,2340.0,98445.0,2015-04-11,600000.0
7436000205,3.0,1.0,1260.0,24550.0,1.5,0.0,2.0,4,7,1260.0,0.0,1937,0.0,98136,47.5442,-122.396,2500.0,12320.0,2014-09-19,665000.0
425200205,3.0,1.5,1020.0,10152.0,1.0,0.0,0.0,5,6,1020.0,0.0,1959,0.0,98056,47.4971,-122.168,1320.0,8892.0,2014-10-03,165000.0
7138200150,5.0,2.5,1970.0,8605.0,2.0,0.0,0.0,4,7,1970.0,0.0,1994,0.0,98022,47.1944,-122.013,1970.0,8460.0,2014-05-18,297000.0
1782000180,2.0,1.0,830.0,5100.0,1.0,0.0,0.0,4,7,830.0,0.0,1942,0.0,98126,47.5259,-122.379,1220.0,5100.0,2014-10-23,350000.0
3623500205,4.0,4.5,5030.0,11023.0,2.0,0.0,2.0,3,11,3250.0,1780.0,2008,0.0,98040,47.5722,-122.236,3640.0,11490.0,2014-05-13,2450000.0
1423200110,2.0,1.0,800.0,9450.0,1.0,0.0,0.0,3,6,800.0,0.0,1958,0.0,98058,47.4563,-122.184,1090.0,9450.0,2015-05-13,180000.0
797000256,3.0,1.75,1330.0,12092.0,1.0,0.0,0.0,4,6,720.0,610.0,1981,0.0,98168,47.5102,-122.324,1770.0,11770.0,2015-04-07,339950.0
9357000215,3.0,1.0,1030.0,4700.0,1.0,0.0,0.0,3,7,1030.0,0.0,1952,0.0,98146,47.5118,-122.377,1030.0,4700.0,2015-01-27,365000.0
2526069095,4.0,4.25,5660.0,193593.0,2.0,0.0,0.0,3,10,4100.0,1560.0,2001,0.0,98019,47.7064,-121.981,3620.0,207141.0,2014-06-05,955000.0
6908200650,3.0,2.5,2330.0,1987.0,2.0,0.0,4.0,3,9,1410.0,920.0,2004,0.0,98107,47.6735,-122.405,2640.0,5250.0,2014-05-27,732000.0
5021900175,3.0,1.75,1540.0,10800.0,1.0,0.0,0.0,5,6,770.0,770.0,1947,0.0,98040,47.5763,-122.222,2020.0,10800.0,2014-06-16,500000.0
4038700220,6.0,2.75,2040.0,8560.0,1.0,0.0,2.0,4,7,1100.0,940.0,1961,0.0,98008,47.616,-122.115,2230.0,8560.0,2015-02-13,610000.0
9455200205,3.0,2.0,1540.0,7800.0,1.0,0.0,0.0,3,8,1540.0,0.0,2004,0.0,98125,47.7041,-122.288,1510.0,7800.0,2014-06-04,525000.0
5379804470,4.0,1.0,1920.0,13787.0,1.0,0.0,0.0,4,7,1220.0,700.0,1966,0.0,98188,47.4502,-122.277,1490.0,11200.0,2014-06-17,170000.0
2517000150,3.0,2.5,1870.0,3439.0,2.0,,0.0,3,7,1870.0,0.0,2005,0.0,98042,47.3992,-122.163,2190.0,4029.0,2014-07-13,300000.0
9264930770,5.0,3.5,2960.0,12527.0,2.0,0.0,0.0,3,9,1940.0,1020.0,1986,0.0,98023,47.3134,-122.35,2210.0,10952.0,2014-10-29,389500.0
4197400043,3.0,1.5,1690.0,10250.0,1.0,,0.0,4,7,1690.0,0.0,1955,0.0,98166,47.4531,-122.344,1990.0,11084.0,2015-02-19,330000.0
2329800330,3.0,2.25,1610.0,7187.0,2.0,0.0,0.0,3,7,1610.0,0.0,1988,0.0,98042,47.3764,-122.117,1640.0,7194.0,2014-11-14,269950.0
7899800450,2.0,1.0,670.0,4720.0,1.0,0.0,0.0,4,6,670.0,0.0,1948,0.0,98106,47.5243,-122.358,1480.0,4720.0,2014-08-28,107000.0
2895110062,3.0,1.0,1752.0,14626.0,2.0,0.0,2.0,3,8,1752.0,0.0,2005,0.0,98032,47.3755,-122.278,1800.0,9000.0,2014-12-02,249000.0
3448001285,4.0,2.0,1540.0,5920.0,1.5,0.0,0.0,5,7,1540.0,0.0,1935,0.0,98125,47.7148,-122.301,1630.0,6216.0,2014-08-18,442500.0
521079025,3.0,2.5,3160.0,286181.0,2.0,0.0,3.0,3,9,3160.0,0.0,2002,0.0,98010,47.3401,-121.946,2110.0,94663.0,2015-04-17,579000.0
624069098,3.0,1.75,2570.0,39634.0,2.0,0.0,0.0,3,8,2570.0,,1984,0.0,98075,47.596,-122.08,2990.0,39634.0,2015-01-21,621500.0
2946003580,3.0,1.5,1370.0,7500.0,1.0,0.0,0.0,3,7,1080.0,290.0,1958,0.0,98198,47.4167,-122.322,1400.0,7500.0,2014-11-19,203000.0
7227500450,2.0,1.0,860.0,5800.0,1.0,0.0,0.0,5,5,860.0,0.0,1942,0.0,98056,47.4979,-122.183,900.0,6000.0,2014-09-09,222900.0
2322069100,2.0,1.5,1680.0,17400.0,1.5,0.0,0.0,3,7,1680.0,0.0,1991,0.0,98038,47.3836,-122.006,1610.0,27600.0,2015-04-09,453000.0
2144800615,1.0,0.75,930.0,29258.0,1.0,0.0,0.0,3,6,930.0,0.0,1941,0.0,98178,47.4837,-122.236,2000.0,18321.0,2014-06-25,190000.0
1432900150,4.0,1.75,1820.0,7381.0,1.0,0.0,0.0,5,7,1150.0,670.0,1962,0.0,98058,47.4567,-122.171,1610.0,8462.0,2015-04-06,320000.0
7942601810,3.0,1.5,2120.0,4370.0,1.5,0.0,0.0,3,8,2120.0,0.0,1904,0.0,98122,47.606,-122.307,1960.0,5120.0,2014-12-10,733500.0
7302900090,4.0,2.25,3330.0,21785.0,2.0,0.0,0.0,3,9,3330.0,0.0,1994,0.0,98059,47.4725,-122.136,3330.0,21796.0,2015-02-18,555000.0
2310050110,3.0,2.25,2520.0,6170.0,2.0,0.0,0.0,3,7,1850.0,670.0,2003,0.0,98038,47.3522,-122.042,2260.0,6967.0,2014-12-15,364950.0
6743700090,3.0,1.75,1560.0,9247.0,1.0,,0.0,3,7,1160.0,400.0,1989,0.0,98033,47.6954,-122.174,1690.0,8772.0,2014-11-20,490000.0
3935900093,5.0,1.75,2250.0,13526.0,1.0,0.0,1.0,3,8,1350.0,,1957,0.0,98125,47.7108,-122.279,2580.0,10078.0,2015-04-27,688000.0
123039279,2.0,1.0,640.0,7768.0,1.0,0.0,0.0,3,6,640.0,0.0,1942,0.0,98106,47.515,-122.359,840.0,7424.0,2014-07-11,165000.0
4307350730,5.0,3.75,3880.0,8370.0,2.0,0.0,0.0,4,7,3880.0,0.0,2004,0.0,98056,47.4811,-122.179,2160.0,4651.0,2014-11-13,506000.0
1954700610,3.0,2.25,3360.0,7108.0,2.0,0.0,0.0,3,10,2770.0,590.0,1905,20040.0,98112,47.6187,-122.284,3450.0,8558.0,2014-12-09,2190000.0
8155500110,5.0,1.75,2350.0,7800.0,1.0,0.0,0.0,4,8,1510.0,840.0,1968,0.0,98008,47.6225,-122.107,2220.0,8400.0,2015-04-29,754000.0
7129303045,5.0,2.5,2340.0,1989.0,2.0,1.0,4.0,3,8,2340.0,0.0,1959,0.0,98118,47.5193,-122.257,2200.0,3230.0,2015-04-17,949950.0
6021503451,3.0,2.5,1430.0,1056.0,3.0,0.0,0.0,3,8,1430.0,0.0,2003,0.0,98117,47.684,-122.388,1310.0,2135.0,2014-08-22,443600.0
3793400360,3.0,2.5,1920.0,12244.0,2.0,0.0,0.0,3,7,1920.0,0.0,1998,0.0,98019,47.7256,-121.97,1920.0,11859.0,2014-08-14,380600.0
7504101280,3.0,3.25,4330.0,14600.0,2.0,0.0,0.0,3,10,3630.0,700.0,1985,0.0,98074,47.6341,-122.044,3220.0,12672.0,2015-01-26,722800.0
3331500121,2.0,1.0,790.0,5150.0,1.0,0.0,0.0,4,6,790.0,0.0,1948,0.0,98118,47.5528,-122.272,1460.0,5150.0,2015-02-10,342888.0
438000015,4.0,1.75,2350.0,5946.0,1.0,0.0,2.0,3,8,1350.0,1000.0,1957,0.0,98115,47.6879,-122.298,2060.0,6000.0,2014-09-16,555000.0
5366200205,3.0,2.5,1350.0,3068.0,2.0,0.0,0.0,3,7,1350.0,0.0,1991,0.0,98122,47.6099,-122.293,1900.0,4000.0,2014-06-03,613000.0
2026049067,3.0,2.0,1470.0,10052.0,1.0,0.0,0.0,4,8,1470.0,0.0,1956,0.0,98125,47.726,-122.316,1480.0,9780.0,2014-07-02,480000.0
3885808035,6.0,1.5,1680.0,5202.0,1.5,0.0,0.0,2,7,1680.0,0.0,1911,0.0,98033,47.6798,-122.206,1890.0,5500.0,2015-03-16,619500.0
1494300040,4.0,2.5,1890.0,8505.0,1.0,0.0,0.0,3,8,1290.0,600.0,1980,0.0,98052,47.6796,-122.115,1720.0,9600.0,2014-06-24,437000.0
6071200195,4.0,2.5,2030.0,9905.0,1.0,0.0,0.0,4,8,2030.0,0.0,1959,0.0,98006,47.5518,-122.184,2130.0,10008.0,2015-04-08,621000.0
1257202215,4.0,1.75,1760.0,4080.0,1.5,,0.0,4,8,1760.0,0.0,1906,0.0,98103,47.675,-122.331,1760.0,6120.0,2014-07-14,810000.0
5589300145,3.0,2.25,1950.0,8868.0,1.0,0.0,0.0,3,7,1350.0,600.0,1964,0.0,98155,47.7538,-122.312,1300.0,8880.0,2014-05-27,415000.0
293000145,4.0,1.0,1440.0,7404.0,1.0,0.0,0.0,3,6,1080.0,360.0,1918,0.0,98126,47.5328,-122.379,1620.0,7436.0,2014-11-13,250000.0
4315701163,3.0,1.5,2230.0,6000.0,1.0,0.0,1.0,3,8,1260.0,970.0,1968,0.0,98136,47.5373,-122.395,2120.0,7200.0,2015-04-13,585000.0
6163900981,3.0,1.0,1180.0,5002.0,1.5,,0.0,3,7,1180.0,0.0,1946,0.0,98155,47.7529,-122.324,1470.0,8410.0,2014-05-28,220000.0
4157600120,5.0,2.5,2500.0,11900.0,1.0,0.0,0.0,3,7,1400.0,1100.0,1963,0.0,98007,47.5915,-122.132,2820.0,11900.0,2015-04-22,580000.0
3262301355,3.0,2.75,2680.0,20104.0,1.0,0.0,0.0,5,9,1820.0,860.0,1964,0.0,98039,47.6304,-122.234,3060.0,19837.0,2014-07-25,1320000.0
4376700330,4.0,2.5,2040.0,9225.0,1.0,0.0,0.0,5,8,1610.0,430.0,1968,0.0,98052,47.636,-122.097,1730.0,9225.0,2014-08-01,675000.0
8691370330,4.0,2.75,2660.0,7389.0,2.0,0.0,0.0,3,9,2660.0,0.0,2002,0.0,98075,47.5993,-121.977,2820.0,7388.0,2014-10-29,695000.0
5078400090,5.0,2.75,2580.0,7630.0,1.0,0.0,0.0,4,7,1730.0,850.0,1954,0.0,98004,47.6226,-122.205,2040.0,7717.0,2014-12-09,915000.0
5272200040,3.0,1.0,1000.0,6947.0,1.0,0.0,0.0,4,7,1000.0,0.0,1947,0.0,98125,47.7142,-122.319,1000.0,6947.0,2014-11-21,375000.0
2997800015,3.0,1.5,1330.0,1265.0,2.0,0.0,0.0,3,8,1140.0,190.0,2008,0.0,98116,47.5773,-122.409,1330.0,1264.0,2015-04-07,500000.0
2780900220,2.0,2.0,1420.0,5185.0,1.0,0.0,0.0,3,7,1420.0,0.0,2004,0.0,98038,47.3543,-122.022,2140.0,4890.0,2014-12-26,335000.0
4463400195,2.0,1.0,1280.0,21750.0,1.5,0.0,0.0,5,6,1280.0,0.0,1912,0.0,98001,47.3096,-122.241,1520.0,21750.0,2014-07-18,170000.0
844001485,5.0,2.5,2200.0,8500.0,1.0,,0.0,4,7,1400.0,800.0,1971,0.0,98010,47.3073,-122.006,1360.0,8855.0,2015-04-29,320900.0
8123450300,3.0,1.75,1800.0,8462.0,1.0,0.0,0.0,3,8,1440.0,360.0,1978,0.0,98052,47.6623,-122.141,2210.0,8436.0,2015-03-06,508000.0
7137800300,3.0,1.75,1200.0,9085.0,1.0,0.0,0.0,4,7,1200.0,0.0,1968,0.0,98023,47.2795,-122.353,1200.0,9085.0,2014-07-08,228950.0
7972600910,4.0,2.0,1840.0,4760.0,1.5,0.0,0.0,4,6,1080.0,760.0,1929,0.0,98106,47.5297,-122.349,1170.0,5950.0,2015-05-07,433000.0
7452500770,2.0,1.0,960.0,5150.0,1.0,0.0,0.0,5,6,960.0,0.0,1951,0.0,98126,47.5201,-122.372,1010.0,5000.0,2014-09-08,267500.0
5250300035,4.0,1.5,2890.0,9000.0,2.0,0.0,4.0,3,8,2090.0,800.0,1939,0.0,98118,47.5682,-122.274,2550.0,8400.0,2014-10-08,910000.0
9517200610,3.0,1.75,1290.0,10117.0,1.0,0.0,0.0,3,7,1290.0,0.0,1984,0.0,98072,47.7598,-122.146,1770.0,11839.0,2015-03-03,370000.0
952004570,2.0,1.0,1140.0,3834.0,1.5,0.0,0.0,3,6,1140.0,0.0,1911,0.0,98126,47.5642,-122.378,1190.0,5750.0,2014-12-06,320000.0
579002600,3.0,1.75,1750.0,5200.0,1.0,0.0,1.0,4,8,1750.0,0.0,1956,0.0,98117,47.6995,-122.383,2060.0,5200.0,2014-10-01,660000.0
4351300978,4.0,2.25,2580.0,21115.0,2.0,0.0,0.0,4,9,2580.0,0.0,1977,0.0,98040,47.5566,-122.219,2690.0,10165.0,2014-08-26,787888.0
1152700090,4.0,2.5,2650.0,5880.0,2.0,0.0,0.0,3,9,2650.0,0.0,2005,0.0,98042,47.3509,-122.165,2610.0,6490.0,2014-12-18,329000.0
3179100720,2.0,1.0,1470.0,6398.0,1.0,0.0,0.0,4,7,970.0,500.0,1941,0.0,98105,47.6716,-122.279,1950.0,6398.0,2014-12-03,602000.0
5628300015,3.0,2.0,1640.0,9750.0,1.0,0.0,0.0,3,7,1640.0,0.0,1959,0.0,98028,47.7425,-122.241,1340.0,9750.0,2014-11-06,375000.0
1900000035,1.0,1.0,620.0,7620.0,1.0,,0.0,3,6,620.0,0.0,1926,0.0,98166,47.4697,-122.349,1160.0,7620.0,2015-05-05,212000.0
1105000432,3.0,1.5,1440.0,8370.0,1.0,,0.0,3,7,1440.0,0.0,1977,0.0,98118,47.5418,-122.275,1440.0,8370.0,2014-08-22,224000.0
1402810150,3.0,2.0,1160.0,10079.0,1.0,0.0,0.0,3,7,1160.0,0.0,1986,0.0,98019,47.7341,-121.976,1130.0,10087.0,2015-03-10,315500.0
2163900028,2.0,1.0,1070.0,2880.0,1.0,0.0,0.0,3,7,1070.0,0.0,1902,0.0,98102,47.6261,-122.324,2030.0,2880.0,2015-01-28,350000.0
5409000110,6.0,4.5,3560.0,14010.0,2.0,0.0,0.0,3,7,3560.0,0.0,1989,0.0,98002,47.3244,-122.217,1710.0,11116.0,2015-05-06,389000.0
8687800100,3.0,1.75,1720.0,13104.0,1.0,,0.0,4,7,1720.0,0.0,1962,0.0,98168,47.4709,-122.26,1840.0,13104.0,2014-07-13,285000.0
8563300085,3.0,1.75,1530.0,9800.0,1.0,0.0,0.0,5,8,1530.0,0.0,1958,0.0,98133,47.7655,-122.336,1660.0,9800.0,2014-12-01,425000.0
7140200330,3.0,1.75,1270.0,7875.0,1.0,0.0,0.0,4,7,1270.0,0.0,1980,0.0,98030,47.3696,-122.17,1830.0,7210.0,2015-03-09,190000.0
2124069103,3.0,1.75,1510.0,18439.0,1.0,0.0,0.0,3,7,1510.0,0.0,1971,0.0,98027,47.5491,-122.046,1600.0,34326.0,2015-05-05,374000.0
1703401110,2.0,1.0,880.0,5500.0,1.0,0.0,0.0,3,6,880.0,0.0,1904,0.0,98118,47.5573,-122.289,1080.0,5500.0,2014-08-07,292000.0
6046400755,5.0,1.75,2020.0,5100.0,1.5,,0.0,5,7,1320.0,700.0,1911,0.0,98103,47.6915,-122.345,1130.0,5100.0,2015-05-11,475000.0
5309100450,3.0,2.5,1410.0,2675.0,1.0,0.0,0.0,3,7,820.0,590.0,1985,0.0,98117,47.6786,-122.371,1410.0,4013.0,2015-03-30,546500.0
3883800011,3.0,1.0,860.0,10426.0,1.0,0.0,0.0,3,6,860.0,0.0,1954,0.0,98146,47.4987,-122.341,1140.0,11250.0,2014-11-05,82000.0
3883800011,3.0,1.0,860.0,10426.0,1.0,0.0,0.0,3,6,860.0,0.0,1954,0.0,98146,47.4987,-122.341,1140.0,11250.0,2015-04-08,219900.0
4315700175,3.0,1.0,1210.0,5750.0,1.5,0.0,0.0,4,7,1210.0,0.0,1910,0.0,98136,47.5403,-122.391,1160.0,5000.0,2014-06-12,440000.0
221029019,3.0,2.5,2090.0,32718.0,2.0,1.0,4.0,3,7,1550.0,540.0,1919,0.0,98070,47.3338,-122.511,1200.0,192268.0,2015-04-28,400000.0
4035900085,3.0,1.75,1430.0,20193.0,1.0,0.0,0.0,3,7,1430.0,0.0,1955,0.0,98006,47.5619,-122.183,2140.0,18364.0,2014-11-17,453000.0
3438500781,6.0,3.25,2120.0,6893.0,1.0,0.0,0.0,4,7,1060.0,1060.0,1983,0.0,98106,47.5508,-122.355,1380.0,6986.0,2014-08-12,330000.0
8097000330,3.0,2.75,2540.0,8604.0,2.0,0.0,0.0,3,8,2540.0,0.0,1991,0.0,98092,47.3209,-122.185,2260.0,7438.0,2014-07-21,359950.0
8677300720,4.0,2.5,2490.0,12929.0,2.0,0.0,0.0,3,9,2490.0,0.0,1983,0.0,98074,47.6161,-122.021,2440.0,12929.0,2014-06-17,616000.0
3644100072,2.0,1.0,670.0,2356.0,1.0,0.0,0.0,5,6,670.0,0.0,1960,0.0,98144,47.5918,-122.295,1220.0,1740.0,2014-11-07,245000.0
1453602284,2.0,2.0,1320.0,2040.0,3.0,0.0,0.0,3,7,1320.0,0.0,1997,0.0,98125,47.7224,-122.291,1430.0,2040.0,2014-11-03,296000.0
4365700450,2.0,1.0,950.0,9000.0,1.0,0.0,0.0,3,6,950.0,0.0,1924,0.0,98106,47.5219,-122.361,1000.0,8280.0,2014-11-06,193000.0
9268200315,3.0,2.0,1870.0,8442.0,1.5,0.0,0.0,5,7,1060.0,810.0,1927,0.0,98117,47.6964,-122.365,1640.0,6174.0,2014-08-28,456000.0
4358700141,4.0,1.75,1840.0,9250.0,1.0,0.0,0.0,4,7,980.0,860.0,1956,0.0,98133,47.708,-122.337,1520.0,9250.0,2015-04-27,480000.0
4310701577,3.0,3.25,1410.0,1253.0,3.0,0.0,0.0,3,8,1410.0,0.0,2005,0.0,98103,47.6981,-122.34,1410.0,1253.0,2014-05-09,382000.0
9828200762,2.0,1.0,1050.0,2542.0,1.0,0.0,0.0,3,7,880.0,170.0,1904,0.0,98122,47.6172,-122.298,1620.0,1809.0,2014-06-28,650000.0
2026049097,2.0,2.0,1400.0,10052.0,1.0,0.0,0.0,3,8,1400.0,0.0,1957,0.0,98125,47.7262,-122.316,1400.0,8785.0,2014-11-25,431750.0
6639900219,3.0,2.5,1630.0,1755.0,2.0,0.0,0.0,3,8,1320.0,310.0,1997,0.0,98033,47.691,-122.176,1920.0,14550.0,2015-05-11,419900.0
2521039066,3.0,2.0,1900.0,9513.0,1.0,0.0,0.0,3,8,1900.0,0.0,1995,0.0,98023,47.2843,-122.357,1790.0,8028.0,2014-12-29,315000.0
5649300120,4.0,3.0,1890.0,35280.0,1.0,0.0,0.0,3,9,1510.0,380.0,1979,0.0,98052,47.7112,-122.099,2730.0,34525.0,2015-04-20,597500.0
1774230300,3.0,2.5,2980.0,43301.0,1.0,0.0,0.0,4,8,1930.0,1050.0,1978,0.0,98077,47.7631,-122.093,2890.0,35915.0,2015-03-06,615000.0
7313200120,4.0,3.25,2885.0,33671.0,2.0,0.0,0.0,4,8,2885.0,0.0,1984,0.0,98027,47.5174,-122.046,1910.0,16000.0,2014-10-31,605000.0
4137010540,3.0,2.5,1980.0,11900.0,2.0,0.0,0.0,3,8,1980.0,0.0,1990,0.0,98092,47.2656,-122.217,2130.0,9933.0,2015-04-01,220000.0
7844200120,4.0,2.5,3020.0,8750.0,1.0,0.0,0.0,3,8,1710.0,1310.0,1960,0.0,98188,47.4298,-122.29,1900.0,8750.0,2015-04-13,340000.0
1923099058,4.0,2.5,2980.0,210395.0,2.0,0.0,0.0,3,9,2980.0,0.0,2001,0.0,98045,47.4575,-121.707,2530.0,45596.0,2014-10-15,620000.0
7922710690,5.0,1.75,3290.0,11900.0,1.5,0.0,0.0,3,8,3290.0,0.0,1973,0.0,98052,47.6626,-122.141,2210.0,8549.0,2014-05-19,602000.0
2624049165,3.0,1.75,1580.0,11750.0,1.0,0.0,0.0,4,7,1180.0,400.0,1951,0.0,98118,47.5368,-122.265,2150.0,11750.0,2014-05-13,575000.0
7575600100,3.0,2.5,2090.0,10834.0,1.0,0.0,0.0,4,8,1360.0,730.0,1987,0.0,98003,47.3537,-122.303,1750.0,8595.0,2014-05-02,285000.0
3450400330,3.0,1.5,1100.0,8140.0,1.0,0.0,0.0,4,7,1100.0,0.0,1965,0.0,98059,47.5004,-122.162,1430.0,7700.0,2015-02-20,306500.0
4307300930,3.0,2.5,1870.0,3480.0,2.0,0.0,0.0,3,7,1870.0,0.0,2002,0.0,98056,47.4831,-122.183,2160.0,3480.0,2015-01-02,325000.0
3288301030,3.0,2.75,2390.0,21804.0,1.0,0.0,0.0,3,8,1450.0,940.0,1973,0.0,98034,47.7339,-122.183,2390.0,10136.0,2015-03-19,623000.0
5466350120,3.0,2.0,1320.0,8568.0,1.0,0.0,0.0,3,7,1320.0,0.0,1993,0.0,98042,47.3904,-122.164,1600.0,8463.0,2015-03-11,256500.0
3791410210,5.0,3.5,3430.0,6872.0,2.0,0.0,0.0,3,10,2830.0,600.0,2002,0.0,98031,47.4065,-122.207,3650.0,6600.0,2014-11-17,473000.0
1795900120,3.0,2.5,2250.0,9235.0,2.0,0.0,0.0,3,8,2250.0,0.0,1985,0.0,98052,47.7268,-122.105,2290.0,8187.0,2014-10-29,549000.0
8656300385,3.0,1.0,1710.0,19115.0,1.0,0.0,0.0,3,6,1710.0,0.0,1986,0.0,98014,47.656,-121.913,1650.0,15144.0,2015-03-17,305000.0
6649250410,4.0,2.5,2160.0,8049.0,2.0,0.0,0.0,3,9,2160.0,0.0,1988,0.0,98001,47.3337,-122.26,2490.0,8995.0,2015-02-04,317000.0
1426049054,3.0,1.75,1400.0,13775.0,1.0,0.0,0.0,3,8,1400.0,0.0,1963,0.0,98028,47.7413,-122.259,2200.0,10450.0,2014-07-01,450000.0
7841300535,2.0,2.5,1560.0,5333.0,1.0,0.0,0.0,3,5,780.0,780.0,1947,0.0,98055,47.4749,-122.213,1010.0,4800.0,2015-04-09,225000.0
2867700035,5.0,2.0,2300.0,7897.0,2.5,0.0,0.0,4,8,2300.0,0.0,1956,0.0,98133,47.7556,-122.356,2030.0,7902.0,2015-02-12,500000.0
2658000215,2.0,1.0,820.0,4860.0,1.0,0.0,0.0,5,6,820.0,0.0,1955,0.0,98118,47.5298,-122.271,1240.0,6000.0,2014-08-12,207000.0
7100000120,3.0,1.0,1630.0,8308.0,1.5,,0.0,3,7,1630.0,0.0,1948,0.0,98146,47.5075,-122.378,1170.0,8308.0,2014-08-18,474900.0
200300210,3.0,2.5,2010.0,7200.0,2.0,0.0,0.0,3,8,2010.0,0.0,1994,0.0,98028,47.7372,-122.223,1970.0,7202.0,2014-07-01,515000.0
1868903130,4.0,1.0,1540.0,5000.0,1.5,0.0,0.0,4,7,1090.0,450.0,1922,0.0,98115,47.6754,-122.294,1590.0,5000.0,2015-02-12,542000.0
7385310040,4.0,2.75,2420.0,10962.0,1.0,0.0,0.0,3,8,1530.0,890.0,1977,0.0,98007,47.6218,-122.152,2620.0,13200.0,2014-06-05,725000.0
5104510210,3.0,2.5,1690.0,4533.0,2.0,0.0,0.0,3,7,1690.0,0.0,2003,0.0,98038,47.3575,-122.016,1830.0,5175.0,2015-03-09,314950.0
9517200180,3.0,2.0,1410.0,10078.0,1.0,,0.0,4,6,1410.0,0.0,1983,0.0,98072,47.7587,-122.144,2090.0,9202.0,2014-11-06,375000.0
1725079061,3.0,1.75,1640.0,47044.0,1.0,0.0,0.0,3,7,1640.0,0.0,1989,0.0,98014,47.654,-121.94,2280.0,200811.0,2014-07-10,500000.0
2141310820,3.0,1.75,2200.0,9840.0,1.0,0.0,0.0,5,8,1500.0,700.0,1978,0.0,98006,47.559,-122.136,2410.0,9623.0,2014-06-24,689000.0
2902200234,3.0,2.25,1290.0,1182.0,2.0,,0.0,3,8,1000.0,290.0,2006,0.0,98102,47.637,-122.327,1300.0,1169.0,2014-12-09,525000.0
1443500395,3.0,1.5,1060.0,6232.0,1.0,0.0,0.0,4,7,1060.0,0.0,1968,0.0,98118,47.5329,-122.271,1120.0,5379.0,2015-05-04,360000.0
2391601010,3.0,1.0,1240.0,5750.0,1.0,,0.0,4,6,1240.0,0.0,1948,0.0,98116,47.564,-122.398,1240.0,5750.0,2014-08-20,425000.0
7129303970,2.0,1.0,1280.0,5500.0,1.0,0.0,0.0,3,7,1280.0,0.0,1949,0.0,98118,47.5179,-122.264,1270.0,5500.0,2015-03-04,239950.0
567000025,2.0,2.5,2330.0,3000.0,2.0,0.0,3.0,3,8,2330.0,0.0,1915,19940.0,98144,47.5953,-122.294,1760.0,4000.0,2015-04-02,577500.0
2493200195,3.0,1.75,2360.0,7291.0,1.0,,0.0,4,8,1360.0,1000.0,1948,0.0,98136,47.5274,-122.384,1860.0,5499.0,2014-05-02,615000.0
8562901250,4.0,2.75,2210.0,10800.0,1.0,0.0,0.0,4,8,1170.0,1040.0,1997,0.0,98074,47.6086,-122.059,2210.0,10800.0,2014-08-27,516000.0
2600020330,4.0,2.75,3670.0,15400.0,2.0,0.0,3.0,4,10,3670.0,0.0,1986,0.0,98006,47.5581,-122.156,3370.0,13300.0,2014-08-13,1220000.0
1370801520,4.0,3.5,3080.0,4815.0,2.0,0.0,3.0,3,10,2300.0,780.0,1937,20090.0,98199,47.6417,-122.411,2910.0,5350.0,2014-05-27,1660000.0
5589900761,2.0,1.0,770.0,6731.0,1.0,0.0,0.0,4,6,770.0,0.0,1943,0.0,98155,47.7505,-122.312,1120.0,9212.0,2015-05-01,315000.0
3601800580,4.0,2.0,2600.0,9000.0,1.0,0.0,0.0,3,8,1410.0,1190.0,1959,0.0,98032,47.381,-122.299,2600.0,7200.0,2014-10-21,250000.0
3336000296,4.0,1.5,1220.0,4900.0,1.0,0.0,0.0,3,6,1220.0,0.0,1942,0.0,98118,47.5292,-122.269,1410.0,3000.0,2014-11-13,250000.0
1525059020,4.0,2.5,2910.0,48351.0,1.0,0.0,0.0,4,8,1910.0,1000.0,1967,0.0,98005,47.6495,-122.164,2760.0,43560.0,2015-04-10,925000.0
6150200330,3.0,1.0,1150.0,4681.0,1.0,0.0,0.0,3,7,1150.0,0.0,1955,0.0,98133,47.7284,-122.336,1150.0,6800.0,2014-08-25,358000.0
4136950180,3.0,2.5,1700.0,6200.0,2.0,0.0,0.0,3,8,1700.0,0.0,1997,0.0,98092,47.2621,-122.221,1720.0,6205.0,2014-09-26,262000.0
259600790,3.0,1.75,1220.0,7370.0,1.0,0.0,0.0,4,7,1220.0,0.0,1964,0.0,98008,47.6334,-122.12,1580.0,8213.0,2014-10-15,500000.0
2770604925,5.0,1.0,1670.0,6400.0,1.5,,0.0,3,8,1670.0,0.0,1919,0.0,98119,47.6542,-122.373,1910.0,2983.0,2014-07-15,1300000.0
6902000100,3.0,1.75,2420.0,65501.0,2.0,,1.0,3,8,2420.0,0.0,1984,0.0,98074,47.6525,-122.087,2970.0,19036.0,2014-09-15,500000.0
3275850180,3.0,2.25,2610.0,9002.0,2.0,0.0,0.0,3,9,2610.0,0.0,1988,0.0,98052,47.6909,-122.104,2320.0,8306.0,2014-06-02,675000.0
4154300296,3.0,1.0,960.0,5030.0,1.0,0.0,0.0,3,7,960.0,0.0,1955,0.0,98118,47.5611,-122.28,1460.0,5400.0,2014-09-26,235000.0
4154300296,3.0,1.0,960.0,5030.0,1.0,0.0,0.0,3,7,960.0,0.0,1955,0.0,98118,47.5611,-122.28,1460.0,5400.0,2015-03-18,545000.0
3888100043,3.0,1.0,1010.0,9360.0,1.0,0.0,0.0,3,6,1010.0,0.0,1981,0.0,98033,47.6874,-122.168,1470.0,9360.0,2014-05-07,350000.0
8165501510,2.0,2.25,1550.0,1827.0,2.0,0.0,0.0,3,8,1550.0,0.0,2008,0.0,98106,47.5394,-122.368,1420.0,1826.0,2014-11-25,320000.0
5152700120,5.0,2.5,5067.0,13315.0,1.0,0.0,2.0,3,9,3154.0,1913.0,1968,0.0,98003,47.3391,-122.325,2860.0,13957.0,2015-03-18,452000.0
1962200475,3.0,2.0,2350.0,6000.0,1.5,0.0,0.0,4,8,1990.0,360.0,1922,0.0,98102,47.6476,-122.32,2010.0,5040.0,2014-07-25,875000.0
272000355,3.0,1.5,1310.0,2998.0,2.0,,0.0,3,7,1310.0,0.0,1998,0.0,98144,47.5873,-122.299,1310.0,2997.0,2014-11-08,325000.0
5113400113,4.0,2.25,2160.0,5600.0,1.0,0.0,0.0,5,7,1080.0,,1947,0.0,98119,47.6442,-122.372,1850.0,5150.0,2014-06-19,756000.0
6669010120,4.0,2.5,2510.0,7992.0,1.0,0.0,0.0,3,8,1610.0,900.0,1978,0.0,98032,47.3715,-122.285,2030.0,7992.0,2014-06-24,319000.0
7170200110,3.0,1.75,890.0,3800.0,1.5,0.0,0.0,3,7,750.0,140.0,1926,0.0,98115,47.6803,-122.291,1280.0,3800.0,2015-01-21,455000.0
2113700025,2.0,1.0,1129.0,3840.0,1.0,0.0,0.0,3,7,1129.0,0.0,1953,0.0,98106,47.5313,-122.351,1300.0,3880.0,2015-04-09,330000.0
7197000100,4.0,3.25,1980.0,9988.0,1.0,0.0,0.0,3,8,1340.0,640.0,1980,0.0,98052,47.6883,-122.111,1980.0,8972.0,2015-01-08,510000.0
7577700061,3.0,1.0,2360.0,5012.0,1.0,0.0,0.0,3,7,1560.0,800.0,1964,0.0,98116,47.5705,-122.384,1690.0,4800.0,2015-04-16,532000.0
1862400215,3.0,2.5,2480.0,5007.0,2.0,0.0,0.0,3,8,1960.0,520.0,2014,0.0,98117,47.6974,-122.369,1650.0,7806.0,2015-01-20,775000.0
3726800201,3.0,1.75,2160.0,4000.0,1.0,,0.0,3,7,1080.0,1080.0,1953,0.0,98144,47.5721,-122.309,1260.0,3200.0,2015-04-17,410000.0
13002460,2.0,1.75,1740.0,5100.0,1.0,0.0,0.0,3,6,580.0,1160.0,1915,0.0,98108,47.5211,-122.33,1440.0,5100.0,2015-03-18,205000.0
5151200215,4.0,2.5,2430.0,6766.0,2.0,0.0,0.0,3,8,2430.0,0.0,1999,0.0,98177,47.7294,-122.358,1820.0,6772.0,2014-12-12,585000.0
8731983200,2.0,1.75,1950.0,8200.0,1.0,,0.0,3,8,1950.0,0.0,1975,0.0,98023,47.3161,-122.382,2370.0,8000.0,2015-03-10,255000.0
5309101395,2.0,1.0,910.0,3750.0,1.0,0.0,0.0,3,7,910.0,0.0,1904,0.0,98117,47.6772,-122.369,1160.0,4000.0,2014-09-11,415000.0
4364700945,4.0,2.0,2360.0,7080.0,1.0,,0.0,5,6,1180.0,1180.0,1925,0.0,98126,47.5261,-122.376,1340.0,7200.0,2015-04-02,459000.0
395300330,3.0,1.0,1130.0,11250.0,1.0,0.0,0.0,3,7,1130.0,0.0,1965,0.0,98034,47.7254,-122.227,1410.0,11250.0,2014-12-11,354000.0
3295730040,3.0,2.5,2150.0,5193.0,2.0,0.0,0.0,3,8,2150.0,,1995,0.0,98033,47.6952,-122.187,2150.0,7172.0,2014-07-15,587000.0
7937600395,4.0,3.5,5270.0,53428.0,2.0,0.0,0.0,3,10,3440.0,1830.0,2004,0.0,98058,47.4358,-122.085,2340.0,30904.0,2014-07-08,782000.0
1236300146,3.0,1.5,1300.0,7287.0,1.0,0.0,0.0,4,7,1300.0,0.0,1965,0.0,98033,47.6889,-122.187,1300.0,9129.0,2015-05-04,570000.0
8024200625,3.0,1.0,1050.0,6002.0,1.0,0.0,0.0,3,7,840.0,210.0,1941,0.0,98115,47.6988,-122.316,1180.0,6003.0,2015-02-05,414500.0
7340600845,4.0,1.0,1380.0,6700.0,1.0,0.0,0.0,3,7,1190.0,190.0,1928,0.0,98168,47.4871,-122.281,1380.0,8292.0,2014-08-06,185000.0
898000220,3.0,1.5,1610.0,10291.0,1.0,0.0,0.0,4,7,1610.0,0.0,1961,0.0,98022,47.2025,-121.999,1410.0,7729.0,2014-10-01,262500.0
2212600100,4.0,2.75,3150.0,67518.0,1.0,,0.0,4,9,2250.0,900.0,1965,0.0,98092,47.3382,-122.196,2210.0,32391.0,2014-05-22,370000.0
6412100092,3.0,1.0,1520.0,9507.0,1.0,0.0,0.0,3,7,1520.0,0.0,1954,0.0,98125,47.7162,-122.324,1360.0,7219.0,2015-01-05,362500.0
8835350300,3.0,2.5,1990.0,7397.0,2.0,0.0,0.0,3,9,1990.0,0.0,1993,0.0,98072,47.7703,-122.165,2210.0,7397.0,2015-03-04,536000.0
2586800210,5.0,2.0,2500.0,7804.0,1.5,0.0,0.0,3,7,1570.0,930.0,1921,0.0,98146,47.5031,-122.348,1170.0,7676.0,2015-04-21,425000.0
2044500201,3.0,2.25,1890.0,7200.0,1.0,0.0,0.0,4,7,1230.0,660.0,1973,0.0,98125,47.7156,-122.317,1970.0,8101.0,2014-06-09,435000.0
6450303950,5.0,2.0,1840.0,9240.0,1.0,0.0,0.0,4,7,1540.0,300.0,1942,0.0,98133,47.7308,-122.34,1200.0,5250.0,2014-05-05,435000.0
3013300409,2.0,1.0,1220.0,6300.0,1.0,,0.0,3,7,760.0,460.0,1942,0.0,98136,47.5299,-122.387,1850.0,4886.0,2015-03-12,400000.0
1934800087,2.0,1.5,1370.0,1221.0,2.0,0.0,0.0,3,8,1080.0,290.0,2008,0.0,98122,47.6039,-122.307,1560.0,2081.0,2014-06-26,446000.0
1125049140,3.0,2.5,2710.0,13120.0,1.0,0.0,0.0,3,10,2710.0,0.0,1959,0.0,98105,47.6718,-122.256,3130.0,13566.0,2015-01-26,1250000.0
2025700180,3.0,2.25,1760.0,5421.0,2.0,0.0,0.0,3,7,1760.0,0.0,1991,0.0,98038,47.3484,-122.037,1570.0,6000.0,2014-11-20,300000.0
8024201055,2.0,1.0,800.0,5080.0,1.0,0.0,0.0,3,7,800.0,0.0,1938,0.0,98115,47.6978,-122.314,1560.0,5110.0,2014-08-06,404500.0
2426059097,4.0,2.5,3530.0,49222.0,2.0,,0.0,4,9,3530.0,0.0,1986,0.0,98072,47.7285,-122.112,3750.0,49222.0,2015-03-05,910000.0
9829200855,3.0,2.25,1780.0,6120.0,1.5,0.0,0.0,4,9,1390.0,390.0,1927,0.0,98122,47.6025,-122.286,1960.0,5568.0,2014-05-13,771000.0
1864940180,4.0,2.5,2610.0,4781.0,2.0,,0.0,3,8,2610.0,0.0,2009,0.0,98001,47.2649,-122.292,2583.0,4796.0,2014-06-05,335000.0
1023089085,3.0,1.75,1850.0,15170.0,1.0,0.0,0.0,3,7,1850.0,0.0,1965,0.0,98045,47.4991,-121.774,1160.0,14175.0,2014-08-04,390000.0
4399200100,3.0,2.25,1560.0,9706.0,1.0,0.0,0.0,4,7,1560.0,0.0,1963,0.0,98002,47.3191,-122.213,1510.0,9706.0,2015-04-28,288000.0
1087500040,3.0,1.75,1270.0,10790.0,1.0,0.0,0.0,3,7,1270.0,0.0,1956,0.0,98033,47.6647,-122.177,1270.0,10790.0,2014-10-14,403000.0
1972201965,3.0,2.25,1420.0,1309.0,3.0,0.0,0.0,3,8,1420.0,0.0,2006,0.0,98103,47.6534,-122.346,1500.0,1282.0,2014-06-24,510000.0
272000085,6.0,3.0,2880.0,6800.0,2.0,0.0,0.0,3,7,2880.0,0.0,1980,0.0,98144,47.5873,-122.299,1640.0,4000.0,2015-02-19,751000.0
7129302806,3.0,1.0,1420.0,8000.0,1.0,0.0,4.0,3,7,1420.0,0.0,1950,0.0,98118,47.5169,-122.255,1780.0,8295.0,2015-02-03,408000.0
4389201021,3.0,1.0,1640.0,12855.0,1.5,0.0,0.0,5,6,1500.0,140.0,1920,0.0,98004,47.6169,-122.212,2190.0,11262.0,2014-07-01,1010000.0
6751300385,3.0,2.0,1730.0,9030.0,1.0,0.0,0.0,4,7,1730.0,0.0,1956,0.0,98007,47.5875,-122.134,1470.0,9030.0,2015-04-24,575000.0
723049274,3.0,1.75,1250.0,8100.0,1.0,,0.0,3,7,1250.0,0.0,1951,0.0,98146,47.5016,-122.348,1300.0,8175.0,2015-04-17,330000.0
2767602094,3.0,2.25,1520.0,1221.0,3.0,,0.0,3,8,1520.0,0.0,2013,0.0,98107,47.674,-122.377,1550.0,4750.0,2014-05-16,565000.0
8635760330,3.0,2.5,1820.0,2935.0,2.0,0.0,0.0,3,8,1820.0,0.0,1999,0.0,98074,47.6018,-122.021,1820.0,2936.0,2015-04-13,456000.0
3905010100,4.0,2.5,2700.0,9122.0,2.0,0.0,0.0,3,9,2700.0,0.0,1990,0.0,98029,47.5771,-121.994,2500.0,9122.0,2014-06-15,652500.0
2493200215,3.0,1.75,1820.0,3140.0,2.0,0.0,0.0,5,8,1820.0,0.0,1949,19900.0,98136,47.5271,-122.384,2030.0,5499.0,2014-12-31,582000.0
8691390530,4.0,2.5,2770.0,5686.0,2.0,0.0,0.0,3,9,2770.0,0.0,2004,0.0,98075,47.5997,-121.973,2910.0,5000.0,2014-06-25,700000.0
4319200620,2.0,1.0,1270.0,9182.0,1.5,0.0,0.0,3,6,1270.0,0.0,1917,0.0,98126,47.5365,-122.378,1760.0,9100.0,2014-10-15,235000.0
424069096,3.0,1.75,1400.0,12155.0,1.0,0.0,0.0,4,7,1400.0,0.0,1977,0.0,98075,47.5926,-122.047,2540.0,23522.0,2014-07-31,460000.0
8121200820,3.0,2.25,1820.0,8008.0,1.0,0.0,0.0,3,8,1240.0,580.0,1981,0.0,98052,47.7206,-122.11,2030.0,8750.0,2014-05-22,475000.0
8682231110,2.0,2.0,1870.0,6275.0,1.0,0.0,0.0,3,8,1870.0,0.0,2003,0.0,98053,47.7108,-122.031,1670.0,5200.0,2014-06-09,579000.0
2767602645,4.0,2.0,1360.0,2746.0,1.5,,0.0,3,7,1360.0,0.0,1945,20110.0,98107,47.6736,-122.39,1960.0,2746.0,2014-11-10,507000.0
7131300035,3.0,2.5,1040.0,2643.0,2.0,0.0,0.0,3,7,720.0,320.0,2004,0.0,98118,47.5165,-122.268,1540.0,5110.0,2014-05-12,210000.0
2595650100,4.0,2.75,2140.0,10316.0,2.0,0.0,0.0,3,8,2140.0,0.0,1993,0.0,98001,47.3537,-122.274,1920.0,11337.0,2014-06-30,359500.0
2616700450,3.0,1.75,1330.0,9831.0,1.0,0.0,0.0,3,7,1330.0,0.0,1987,0.0,98001,47.3304,-122.277,1330.0,7500.0,2014-11-07,248000.0
2520900301,3.0,1.0,1070.0,5750.0,1.0,0.0,0.0,3,7,1070.0,0.0,1952,0.0,98178,47.5071,-122.255,1420.0,6500.0,2014-10-22,239300.0
1473200150,3.0,2.25,1370.0,1533.0,3.0,0.0,0.0,3,8,1370.0,0.0,2009,0.0,98133,47.7326,-122.343,1370.0,1125.0,2014-12-16,315000.0
1726600150,4.0,3.0,3510.0,12410.0,2.0,0.0,0.0,4,9,3510.0,0.0,1976,0.0,98005,47.6381,-122.166,3000.0,13209.0,2015-02-26,970000.0
9169600110,3.0,1.5,1730.0,6240.0,1.0,0.0,1.0,3,8,1000.0,730.0,1954,0.0,98136,47.5282,-122.391,1620.0,6240.0,2015-03-17,510000.0
4036800580,4.0,1.5,1550.0,9176.0,1.0,0.0,0.0,3,7,1000.0,550.0,1956,0.0,98008,47.6005,-122.129,1730.0,8539.0,2014-06-21,418000.0
2324800110,4.0,2.5,3280.0,27441.0,2.0,0.0,0.0,3,9,3280.0,0.0,1996,0.0,98053,47.6711,-122.012,3200.0,26960.0,2014-06-12,699000.0
7855800910,4.0,2.5,2150.0,8536.0,1.0,0.0,3.0,4,8,1400.0,750.0,1967,0.0,98006,47.5663,-122.163,2800.0,9500.0,2015-03-21,871000.0
3625059140,3.0,1.75,1580.0,9147.0,1.0,0.0,1.0,4,7,1210.0,370.0,1967,0.0,98008,47.6069,-122.112,2600.0,23564.0,2014-05-07,515000.0
1200021,3.0,1.0,1460.0,43000.0,1.0,0.0,0.0,3,7,1460.0,0.0,1952,0.0,98166,47.4434,-122.347,2250.0,20023.0,2014-08-11,400000.0
9455200790,3.0,1.75,1410.0,5100.0,1.0,0.0,0.0,4,7,1110.0,300.0,1954,0.0,98125,47.7026,-122.29,1600.0,7800.0,2014-12-09,445000.0
2021200530,4.0,2.75,3090.0,6600.0,1.0,0.0,2.0,3,9,1800.0,1290.0,1956,0.0,98199,47.6339,-122.396,2380.0,5000.0,2015-02-25,1110000.0
7760600110,3.0,1.5,1690.0,9600.0,1.0,0.0,0.0,3,7,1210.0,480.0,1976,0.0,98038,47.3857,-122.079,1450.0,9647.0,2014-10-27,212000.0
9323610110,4.0,2.5,2870.0,11304.0,2.0,0.0,0.0,3,9,2870.0,0.0,1980,0.0,98006,47.5547,-122.154,2690.0,9940.0,2015-01-12,710000.0
1612500090,4.0,1.0,1100.0,7110.0,1.0,0.0,0.0,4,7,880.0,220.0,1907,0.0,98030,47.3858,-122.227,1150.0,7110.0,2015-03-31,225800.0
4027700594,3.0,1.75,2310.0,36665.0,1.0,0.0,2.0,3,8,1580.0,730.0,1983,0.0,98155,47.7697,-122.274,2000.0,14000.0,2014-12-22,520000.0
1924059254,5.0,3.75,3490.0,15246.0,1.0,0.0,1.0,4,10,1940.0,1550.0,1968,0.0,98040,47.5479,-122.212,3410.0,15682.0,2015-05-08,1300000.0
2172000846,4.0,2.0,2080.0,13510.0,1.0,0.0,0.0,3,7,1040.0,1040.0,1950,0.0,98178,47.4918,-122.258,2010.0,11625.0,2014-06-19,248000.0
514500195,4.0,2.5,2230.0,7200.0,1.0,0.0,0.0,4,7,1220.0,1010.0,1957,0.0,98005,47.589,-122.156,1920.0,7200.0,2014-10-16,556000.0
8151600142,5.0,1.75,1710.0,11900.0,1.0,0.0,0.0,3,7,1070.0,640.0,1958,0.0,98146,47.506,-122.365,1030.0,10360.0,2015-05-12,319950.0
7950304045,4.0,2.75,1640.0,3000.0,1.0,0.0,0.0,3,7,1000.0,640.0,1984,0.0,98118,47.5625,-122.283,1150.0,4545.0,2015-03-31,320000.0
6700390210,3.0,2.5,1600.0,2788.0,2.0,0.0,0.0,4,7,1600.0,0.0,1992,0.0,98031,47.4034,-122.187,1720.0,3605.0,2014-07-08,245000.0
2195700230,3.0,2.5,2850.0,36585.0,2.0,0.0,0.0,3,10,2850.0,0.0,1987,0.0,98072,47.7376,-122.102,3340.0,35671.0,2015-02-03,700000.0
558100090,5.0,2.75,2600.0,8160.0,2.0,0.0,0.0,3,8,2600.0,0.0,2015,0.0,98133,47.7348,-122.34,1600.0,8160.0,2015-03-12,628000.0
2749600245,3.0,2.0,1380.0,4800.0,1.0,0.0,0.0,3,7,1380.0,0.0,1948,0.0,98199,47.651,-122.369,1740.0,5640.0,2014-06-17,640000.0
1782500065,4.0,1.75,1320.0,4978.0,1.0,0.0,0.0,4,7,940.0,380.0,1942,0.0,98126,47.5266,-122.379,1260.0,4693.0,2015-04-28,420000.0
263000329,3.0,2.5,1420.0,1162.0,3.0,0.0,0.0,3,8,1420.0,0.0,2002,0.0,98103,47.6982,-122.349,1430.0,1560.0,2014-10-08,349950.0
9432900180,4.0,2.75,2420.0,8438.0,2.0,0.0,0.0,3,8,2420.0,0.0,1996,0.0,98022,47.2091,-122.009,2420.0,8580.0,2014-07-14,307999.0
142000165,4.0,2.75,2600.0,6050.0,2.0,0.0,0.0,5,8,1960.0,640.0,1949,0.0,98116,47.5656,-122.4,1990.0,6050.0,2014-05-07,749950.0
6145600410,2.0,1.0,840.0,3844.0,1.0,0.0,0.0,4,6,840.0,0.0,1919,0.0,98133,47.7048,-122.347,1040.0,3844.0,2014-07-11,290000.0
2599001500,3.0,1.75,1420.0,7920.0,1.0,0.0,0.0,4,7,1420.0,0.0,1962,0.0,98092,47.2931,-122.188,1420.0,7920.0,2014-07-12,235000.0
1721801010,3.0,1.0,1790.0,6120.0,1.0,0.0,0.0,3,6,1790.0,0.0,1937,19640.0,98146,47.508,-122.337,830.0,6120.0,2014-09-03,225000.0
1721801010,3.0,1.0,1790.0,6120.0,1.0,0.0,0.0,3,6,1790.0,0.0,1937,19640.0,98146,47.508,-122.337,830.0,6120.0,2015-04-24,302100.0
5101404491,2.0,1.0,1340.0,6380.0,1.0,0.0,0.0,3,7,890.0,450.0,1939,0.0,98115,47.697,-122.313,1380.0,6380.0,2015-02-12,520000.0
326049111,2.0,1.0,1010.0,7200.0,1.0,0.0,0.0,3,7,1010.0,0.0,1975,0.0,98155,47.7651,-122.291,1890.0,9248.0,2014-06-26,285000.0
1785400300,3.0,2.0,1640.0,15258.0,1.0,0.0,0.0,3,8,1640.0,0.0,1981,0.0,98074,47.6301,-122.037,1640.0,16345.0,2014-08-21,525000.0
1310980580,5.0,2.75,2980.0,8500.0,1.0,0.0,0.0,3,8,1540.0,1440.0,1982,0.0,98032,47.3641,-122.278,2310.0,8500.0,2015-03-19,374900.0
6632300230,3.0,2.0,1370.0,7200.0,1.0,,0.0,3,7,1130.0,240.0,1926,19550.0,98125,47.7329,-122.308,1300.0,7208.0,2014-10-06,377500.0
9324800650,3.0,2.25,2190.0,8775.0,1.5,,1.0,4,8,2190.0,0.0,1927,0.0,98125,47.7303,-122.287,1910.0,8145.0,2015-04-27,587450.0
2188201010,3.0,2.25,1530.0,12000.0,1.0,0.0,0.0,3,7,1070.0,460.0,1979,0.0,98023,47.2715,-122.338,2140.0,13636.0,2015-01-21,245000.0
7137910360,3.0,2.0,1290.0,5757.0,1.0,0.0,0.0,3,7,1290.0,0.0,1994,0.0,98092,47.3175,-122.17,1580.0,6798.0,2014-07-29,200000.0
125069038,4.0,3.75,5150.0,453895.0,2.0,,3.0,3,11,4360.0,790.0,1997,0.0,98053,47.6795,-121.991,2500.0,215186.0,2014-11-25,2140000.0
9465910150,3.0,2.5,2470.0,9226.0,2.0,0.0,0.0,3,9,2470.0,0.0,1991,0.0,98072,47.7439,-122.17,2820.0,11013.0,2014-11-09,607000.0
724069023,1.0,1.25,1810.0,5070.0,1.5,1.0,4.0,4,8,1230.0,580.0,1967,0.0,98075,47.5814,-122.081,2280.0,5070.0,2015-04-14,1250000.0
6600220150,4.0,2.5,2230.0,14694.0,1.0,0.0,0.0,4,7,1180.0,1050.0,1981,0.0,98074,47.6305,-122.034,1470.0,13458.0,2015-03-10,549950.0
7227800025,3.0,3.0,2300.0,7701.0,1.0,0.0,0.0,3,7,2300.0,0.0,1960,0.0,98056,47.5102,-122.18,1570.0,8116.0,2014-11-18,250000.0
3905040220,3.0,2.5,2030.0,6970.0,2.0,0.0,0.0,4,8,2030.0,0.0,1991,0.0,98029,47.5718,-121.999,2000.0,6140.0,2014-05-09,525000.0
5072300210,3.0,1.75,2000.0,9900.0,1.0,0.0,2.0,4,8,1480.0,520.0,1957,0.0,98166,47.4436,-122.339,2310.0,10200.0,2014-06-24,440000.0
121039042,3.0,2.75,3610.0,107386.0,1.5,,3.0,3,8,3130.0,480.0,1918,19620.0,98023,47.3351,-122.362,2630.0,42126.0,2015-03-13,425000.0
6705870120,5.0,2.5,3290.0,5029.0,2.0,0.0,0.0,3,8,3290.0,0.0,2004,0.0,98075,47.5773,-122.056,2990.0,6441.0,2014-07-01,739900.0
1109000040,3.0,2.0,1300.0,3731.0,1.0,0.0,0.0,3,7,900.0,400.0,1993,0.0,98118,47.5374,-122.27,1300.0,3731.0,2014-05-28,315000.0
9358001590,5.0,1.0,1880.0,3774.0,1.5,0.0,0.0,3,6,1360.0,520.0,1917,0.0,98126,47.566,-122.37,1420.0,2550.0,2015-03-03,340000.0
705700580,4.0,2.75,2170.0,9743.0,2.0,0.0,0.0,3,7,2170.0,0.0,1995,0.0,98038,47.3814,-122.024,1670.0,7734.0,2015-05-01,366000.0
4343800100,3.0,1.75,1680.0,7250.0,1.0,0.0,0.0,3,7,930.0,750.0,1952,0.0,98133,47.7201,-122.35,1340.0,7250.0,2014-10-21,315000.0
3343900781,3.0,1.5,1190.0,9135.0,1.0,0.0,0.0,4,7,1190.0,0.0,1959,0.0,98056,47.5164,-122.189,1520.0,9146.0,2014-10-27,299000.0
1062100085,2.0,1.0,940.0,5000.0,1.0,0.0,0.0,3,7,940.0,0.0,1950,0.0,98155,47.7518,-122.279,1800.0,7400.0,2014-11-13,350000.0
6821101827,2.0,1.75,1010.0,1461.0,1.0,0.0,0.0,3,7,670.0,340.0,2003,0.0,98199,47.6515,-122.4,1500.0,2499.0,2014-11-05,340000.0
3901100015,3.0,1.75,1290.0,8580.0,1.0,0.0,0.0,4,7,1290.0,0.0,1962,0.0,98033,47.6707,-122.174,1840.0,8580.0,2014-12-30,460000.0
9500900110,3.0,1.5,1480.0,10588.0,1.0,0.0,0.0,3,7,1480.0,0.0,1957,0.0,98002,47.2872,-122.212,1370.0,10588.0,2014-07-31,224000.0
4006000401,2.0,1.0,900.0,6400.0,1.0,0.0,0.0,2,6,900.0,0.0,1940,0.0,98118,47.5287,-122.281,1350.0,6405.0,2014-08-11,140000.0
1218000025,4.0,2.0,1400.0,7632.0,1.5,0.0,0.0,5,6,1400.0,0.0,1930,0.0,98166,47.4625,-122.345,1400.0,7632.0,2014-10-13,246000.0
1875500040,3.0,2.5,2040.0,14071.0,2.0,,0.0,3,7,2040.0,0.0,1995,0.0,98019,47.7278,-121.963,1890.0,14040.0,2015-01-27,330000.0
7955000210,3.0,1.0,1450.0,7200.0,1.0,,0.0,3,7,1010.0,440.0,1969,0.0,98034,47.7311,-122.199,1500.0,6767.0,2014-07-09,306000.0
7568700175,3.0,1.0,1210.0,7440.0,1.0,0.0,0.0,3,7,1210.0,0.0,1949,0.0,98155,47.7402,-122.323,1120.0,7440.0,2014-06-04,324950.0
3410600100,2.0,1.5,1800.0,26615.0,1.0,0.0,0.0,5,7,1240.0,560.0,1987,0.0,98092,47.302,-122.123,2010.0,26337.0,2014-06-13,345000.0
923049378,3.0,1.0,1490.0,8995.0,1.0,0.0,0.0,4,7,1490.0,0.0,1954,0.0,98168,47.4901,-122.303,1490.0,9000.0,2014-05-08,207000.0
420000085,3.0,1.0,1240.0,5700.0,1.5,0.0,0.0,5,6,1240.0,0.0,1953,0.0,98056,47.4927,-122.169,1140.0,5700.0,2014-08-27,238000.0
2817210210,3.0,2.0,2632.0,18743.0,2.0,0.0,3.0,3,10,2632.0,0.0,2000,0.0,98070,47.3743,-122.421,1970.0,14171.0,2015-04-01,695000.0
2141340040,3.0,2.5,2150.0,15304.0,2.0,,0.0,4,9,2150.0,0.0,1979,0.0,98006,47.5573,-122.136,2540.0,10507.0,2014-09-11,649950.0
714000315,3.0,2.75,1710.0,9448.0,1.0,0.0,0.0,3,7,1010.0,700.0,1947,0.0,98105,47.6693,-122.267,1960.0,8951.0,2015-04-14,515000.0
263000040,3.0,2.5,1530.0,5032.0,2.0,0.0,0.0,3,7,1530.0,0.0,1998,0.0,98103,47.6985,-122.349,1450.0,2136.0,2014-10-01,452000.0
1721801161,4.0,2.5,1630.0,3060.0,2.0,0.0,0.0,3,7,1630.0,0.0,2003,0.0,98146,47.5072,-122.336,1270.0,4590.0,2014-10-30,236000.0
4139490210,4.0,3.5,4080.0,14450.0,2.0,0.0,2.0,3,12,3210.0,870.0,1998,0.0,98006,47.5519,-122.106,4080.0,12114.0,2014-07-30,1290000.0
6790900110,3.0,2.75,2340.0,16500.0,1.0,0.0,0.0,4,8,1500.0,840.0,1972,0.0,98075,47.5952,-122.051,2210.0,15251.0,2014-06-10,563000.0
1775800220,3.0,1.75,1000.0,14061.0,1.0,0.0,0.0,4,7,1000.0,0.0,1967,0.0,98072,47.7417,-122.093,1260.0,12635.0,2015-04-02,410988.0
4141000490,4.0,2.5,3180.0,13118.0,2.0,0.0,0.0,4,11,3180.0,0.0,1986,0.0,98040,47.5382,-122.23,3070.0,12861.0,2014-10-21,1200000.0
8078100120,4.0,2.5,2170.0,19785.0,2.0,0.0,0.0,3,8,2170.0,0.0,1992,0.0,98031,47.4034,-122.167,2280.0,8616.0,2015-03-19,340000.0
3034200666,4.0,3.25,3020.0,13457.0,1.0,0.0,0.0,5,9,3020.0,0.0,1956,0.0,98133,47.7174,-122.336,2120.0,7553.0,2014-11-07,808100.0
8892900210,3.0,1.75,1330.0,6301.0,1.0,0.0,0.0,3,7,1330.0,0.0,1998,0.0,98002,47.3411,-122.219,1330.0,6144.0,2014-06-09,236000.0
7399000360,4.0,1.75,1720.0,8300.0,1.0,0.0,0.0,4,8,1720.0,0.0,1965,0.0,98055,47.4654,-122.194,1840.0,8300.0,2015-05-13,330000.0
3491300082,4.0,3.5,2540.0,5808.0,2.0,0.0,0.0,5,8,1820.0,720.0,1910,19860.0,98117,47.6857,-122.376,1520.0,5461.0,2015-01-27,799990.0
323059146,3.0,1.0,1410.0,18600.0,1.0,0.0,0.0,5,7,1410.0,0.0,1960,0.0,98059,47.5031,-122.152,1610.0,24941.0,2015-04-17,343000.0
1079350090,3.0,2.5,1530.0,9406.0,1.0,0.0,0.0,3,7,1270.0,260.0,1993,0.0,98059,47.4852,-122.162,1700.0,7682.0,2014-06-17,332000.0
98000740,5.0,3.5,4380.0,14925.0,2.0,0.0,0.0,3,11,4380.0,0.0,2003,0.0,98075,47.5848,-121.969,4310.0,14633.0,2015-04-01,945000.0
5126400150,3.0,1.0,1140.0,8366.0,1.0,0.0,0.0,5,6,1140.0,0.0,1943,0.0,98058,47.4768,-122.177,960.0,7200.0,2014-06-17,239950.0
8815400165,5.0,1.75,2110.0,5000.0,1.5,,0.0,4,7,1250.0,860.0,1946,0.0,98115,47.6745,-122.287,1720.0,5000.0,2015-03-03,674000.0
421000555,3.0,1.0,1050.0,5000.0,1.0,0.0,0.0,4,6,1050.0,0.0,1967,0.0,98056,47.4923,-122.165,1050.0,5200.0,2014-05-20,200000.0
686300930,3.0,1.75,1600.0,7232.0,1.0,0.0,0.0,3,8,1600.0,0.0,1966,0.0,98008,47.6293,-122.121,1970.0,8120.0,2015-03-05,453000.0
2744600040,3.0,1.75,1430.0,8865.0,1.0,0.0,0.0,3,7,1430.0,0.0,1950,0.0,98125,47.7331,-122.299,1250.0,8154.0,2014-06-14,330000.0
3832070040,4.0,2.5,1996.0,4547.0,2.0,,0.0,3,7,1996.0,0.0,2009,0.0,98042,47.3365,-122.051,2180.0,5127.0,2015-04-16,285000.0
7305300090,4.0,1.75,1530.0,8152.0,1.0,0.0,0.0,5,6,910.0,620.0,1948,0.0,98155,47.7557,-122.328,1310.0,8152.0,2014-11-06,338000.0
7452500730,2.0,1.0,1000.0,6000.0,1.0,0.0,0.0,3,6,1000.0,0.0,1951,0.0,98126,47.5208,-122.372,1250.0,6000.0,2015-04-24,264950.0
1824059079,4.0,2.0,2530.0,10800.0,1.0,0.0,0.0,5,8,1350.0,1180.0,1954,0.0,98040,47.5705,-122.225,2960.0,12150.0,2015-03-11,880000.0
3438503426,3.0,1.5,970.0,5488.0,1.0,0.0,0.0,3,7,970.0,0.0,1976,0.0,98106,47.5366,-122.359,1040.0,5488.0,2015-04-06,209500.0
8948500025,4.0,2.5,2400.0,9398.0,1.0,0.0,0.0,4,7,1310.0,1090.0,1958,0.0,98056,47.4952,-122.178,1330.0,8249.0,2015-04-25,380000.0
1722059021,3.0,2.0,1830.0,12891.0,1.0,0.0,0.0,3,7,1830.0,0.0,1994,0.0,98031,47.3924,-122.192,2320.0,8709.0,2014-12-17,336500.0
8899210090,3.0,2.25,2130.0,8466.0,1.0,0.0,0.0,3,7,1290.0,840.0,1983,0.0,98055,47.4537,-122.211,2250.0,9682.0,2014-07-14,360000.0
4019300155,4.0,3.25,3330.0,33826.0,2.0,0.0,0.0,5,8,3330.0,0.0,1924,0.0,98155,47.7596,-122.275,2580.0,28707.0,2014-08-21,911100.0
4364700165,2.0,1.0,560.0,7560.0,1.0,0.0,0.0,3,6,560.0,0.0,1944,0.0,98126,47.5271,-122.375,990.0,7560.0,2014-11-24,249900.0
796000085,4.0,1.0,1210.0,6250.0,1.0,0.0,0.0,3,7,1210.0,0.0,1962,0.0,98168,47.5008,-122.333,1210.0,8291.0,2014-09-23,175000.0
7987401095,3.0,2.5,2380.0,2500.0,3.0,0.0,3.0,3,9,2380.0,0.0,1988,0.0,98126,47.5734,-122.375,2270.0,5000.0,2014-11-13,549950.0
1237500540,3.0,1.75,1370.0,10866.0,1.0,0.0,0.0,4,6,1370.0,0.0,1945,0.0,98052,47.6774,-122.164,1580.0,14250.0,2014-10-21,225000.0
1237500540,3.0,1.75,1370.0,10866.0,1.0,0.0,0.0,4,6,1370.0,0.0,1945,0.0,98052,47.6774,-122.164,1580.0,14250.0,2014-12-22,270000.0
3649100304,3.0,2.25,1740.0,11040.0,2.0,,0.0,3,8,1740.0,0.0,1980,0.0,98028,47.7376,-122.242,1720.0,11778.0,2014-08-19,400000.0
7400062,2.0,1.0,790.0,5240.0,1.0,0.0,0.0,4,6,790.0,0.0,1925,0.0,98118,47.5303,-122.288,1430.0,5320.0,2014-05-21,299800.0
6388910730,3.0,2.5,2480.0,8676.0,2.0,0.0,0.0,4,8,2480.0,0.0,1989,0.0,98056,47.53,-122.172,2540.0,9496.0,2014-08-06,555000.0
7882900120,3.0,2.5,1920.0,9180.0,2.0,0.0,0.0,3,8,1920.0,0.0,1988,0.0,98055,47.4818,-122.231,1930.0,7252.0,2014-05-07,230000.0
1865000040,4.0,2.5,2750.0,6259.0,2.0,0.0,0.0,3,9,2750.0,0.0,2002,0.0,98092,47.3304,-122.179,2810.0,6824.0,2014-12-10,360000.0
6821100246,2.0,1.0,880.0,3200.0,1.0,0.0,0.0,3,7,880.0,0.0,1910,19700.0,98199,47.6575,-122.402,1880.0,6000.0,2014-09-03,415000.0
8731981500,4.0,1.75,2160.0,8000.0,1.0,0.0,0.0,4,9,1660.0,500.0,1976,0.0,98023,47.3165,-122.382,2350.0,8200.0,2014-08-18,355000.0
6979910120,4.0,2.5,2570.0,27972.0,2.0,0.0,0.0,3,8,2570.0,0.0,1997,0.0,98053,47.6343,-121.969,2500.0,29761.0,2015-03-23,635000.0
2123700100,5.0,2.75,2130.0,5000.0,1.0,0.0,0.0,5,7,1100.0,1030.0,1978,0.0,98118,47.5271,-122.274,1340.0,6837.0,2014-12-02,353000.0
3425059141,7.0,4.0,3150.0,34830.0,1.0,0.0,0.0,3,9,3150.0,0.0,1957,20050.0,98007,47.6029,-122.147,2390.0,12054.0,2014-05-28,999000.0
3876600120,3.0,1.5,1780.0,10196.0,1.0,0.0,0.0,4,7,1270.0,510.0,1967,0.0,98001,47.3375,-122.291,1320.0,7875.0,2015-04-22,265000.0
4038000040,4.0,1.75,1910.0,8250.0,1.0,0.0,0.0,4,7,1910.0,0.0,1959,0.0,98008,47.6131,-122.123,1500.0,8250.0,2015-03-26,250000.0
6668900155,2.0,1.0,1170.0,7142.0,1.0,0.0,0.0,3,7,1170.0,0.0,1951,0.0,98155,47.7497,-122.313,1170.0,7615.0,2014-08-20,225000.0
8132700150,2.0,1.0,900.0,5000.0,1.0,0.0,0.0,3,7,900.0,0.0,1944,0.0,98117,47.6883,-122.395,1280.0,5000.0,2014-05-03,553000.0
4038800580,5.0,2.5,2650.0,11455.0,1.0,0.0,0.0,3,7,1400.0,1250.0,1961,0.0,98008,47.6141,-122.116,1960.0,9880.0,2014-06-04,565000.0
3331001910,2.0,1.0,1170.0,5150.0,1.0,0.0,0.0,3,6,980.0,190.0,1907,0.0,98118,47.5503,-122.283,1660.0,5150.0,2014-08-18,312000.0
2726079103,3.0,2.5,2630.0,185130.0,2.0,0.0,0.0,3,9,2630.0,0.0,1991,0.0,98014,47.7035,-121.894,2630.0,210394.0,2014-07-22,475000.0
7212651210,4.0,2.75,2150.0,9163.0,1.0,0.0,0.0,3,8,1340.0,810.0,1992,0.0,98003,47.266,-122.307,2260.0,7750.0,2014-11-06,320000.0
2026059119,3.0,2.0,1430.0,9583.0,1.0,0.0,0.0,4,7,1430.0,0.0,1964,0.0,98034,47.7206,-122.197,1890.0,11100.0,2014-08-25,453000.0
3330501120,3.0,1.0,960.0,6180.0,1.0,0.0,0.0,4,6,960.0,0.0,1910,0.0,98118,47.5518,-122.279,1250.0,4120.0,2015-03-25,320000.0
1250202324,4.0,2.75,2640.0,8400.0,1.0,0.0,2.0,3,8,1440.0,1200.0,1947,0.0,98144,47.5882,-122.29,2610.0,6000.0,2015-01-22,610000.0
3815500035,3.0,1.5,1490.0,9630.0,1.0,0.0,0.0,4,8,1490.0,0.0,1959,0.0,98028,47.7623,-122.256,1960.0,10469.0,2014-05-20,385000.0
5706600150,3.0,1.75,1210.0,8075.0,1.0,0.0,0.0,4,6,1210.0,0.0,1983,0.0,98001,47.2666,-122.254,1310.0,8025.0,2014-05-28,215000.0
8005100540,4.0,1.5,1860.0,5040.0,1.5,0.0,0.0,5,8,1860.0,0.0,1920,0.0,98022,47.2077,-121.993,1680.0,5800.0,2014-07-09,215000.0
293720180,3.0,2.5,1980.0,4274.0,2.0,0.0,0.0,3,7,1980.0,0.0,2003,0.0,98028,47.7767,-122.239,2000.0,4394.0,2014-12-30,415000.0
5101405604,1.0,1.0,900.0,6380.0,1.0,,0.0,3,6,900.0,0.0,1947,0.0,98125,47.7019,-122.311,1830.0,6380.0,2014-08-14,350000.0
5101405604,1.0,1.0,900.0,6380.0,1.0,,0.0,3,6,900.0,0.0,1947,0.0,98125,47.7019,-122.311,1830.0,6380.0,2015-04-28,395000.0
2387000110,2.0,1.75,1490.0,9874.0,1.0,0.0,0.0,4,7,1490.0,0.0,1963,0.0,98004,47.6246,-122.199,2280.0,9869.0,2014-11-10,898000.0
7238000330,3.0,2.5,2980.0,7338.0,2.0,0.0,0.0,3,8,2980.0,0.0,2006,0.0,98055,47.437,-122.207,3010.0,5267.0,2014-12-18,480000.0
3879901295,3.0,2.5,2660.0,1973.0,3.0,0.0,3.0,3,9,1870.0,790.0,2007,0.0,98119,47.6264,-122.364,1640.0,1369.0,2014-11-10,1240000.0
326069131,4.0,2.5,2790.0,230868.0,2.0,0.0,0.0,3,8,2790.0,0.0,1989,0.0,98077,47.7647,-122.019,1590.0,217800.0,2014-06-11,599000.0
629811340,4.0,3.0,2800.0,9127.0,2.0,,0.0,3,9,2800.0,0.0,1999,0.0,98074,47.6123,-122.007,2780.0,8165.0,2015-05-08,770000.0
9808700650,3.0,2.25,1590.0,8520.0,2.0,0.0,0.0,4,8,1590.0,0.0,1980,0.0,98004,47.6477,-122.216,2470.0,12005.0,2015-03-13,1210000.0
8964800755,4.0,2.25,3240.0,11131.0,1.0,,0.0,4,9,2080.0,1160.0,1953,0.0,98004,47.6182,-122.215,2300.0,12150.0,2015-01-16,1590000.0
1126059095,3.0,2.0,2130.0,35169.0,1.0,0.0,0.0,4,8,2130.0,0.0,1989,0.0,98072,47.7489,-122.123,2860.0,43560.0,2014-05-26,880000.0
1899400365,3.0,2.0,1510.0,7884.0,1.0,,0.0,3,6,1510.0,0.0,1942,20140.0,98166,47.4683,-122.348,1050.0,7620.0,2014-06-20,332000.0
259800410,3.0,1.75,1750.0,7200.0,1.0,,0.0,3,7,1750.0,0.0,1966,0.0,98008,47.6289,-122.119,1810.0,7590.0,2014-11-06,445000.0
3523069047,4.0,2.75,4010.0,87555.0,2.0,0.0,0.0,3,10,4010.0,0.0,2004,0.0,98038,47.4299,-121.998,2451.0,209523.0,2014-08-25,849000.0
6852700476,4.0,1.5,1650.0,2970.0,1.5,0.0,0.0,3,7,1650.0,0.0,1903,0.0,98102,47.6233,-122.319,1670.0,2970.0,2014-12-11,752000.0
424049043,9.0,7.5,4050.0,6504.0,2.0,0.0,0.0,3,7,4050.0,0.0,1996,0.0,98144,47.5923,-122.301,1448.0,3866.0,2014-08-11,450000.0
7646900360,3.0,1.0,1320.0,5500.0,1.0,0.0,0.0,3,7,1320.0,0.0,1955,0.0,98116,47.5705,-122.398,1480.0,5250.0,2014-09-18,420000.0
2991000220,4.0,2.5,2310.0,6320.0,2.0,,0.0,3,8,2310.0,0.0,1997,0.0,98092,47.3287,-122.167,1850.0,6181.0,2015-03-17,330000.0
3034200366,3.0,1.75,1440.0,9065.0,1.0,0.0,0.0,4,8,1440.0,0.0,1972,0.0,98133,47.7163,-122.333,1990.0,8812.0,2014-12-03,409000.0
5127000410,5.0,1.75,2330.0,14322.0,1.0,0.0,0.0,4,7,1180.0,1150.0,1968,0.0,98059,47.4768,-122.155,1690.0,10010.0,2014-06-27,350000.0
2826079101,4.0,2.5,2430.0,44001.0,1.0,0.0,0.0,3,8,2430.0,0.0,1994,0.0,98019,47.7125,-121.916,2200.0,46924.0,2015-04-15,570000.0
3972900195,3.0,1.0,1390.0,8333.0,1.0,0.0,0.0,3,7,1390.0,0.0,1982,0.0,98155,47.7652,-122.31,1320.0,7090.0,2014-09-16,315000.0
8018600870,2.0,1.0,1150.0,15000.0,1.0,0.0,0.0,3,6,1060.0,90.0,1930,20130.0,98168,47.4935,-122.316,1350.0,15000.0,2014-10-06,224000.0
257000038,4.0,1.75,2120.0,9706.0,1.0,0.0,0.0,3,7,1370.0,750.0,1965,0.0,98168,47.4939,-122.297,1730.0,11337.0,2014-10-06,293550.0
7981900110,4.0,2.75,2300.0,3175.0,1.5,0.0,0.0,3,6,1340.0,960.0,1966,0.0,98144,47.5732,-122.305,1260.0,3175.0,2014-10-03,350000.0
8965500880,4.0,2.5,3320.0,9380.0,2.0,,3.0,3,10,3320.0,0.0,1988,0.0,98006,47.5655,-122.114,2870.0,11779.0,2014-09-16,1110000.0
5253300437,4.0,2.5,2400.0,7092.0,2.0,0.0,0.0,3,7,2400.0,,1997,0.0,98133,47.7522,-122.338,2350.0,8310.0,2015-03-19,442500.0
2523069172,3.0,2.5,3580.0,118047.0,1.0,0.0,0.0,3,9,3240.0,340.0,1992,0.0,98027,47.4453,-121.98,3240.0,123275.0,2014-08-04,616500.0
6388910360,3.0,2.5,2100.0,9040.0,1.0,0.0,0.0,3,8,1700.0,400.0,1989,0.0,98056,47.5329,-122.173,2430.0,8809.0,2014-11-19,506400.0
7326200110,3.0,2.25,1550.0,4411.0,2.0,0.0,0.0,3,7,1550.0,0.0,2001,0.0,98019,47.7373,-121.966,1620.0,4621.0,2014-12-22,324000.0
3701900085,3.0,1.5,1570.0,6450.0,1.5,0.0,0.0,4,6,1570.0,0.0,1931,0.0,98022,47.2021,-121.996,1400.0,6450.0,2014-08-05,169000.0
9376301520,3.0,2.0,1480.0,5000.0,1.0,0.0,0.0,4,7,750.0,730.0,1928,0.0,98117,47.6859,-122.37,1250.0,4000.0,2014-05-29,595000.0
2111000580,3.0,2.5,2720.0,6014.0,2.0,0.0,0.0,3,7,2720.0,0.0,2002,0.0,98092,47.3344,-122.174,2760.0,6537.0,2014-05-21,299900.0
8645510230,3.0,2.25,2270.0,8876.0,1.0,0.0,0.0,3,7,1380.0,890.0,1977,0.0,98058,47.4653,-122.176,2150.0,7455.0,2014-05-29,332000.0
6204410330,4.0,1.75,2410.0,8400.0,1.0,0.0,0.0,3,7,1600.0,810.0,1978,0.0,98011,47.7341,-122.2,1850.0,8400.0,2014-10-20,432000.0
8159300040,4.0,2.75,2730.0,9112.0,1.0,,2.0,3,9,1740.0,990.0,1996,0.0,98198,47.4005,-122.312,3050.0,10454.0,2014-10-02,510000.0
8091410530,3.0,2.5,1540.0,7739.0,2.0,0.0,0.0,4,7,1540.0,0.0,1986,0.0,98030,47.3511,-122.169,1720.0,7200.0,2015-05-01,270000.0
8653600100,5.0,2.5,3120.0,15593.0,2.0,0.0,4.0,3,11,3120.0,0.0,1986,0.0,98074,47.6142,-122.065,3390.0,17003.0,2015-03-30,750000.0
9550202730,2.0,1.5,1480.0,3120.0,1.0,0.0,0.0,3,7,930.0,550.0,1914,20070.0,98105,47.6684,-122.323,1000.0,3780.0,2014-10-14,509250.0
8651410740,3.0,1.0,860.0,5200.0,1.0,0.0,0.0,5,6,860.0,0.0,1969,0.0,98042,47.3677,-122.078,1010.0,5200.0,2015-02-19,189000.0
225039177,4.0,2.5,2180.0,3893.0,2.0,0.0,0.0,3,8,2180.0,0.0,1999,0.0,98117,47.6886,-122.388,1710.0,4550.0,2014-12-08,726500.0
6082400191,3.0,2.0,1300.0,11374.0,1.5,,0.0,5,7,1300.0,0.0,1933,0.0,98168,47.4839,-122.302,1480.0,9670.0,2014-06-19,287000.0
3622069095,4.0,3.5,3420.0,49223.0,2.0,,0.0,3,9,3420.0,0.0,2004,0.0,98010,47.3534,-121.992,3580.0,49223.0,2014-09-17,679000.0
6666860210,3.0,2.25,2130.0,8721.0,1.0,0.0,0.0,3,8,1570.0,,1987,0.0,98031,47.4202,-122.204,2130.0,9477.0,2014-06-02,316000.0
8161000230,4.0,2.5,2300.0,22445.0,2.0,0.0,0.0,4,8,2300.0,0.0,1992,0.0,98014,47.6454,-121.902,2640.0,21886.0,2015-04-27,498000.0
7214820610,4.0,1.75,2560.0,8270.0,1.0,0.0,0.0,3,7,1480.0,1080.0,1979,0.0,98072,47.7572,-122.147,2320.0,8450.0,2014-10-07,448000.0
434000040,2.0,1.0,1040.0,5527.0,1.0,0.0,0.0,3,7,1040.0,0.0,1951,0.0,98115,47.6774,-122.284,2080.0,7020.0,2014-05-27,535000.0
8914200220,4.0,3.0,3080.0,9601.0,2.0,,1.0,3,10,3080.0,0.0,1990,0.0,98003,47.334,-122.332,3200.0,9375.0,2015-01-16,560000.0
6072760210,4.0,2.25,2670.0,14255.0,1.0,0.0,0.0,4,8,1610.0,1060.0,1975,0.0,98006,47.5623,-122.175,2470.0,10290.0,2014-10-02,437850.0
9485950040,4.0,2.75,3270.0,50994.0,2.0,0.0,0.0,4,8,2720.0,550.0,1983,0.0,98042,47.347,-122.087,2780.0,36036.0,2014-06-06,435000.0
4027700456,4.0,2.5,2610.0,8031.0,2.0,0.0,0.0,3,8,2610.0,0.0,1998,0.0,98155,47.7717,-122.27,2320.0,8031.0,2014-06-19,510000.0
1023059365,3.0,2.5,2460.0,54885.0,2.0,0.0,0.0,4,8,2460.0,0.0,1980,0.0,98059,47.4996,-122.146,2770.0,21407.0,2014-05-06,520000.0
8944600620,2.0,1.5,1930.0,3521.0,2.0,0.0,0.0,3,8,1930.0,0.0,1989,0.0,98007,47.6092,-122.146,1840.0,3576.0,2014-07-03,509000.0
2997800090,3.0,1.0,1220.0,5652.0,1.0,0.0,0.0,3,6,1220.0,0.0,1905,0.0,98116,47.5767,-122.408,1490.0,2467.0,2015-04-06,575000.0
2787700150,4.0,2.5,2030.0,7210.0,1.0,0.0,0.0,5,7,1330.0,,1969,0.0,98059,47.5067,-122.16,1980.0,7560.0,2015-04-22,365000.0
4055701110,3.0,2.0,2420.0,17859.0,1.0,0.0,1.0,5,9,1500.0,920.0,1979,0.0,98034,47.7074,-122.246,2955.0,17859.0,2014-06-12,795000.0
2517000790,3.0,2.5,1870.0,4060.0,2.0,0.0,0.0,3,7,1870.0,0.0,2005,0.0,98042,47.3986,-122.163,2190.0,4060.0,2014-06-11,285000.0
2125059124,3.0,2.25,3020.0,43560.0,2.0,0.0,0.0,3,10,2720.0,300.0,1969,0.0,98005,47.6456,-122.173,3910.0,43560.0,2014-06-02,955000.0
7284900405,4.0,2.5,2880.0,8400.0,2.0,0.0,4.0,3,8,2050.0,830.0,1955,19870.0,98177,47.7704,-122.386,2880.0,7440.0,2014-07-14,775000.0
3937900120,4.0,3.0,1810.0,5012.0,2.0,0.0,0.0,4,7,1810.0,0.0,1997,0.0,98108,47.5691,-122.292,1670.0,5161.0,2014-10-06,400000.0
200520120,4.0,2.5,2590.0,8483.0,2.0,0.0,0.0,3,9,2590.0,0.0,1991,0.0,98011,47.738,-122.221,2660.0,8717.0,2014-07-01,570000.0
7203220360,5.0,3.25,3830.0,6507.0,2.0,0.0,0.0,3,9,3830.0,0.0,2014,0.0,98053,47.6843,-122.016,3950.0,6723.0,2014-10-20,955990.0
3425059219,3.0,2.25,3250.0,34848.0,1.0,0.0,0.0,3,10,2260.0,990.0,2006,0.0,98005,47.6077,-122.158,2770.0,21512.0,2014-09-29,1150000.0
5469502170,4.0,2.0,2760.0,21465.0,1.0,0.0,0.0,4,9,2120.0,640.0,1979,0.0,98042,47.3818,-122.165,2550.0,13144.0,2015-04-14,459950.0
6303401395,2.0,1.75,1220.0,8382.0,1.0,0.0,0.0,3,6,1220.0,0.0,1942,0.0,98146,47.5033,-122.359,1100.0,8382.0,2015-02-19,245000.0
8822901301,3.0,1.5,1280.0,974.0,3.0,0.0,0.0,3,7,1280.0,0.0,2003,0.0,98125,47.7162,-122.293,1420.0,1422.0,2014-09-08,281000.0
6730700385,3.0,0.75,770.0,7000.0,1.0,0.0,0.0,3,4,770.0,0.0,1942,0.0,98024,47.5661,-121.887,950.0,10500.0,2014-10-22,205000.0
4396000530,3.0,1.75,1520.0,15090.0,1.0,0.0,0.0,4,7,1520.0,0.0,1968,0.0,98038,47.398,-121.964,1580.0,18618.0,2014-06-11,290000.0
4077800590,4.0,2.5,2080.0,11176.0,1.0,0.0,0.0,5,8,2080.0,0.0,1954,0.0,98125,47.7107,-122.289,1390.0,7928.0,2015-02-26,635000.0
2461900845,1.0,1.0,570.0,6000.0,1.0,0.0,0.0,2,5,570.0,0.0,1918,0.0,98136,47.5517,-122.385,1530.0,6000.0,2014-09-03,310000.0
5366200330,4.0,2.0,1500.0,3659.0,1.0,0.0,0.0,3,7,830.0,670.0,1906,0.0,98122,47.6088,-122.293,1560.0,3706.0,2015-01-14,470000.0
6899990230,2.0,2.5,2510.0,14878.0,2.0,0.0,0.0,3,10,2510.0,0.0,1990,0.0,98011,47.7525,-122.205,3080.0,13594.0,2014-07-01,600000.0
7950700120,4.0,2.0,1980.0,10051.0,1.0,,0.0,3,7,1980.0,0.0,1969,20030.0,98092,47.3231,-122.103,1520.0,10125.0,2014-12-17,279000.0
7852090180,3.0,3.5,2500.0,4270.0,2.0,0.0,0.0,3,8,2500.0,0.0,2000,0.0,98065,47.536,-121.877,2420.0,4205.0,2014-08-04,538500.0
3066410850,4.0,2.5,2720.0,10006.0,2.0,0.0,0.0,3,9,2720.0,0.0,1989,0.0,98074,47.6295,-122.042,2720.0,10759.0,2014-07-09,594950.0
2422059015,2.0,1.0,910.0,295772.0,1.0,0.0,0.0,3,5,910.0,0.0,1953,0.0,98042,47.3752,-122.11,2050.0,48351.0,2014-08-08,533050.0
7436500360,3.0,1.75,1480.0,7040.0,1.0,0.0,0.0,3,7,1480.0,0.0,1974,0.0,98033,47.6723,-122.169,2040.0,7810.0,2014-06-06,510000.0
984210590,4.0,2.25,2470.0,8686.0,1.0,,0.0,4,7,1270.0,1200.0,1974,0.0,98058,47.4371,-122.166,1900.0,7350.0,2014-09-29,360000.0
8024202350,2.0,1.0,1650.0,5106.0,1.0,0.0,0.0,3,7,1090.0,560.0,1960,0.0,98115,47.6992,-122.309,1300.0,6947.0,2014-07-21,435000.0
6392002020,3.0,1.75,1700.0,6500.0,1.0,0.0,0.0,3,8,1700.0,0.0,1967,0.0,98115,47.6837,-122.284,1880.0,6000.0,2015-03-24,559000.0
6398000191,2.0,1.5,1995.0,115670.0,1.5,,1.0,4,8,1995.0,0.0,1991,0.0,98070,47.4022,-122.464,2142.0,29375.0,2014-08-27,645000.0
3904100065,2.0,1.0,1280.0,9690.0,1.0,0.0,0.0,4,6,640.0,640.0,1919,0.0,98118,47.5341,-122.279,1630.0,15884.0,2014-10-28,340000.0
5535600150,4.0,2.5,2980.0,10459.0,2.0,0.0,0.0,3,9,2980.0,0.0,2001,0.0,98019,47.7354,-121.974,2920.0,7700.0,2015-03-12,565000.0
8024200820,3.0,1.75,1730.0,6130.0,1.0,0.0,0.0,3,7,1480.0,250.0,1941,0.0,98115,47.6978,-122.316,1730.0,6131.0,2015-02-13,575700.0
9301300215,3.0,3.25,2420.0,1923.0,2.0,0.0,2.0,3,10,1840.0,580.0,2006,0.0,98109,47.637,-122.341,1840.0,2890.0,2014-06-17,1010000.0
1122069006,3.0,2.0,2800.0,185130.0,1.0,0.0,0.0,3,8,2320.0,480.0,1996,0.0,98038,47.4133,-122.006,2200.0,72055.0,2014-07-10,540500.0
5379801972,5.0,4.0,1400.0,8580.0,1.0,0.0,0.0,5,7,900.0,500.0,1954,0.0,98188,47.456,-122.292,1220.0,8832.0,2014-08-18,265000.0
4077800088,4.0,2.0,2070.0,7830.0,1.0,0.0,1.0,5,7,1180.0,890.0,1941,0.0,98125,47.7058,-122.278,2390.0,7830.0,2014-08-11,699950.0
1823069059,1.0,1.75,750.0,20339.0,1.0,0.0,0.0,4,4,550.0,200.0,1946,0.0,98059,47.4756,-122.09,2020.0,23958.0,2014-06-11,355000.0
7979900215,3.0,1.5,1460.0,11407.0,1.0,0.0,0.0,3,7,1460.0,0.0,1954,0.0,98155,47.746,-122.294,1470.0,11407.0,2014-06-11,381000.0
5101404444,5.0,2.25,2140.0,8700.0,1.0,0.0,2.0,3,8,1220.0,920.0,1962,0.0,98115,47.6969,-122.31,1720.0,6670.0,2015-04-14,564000.0
892000025,2.0,1.0,740.0,6250.0,1.0,0.0,0.0,3,6,740.0,0.0,1942,0.0,98146,47.506,-122.335,980.0,6957.0,2014-07-10,114975.0
6303400395,1.0,0.75,410.0,8636.0,1.0,0.0,0.0,2,4,410.0,0.0,1953,0.0,98146,47.5077,-122.357,1190.0,8636.0,2015-01-30,325000.0
2320069189,2.0,1.0,1570.0,125452.0,1.0,0.0,3.0,4,7,1570.0,0.0,1953,0.0,98022,47.2077,-122.016,1660.0,46119.0,2014-10-27,299990.0
2568200610,5.0,2.75,2860.0,5280.0,2.0,0.0,0.0,3,9,2860.0,0.0,2006,0.0,98052,47.707,-122.102,3150.0,6442.0,2015-05-13,751000.0
6073230230,3.0,2.25,1400.0,6970.0,2.0,0.0,0.0,3,8,1400.0,0.0,1984,0.0,98006,47.542,-122.184,1800.0,8140.0,2014-12-31,425000.0
1024049006,3.0,1.75,2700.0,5040.0,1.0,0.0,2.0,3,8,1560.0,1140.0,1947,0.0,98144,47.5834,-122.29,3010.0,5000.0,2015-01-14,665000.0
823069044,5.0,4.0,4460.0,269345.0,2.0,,4.0,3,9,3330.0,1130.0,1996,0.0,98027,47.4992,-122.06,2670.0,115434.0,2015-03-25,833450.0
2926049086,7.0,1.5,2670.0,11250.0,1.5,0.0,0.0,4,8,2320.0,350.0,1948,0.0,98133,47.7121,-122.332,2030.0,9000.0,2014-10-28,575000.0
5127001320,3.0,1.75,1520.0,9600.0,1.0,,0.0,4,7,1520.0,0.0,1967,0.0,98059,47.473,-122.149,1590.0,10183.0,2014-11-25,190000.0
5127001320,3.0,1.75,1520.0,9600.0,1.0,,0.0,4,7,1520.0,0.0,1967,0.0,98059,47.473,-122.149,1590.0,10183.0,2015-02-23,314950.0
1994200375,2.0,2.0,1660.0,5200.0,1.0,,0.0,5,7,1120.0,540.0,1906,0.0,98103,47.6871,-122.334,1260.0,5160.0,2014-12-03,601150.0
7100000035,2.0,1.0,860.0,8308.0,1.0,,0.0,3,7,860.0,0.0,1948,0.0,98146,47.508,-122.378,1200.0,8308.0,2014-12-12,315000.0
6329000705,2.0,1.5,2340.0,13380.0,1.0,,0.0,4,7,1280.0,1060.0,1954,0.0,98146,47.5017,-122.377,1490.0,8100.0,2015-04-02,545000.0
7524950870,4.0,2.25,2110.0,10698.0,2.0,0.0,0.0,4,8,2110.0,0.0,1979,0.0,98027,47.5614,-122.082,2220.0,8252.0,2014-05-19,565000.0
9564800145,3.0,1.0,1010.0,7034.0,1.0,0.0,0.0,3,7,1010.0,0.0,1954,0.0,98055,47.49,-122.22,1440.0,10994.0,2014-05-06,175000.0
2077700042,3.0,2.0,2330.0,26571.0,2.5,0.0,0.0,3,8,2330.0,0.0,1987,0.0,98005,47.6009,-122.158,2030.0,20037.0,2014-06-26,530000.0
3835500195,4.0,3.0,6430.0,27517.0,2.0,0.0,0.0,3,12,6430.0,0.0,2001,0.0,98004,47.6208,-122.219,3720.0,14592.0,2014-06-18,4490000.0
259000100,3.0,1.75,1610.0,7900.0,1.0,0.0,0.0,4,8,1310.0,300.0,1960,0.0,98177,47.7588,-122.36,2210.0,7700.0,2014-10-07,430000.0
1796360870,3.0,1.75,1460.0,8372.0,1.0,0.0,0.0,4,7,1460.0,0.0,1981,0.0,98042,47.3683,-122.087,1220.0,7803.0,2014-10-30,225000.0
923049440,5.0,4.0,2900.0,9779.0,2.0,0.0,0.0,4,7,1950.0,950.0,1937,0.0,98168,47.5003,-122.306,1360.0,8000.0,2014-07-17,312000.0
9144100298,3.0,1.0,1260.0,7980.0,1.0,0.0,0.0,3,7,1260.0,0.0,1951,0.0,98177,47.7013,-122.373,1760.0,7606.0,2015-03-02,380000.0
3223049158,2.0,1.0,1210.0,10000.0,1.0,0.0,0.0,3,7,1210.0,0.0,1953,0.0,98148,47.4402,-122.333,1620.0,10959.0,2015-04-17,222200.0
5456000025,5.0,3.5,3420.0,8000.0,2.0,0.0,0.0,3,10,3420.0,0.0,2006,0.0,98040,47.5736,-122.212,1900.0,8000.0,2014-12-01,1440000.0
3558000120,4.0,2.5,2120.0,4558.0,2.0,0.0,0.0,3,7,2120.0,0.0,2002,0.0,98038,47.3795,-122.022,2370.0,5506.0,2014-07-02,329950.0
6133100120,3.0,2.5,2460.0,10300.0,1.0,0.0,0.0,3,10,2460.0,0.0,1992,0.0,98117,47.6999,-122.391,2410.0,5250.0,2014-09-23,995000.0
5608000590,3.0,3.5,3790.0,10829.0,2.0,0.0,0.0,3,11,3790.0,0.0,1993,0.0,98027,47.5525,-122.098,3620.0,10989.0,2014-07-14,929950.0
8651480090,4.0,2.5,2350.0,9779.0,1.0,0.0,0.0,3,10,2350.0,0.0,1987,0.0,98074,47.6411,-122.065,2700.0,10441.0,2015-03-27,692000.0
2768301490,2.0,1.0,620.0,2475.0,1.0,0.0,0.0,5,6,620.0,0.0,1911,0.0,98107,47.6655,-122.371,1290.0,2475.0,2014-06-26,402000.0
3325069060,3.0,1.75,1920.0,43560.0,1.0,0.0,0.0,4,7,1340.0,580.0,1962,0.0,98074,47.6052,-122.044,2540.0,58806.0,2014-09-12,510000.0
8802400411,3.0,1.0,1050.0,8498.0,1.0,0.0,0.0,4,7,1050.0,0.0,1959,0.0,98031,47.4043,-122.202,1050.0,8498.0,2014-06-19,249000.0
2953000090,3.0,1.5,1360.0,9980.0,1.0,0.0,0.0,4,7,1360.0,0.0,1966,0.0,98031,47.4143,-122.206,1360.0,9750.0,2014-12-02,244900.0
7657600025,3.0,1.0,1180.0,7068.0,1.0,0.0,0.0,3,6,1180.0,,1944,0.0,98178,47.4947,-122.238,1180.0,7068.0,2015-02-19,289900.0
8118600025,4.0,1.0,1560.0,7980.0,1.0,0.0,0.0,4,7,1170.0,390.0,1939,0.0,98146,47.5093,-122.387,1570.0,7980.0,2015-03-31,552500.0
326069118,4.0,2.5,3300.0,165528.0,2.0,0.0,0.0,3,8,3300.0,0.0,1984,0.0,98077,47.7657,-122.028,3030.0,144696.0,2014-06-30,760000.0
2902200838,2.0,2.75,1100.0,1088.0,2.0,,0.0,3,7,750.0,350.0,2006,0.0,98102,47.6405,-122.324,2090.0,4125.0,2014-10-27,440000.0
798000062,3.0,1.75,1770.0,9000.0,1.0,0.0,0.0,3,7,1090.0,680.0,1954,0.0,98168,47.4997,-122.326,1520.0,21141.0,2014-08-01,286000.0
3298700941,3.0,1.0,1200.0,4592.0,1.0,0.0,0.0,3,6,800.0,400.0,1950,0.0,98106,47.519,-122.352,940.0,4440.0,2014-09-05,260000.0
114100155,2.0,2.25,1330.0,10838.0,2.0,0.0,0.0,3,8,1330.0,0.0,1985,0.0,98028,47.7689,-122.241,1390.0,10310.0,2014-06-27,355000.0
5151600360,3.0,1.75,1570.0,12506.0,1.0,0.0,0.0,4,8,1570.0,0.0,1959,0.0,98003,47.3365,-122.319,2120.0,13243.0,2015-01-30,318000.0
523049106,2.0,1.0,1610.0,19965.0,1.0,0.0,0.0,3,7,1610.0,0.0,1952,0.0,98168,47.5095,-122.313,2100.0,28400.0,2014-08-26,255000.0
3751600025,3.0,1.0,1100.0,17334.0,1.0,0.0,0.0,3,7,1100.0,0.0,1978,0.0,98001,47.3003,-122.27,1530.0,18694.0,2014-05-14,139000.0
6918730230,4.0,2.25,1810.0,7068.0,2.0,0.0,0.0,5,7,1810.0,,1976,0.0,98034,47.7319,-122.204,1460.0,7274.0,2015-04-01,485000.0
3226079059,3.0,1.75,2930.0,266587.0,2.0,0.0,0.0,3,8,2440.0,,1995,0.0,98014,47.6991,-121.947,2700.0,438213.0,2014-10-19,549950.0
9521100880,3.0,1.5,1780.0,4200.0,1.5,0.0,0.0,4,8,1780.0,0.0,1916,0.0,98103,47.662,-122.349,1380.0,3333.0,2014-09-16,588000.0
425049146,3.0,2.5,3050.0,7410.0,1.5,0.0,0.0,5,8,1950.0,1100.0,1950,0.0,98115,47.6772,-122.296,1890.0,5814.0,2014-07-15,975000.0
3630010040,3.0,2.0,1540.0,1827.0,2.0,0.0,0.0,3,8,1540.0,0.0,2005,0.0,98029,47.5479,-121.998,1540.0,1827.0,2014-05-23,402000.0
6620400025,3.0,1.0,1380.0,9875.0,1.0,0.0,0.0,3,7,1380.0,0.0,1959,0.0,98168,47.5131,-122.334,1200.0,6250.0,2015-05-01,245000.0
8886000021,3.0,1.75,1890.0,32340.0,1.5,0.0,3.0,3,8,1890.0,0.0,1976,0.0,98070,47.4137,-122.439,1890.0,40180.0,2014-06-16,445000.0
766800090,3.0,1.75,1570.0,8459.0,1.0,0.0,0.0,3,7,1570.0,0.0,1991,0.0,98022,47.2016,-122.006,1650.0,8844.0,2014-05-25,195000.0
4022900571,5.0,2.0,2540.0,11750.0,1.0,0.0,0.0,3,7,1480.0,1060.0,1962,0.0,98155,47.7754,-122.291,2000.0,12000.0,2015-01-12,385000.0
2206700165,3.0,1.5,1520.0,7903.0,1.0,0.0,0.0,4,7,1000.0,520.0,1955,0.0,98006,47.5659,-122.141,1520.0,9830.0,2014-07-16,450000.0
4151800530,4.0,2.5,2780.0,6837.0,2.0,0.0,0.0,3,9,2780.0,0.0,2004,0.0,98033,47.666,-122.201,1160.0,6837.0,2014-10-28,1090000.0
8122600195,2.0,1.0,1730.0,6375.0,2.0,0.0,0.0,4,6,1730.0,0.0,1945,0.0,98126,47.5357,-122.368,1180.0,6250.0,2014-05-20,396675.0
5379805160,5.0,2.25,2340.0,7494.0,1.0,0.0,0.0,3,7,1170.0,1170.0,1951,0.0,98188,47.448,-122.28,1650.0,10125.0,2014-10-02,242000.0
323089095,3.0,1.75,1300.0,12378.0,1.0,0.0,0.0,4,6,1300.0,0.0,1943,0.0,98045,47.4996,-121.778,1300.0,11596.0,2014-10-31,380000.0
9000025,2.0,1.0,1420.0,4635.0,2.0,0.0,0.0,4,7,1420.0,0.0,1941,19730.0,98115,47.68,-122.304,1810.0,4635.0,2014-12-03,496000.0
8835200330,3.0,2.5,1470.0,4488.0,2.0,0.0,0.0,5,7,1470.0,0.0,1980,0.0,98034,47.723,-122.162,1400.0,4441.0,2014-12-08,399950.0
1239400064,4.0,2.5,2850.0,8526.0,2.0,0.0,0.0,3,9,2850.0,0.0,1998,0.0,98033,47.6747,-122.191,2440.0,7072.0,2015-03-04,895000.0
2719100115,3.0,2.0,2360.0,6149.0,2.0,0.0,3.0,3,8,1560.0,,1926,19890.0,98136,47.5433,-122.384,2000.0,6149.0,2014-11-04,690000.0
5589300361,3.0,1.5,1610.0,8375.0,2.0,0.0,0.0,3,7,1610.0,0.0,1927,0.0,98155,47.7527,-122.306,1610.0,9107.0,2014-09-02,270000.0
2523069146,3.0,2.0,2420.0,38781.0,1.0,0.0,0.0,5,7,1210.0,1210.0,1949,0.0,98027,47.4511,-121.976,2650.0,88426.0,2014-06-23,349900.0
3630020090,3.0,2.5,1470.0,1741.0,2.0,0.0,0.0,3,8,1170.0,300.0,2004,0.0,98029,47.5464,-121.999,1470.0,1583.0,2015-05-04,454280.0
1775700011,3.0,2.5,1410.0,26375.0,1.0,0.0,0.0,3,6,1410.0,0.0,1992,0.0,98077,47.7432,-122.076,1410.0,12474.0,2015-05-12,390000.0
9264921110,3.0,1.75,1840.0,14005.0,1.0,,0.0,3,8,1840.0,0.0,1983,0.0,98023,47.3124,-122.345,2170.0,7992.0,2015-01-15,275000.0
6837820330,4.0,2.5,2450.0,8932.0,2.0,0.0,0.0,3,8,2450.0,0.0,1990,0.0,98023,47.3093,-122.345,2410.0,8775.0,2015-04-29,300000.0
6822100750,3.0,1.75,1500.0,6000.0,1.0,0.0,0.0,5,7,850.0,650.0,1940,0.0,98199,47.6474,-122.402,1700.0,6000.0,2015-05-08,700000.0
6769200040,3.0,1.75,2080.0,6609.0,1.0,0.0,0.0,3,7,1280.0,800.0,1950,0.0,98115,47.6883,-122.3,1680.0,6270.0,2014-12-18,520000.0
1668500090,3.0,2.5,2770.0,39529.0,2.0,0.0,0.0,3,9,2770.0,0.0,1987,0.0,98053,47.6495,-122.042,3010.0,35435.0,2015-04-02,715000.0
5104530220,3.0,2.5,2370.0,4324.0,2.0,0.0,0.0,3,8,2370.0,0.0,2006,0.0,98038,47.3515,-121.999,2370.0,4348.0,2015-04-20,404000.0
726059048,3.0,2.0,3000.0,21883.0,2.0,0.0,0.0,3,7,1970.0,1030.0,1998,0.0,98011,47.7599,-122.214,2280.0,14025.0,2014-09-26,490500.0
8835401250,6.0,2.75,4430.0,6440.0,2.0,0.0,3.0,3,10,2680.0,1750.0,1964,20150.0,98118,47.5462,-122.265,3530.0,7314.0,2015-05-06,1490000.0
6821100090,4.0,1.75,1550.0,6000.0,1.0,0.0,0.0,5,7,1550.0,0.0,1944,0.0,98199,47.6567,-122.399,1550.0,6000.0,2015-04-09,557800.0
5072400100,4.0,2.25,2290.0,9900.0,1.0,0.0,2.0,4,8,1550.0,740.0,1959,0.0,98166,47.4434,-122.343,2320.0,9900.0,2015-04-13,571000.0
2781200090,4.0,2.5,2560.0,4020.0,2.0,0.0,0.0,3,9,2560.0,0.0,2006,0.0,98038,47.3533,-122.027,3010.0,4916.0,2014-07-08,410000.0
4006000580,3.0,1.5,1240.0,5506.0,1.0,0.0,0.0,4,7,1240.0,0.0,1971,0.0,98118,47.5294,-122.285,1670.0,5589.0,2015-03-13,225000.0
3825310530,4.0,2.5,2590.0,4498.0,2.0,0.0,0.0,3,9,2590.0,0.0,2004,0.0,98052,47.7047,-122.128,2660.0,5238.0,2014-07-16,700000.0
3797000745,3.0,1.0,1370.0,3500.0,1.5,,0.0,3,7,1370.0,0.0,1905,19850.0,98103,47.6857,-122.348,1590.0,4500.0,2015-02-09,500000.0
7550801207,2.0,2.0,1360.0,1860.0,1.0,0.0,0.0,4,7,680.0,680.0,1925,0.0,98107,47.6727,-122.396,1440.0,5000.0,2015-04-28,536500.0
2468800040,3.0,2.5,2060.0,25046.0,1.0,,0.0,4,8,1600.0,460.0,1980,0.0,98022,47.184,-121.959,2050.0,21255.0,2015-04-10,330000.0
8092700230,3.0,1.75,1120.0,15210.0,1.0,0.0,0.0,5,7,1120.0,0.0,1976,0.0,98042,47.3659,-122.113,1710.0,8470.0,2015-02-11,249950.0
4435000490,4.0,1.75,1630.0,8410.0,1.5,,0.0,5,7,1630.0,0.0,1943,0.0,98188,47.4538,-122.288,1390.0,8410.0,2014-10-15,249000.0
3686900025,3.0,1.75,1590.0,7535.0,1.5,0.0,0.0,5,6,1590.0,0.0,1909,0.0,98032,47.3769,-122.234,1110.0,6000.0,2015-04-08,249000.0
2450500110,4.0,1.75,2480.0,9195.0,1.0,0.0,0.0,3,7,1390.0,1090.0,1950,0.0,98004,47.584,-122.195,2440.0,9195.0,2014-05-08,780000.0
1257200315,4.0,2.5,2700.0,4275.0,2.0,0.0,0.0,3,9,2700.0,0.0,2004,0.0,98115,47.6725,-122.327,1810.0,4500.0,2014-07-05,1200000.0
3876312370,3.0,1.75,1930.0,7210.0,1.0,0.0,0.0,3,7,1110.0,820.0,1975,0.0,98072,47.735,-122.174,1870.0,7877.0,2014-09-15,434500.0
2821079081,4.0,2.0,2490.0,339332.0,1.0,0.0,0.0,3,8,2490.0,0.0,2002,0.0,98022,47.2725,-121.929,1910.0,129373.0,2014-10-10,590000.0
7550800915,2.0,1.0,1000.0,4000.0,1.0,0.0,0.0,3,6,1000.0,0.0,1910,0.0,98107,47.6742,-122.396,1490.0,5000.0,2015-02-19,417200.0
7504010750,4.0,2.25,2130.0,11900.0,2.0,,0.0,3,9,2130.0,0.0,1976,0.0,98074,47.6408,-122.058,2590.0,11900.0,2014-09-24,649990.0
1175000110,2.0,1.0,1060.0,3588.0,1.0,0.0,0.0,4,7,960.0,100.0,1926,0.0,98107,47.6721,-122.395,1570.0,3741.0,2014-12-02,506000.0
9320990090,3.0,2.5,1730.0,4004.0,2.0,0.0,0.0,3,7,1730.0,0.0,1999,0.0,98148,47.4317,-122.328,1730.0,5523.0,2015-04-21,348000.0
3791400100,4.0,2.5,2810.0,6146.0,2.0,,0.0,3,9,2810.0,0.0,1998,0.0,98031,47.4045,-122.208,2810.0,6180.0,2014-07-28,301000.0
6021503885,2.0,1.0,880.0,4000.0,1.0,0.0,0.0,3,7,880.0,0.0,1940,0.0,98117,47.6848,-122.386,1150.0,4000.0,2014-07-08,427550.0
7979900552,3.0,1.0,1040.0,6720.0,1.5,,0.0,3,7,1040.0,0.0,1951,0.0,98155,47.7444,-122.294,1880.0,11407.0,2015-05-01,361000.0
5101405340,2.0,2.5,1830.0,8107.0,1.0,0.0,0.0,5,7,930.0,900.0,1946,0.0,98125,47.701,-122.305,1260.0,6960.0,2014-08-21,460000.0
5016003146,4.0,3.5,1800.0,6400.0,2.0,0.0,2.0,3,8,1800.0,0.0,1984,0.0,98112,47.625,-122.3,1700.0,4736.0,2014-07-10,958000.0
2734100065,5.0,1.75,2460.0,6846.0,1.5,0.0,0.0,5,7,1340.0,1120.0,1911,0.0,98108,47.5445,-122.321,1410.0,4800.0,2014-06-12,445000.0
8029650040,3.0,2.5,1670.0,3565.0,2.0,0.0,0.0,3,7,1670.0,0.0,1999,0.0,98072,47.7623,-122.161,1510.0,3770.0,2014-05-19,373000.0
6204410150,4.0,2.25,2660.0,7957.0,1.0,0.0,0.0,4,8,1750.0,910.0,1977,0.0,98011,47.7351,-122.199,1890.0,8250.0,2015-04-14,525000.0
662310620,3.0,2.5,2850.0,12593.0,2.0,0.0,0.0,3,9,2850.0,0.0,1997,0.0,98023,47.2848,-122.345,2850.0,9435.0,2014-08-26,364988.0
924000040,2.0,1.0,820.0,8370.0,1.0,0.0,0.0,4,7,820.0,0.0,1941,0.0,98177,47.7256,-122.361,1410.0,8370.0,2014-08-14,324000.0
3333500096,4.0,3.0,2350.0,5627.0,1.0,0.0,0.0,5,8,1490.0,860.0,1960,0.0,98118,47.5514,-122.268,2020.0,5627.0,2015-03-05,625000.0
349400100,3.0,1.75,1480.0,7830.0,1.0,0.0,0.0,3,7,1480.0,0.0,1980,0.0,98022,47.1967,-121.998,1130.0,7553.0,2014-09-08,237500.0
3876000970,6.0,2.25,2930.0,15949.0,1.0,0.0,0.0,4,8,1730.0,1200.0,1965,0.0,98034,47.7188,-122.185,1730.0,8550.0,2014-08-06,429300.0
7883603425,3.0,1.0,1250.0,6250.0,1.0,0.0,0.0,2,7,1030.0,220.0,1949,0.0,98108,47.5292,-122.323,1130.0,6250.0,2014-05-29,155000.0
923000580,4.0,2.75,2760.0,8160.0,1.5,0.0,2.0,4,8,1780.0,980.0,1940,0.0,98177,47.7248,-122.365,2720.0,8160.0,2015-02-23,614000.0
6635000110,3.0,2.5,2380.0,3332.0,2.0,0.0,0.0,3,9,2380.0,0.0,2014,0.0,98034,47.7194,-122.199,2590.0,4382.0,2015-03-31,650000.0
7000100775,3.0,2.0,1730.0,12219.0,1.0,0.0,0.0,4,7,1730.0,0.0,1986,0.0,98004,47.5825,-122.189,2470.0,13594.0,2014-07-21,625000.0
6383000690,3.0,2.25,1670.0,6414.0,1.0,0.0,0.0,4,8,1670.0,0.0,1961,0.0,98117,47.6921,-122.386,2130.0,7035.0,2015-03-25,587100.0
9113600210,4.0,2.5,2150.0,37647.0,2.0,0.0,0.0,3,8,2150.0,0.0,1991,0.0,98042,47.3117,-122.083,2410.0,42193.0,2014-06-17,380000.0
5249804760,2.0,1.0,930.0,5760.0,1.0,0.0,0.0,3,6,730.0,200.0,1917,0.0,98118,47.5598,-122.266,1970.0,5760.0,2015-05-05,479500.0
3364900156,1.0,1.0,620.0,2380.0,1.0,0.0,0.0,3,6,620.0,0.0,1900,0.0,98115,47.6746,-122.326,980.0,3570.0,2015-03-17,382888.0
117000001,4.0,4.25,1960.0,3565.0,2.0,0.0,0.0,3,7,1960.0,0.0,1940,20030.0,98116,47.5849,-122.384,1920.0,5750.0,2014-05-27,540000.0
7555200230,4.0,2.75,2550.0,8632.0,1.0,0.0,0.0,3,8,1700.0,850.0,1972,0.0,98033,47.6477,-122.197,2550.0,9534.0,2014-05-21,691000.0
9178600360,3.0,2.0,1990.0,3990.0,1.0,0.0,0.0,5,7,1130.0,860.0,1912,0.0,98103,47.6572,-122.333,1710.0,4000.0,2014-06-04,760500.0
7853301570,4.0,2.5,3550.0,10968.0,2.0,,0.0,3,9,3550.0,0.0,2006,0.0,98065,47.5431,-121.886,3550.0,8583.0,2015-04-30,685000.0
5066400564,3.0,1.0,860.0,33664.0,1.0,0.0,0.0,4,6,860.0,0.0,1955,0.0,98001,47.295,-122.275,1290.0,18287.0,2014-09-29,199129.0
9264950600,3.0,3.0,2031.0,7702.0,2.0,0.0,0.0,3,9,2031.0,0.0,1988,0.0,98023,47.3058,-122.348,2390.0,7700.0,2014-07-24,335000.0
4010800110,3.0,2.0,1590.0,35988.0,1.0,0.0,0.0,4,8,1590.0,0.0,1974,0.0,98058,47.4365,-122.106,2780.0,23789.0,2014-06-09,305100.0
1546600120,4.0,2.25,3010.0,12202.0,1.0,0.0,0.0,4,9,3010.0,0.0,1959,0.0,98005,47.6387,-122.174,2480.0,10143.0,2015-03-25,830000.0
4139440100,3.0,2.5,2610.0,8481.0,2.0,0.0,0.0,3,10,2610.0,0.0,1993,0.0,98006,47.5535,-122.115,3140.0,10008.0,2015-01-28,810000.0
1939050110,3.0,2.25,1440.0,15661.0,1.0,0.0,0.0,3,8,1180.0,260.0,1988,0.0,98074,47.6225,-122.038,1440.0,13963.0,2015-01-13,500000.0
6126601445,3.0,1.75,1920.0,5405.0,1.0,0.0,2.0,4,7,960.0,960.0,1947,0.0,98126,47.5583,-122.38,1190.0,5405.0,2014-05-30,490000.0
9274200620,2.0,1.75,1670.0,4200.0,2.0,0.0,0.0,3,7,1670.0,0.0,1912,0.0,98116,47.5862,-122.387,1340.0,2875.0,2014-10-28,490000.0
2868300061,4.0,1.75,1390.0,10660.0,1.0,0.0,0.0,4,7,1030.0,360.0,1960,0.0,98198,47.4128,-122.323,1800.0,11960.0,2014-09-18,272000.0
3831200210,3.0,2.25,2140.0,7200.0,2.0,0.0,0.0,4,7,2140.0,0.0,1979,0.0,98031,47.3913,-122.191,1890.0,7455.0,2014-09-10,280000.0
7301300150,3.0,1.0,1250.0,6180.0,1.5,0.0,0.0,3,7,1250.0,0.0,1955,0.0,98155,47.7474,-122.327,1490.0,6180.0,2014-06-25,233000.0
3368900084,3.0,1.0,1080.0,6000.0,1.0,0.0,0.0,4,7,1080.0,0.0,1952,0.0,98133,47.7579,-122.33,1200.0,7210.0,2014-06-23,275000.0
8856500220,3.0,3.25,2760.0,6420.0,2.0,0.0,2.0,3,9,2110.0,650.0,1991,0.0,98031,47.3895,-122.221,2030.0,7725.0,2014-07-28,375000.0
9527310110,3.0,2.75,2180.0,3703.0,2.0,0.0,0.0,3,8,2180.0,0.0,2004,0.0,98011,47.776,-122.169,2190.0,3963.0,2014-08-26,445000.0
2767604712,3.0,2.5,1260.0,1125.0,3.0,,0.0,3,8,1260.0,0.0,2002,0.0,98107,47.6706,-122.381,1360.0,1250.0,2014-09-19,437500.0
3336001515,4.0,1.0,1610.0,6000.0,1.5,,0.0,4,7,1510.0,100.0,1905,0.0,98118,47.5261,-122.266,1430.0,6000.0,2015-05-11,426250.0
5103900015,3.0,1.5,2450.0,12497.0,1.0,0.0,0.0,4,7,2450.0,0.0,1967,0.0,98065,47.5317,-121.834,1560.0,11700.0,2014-06-26,358000.0
1025069255,4.0,3.5,4150.0,49503.0,2.0,0.0,0.0,3,11,4150.0,0.0,2003,0.0,98053,47.6746,-122.018,3330.0,60137.0,2014-10-23,1180000.0
2724069010,2.0,1.0,960.0,8276.0,1.0,0.0,0.0,3,5,960.0,0.0,1939,0.0,98027,47.5322,-122.033,1620.0,6000.0,2015-04-30,305000.0
8682262170,2.0,1.75,1340.0,4664.0,1.0,0.0,0.0,3,8,1340.0,0.0,2004,0.0,98053,47.7182,-122.034,1350.0,4236.0,2014-05-30,415000.0
1773100755,11.0,3.0,3000.0,4960.0,2.0,0.0,0.0,3,7,2400.0,600.0,1918,19990.0,98106,47.556,-122.363,1420.0,4960.0,2014-08-21,520000.0
8691390770,4.0,3.5,3080.0,5974.0,2.0,0.0,0.0,3,9,3080.0,0.0,2003,0.0,98075,47.6007,-121.974,2950.0,5425.0,2014-10-13,733000.0
7771300085,3.0,1.0,1130.0,8159.0,1.0,,0.0,4,7,1130.0,0.0,1954,0.0,98133,47.7362,-122.333,1570.0,8162.0,2015-03-09,411500.0
9194101388,3.0,1.75,2280.0,16671.0,1.5,0.0,0.0,4,6,1760.0,520.0,1909,0.0,98034,47.7096,-122.219,1850.0,9351.0,2014-09-19,540000.0
7633400110,3.0,1.5,1952.0,8613.0,1.0,0.0,0.0,4,7,1652.0,300.0,1960,0.0,98032,47.3715,-122.29,1400.0,8712.0,2015-02-24,270500.0
2767704302,2.0,1.5,1280.0,1256.0,2.0,0.0,0.0,3,8,1200.0,80.0,1998,0.0,98107,47.6741,-122.375,1390.0,1256.0,2015-04-10,422250.0
8562970040,5.0,3.25,3690.0,12353.0,2.0,0.0,0.0,5,9,3690.0,0.0,1977,0.0,98155,47.7672,-122.292,2290.0,9082.0,2014-05-16,655000.0
8562720410,5.0,3.25,4610.0,10576.0,2.0,,3.0,3,11,3310.0,1300.0,2006,0.0,98027,47.5373,-122.07,4042.0,8321.0,2014-08-07,1200000.0
120069059,3.0,2.5,2920.0,169448.0,2.5,0.0,0.0,3,9,2920.0,0.0,1990,0.0,98022,47.2492,-121.975,2360.0,326097.0,2014-08-04,550000.0
9828702513,2.0,2.25,1230.0,929.0,2.0,0.0,0.0,3,8,1020.0,210.0,2004,0.0,98122,47.6191,-122.301,1270.0,1370.0,2014-05-06,460000.0
7812800515,4.0,1.5,1580.0,6200.0,1.0,0.0,0.0,3,6,790.0,790.0,1944,0.0,98178,47.4971,-122.24,1320.0,6499.0,2014-10-25,159075.0
3363900155,2.0,1.0,1220.0,4000.0,1.5,0.0,0.0,4,6,1220.0,0.0,1908,0.0,98103,47.6801,-122.354,1580.0,4000.0,2014-12-09,470000.0
9448300061,2.0,1.0,1020.0,7920.0,1.0,0.0,0.0,3,6,1020.0,0.0,1939,0.0,98108,47.5558,-122.31,1530.0,6900.0,2014-07-08,235000.0
1840300100,2.0,1.5,1510.0,9843.0,1.0,0.0,0.0,4,7,1510.0,0.0,1961,0.0,98188,47.4419,-122.27,1590.0,9368.0,2014-09-18,309950.0
4246000180,4.0,1.75,1830.0,9600.0,1.0,0.0,0.0,4,7,1010.0,820.0,1966,0.0,98006,47.5728,-122.125,1910.0,11100.0,2014-05-23,433000.0
7856000110,3.0,2.5,2750.0,10000.0,1.0,0.0,3.0,3,8,1650.0,1100.0,1967,0.0,98006,47.5644,-122.153,2490.0,10000.0,2015-02-03,895000.0
2422059111,3.0,1.5,1860.0,60960.0,1.0,0.0,0.0,4,7,1140.0,720.0,1967,0.0,98042,47.3796,-122.102,2170.0,82764.0,2014-06-20,291000.0
1925069199,3.0,2.5,2720.0,13124.0,2.0,0.0,0.0,3,9,2720.0,0.0,1988,0.0,98052,47.6371,-122.094,2760.0,16200.0,2015-02-09,835000.0
2771603940,2.0,1.0,1360.0,5000.0,1.0,0.0,0.0,3,7,1200.0,160.0,1936,0.0,98199,47.6372,-122.392,1540.0,4000.0,2015-01-09,640000.0
6028000090,3.0,2.25,2340.0,14279.0,1.0,0.0,0.0,3,8,1340.0,1000.0,1965,0.0,98006,47.5715,-122.124,2340.0,13600.0,2015-01-26,438000.0
5126310110,4.0,2.5,2600.0,9935.0,2.0,0.0,0.0,3,8,2600.0,,2005,0.0,98059,47.4865,-122.142,2830.0,7620.0,2014-07-22,540000.0
7520000616,4.0,2.5,2090.0,7434.0,1.0,0.0,0.0,3,7,1090.0,1000.0,1993,0.0,98146,47.4962,-122.349,1260.0,8404.0,2015-03-09,325000.0
3343900120,4.0,1.75,2260.0,7200.0,1.5,0.0,0.0,5,7,1360.0,900.0,1924,0.0,98056,47.5122,-122.186,1410.0,7465.0,2015-01-26,380000.0
714000195,2.0,1.0,1390.0,5544.0,1.0,0.0,0.0,3,7,930.0,460.0,1947,0.0,98105,47.6696,-122.267,1710.0,6200.0,2014-11-13,510000.0
2310100230,4.0,2.5,2300.0,7707.0,2.0,0.0,0.0,3,8,2300.0,0.0,2004,0.0,98038,47.3497,-122.044,2320.0,6035.0,2014-08-12,380000.0
7856600900,4.0,2.5,2810.0,9800.0,1.0,0.0,0.0,4,8,1710.0,1100.0,1973,0.0,98006,47.5657,-122.149,2800.0,9800.0,2014-06-16,825000.0
926069192,4.0,3.25,4060.0,52707.0,2.0,0.0,0.0,4,9,4060.0,0.0,1996,0.0,98077,47.7615,-122.041,3100.0,50755.0,2014-09-26,880000.0
3343302110,3.0,3.0,2790.0,13295.0,2.0,1.0,4.0,4,10,2370.0,420.0,1933,19890.0,98006,47.5466,-122.197,3140.0,11949.0,2015-03-06,1800000.0
5100403405,3.0,1.0,1290.0,6380.0,1.5,0.0,0.0,3,7,1290.0,0.0,1930,0.0,98115,47.6951,-122.319,1630.0,6380.0,2015-01-07,790000.0
3298700302,2.0,1.5,720.0,4346.0,1.0,0.0,0.0,4,6,720.0,0.0,1942,0.0,98106,47.5225,-122.351,790.0,4346.0,2014-12-12,287000.0
3333001430,3.0,3.0,2130.0,5000.0,1.5,0.0,0.0,3,7,1570.0,560.0,1913,0.0,98118,47.5451,-122.284,1638.0,4500.0,2014-09-12,509000.0
8849700040,3.0,2.25,1750.0,8400.0,1.0,0.0,0.0,3,7,1350.0,400.0,1965,0.0,98188,47.4571,-122.272,2020.0,9110.0,2014-09-08,270000.0
3256400051,3.0,2.0,960.0,9380.0,1.0,0.0,0.0,3,6,960.0,0.0,1949,0.0,98146,47.4852,-122.343,1460.0,9240.0,2014-07-08,210000.0
7283900551,3.0,1.0,1570.0,11752.0,1.5,0.0,0.0,5,8,1570.0,0.0,1930,0.0,98133,47.7686,-122.348,2010.0,8291.0,2014-11-24,415000.0
5067400032,3.0,2.5,3070.0,14400.0,1.0,,3.0,5,9,1720.0,1350.0,1985,0.0,98198,47.3716,-122.321,2020.0,18211.0,2014-12-05,550000.0
1370801020,4.0,2.5,2920.0,5500.0,1.0,0.0,3.0,3,10,2030.0,890.0,1957,0.0,98199,47.6406,-122.412,3790.0,5500.0,2014-07-09,1250000.0
3852900026,3.0,1.0,1870.0,4984.0,1.0,0.0,0.0,3,7,1120.0,750.0,1955,0.0,98116,47.5771,-122.391,1650.0,5750.0,2014-08-01,499950.0
1189000025,3.0,1.5,1540.0,5040.0,2.0,0.0,0.0,3,8,1540.0,0.0,1907,0.0,98122,47.6138,-122.299,1590.0,3600.0,2014-09-05,659000.0
4047200580,2.0,1.5,1440.0,22081.0,2.0,0.0,0.0,3,7,1440.0,0.0,1990,0.0,98019,47.7698,-121.896,1440.0,19544.0,2015-03-02,265000.0
2607720150,4.0,3.75,2810.0,10840.0,2.0,0.0,2.0,4,8,2070.0,740.0,1994,0.0,98045,47.4861,-121.804,2370.0,11248.0,2014-06-05,492000.0
5459300040,4.0,2.5,2450.0,7700.0,1.0,0.0,0.0,3,8,1250.0,1200.0,1958,0.0,98040,47.5731,-122.212,2450.0,8000.0,2014-08-13,715000.0
2613200025,2.0,1.0,1330.0,28270.0,1.5,0.0,0.0,3,6,1330.0,0.0,1925,0.0,98168,47.4824,-122.274,1210.0,6926.0,2015-03-13,175000.0
686050100,4.0,3.5,3130.0,52322.0,2.0,0.0,0.0,3,9,2430.0,700.0,2011,0.0,98005,47.5932,-122.159,3200.0,5820.0,2014-11-28,975000.0
2117700065,1.0,1.0,730.0,5005.0,1.0,0.0,0.0,4,5,730.0,0.0,1945,0.0,98117,47.6992,-122.364,1630.0,5667.0,2014-10-09,306950.0
5742600115,4.0,2.0,2480.0,3680.0,1.5,0.0,0.0,4,7,1470.0,,1916,0.0,98116,47.5686,-122.392,1500.0,5750.0,2015-04-07,630000.0
2064800600,3.0,1.0,1270.0,8792.0,1.0,0.0,0.0,5,7,1270.0,0.0,1969,0.0,98056,47.5351,-122.174,1780.0,8792.0,2015-01-09,367500.0
34001765,3.0,3.25,2230.0,5460.0,1.0,,1.0,4,8,1430.0,800.0,1977,0.0,98136,47.53,-122.388,2070.0,5600.0,2015-03-25,699950.0
1186000065,3.0,3.0,2880.0,3750.0,2.0,0.0,0.0,3,9,2220.0,660.0,1909,19910.0,98122,47.6155,-122.29,1910.0,4000.0,2015-04-16,1000000.0
1687000220,4.0,2.5,2434.0,4400.0,2.0,0.0,0.0,3,8,2434.0,0.0,2007,0.0,98001,47.2874,-122.283,2434.0,4400.0,2014-10-16,285000.0
7985400133,2.0,1.5,1120.0,1312.0,2.0,0.0,0.0,3,7,1000.0,120.0,2004,0.0,98106,47.534,-122.364,1560.0,1314.0,2015-01-14,215000.0
3303980090,4.0,2.5,4080.0,11054.0,2.0,0.0,0.0,3,11,4080.0,0.0,2001,0.0,98059,47.5188,-122.151,3520.0,11914.0,2015-03-06,1050000.0
7855200120,4.0,2.75,3720.0,9450.0,1.0,0.0,4.0,5,10,1960.0,1760.0,1962,0.0,98006,47.5627,-122.156,2900.0,8605.0,2014-05-09,1370000.0
2800031,3.0,1.0,1430.0,7599.0,1.5,0.0,0.0,4,6,1010.0,420.0,1930,0.0,98168,47.4783,-122.265,1290.0,10320.0,2015-04-01,235000.0
2306400040,3.0,2.0,1560.0,2589.0,1.0,0.0,0.0,3,7,790.0,770.0,1923,0.0,98103,47.6587,-122.344,1450.0,3893.0,2015-04-16,604000.0
5035300834,3.0,1.75,1700.0,8400.0,1.0,0.0,0.0,3,8,1460.0,240.0,1947,0.0,98199,47.6534,-122.415,2010.0,7000.0,2014-05-30,750000.0
9542300530,4.0,2.25,2510.0,9963.0,1.0,0.0,0.0,4,9,2200.0,310.0,1967,0.0,98005,47.5973,-122.177,3110.0,9963.0,2014-11-24,800000.0
9191201250,5.0,2.0,2600.0,3750.0,1.5,0.0,0.0,4,6,1400.0,1200.0,1914,0.0,98105,47.6691,-122.299,1700.0,3750.0,2015-01-07,580000.0
7950300775,1.0,1.0,790.0,4590.0,1.0,0.0,0.0,3,6,790.0,0.0,1911,0.0,98118,47.5677,-122.285,1070.0,4590.0,2014-12-04,350000.0
2934800025,4.0,2.0,1710.0,7490.0,2.0,0.0,0.0,3,7,1320.0,390.0,1956,0.0,98166,47.4544,-122.357,1880.0,7704.0,2014-12-16,353750.0
7855400330,5.0,2.75,2660.0,8737.0,1.0,0.0,4.0,5,8,1470.0,1190.0,1969,0.0,98006,47.5667,-122.155,3280.0,8783.0,2014-06-04,1100000.0
259600330,4.0,2.0,1470.0,10291.0,1.0,0.0,0.0,4,7,1470.0,0.0,1963,0.0,98008,47.6316,-122.121,1460.0,9601.0,2015-02-09,465000.0
3723800409,3.0,2.0,2350.0,5080.0,1.5,0.0,0.0,3,8,1780.0,570.0,1929,0.0,98118,47.5516,-122.263,1700.0,5080.0,2014-05-07,568000.0
5191100180,5.0,2.0,2440.0,3080.0,2.0,0.0,0.0,4,8,2440.0,0.0,1910,0.0,98112,47.6242,-122.306,1640.0,3077.0,2014-11-06,1010000.0
257000057,3.0,1.5,1150.0,11571.0,1.0,0.0,0.0,3,7,1150.0,0.0,1961,0.0,98168,47.4931,-122.298,1630.0,11571.0,2014-09-16,213500.0
1771100330,3.0,2.5,1510.0,10384.0,1.0,0.0,0.0,2,7,1030.0,480.0,1976,0.0,98077,47.758,-122.071,1490.0,10000.0,2014-06-05,250000.0
1782500035,2.0,1.0,870.0,4600.0,1.0,0.0,0.0,4,7,870.0,0.0,1942,0.0,98126,47.5274,-122.379,930.0,4600.0,2014-07-03,357000.0
7104100065,2.0,2.0,1280.0,4095.0,2.0,0.0,0.0,4,8,1280.0,0.0,1918,0.0,98136,47.5501,-122.393,1470.0,5500.0,2014-09-26,425000.0
200500610,3.0,2.5,2600.0,7465.0,2.0,0.0,0.0,3,9,2600.0,0.0,1988,0.0,98011,47.7387,-122.217,2660.0,7683.0,2014-06-11,571000.0
7199320600,3.0,2.25,2030.0,7350.0,1.0,,0.0,4,7,1190.0,840.0,1977,0.0,98052,47.6939,-122.126,1950.0,7350.0,2014-05-19,588000.0
3322049201,4.0,1.5,1930.0,15531.0,2.0,0.0,0.0,3,7,1930.0,0.0,1979,0.0,98003,47.345,-122.296,1580.0,7800.0,2014-05-23,275000.0
5153200100,3.0,2.75,3210.0,15939.0,2.0,0.0,1.0,3,10,3210.0,0.0,1998,0.0,98023,47.3357,-122.351,2870.0,15939.0,2015-02-25,565000.0
726059349,3.0,1.75,1970.0,9135.0,1.0,0.0,0.0,4,7,1370.0,600.0,1961,0.0,98011,47.7603,-122.215,1880.0,9650.0,2015-03-19,460000.0
8833510230,4.0,2.5,4060.0,9734.0,1.0,0.0,4.0,3,9,2150.0,1910.0,1977,0.0,98028,47.7678,-122.254,2750.0,10370.0,2014-06-04,603500.0
7298000090,3.0,2.5,3316.0,11447.0,2.0,0.0,0.0,3,9,3316.0,0.0,1986,0.0,98023,47.3036,-122.34,3000.0,11447.0,2014-07-03,490600.0
3885804225,2.0,2.0,1460.0,9052.0,1.0,0.0,2.0,5,6,1460.0,0.0,1900,0.0,98033,47.6857,-122.208,2554.0,7834.0,2014-06-24,1010000.0
2558600100,4.0,2.0,2100.0,12620.0,1.0,0.0,0.0,4,7,2100.0,0.0,1972,0.0,98034,47.7239,-122.173,1720.0,7840.0,2014-08-27,500000.0
7697920450,4.0,2.25,1830.0,6136.0,2.0,0.0,0.0,3,7,1830.0,0.0,1990,0.0,98030,47.367,-122.181,1830.0,7664.0,2014-06-25,249000.0
8899200110,3.0,2.0,1530.0,8700.0,1.0,0.0,0.0,4,7,1530.0,0.0,1970,0.0,98055,47.4529,-122.207,1960.0,7600.0,2014-06-03,235000.0
3992700775,4.0,2.0,1490.0,13736.0,1.0,0.0,0.0,4,6,1490.0,0.0,1942,0.0,98125,47.712,-122.281,2040.0,7200.0,2015-01-21,410000.0
6384500035,2.0,1.0,860.0,6050.0,1.0,0.0,0.0,3,7,860.0,0.0,1952,0.0,98116,47.5697,-122.4,1130.0,6050.0,2014-07-01,370000.0
2787700210,5.0,2.5,2130.0,7111.0,1.0,0.0,0.0,3,7,1330.0,800.0,1968,0.0,98059,47.5071,-122.16,1840.0,7592.0,2014-09-16,360000.0
2524049018,5.0,2.25,3580.0,16789.0,2.0,0.0,0.0,5,9,3580.0,0.0,1966,0.0,98040,47.5364,-122.239,3390.0,17000.0,2014-12-05,1410000.0
7569450090,4.0,2.5,2420.0,3825.0,2.0,0.0,0.0,3,8,2420.0,0.0,2003,0.0,98042,47.3687,-122.126,1880.0,4250.0,2014-11-21,298000.0
123039570,4.0,2.25,1900.0,7200.0,1.0,0.0,0.0,3,8,1370.0,530.0,1977,0.0,98146,47.5033,-122.372,2030.0,8008.0,2014-07-08,485000.0
6071300090,3.0,1.75,1330.0,9143.0,1.0,0.0,0.0,3,7,1330.0,0.0,1960,0.0,98006,47.5538,-122.176,1950.0,10384.0,2014-08-26,400000.0
4221250100,3.0,2.5,2150.0,4604.0,2.0,0.0,0.0,3,8,2150.0,0.0,2003,0.0,98075,47.5893,-122.019,2280.0,4253.0,2014-08-05,580000.0
8730000210,2.0,2.5,1370.0,1140.0,2.0,0.0,0.0,3,8,1080.0,290.0,2009,0.0,98133,47.7055,-122.342,1340.0,1050.0,2014-08-07,355000.0
4178600100,3.0,2.5,2430.0,12997.0,2.0,0.0,0.0,3,9,2430.0,0.0,1992,0.0,98011,47.744,-122.194,2720.0,12500.0,2014-07-21,650000.0
9476200485,4.0,1.0,1640.0,8467.0,1.0,0.0,2.0,4,6,1220.0,420.0,1943,0.0,98056,47.4894,-122.188,1060.0,7396.0,2014-09-29,261490.0
3205400230,3.0,1.0,1010.0,7200.0,1.0,0.0,0.0,3,7,1010.0,0.0,1968,0.0,98034,47.7225,-122.179,1120.0,7200.0,2014-07-16,347000.0
9307300100,3.0,1.0,1500.0,4100.0,1.5,0.0,0.0,3,7,1370.0,130.0,1926,0.0,98107,47.6689,-122.367,1500.0,4100.0,2014-05-19,485000.0
2770600930,3.0,2.5,1740.0,1251.0,2.0,0.0,0.0,3,9,1180.0,560.0,2012,0.0,98199,47.644,-122.385,1740.0,1625.0,2014-10-22,601000.0
2817900180,3.0,3.25,2090.0,51212.0,1.0,0.0,0.0,3,8,1510.0,580.0,1989,0.0,98092,47.3097,-122.099,2690.0,40820.0,2015-04-11,380000.0
7504001340,3.0,3.0,1850.0,12556.0,2.0,0.0,0.0,3,9,1850.0,0.0,1976,0.0,98074,47.6286,-122.053,2390.0,12474.0,2014-08-29,565000.0
3121500330,3.0,2.5,2790.0,21043.0,2.0,0.0,0.0,3,9,2790.0,0.0,1993,0.0,98053,47.673,-122.03,2900.0,34589.0,2015-03-23,750000.0
1099760230,3.0,2.25,1480.0,7200.0,1.0,,0.0,3,7,1190.0,290.0,1975,0.0,98023,47.3037,-122.375,1830.0,7200.0,2015-01-07,291000.0
3904920600,3.0,2.5,2280.0,12498.0,2.0,0.0,0.0,4,9,2280.0,0.0,1987,0.0,98029,47.5688,-122.014,2330.0,8844.0,2014-11-05,560000.0
7504100590,4.0,2.25,3180.0,9600.0,2.0,0.0,0.0,3,10,3180.0,0.0,1984,0.0,98074,47.6313,-122.045,2840.0,10739.0,2015-03-25,725000.0
1725079025,3.0,2.0,2350.0,209088.0,1.0,0.0,0.0,3,7,2350.0,0.0,1993,0.0,98014,47.6527,-121.949,2300.0,209088.0,2014-09-03,539000.0
9406540150,5.0,3.25,3910.0,7077.0,2.0,0.0,0.0,3,9,2710.0,1200.0,2000,0.0,98038,47.3766,-122.027,2650.0,7077.0,2014-07-22,470000.0
6163900032,2.0,1.0,770.0,7434.0,1.0,0.0,0.0,3,6,770.0,0.0,1947,0.0,98155,47.7606,-122.32,1060.0,7453.0,2015-01-09,264950.0
844000180,4.0,1.5,1780.0,8000.0,2.0,0.0,0.0,4,6,1080.0,700.0,1900,19960.0,98010,47.3124,-122.003,1750.0,9147.0,2015-02-25,200000.0
7229800175,5.0,2.5,2300.0,23345.0,1.0,0.0,0.0,5,7,1170.0,1130.0,1967,0.0,98059,47.4739,-122.114,2280.0,23345.0,2014-06-04,453500.0
325059086,2.0,2.5,2510.0,17986.0,2.0,0.0,0.0,3,9,2510.0,0.0,1943,20140.0,98052,47.6832,-122.164,2440.0,8039.0,2014-08-25,811000.0
4310701565,3.0,3.25,1410.0,1350.0,3.0,0.0,0.0,3,8,1410.0,0.0,2005,0.0,98103,47.698,-122.34,1410.0,1253.0,2014-09-16,425000.0
2524049257,4.0,2.25,4250.0,16940.0,1.0,0.0,2.0,4,9,2380.0,1870.0,1974,0.0,98040,47.5453,-122.234,3460.0,17693.0,2014-09-18,1530000.0
1226059161,4.0,2.75,2560.0,83200.0,1.0,0.0,0.0,3,8,1860.0,700.0,1980,0.0,98072,47.7511,-122.111,1990.0,38332.0,2014-12-29,562000.0
7212660900,3.0,2.5,1760.0,7601.0,2.0,0.0,0.0,3,8,1760.0,0.0,1992,0.0,98003,47.2672,-122.313,1920.0,6851.0,2014-07-23,281000.0
6147650300,3.0,2.25,2100.0,14027.0,2.0,0.0,0.0,3,8,2100.0,0.0,1979,0.0,98042,47.3833,-122.1,2730.0,5999.0,2014-10-16,270000.0
8945300090,3.0,1.0,1490.0,8239.0,1.0,0.0,0.0,4,6,1490.0,0.0,1963,0.0,98023,47.306,-122.37,1200.0,8470.0,2014-08-11,205950.0
7452500365,2.0,1.0,870.0,5400.0,1.0,0.0,0.0,3,6,870.0,0.0,1950,20070.0,98126,47.52,-122.374,990.0,5200.0,2014-06-25,310000.0
3629960600,3.0,1.75,1260.0,1111.0,2.0,0.0,0.0,3,8,1260.0,0.0,2003,0.0,98029,47.5476,-122.005,1410.0,1630.0,2015-03-12,350000.0
540100056,4.0,2.0,2630.0,16475.0,2.0,0.0,0.0,4,8,2630.0,0.0,1953,0.0,98004,47.639,-122.219,2670.0,15001.0,2014-06-01,843500.0
1109000175,4.0,2.0,1950.0,3757.0,1.0,0.0,0.0,4,6,1160.0,790.0,1908,0.0,98118,47.5372,-122.269,1720.0,3757.0,2015-05-08,370000.0
8645500900,4.0,2.0,2200.0,7700.0,1.0,0.0,0.0,3,7,1100.0,1100.0,1979,0.0,98058,47.464,-122.18,1790.0,7700.0,2014-06-20,279000.0
722069057,3.0,1.75,1600.0,313672.0,1.0,0.0,0.0,4,7,1600.0,0.0,1960,0.0,98058,47.4129,-122.08,1780.0,90860.0,2015-01-02,408000.0
2660500365,3.0,1.0,1230.0,9600.0,1.0,0.0,0.0,3,7,1230.0,0.0,1952,0.0,98118,47.5553,-122.288,1510.0,6600.0,2015-01-06,392000.0
2516000475,2.0,1.0,1030.0,5000.0,1.0,0.0,0.0,5,6,1030.0,0.0,1917,0.0,98107,47.6585,-122.363,1550.0,5000.0,2014-09-29,455000.0
522039103,2.0,1.5,1040.0,83199.0,1.0,0.0,0.0,4,7,870.0,170.0,1965,0.0,98070,47.4222,-122.443,1760.0,75794.0,2014-11-13,310000.0
7689600650,3.0,3.0,2240.0,11536.0,2.0,0.0,0.0,3,7,2240.0,0.0,1943,0.0,98178,47.4886,-122.245,1650.0,8760.0,2014-09-17,323500.0
9285800801,3.0,1.0,1600.0,4489.0,1.0,0.0,2.0,3,6,800.0,800.0,1944,0.0,98126,47.5686,-122.378,1640.0,6013.0,2014-09-26,364500.0
3750607974,4.0,2.0,2190.0,14439.0,1.0,0.0,0.0,4,7,1180.0,1010.0,1977,0.0,98001,47.2702,-122.29,2160.0,14439.0,2014-05-09,280000.0
1622049154,3.0,1.75,1899.0,11325.0,2.0,0.0,0.0,3,7,1899.0,0.0,1943,0.0,98198,47.3987,-122.3,2000.0,10454.0,2014-12-15,289900.0
9530100555,3.0,1.0,1870.0,2807.0,1.5,0.0,0.0,4,7,1580.0,290.0,1927,0.0,98107,47.6674,-122.358,1640.0,4500.0,2014-06-13,585000.0
4178500300,3.0,2.5,1730.0,6653.0,1.0,0.0,0.0,4,7,1360.0,370.0,1990,0.0,98042,47.3588,-122.088,1730.0,7061.0,2014-09-16,269000.0
8856960720,3.0,2.25,1860.0,9210.0,2.0,,0.0,3,7,1860.0,0.0,1994,0.0,98038,47.3864,-122.03,1530.0,8091.0,2014-08-08,280000.0
9117000230,3.0,1.75,1940.0,9000.0,1.0,0.0,0.0,3,7,1290.0,650.0,1965,0.0,98055,47.4361,-122.189,1900.0,9120.0,2015-04-09,287000.0
8122100835,2.0,1.0,670.0,5140.0,1.0,0.0,0.0,3,6,670.0,0.0,1926,0.0,98126,47.5387,-122.371,850.0,5140.0,2014-08-12,183000.0
2788500090,3.0,1.0,1820.0,8142.0,1.0,0.0,0.0,3,7,1040.0,780.0,1961,0.0,98168,47.505,-122.316,1820.0,8142.0,2014-12-19,309000.0
324059161,4.0,2.5,3810.0,13579.0,2.0,0.0,0.0,3,10,3810.0,0.0,2003,0.0,98007,47.6006,-122.153,3310.0,9270.0,2014-10-13,920000.0
4217400540,5.0,2.25,2060.0,4800.0,2.5,0.0,0.0,3,8,2060.0,0.0,1907,0.0,98105,47.66,-122.282,1740.0,4800.0,2014-09-29,815241.0
3876312290,3.0,1.75,1520.0,7252.0,1.0,,0.0,3,7,1140.0,380.0,1975,0.0,98072,47.7358,-122.175,1910.0,7820.0,2014-11-21,405000.0
8556800090,5.0,3.5,3450.0,19080.0,2.0,0.0,3.0,3,9,3450.0,0.0,2001,0.0,98022,47.2123,-122.005,2570.0,17007.0,2015-04-30,525000.0
2113701095,2.0,1.0,830.0,4045.0,1.0,,0.0,3,6,830.0,0.0,1943,0.0,98106,47.5293,-122.351,1100.0,4116.0,2014-07-17,150000.0
3750603940,4.0,1.75,1880.0,9600.0,1.0,0.0,0.0,5,7,1020.0,860.0,1946,0.0,98001,47.2633,-122.281,1560.0,14400.0,2014-09-25,240000.0
1245003160,4.0,2.25,2200.0,11250.0,1.5,0.0,0.0,5,7,1300.0,900.0,1920,0.0,98033,47.6845,-122.201,2320.0,10814.0,2014-05-02,698000.0
2600010360,3.0,2.0,1800.0,10950.0,1.0,0.0,0.0,4,8,1800.0,0.0,1982,0.0,98006,47.557,-122.163,2400.0,11300.0,2015-03-09,440000.0
7893200900,3.0,1.0,1200.0,12500.0,1.5,,0.0,3,6,1200.0,0.0,1936,0.0,98198,47.4162,-122.329,1200.0,7500.0,2015-04-14,204000.0
269000615,3.0,2.0,2220.0,6641.0,1.0,,2.0,4,7,1220.0,1000.0,1947,0.0,98199,47.6426,-122.388,1800.0,5900.0,2014-05-16,875000.0
2174503441,3.0,1.5,1380.0,4500.0,1.0,,0.0,5,7,1380.0,0.0,1960,0.0,98040,47.5866,-122.25,1590.0,9000.0,2014-07-03,650000.0
4025300371,3.0,1.0,1660.0,8839.0,1.0,0.0,0.0,4,7,1660.0,0.0,1947,0.0,98155,47.7485,-122.3,1230.0,9236.0,2015-04-08,392500.0
3101500090,4.0,1.0,2320.0,4000.0,1.5,,0.0,3,6,1310.0,1010.0,1921,0.0,98144,47.573,-122.312,1750.0,4000.0,2014-10-17,400000.0
3447000090,3.0,2.25,2800.0,17300.0,1.0,0.0,0.0,4,8,1420.0,1380.0,1971,0.0,98006,47.5716,-122.128,2140.0,12650.0,2015-04-28,653000.0
917000300,4.0,1.0,1210.0,3760.0,1.5,0.0,0.0,3,6,1210.0,0.0,1900,0.0,98103,47.6872,-122.344,1540.0,3800.0,2014-05-20,452000.0
9510400100,4.0,2.5,2331.0,3826.0,2.0,0.0,0.0,3,8,2331.0,0.0,2007,0.0,98058,47.4444,-122.182,2441.0,3826.0,2014-05-06,345000.0
4058801225,4.0,1.75,1820.0,6930.0,1.0,0.0,2.0,4,7,1320.0,500.0,1952,0.0,98178,47.5053,-122.242,1820.0,6825.0,2014-12-02,350000.0
3578600201,4.0,2.5,2860.0,5576.0,2.0,0.0,0.0,3,8,2860.0,0.0,2004,0.0,98028,47.745,-122.224,2290.0,10667.0,2014-07-31,650000.0
5282200015,5.0,3.0,2750.0,3800.0,1.5,0.0,0.0,5,7,1750.0,1000.0,1926,0.0,98115,47.6845,-122.313,1900.0,3800.0,2014-05-27,525000.0
5282200015,5.0,3.0,2750.0,3800.0,1.5,0.0,0.0,5,7,1750.0,1000.0,1926,0.0,98115,47.6845,-122.313,1900.0,3800.0,2015-01-26,840000.0
4219400555,3.0,2.5,2280.0,5000.0,2.0,0.0,3.0,4,9,2280.0,0.0,1926,0.0,98105,47.6574,-122.278,2200.0,5000.0,2014-11-24,1330000.0
104550540,4.0,2.0,1610.0,6650.0,1.0,0.0,0.0,3,7,1610.0,,1989,0.0,98023,47.3085,-122.358,1960.0,6650.0,2015-01-20,259950.0
3317500100,5.0,3.5,3760.0,10207.0,2.0,0.0,0.0,3,10,3150.0,610.0,1969,0.0,98040,47.5605,-122.225,3550.0,12118.0,2015-02-20,998000.0
2436200395,3.0,3.0,2940.0,4622.0,2.0,0.0,0.0,4,9,2230.0,710.0,1988,0.0,98105,47.6641,-122.293,1580.0,4000.0,2014-06-10,1070000.0
1118001560,4.0,3.0,4460.0,6833.0,2.0,0.0,0.0,3,10,3140.0,1320.0,1955,20070.0,98112,47.6342,-122.289,3130.0,7450.0,2014-07-10,1910000.0
8728100775,3.0,1.5,1110.0,1150.0,2.0,0.0,0.0,3,8,940.0,170.0,2007,0.0,98144,47.5929,-122.306,1380.0,1751.0,2015-03-09,190500.0
2223069112,3.0,2.25,2560.0,117176.0,1.0,0.0,0.0,4,9,1280.0,1280.0,1977,0.0,98027,47.4655,-122.033,2760.0,57063.0,2014-11-12,465000.0
7278100665,3.0,1.0,1060.0,7419.0,1.0,0.0,2.0,4,6,1060.0,0.0,1906,0.0,98177,47.7712,-122.392,2190.0,5953.0,2015-02-04,370000.0
822059038,6.0,4.5,2810.0,11214.0,1.0,,0.0,3,8,2010.0,,1958,0.0,98031,47.4045,-122.197,1940.0,8349.0,2014-07-31,290000.0
7977201065,3.0,1.75,1380.0,4590.0,1.0,0.0,0.0,2,7,930.0,450.0,1950,0.0,98115,47.6841,-122.293,1320.0,4692.0,2014-11-04,350000.0
7977201065,3.0,1.75,1380.0,4590.0,1.0,0.0,0.0,2,7,930.0,450.0,1950,0.0,98115,47.6841,-122.293,1320.0,4692.0,2015-03-05,740000.0
5255000110,3.0,1.75,2560.0,8400.0,1.0,0.0,0.0,3,7,1970.0,590.0,1959,0.0,98011,47.7668,-122.197,1970.0,8400.0,2014-10-07,460000.0
9407001790,3.0,1.0,1010.0,10800.0,1.0,0.0,0.0,4,7,1010.0,0.0,1972,0.0,98045,47.4483,-121.773,1370.0,9500.0,2014-08-26,290000.0
1120069059,3.0,1.5,1790.0,229125.0,2.0,0.0,3.0,3,7,1790.0,0.0,1987,0.0,98022,47.2309,-122.009,1970.0,216928.0,2014-09-18,475000.0
2048000330,3.0,2.5,1600.0,2231.0,2.0,,0.0,3,7,1600.0,0.0,2003,0.0,98001,47.3314,-122.29,1600.0,2962.0,2014-09-26,214000.0
8820903080,2.0,1.0,910.0,5759.0,1.0,0.0,0.0,3,6,910.0,0.0,1951,0.0,98125,47.7153,-122.284,1520.0,7518.0,2015-05-08,455000.0
1687000210,3.0,2.5,2497.0,4400.0,2.0,0.0,0.0,3,8,2497.0,0.0,2007,0.0,98001,47.2873,-122.283,2434.0,4400.0,2014-07-25,275000.0
621049103,3.0,1.5,1800.0,12196.0,1.0,0.0,0.0,4,7,1800.0,0.0,1966,0.0,98023,47.333,-122.345,1490.0,11730.0,2014-07-09,305000.0
1321059052,5.0,2.5,2570.0,61855.0,1.0,0.0,0.0,4,7,1470.0,1100.0,1981,0.0,98092,47.3013,-122.109,1990.0,49658.0,2015-04-09,449000.0
2114700540,3.0,2.5,1320.0,4320.0,1.0,0.0,0.0,3,6,660.0,660.0,1918,0.0,98106,47.5327,-122.347,1190.0,4200.0,2014-10-21,366000.0
4307330180,3.0,2.5,1670.0,5090.0,2.0,0.0,0.0,3,7,1670.0,0.0,2003,0.0,98056,47.4799,-122.18,2560.0,4851.0,2015-03-28,348000.0
114100304,4.0,2.5,2800.0,21370.0,2.0,0.0,0.0,3,8,2800.0,0.0,2003,0.0,98028,47.776,-122.246,1880.0,9336.0,2014-12-03,515000.0
7501000220,4.0,2.5,3360.0,11548.0,2.0,0.0,0.0,3,9,3360.0,0.0,1988,0.0,98033,47.6534,-122.182,3400.0,14091.0,2014-06-20,950000.0
8562901910,3.0,2.5,2590.0,21494.0,2.0,0.0,0.0,4,8,2590.0,0.0,1991,0.0,98074,47.6139,-122.061,2590.0,10720.0,2014-07-30,815000.0
1442800150,3.0,3.0,1530.0,2132.0,2.0,0.0,0.0,3,8,1530.0,0.0,1993,0.0,98038,47.3746,-122.056,1530.0,3384.0,2015-01-20,199950.0
3715500220,3.0,2.0,1330.0,8100.0,1.0,,0.0,4,7,1330.0,0.0,1969,0.0,98034,47.7251,-122.175,1590.0,8100.0,2014-06-05,386000.0
8647800150,3.0,2.25,2160.0,7964.0,2.0,0.0,0.0,3,8,2160.0,0.0,1991,0.0,98042,47.3622,-122.074,2000.0,7964.0,2015-01-02,273000.0
2508800220,4.0,2.5,1830.0,6360.0,2.0,0.0,0.0,3,8,1830.0,0.0,1994,0.0,98031,47.4184,-122.18,1830.0,6596.0,2015-03-25,284000.0
106000044,3.0,1.0,1470.0,7930.0,1.0,0.0,0.0,3,7,1070.0,400.0,1950,0.0,98177,47.7013,-122.368,1440.0,8100.0,2014-08-26,399950.0
5652601035,3.0,1.75,1150.0,6423.0,1.0,0.0,0.0,3,5,590.0,560.0,1927,0.0,98115,47.6973,-122.297,1150.0,8367.0,2015-01-15,285000.0
4142450490,3.0,2.5,1790.0,6452.0,2.0,0.0,0.0,3,7,1790.0,0.0,2004,0.0,98038,47.3841,-122.042,1610.0,3600.0,2015-04-03,315000.0
2788400090,3.0,1.0,1700.0,7700.0,1.0,0.0,0.0,3,7,1120.0,580.0,1960,0.0,98168,47.5114,-122.318,1700.0,8800.0,2014-08-07,250000.0
7524200330,4.0,2.0,1630.0,7618.0,1.5,0.0,0.0,3,7,1630.0,0.0,1967,0.0,98198,47.3658,-122.317,1320.0,8774.0,2015-03-16,290000.0
9359300220,4.0,2.5,3420.0,30410.0,2.0,0.0,0.0,3,9,3420.0,0.0,1988,0.0,98077,47.7745,-122.088,2940.0,45916.0,2014-06-23,725000.0
3840700455,3.0,2.0,1650.0,9641.0,1.5,0.0,0.0,3,7,1650.0,0.0,1983,0.0,98034,47.7145,-122.231,1940.0,6701.0,2014-05-23,410000.0
6790950150,4.0,2.5,2810.0,52062.0,1.5,0.0,0.0,4,9,2810.0,0.0,1988,0.0,98075,47.5941,-122.029,3330.0,49783.0,2014-08-17,855000.0
3303950760,4.0,2.5,2710.0,8127.0,2.0,0.0,0.0,3,8,2710.0,0.0,1994,0.0,98038,47.379,-122.032,2520.0,8436.0,2014-07-28,399900.0
2600000210,4.0,2.5,3320.0,11901.0,2.0,0.0,0.0,5,9,2650.0,670.0,1977,0.0,98006,47.554,-122.16,2700.0,11114.0,2014-06-11,852600.0
2341300115,2.0,1.0,720.0,6321.0,1.0,0.0,0.0,3,6,720.0,0.0,1940,0.0,98118,47.551,-122.289,920.0,5684.0,2014-08-08,235000.0
8655900100,2.0,1.0,930.0,12724.0,1.0,0.0,0.0,4,6,930.0,0.0,1912,0.0,98014,47.6567,-121.909,1240.0,21828.0,2014-08-07,230950.0
4345000210,3.0,2.25,1490.0,8722.0,2.0,,0.0,3,7,1490.0,0.0,1997,0.0,98030,47.3648,-122.185,1510.0,8061.0,2015-03-30,230000.0
8929000330,3.0,2.5,1690.0,1609.0,2.0,0.0,0.0,3,8,1150.0,540.0,2014,0.0,98029,47.5521,-121.998,1690.0,1860.0,2014-07-29,404763.0
6700390150,3.0,2.5,1720.0,3407.0,2.0,0.0,0.0,3,7,1720.0,0.0,1992,0.0,98031,47.4034,-122.188,1720.0,3407.0,2014-09-23,245000.0
1645000100,3.0,1.5,1140.0,8500.0,1.0,0.0,0.0,4,7,1140.0,0.0,1964,0.0,98022,47.2093,-122.005,1600.0,8500.0,2015-01-29,188000.0
8078350100,4.0,2.5,2280.0,7219.0,2.0,0.0,0.0,4,8,2280.0,0.0,1987,0.0,98029,47.5719,-122.021,2240.0,7471.0,2014-12-04,626100.0
6430500008,3.0,1.0,1100.0,4080.0,1.0,0.0,0.0,4,7,900.0,200.0,1929,0.0,98103,47.6872,-122.351,1170.0,4080.0,2015-03-02,428750.0
3902300100,4.0,2.25,1800.0,8623.0,1.0,0.0,0.0,4,8,1360.0,440.0,1980,0.0,98033,47.692,-122.184,2370.0,8623.0,2014-05-12,522000.0
2193330090,4.0,2.5,2500.0,8434.0,2.0,0.0,0.0,4,8,2500.0,0.0,1988,0.0,98052,47.6915,-122.101,1900.0,8131.0,2015-03-11,684000.0
3524039202,3.0,2.25,2950.0,7232.0,1.0,0.0,2.0,3,8,1520.0,1430.0,1983,0.0,98136,47.5257,-122.382,2130.0,7140.0,2015-04-20,1070000.0
59000201,1.0,1.0,1940.0,6300.0,1.0,0.0,3.0,3,8,1940.0,0.0,1963,0.0,98116,47.5782,-122.4,2560.0,6300.0,2015-05-05,611206.0
1782000085,2.0,1.0,1280.0,5250.0,1.0,0.0,0.0,4,7,1140.0,140.0,1942,0.0,98126,47.5258,-122.377,1050.0,5250.0,2014-09-15,350000.0
3121500150,4.0,2.5,3800.0,22029.0,2.0,0.0,0.0,3,9,3800.0,0.0,1993,0.0,98053,47.6734,-122.026,3170.0,24979.0,2015-04-23,894000.0
5207200360,2.0,1.0,930.0,5368.0,1.0,0.0,0.0,4,7,930.0,0.0,1953,0.0,98115,47.6952,-122.275,1770.0,6000.0,2014-09-03,420000.0
2570500230,5.0,2.0,1930.0,9747.0,1.0,,0.0,4,7,1020.0,910.0,1962,0.0,98028,47.7743,-122.235,2040.0,9370.0,2014-05-29,400000.0
2481600110,3.0,3.0,2980.0,28000.0,1.0,0.0,0.0,3,10,1820.0,1160.0,1981,0.0,98052,47.7318,-122.139,2570.0,28500.0,2014-05-25,675000.0
5104520150,4.0,2.5,2800.0,8494.0,2.0,0.0,0.0,3,8,2800.0,0.0,2004,0.0,98038,47.3521,-122.009,3740.0,8494.0,2014-05-20,426000.0
7504110760,4.0,2.25,3190.0,11597.0,2.0,0.0,0.0,3,10,2300.0,890.0,1984,0.0,98074,47.6323,-122.039,2990.0,10679.0,2014-06-27,750000.0
3649100276,3.0,1.75,1710.0,10800.0,1.0,0.0,0.0,4,7,1710.0,0.0,1958,0.0,98028,47.7391,-122.241,1890.0,10800.0,2014-06-09,368000.0
4302700559,3.0,1.0,1980.0,6450.0,1.0,0.0,0.0,4,6,1120.0,860.0,1950,0.0,98106,47.5291,-122.356,1180.0,5160.0,2015-03-27,342000.0
2883200961,3.0,1.75,1910.0,4800.0,1.0,0.0,0.0,3,7,1080.0,830.0,1959,0.0,98103,47.6844,-122.332,1750.0,4800.0,2014-06-05,700000.0
2767601280,6.0,3.75,3160.0,5000.0,2.0,0.0,0.0,3,8,3160.0,0.0,1989,0.0,98107,47.6748,-122.384,1740.0,5000.0,2014-07-22,848750.0
625049274,3.0,2.0,1590.0,5200.0,1.0,,0.0,3,7,1320.0,270.0,1939,0.0,98103,47.6864,-122.341,1620.0,5150.0,2015-03-03,720000.0
686400210,4.0,2.25,1890.0,8549.0,1.0,0.0,0.0,3,8,1890.0,0.0,1967,0.0,98008,47.6328,-122.117,1940.0,7210.0,2014-09-22,525000.0
121059038,3.0,2.75,2500.0,35245.0,1.0,0.0,0.0,3,7,1580.0,920.0,2000,0.0,98042,47.3414,-122.117,2060.0,153766.0,2015-03-24,397900.0
3649100264,3.0,2.0,1740.0,18000.0,1.0,0.0,0.0,3,7,1230.0,510.0,1989,0.0,98028,47.7397,-122.242,1740.0,11250.0,2014-08-15,405000.0
6743700015,3.0,2.0,1080.0,11856.0,1.0,0.0,0.0,5,7,1080.0,0.0,1986,0.0,98033,47.6955,-122.175,1220.0,9247.0,2015-01-28,392800.0
217500015,3.0,1.5,1730.0,7800.0,1.0,0.0,0.0,3,7,1330.0,400.0,1958,0.0,98133,47.7365,-122.337,1780.0,8309.0,2015-02-24,394999.0
8691500410,3.0,2.5,2480.0,6112.0,2.0,0.0,0.0,3,7,2480.0,0.0,2004,0.0,98058,47.4387,-122.114,3220.0,6727.0,2014-06-19,340000.0
9828702667,3.0,2.25,1450.0,1445.0,2.0,0.0,0.0,3,7,980.0,470.0,2005,0.0,98122,47.6184,-122.301,1510.0,1370.0,2014-05-19,482500.0
2597531110,4.0,2.5,2750.0,10159.0,2.0,0.0,0.0,3,10,2750.0,0.0,1991,0.0,98006,47.5426,-122.135,3160.0,10159.0,2014-09-09,812500.0
1126049095,3.0,2.5,2820.0,10208.0,1.0,,1.0,4,8,1410.0,1410.0,1954,0.0,98028,47.7609,-122.26,1540.0,10684.0,2014-09-26,450000.0
126049100,3.0,1.75,1830.0,27468.0,1.0,0.0,0.0,3,7,1830.0,0.0,1954,0.0,98028,47.7754,-122.233,1860.0,10180.0,2014-11-04,398000.0
1724069060,2.0,3.25,1550.0,1767.0,3.0,,3.0,3,8,1550.0,0.0,2006,0.0,98075,47.5684,-122.06,2710.0,3444.0,2015-05-07,1080000.0
9530101385,2.0,2.0,1640.0,3021.0,1.0,0.0,2.0,3,7,840.0,800.0,1959,0.0,98107,47.666,-122.358,1780.0,4500.0,2014-10-14,540000.0
7243500015,4.0,2.0,1720.0,5472.0,1.0,0.0,0.0,3,6,860.0,860.0,1923,0.0,98118,47.5299,-122.288,1720.0,5670.0,2014-10-03,275000.0
1498303700,5.0,2.0,2880.0,12000.0,2.0,0.0,0.0,3,8,2880.0,0.0,1921,0.0,98144,47.5861,-122.295,1720.0,5000.0,2014-08-22,780000.0
3352400325,3.0,1.5,1220.0,8345.0,1.5,0.0,0.0,3,7,1220.0,0.0,1931,0.0,98178,47.5038,-122.266,1880.0,10169.0,2014-07-24,225000.0
8021700495,3.0,3.0,1560.0,2250.0,2.0,0.0,0.0,3,9,1560.0,0.0,2009,0.0,98103,47.6929,-122.333,1610.0,4500.0,2014-07-22,503045.0
9406500530,2.0,2.0,1090.0,1357.0,2.0,0.0,0.0,3,7,1090.0,0.0,1990,0.0,98028,47.7526,-122.244,1078.0,1318.0,2014-09-12,249000.0
9468200100,4.0,1.0,1140.0,5940.0,1.0,0.0,2.0,3,7,1140.0,0.0,1916,0.0,98103,47.6795,-122.354,1630.0,4000.0,2014-07-10,569950.0
3179100482,2.0,2.25,1040.0,1377.0,2.0,0.0,0.0,3,8,1040.0,0.0,2003,0.0,98105,47.6692,-122.279,1264.0,1892.0,2015-01-26,450000.0
5035300650,4.0,2.0,2580.0,6000.0,1.0,0.0,0.0,5,9,1300.0,1280.0,1950,0.0,98199,47.6514,-122.413,2300.0,6200.0,2014-06-03,1100000.0
6431000015,4.0,2.5,2310.0,3570.0,1.5,0.0,0.0,3,7,1490.0,820.0,1927,0.0,98103,47.6889,-122.347,1580.0,3060.0,2014-05-30,700000.0
5366200210,3.0,2.5,1590.0,4094.0,2.0,0.0,0.0,3,7,1590.0,0.0,1991,0.0,98122,47.61,-122.293,1940.0,3924.0,2014-08-19,454000.0
9512501450,3.0,1.75,1270.0,9170.0,1.0,0.0,0.0,3,7,1270.0,0.0,1969,0.0,98052,47.6706,-122.151,1700.0,8500.0,2015-04-29,555000.0
8651411460,3.0,1.5,1240.0,5200.0,1.0,0.0,0.0,5,6,1240.0,0.0,1970,0.0,98042,47.3683,-122.079,1060.0,5200.0,2015-01-06,214000.0
8078380230,3.0,2.5,2210.0,8622.0,2.0,0.0,0.0,3,8,2210.0,0.0,1988,0.0,98029,47.5715,-122.02,2340.0,7192.0,2014-08-08,590000.0
1523069096,3.0,1.75,2340.0,51836.0,1.5,0.0,0.0,3,8,1510.0,830.0,1978,0.0,98027,47.4846,-122.035,2060.0,77536.0,2014-08-11,459900.0
7893203480,3.0,1.5,1420.0,5000.0,1.0,0.0,0.0,3,7,920.0,,1987,0.0,98198,47.4192,-122.33,1400.0,7500.0,2015-05-12,205000.0
7795810110,3.0,1.75,1430.0,9857.0,1.0,0.0,2.0,4,7,1140.0,290.0,1980,0.0,98045,47.4964,-121.771,1310.0,9880.0,2015-05-12,390000.0
191100410,3.0,2.75,2470.0,10125.0,2.0,,0.0,3,8,2470.0,0.0,1960,20120.0,98040,47.5651,-122.223,2290.0,10125.0,2014-06-20,970500.0
6151800330,3.0,2.5,2390.0,15084.0,2.0,0.0,0.0,3,8,2390.0,0.0,2000,0.0,98010,47.3389,-122.048,1850.0,17494.0,2015-04-21,790000.0
1771100360,3.0,1.0,1120.0,10576.0,1.0,0.0,0.0,4,7,1120.0,0.0,1969,0.0,98077,47.7575,-122.072,1300.0,10000.0,2014-07-07,320000.0
1556200265,3.0,2.25,2700.0,4025.0,2.0,0.0,0.0,4,8,1760.0,940.0,1907,0.0,98122,47.6074,-122.294,1580.0,4025.0,2014-07-23,552500.0
6742700210,3.0,3.0,3490.0,4500.0,2.5,0.0,0.0,3,9,3170.0,320.0,1924,0.0,98102,47.6394,-122.321,2840.0,4050.0,2014-11-19,1050000.0
1423800210,3.0,1.0,1640.0,7187.0,1.0,,0.0,3,7,1640.0,0.0,1966,0.0,98058,47.455,-122.182,1340.0,8346.0,2014-09-23,230000.0
2125049131,3.0,1.75,1620.0,5500.0,1.0,0.0,0.0,3,7,1110.0,510.0,1950,0.0,98112,47.6393,-122.308,2100.0,6500.0,2014-07-29,680000.0
5318101765,3.0,1.75,1670.0,5400.0,2.0,0.0,0.0,5,8,1670.0,0.0,1912,0.0,98112,47.635,-122.284,2100.0,5400.0,2014-06-02,985000.0
6624300110,4.0,2.5,1870.0,7471.0,2.0,0.0,0.0,3,8,1870.0,0.0,1990,0.0,98055,47.4314,-122.204,2020.0,8912.0,2014-06-23,375000.0
5160700035,2.0,1.5,1300.0,4000.0,1.5,0.0,0.0,4,6,1300.0,0.0,1900,0.0,98144,47.5937,-122.301,1480.0,4000.0,2015-04-22,431000.0
1472800220,3.0,2.5,2190.0,17108.0,2.0,0.0,0.0,3,8,2190.0,0.0,1991,0.0,98019,47.7321,-121.964,2400.0,14040.0,2014-09-09,463000.0
3755000090,3.0,1.75,1320.0,10500.0,1.0,0.0,0.0,3,7,1320.0,0.0,1966,0.0,98034,47.7267,-122.226,1310.0,10500.0,2014-10-06,350000.0
259601010,3.0,1.0,1250.0,7200.0,1.0,0.0,0.0,3,7,1250.0,0.0,1964,0.0,98008,47.6342,-122.12,1430.0,7400.0,2015-04-14,485000.0
7939000090,4.0,1.75,2040.0,15000.0,1.0,0.0,0.0,4,7,1360.0,,1967,0.0,98092,47.3107,-122.189,2310.0,15000.0,2014-09-29,355000.0
2675600025,3.0,1.75,2140.0,7280.0,1.0,0.0,0.0,3,7,1070.0,1070.0,1910,0.0,98117,47.6993,-122.377,2280.0,8400.0,2015-03-27,603500.0
5700000975,5.0,1.75,2510.0,6000.0,1.5,0.0,0.0,5,8,2010.0,500.0,1920,0.0,98144,47.5798,-122.292,2240.0,5000.0,2014-08-19,860000.0
9407150360,5.0,2.5,2200.0,6250.0,2.0,0.0,0.0,3,7,2200.0,0.0,1996,0.0,98038,47.3675,-122.021,1850.0,6091.0,2015-03-06,259875.0
8146300015,4.0,2.5,2170.0,8680.0,1.0,0.0,0.0,3,7,1220.0,950.0,1959,0.0,98004,47.6078,-122.192,2010.0,8680.0,2014-07-16,685000.0
9406570300,4.0,2.5,2980.0,8786.0,2.0,0.0,0.0,3,8,2980.0,0.0,2003,0.0,98038,47.378,-122.03,2980.0,6718.0,2014-09-30,382500.0
7518500301,3.0,1.0,1180.0,2250.0,1.5,0.0,0.0,3,7,1180.0,0.0,1902,0.0,98117,47.6779,-122.377,1320.0,5100.0,2015-03-01,490000.0
3739500096,3.0,2.0,1540.0,6000.0,1.0,0.0,0.0,4,6,1540.0,0.0,1953,0.0,98155,47.7372,-122.307,1490.0,8213.0,2015-01-26,229000.0
3739500096,3.0,2.0,1540.0,6000.0,1.0,0.0,0.0,4,6,1540.0,0.0,1953,0.0,98155,47.7372,-122.307,1490.0,8213.0,2015-05-05,430000.0
267020090,5.0,2.5,3110.0,15783.0,1.0,0.0,0.0,3,8,1720.0,1390.0,1974,0.0,98052,47.6301,-122.103,2550.0,12220.0,2014-08-18,580000.0
534000195,3.0,1.75,1370.0,6700.0,1.0,0.0,0.0,3,8,1370.0,0.0,1940,20120.0,98117,47.6982,-122.362,1180.0,6694.0,2014-11-13,510000.0
5469502700,5.0,2.25,2440.0,20828.0,1.5,0.0,0.0,4,8,2440.0,0.0,1975,0.0,98042,47.3762,-122.158,2670.0,14472.0,2014-05-08,489990.0
7010700110,3.0,2.25,1760.0,1800.0,2.0,0.0,0.0,3,7,1330.0,430.0,1983,0.0,98199,47.6579,-122.394,1150.0,4575.0,2014-09-16,440000.0
8106300090,3.0,2.5,2810.0,4984.0,1.0,0.0,0.0,3,9,1750.0,1060.0,2006,0.0,98055,47.4461,-122.209,2810.0,5711.0,2015-04-28,479950.0
225069013,4.0,2.5,2500.0,206474.0,1.0,0.0,0.0,3,10,2500.0,0.0,1997,0.0,98053,47.6778,-121.994,3680.0,208652.0,2014-06-23,806000.0
1685800100,4.0,2.5,3220.0,22588.0,2.0,0.0,0.0,3,10,3220.0,0.0,1996,0.0,98077,47.7311,-122.055,3220.0,22922.0,2014-06-24,875000.0
293800870,3.0,2.5,2880.0,36820.0,2.0,0.0,0.0,3,10,2880.0,0.0,1992,0.0,98077,47.766,-122.044,3190.0,36820.0,2014-09-11,710800.0
7852190580,3.0,2.5,2700.0,6037.0,2.0,0.0,0.0,3,8,2700.0,0.0,2004,0.0,98065,47.5376,-121.879,2740.0,6054.0,2015-02-10,565000.0
5636000210,5.0,3.0,2680.0,9624.0,2.0,0.0,0.0,3,7,1870.0,810.0,1995,0.0,98010,47.3279,-122.006,1860.0,9921.0,2015-02-23,359999.0
1623301185,3.0,1.75,1780.0,4500.0,1.0,0.0,0.0,4,7,920.0,860.0,1922,0.0,98117,47.6827,-122.362,1360.0,4000.0,2015-01-23,625000.0
3260810590,3.0,2.5,2240.0,7565.0,2.0,0.0,0.0,3,8,2240.0,0.0,1999,0.0,98003,47.3485,-122.301,2190.0,8254.0,2014-09-12,349950.0
8589100090,4.0,2.0,1610.0,9600.0,1.0,0.0,0.0,5,7,1610.0,0.0,1967,0.0,98056,47.5327,-122.186,1450.0,9600.0,2014-06-17,415000.0
7579200767,2.0,2.0,1440.0,1170.0,2.0,0.0,0.0,3,9,960.0,480.0,2004,0.0,98116,47.5592,-122.385,1440.0,1350.0,2014-11-05,435000.0
623049273,3.0,1.75,1550.0,9060.0,2.0,0.0,0.0,3,7,1550.0,0.0,1948,0.0,98146,47.5093,-122.345,1080.0,7620.0,2014-11-21,225000.0
1186000035,3.0,1.75,1720.0,5000.0,1.0,0.0,0.0,3,9,1720.0,0.0,1954,20140.0,98122,47.6157,-122.29,2120.0,4188.0,2014-05-12,770000.0
2228900191,3.0,1.75,1740.0,10800.0,1.0,0.0,0.0,3,7,1740.0,0.0,1959,0.0,98133,47.7717,-122.351,1810.0,7735.0,2015-01-06,340000.0
2597450120,5.0,2.75,3280.0,12673.0,1.0,0.0,0.0,4,9,2050.0,1230.0,1981,0.0,98006,47.5504,-122.146,3060.0,12847.0,2015-03-12,965000.0
3339400515,3.0,2.75,2216.0,31215.0,1.0,0.0,0.0,3,9,2216.0,0.0,1968,20050.0,98092,47.3164,-122.199,2216.0,30048.0,2015-01-13,667000.0
1221000395,1.0,1.0,1100.0,4373.0,1.0,0.0,0.0,2,6,820.0,280.0,1947,0.0,98166,47.4653,-122.338,1100.0,7500.0,2014-05-07,250000.0
1526300015,3.0,1.0,1180.0,11862.0,1.0,,0.0,4,7,1180.0,0.0,1948,0.0,98177,47.7153,-122.363,1540.0,8100.0,2014-06-12,397990.0
6163901772,3.0,1.75,2020.0,10031.0,1.0,,0.0,5,7,1370.0,650.0,1952,0.0,98155,47.7487,-122.319,1500.0,8456.0,2014-09-18,535000.0
1180007005,3.0,1.5,1150.0,8450.0,1.0,0.0,0.0,4,6,1150.0,0.0,1951,0.0,98178,47.4927,-122.224,1160.0,6800.0,2014-06-25,265950.0
5420300210,3.0,1.75,2090.0,7461.0,1.0,0.0,0.0,3,6,1200.0,890.0,1986,0.0,98030,47.3764,-122.184,1420.0,7462.0,2014-10-07,258000.0
476000331,3.0,2.5,1300.0,1187.0,3.0,0.0,0.0,3,8,1300.0,0.0,2005,0.0,98107,47.6704,-122.391,1320.0,1194.0,2014-12-02,505500.0
2558700090,5.0,2.5,2240.0,7770.0,1.0,0.0,0.0,3,7,1340.0,900.0,1978,0.0,98034,47.7198,-122.171,1820.0,7770.0,2014-05-06,455000.0
4151800410,5.0,3.25,3540.0,5971.0,1.0,0.0,2.0,3,10,2000.0,1540.0,2005,0.0,98033,47.6643,-122.202,2820.0,6029.0,2014-10-31,1350000.0
3586501075,4.0,2.25,2840.0,31720.0,1.0,0.0,0.0,3,8,1780.0,1060.0,1958,0.0,98177,47.7505,-122.375,2290.0,29577.0,2015-01-09,600000.0
4136870110,4.0,2.5,2080.0,7047.0,2.0,0.0,0.0,3,8,2080.0,0.0,1996,0.0,98092,47.2627,-122.215,2580.0,7227.0,2015-02-05,329800.0
6623400090,2.0,1.0,1550.0,38449.0,1.0,0.0,0.0,3,6,1550.0,0.0,1947,0.0,98055,47.4315,-122.199,1188.0,25875.0,2015-04-21,222000.0
1560800150,4.0,2.5,1900.0,9240.0,1.0,0.0,0.0,3,7,1900.0,0.0,1962,0.0,98007,47.6167,-122.137,2040.0,8052.0,2015-04-05,450000.0
2770605548,3.0,3.5,2760.0,4500.0,2.0,0.0,0.0,3,9,2120.0,640.0,2004,0.0,98119,47.6529,-122.372,1950.0,6000.0,2014-12-18,952000.0
2023700040,4.0,2.0,1410.0,4480.0,1.5,0.0,0.0,3,8,1410.0,0.0,1927,0.0,98109,47.6385,-122.344,1240.0,3400.0,2014-07-23,625000.0
1164000040,2.0,1.0,1240.0,11393.0,1.0,0.0,0.0,4,7,1240.0,0.0,1960,0.0,98030,47.3714,-122.207,1660.0,11393.0,2015-03-12,226800.0
7135520650,5.0,4.25,4420.0,13497.0,2.0,0.0,0.0,3,11,3510.0,910.0,2000,0.0,98059,47.5262,-122.143,4220.0,12015.0,2014-12-12,1210000.0
3528400180,4.0,2.75,3390.0,16153.0,1.0,,0.0,4,7,1970.0,1420.0,1961,0.0,98031,47.3954,-122.184,2530.0,8495.0,2014-10-03,350000.0
7820000015,3.0,1.75,1400.0,8640.0,1.0,,0.0,3,7,1400.0,0.0,1962,0.0,98011,47.7659,-122.204,1630.0,8640.0,2015-03-12,395000.0
1105000229,5.0,3.0,2110.0,5260.0,2.0,0.0,0.0,3,7,1670.0,440.0,2002,0.0,98118,47.5449,-122.272,2110.0,5260.0,2014-09-19,285000.0
3625059166,3.0,1.0,1310.0,18135.0,1.0,0.0,0.0,3,7,1310.0,0.0,1948,0.0,98008,47.6065,-122.113,2150.0,18135.0,2015-01-07,553000.0
8108600442,3.0,1.0,1270.0,16800.0,1.0,0.0,0.0,4,7,1270.0,0.0,1957,0.0,98188,47.4599,-122.276,1700.0,10200.0,2015-05-05,254000.0
8143600015,2.0,1.5,2060.0,10880.0,1.0,0.0,0.0,3,6,1190.0,870.0,1924,0.0,98106,47.515,-122.362,1430.0,8781.0,2014-08-26,348140.0
8731900790,4.0,2.75,2530.0,7350.0,1.0,0.0,0.0,5,8,1280.0,1250.0,1977,0.0,98023,47.313,-122.374,2280.0,7350.0,2014-06-26,354950.0
6079500230,3.0,2.75,1900.0,6400.0,1.0,0.0,0.0,5,7,1410.0,490.0,1942,0.0,98105,47.6697,-122.281,1350.0,6400.0,2014-06-12,706000.0
7853302370,4.0,2.5,2910.0,6479.0,2.0,0.0,0.0,3,7,2910.0,,2006,0.0,98065,47.5402,-121.887,2320.0,5178.0,2014-05-05,499000.0
122069107,3.0,1.5,1900.0,43186.0,1.5,0.0,0.0,4,7,1300.0,600.0,1971,0.0,98038,47.4199,-121.99,2080.0,108028.0,2014-12-04,427500.0
4204400175,5.0,3.5,2880.0,10000.0,2.0,0.0,3.0,3,8,1980.0,900.0,1991,0.0,98055,47.4874,-122.223,2120.0,9535.0,2015-02-17,439000.0
2896310120,4.0,2.5,2820.0,25995.0,2.0,0.0,0.0,3,9,2820.0,0.0,1998,0.0,98010,47.3415,-122.029,3330.0,27653.0,2014-11-17,545000.0
4083301380,3.0,1.0,1620.0,4774.0,1.5,,0.0,3,7,1620.0,0.0,1920,0.0,98103,47.659,-122.339,1880.0,4560.0,2014-10-17,842000.0
1332000100,4.0,2.5,3320.0,38043.0,2.0,0.0,0.0,3,9,3320.0,0.0,1997,0.0,98053,47.6504,-122.004,3170.0,42621.0,2014-12-10,685000.0
3622069122,4.0,3.5,3770.0,47480.0,2.0,0.0,0.0,3,9,3770.0,0.0,2003,0.0,98010,47.3552,-121.99,3380.0,42689.0,2014-09-03,665000.0
6052401215,2.0,1.0,1200.0,9000.0,1.0,0.0,2.0,5,6,1200.0,0.0,1917,0.0,98198,47.4039,-122.323,1660.0,9000.0,2014-06-09,255000.0
7010700245,5.0,2.25,2130.0,4360.0,1.0,0.0,2.0,3,8,1240.0,890.0,1959,0.0,98199,47.6586,-122.395,1830.0,5000.0,2014-12-31,565000.0
1311100490,5.0,1.75,1950.0,8720.0,1.0,0.0,0.0,3,7,1050.0,900.0,1962,0.0,98001,47.3381,-122.289,1660.0,8030.0,2015-02-25,274000.0
9510900360,3.0,2.0,1920.0,8075.0,1.0,0.0,0.0,4,7,1510.0,410.0,1969,0.0,98023,47.3092,-122.375,1920.0,7826.0,2014-05-09,260000.0
8679600150,4.0,2.0,2510.0,13695.0,1.0,0.0,0.0,4,7,1280.0,1230.0,1961,20010.0,98033,47.7005,-122.174,1220.0,12500.0,2014-05-07,581000.0
7203600040,3.0,1.5,1990.0,5978.0,1.5,,4.0,4,7,1990.0,0.0,1926,0.0,98198,47.3449,-122.329,2100.0,6221.0,2014-07-25,625000.0
2212900180,3.0,1.0,1230.0,9720.0,1.0,0.0,0.0,5,7,1230.0,0.0,1969,0.0,98042,47.3266,-122.138,1230.0,9720.0,2014-12-29,220000.0
2124079010,3.0,2.25,3190.0,324086.0,2.0,0.0,2.0,3,9,3190.0,0.0,1982,0.0,98024,47.5477,-121.93,3190.0,217800.0,2014-10-28,765000.0
2424059052,6.0,4.25,5720.0,10213.0,2.0,0.0,0.0,3,10,4170.0,1550.0,2004,0.0,98006,47.5464,-122.116,4300.0,10224.0,2014-07-10,1330000.0
6746700615,8.0,2.5,2280.0,3000.0,1.5,0.0,0.0,3,7,1210.0,1070.0,1911,0.0,98105,47.6675,-122.316,1610.0,3000.0,2015-03-18,700000.0
3298300530,4.0,1.0,1550.0,7260.0,1.0,0.0,0.0,4,6,1550.0,0.0,1959,0.0,98008,47.6229,-122.121,1210.0,7260.0,2014-09-24,351000.0
8929000360,3.0,2.5,1690.0,1613.0,2.0,0.0,0.0,3,8,1150.0,540.0,2014,0.0,98029,47.5524,-121.998,1690.0,1619.0,2014-08-05,413565.0
2291400236,3.0,3.25,1651.0,1779.0,2.0,0.0,0.0,3,8,1341.0,310.0,2008,0.0,98133,47.7076,-122.346,1650.0,2908.0,2014-06-12,363000.0
6445800120,4.0,1.75,2260.0,41236.0,1.0,,0.0,4,8,1690.0,570.0,1962,0.0,98029,47.5528,-122.034,3080.0,30240.0,2015-04-04,679000.0
8682261010,2.0,1.75,1510.0,4555.0,1.0,0.0,0.0,3,8,1510.0,0.0,2005,0.0,98053,47.7136,-122.031,1640.0,4500.0,2014-09-10,473000.0
8045000180,3.0,2.0,1490.0,7431.0,1.0,0.0,0.0,4,7,1490.0,0.0,1966,0.0,98052,47.6697,-122.162,1700.0,7725.0,2015-04-21,585888.0
9475700220,4.0,2.5,2220.0,4652.0,2.0,0.0,0.0,3,7,2220.0,0.0,2001,0.0,98059,47.4902,-122.154,1840.0,4500.0,2014-06-26,405000.0
3222049055,3.0,1.75,2800.0,19386.0,1.0,1.0,4.0,3,8,1400.0,1400.0,1965,0.0,98198,47.3554,-122.324,3270.0,31450.0,2015-01-16,650000.0
1222069133,4.0,2.5,2210.0,213008.0,1.0,0.0,0.0,4,7,1210.0,1000.0,1975,0.0,98038,47.4039,-121.98,2270.0,52707.0,2015-02-24,415000.0
9165100230,3.0,2.0,2150.0,3880.0,1.0,,0.0,3,8,1080.0,1070.0,1951,0.0,98117,47.6814,-122.392,2130.0,4000.0,2014-12-22,575000.0
8091411120,3.0,2.25,1400.0,7205.0,1.0,0.0,0.0,3,7,1140.0,260.0,1985,0.0,98030,47.349,-122.166,1970.0,7252.0,2014-07-17,220000.0
1777600230,4.0,3.0,2450.0,10117.0,1.0,0.0,0.0,5,8,1580.0,870.0,1967,0.0,98006,47.5694,-122.132,2530.0,10125.0,2014-05-06,610000.0
5101400862,3.0,1.0,980.0,6380.0,1.0,,0.0,3,7,760.0,220.0,1941,0.0,98115,47.692,-122.308,1390.0,6380.0,2014-05-12,499950.0
5317100325,4.0,2.5,2800.0,6874.0,2.0,,0.0,3,9,2170.0,630.0,1990,0.0,98112,47.6215,-122.29,1430.0,6240.0,2015-03-03,883000.0
9324800455,2.0,1.0,1240.0,8100.0,1.5,0.0,2.0,3,7,1240.0,0.0,1925,0.0,98125,47.7326,-122.288,2790.0,8100.0,2014-10-23,436000.0
880000208,3.0,2.5,1610.0,1356.0,2.0,0.0,0.0,3,8,1240.0,370.0,2007,0.0,98106,47.5257,-122.361,1270.0,1314.0,2014-12-13,320000.0
1223089081,3.0,1.75,1510.0,44000.0,1.0,0.0,0.0,3,7,1240.0,270.0,1989,0.0,98045,47.4851,-121.716,2290.0,36242.0,2014-05-30,425000.0
5556800150,4.0,2.0,1670.0,9987.0,1.0,0.0,0.0,3,7,1670.0,0.0,1967,0.0,98001,47.3406,-122.284,1640.0,7280.0,2014-05-15,204700.0
4174600331,6.0,3.0,2320.0,4502.0,1.0,,0.0,4,7,1200.0,1120.0,1987,0.0,98108,47.5552,-122.3,1160.0,5628.0,2014-07-17,384000.0
5419801120,3.0,2.75,1900.0,8200.0,2.0,0.0,0.0,4,7,1900.0,0.0,1984,0.0,98031,47.402,-122.183,1620.0,8200.0,2015-01-13,314000.0
3649100674,3.0,2.5,2390.0,6263.0,2.0,0.0,0.0,3,9,2390.0,0.0,2003,0.0,98028,47.7379,-122.248,2390.0,11761.0,2015-04-30,535000.0
1525069058,4.0,1.75,2110.0,265716.0,1.0,0.0,0.0,4,8,2110.0,0.0,1979,0.0,98053,47.657,-122.026,2110.0,110597.0,2014-06-26,568000.0
7202000220,4.0,1.5,1470.0,5850.0,1.0,,0.0,4,7,810.0,660.0,1973,0.0,98052,47.7,-122.129,1290.0,7300.0,2015-05-01,426000.0
7129301001,4.0,2.75,2670.0,6780.0,2.0,0.0,3.0,5,8,1630.0,1040.0,1908,0.0,98118,47.5131,-122.256,2400.0,5989.0,2014-12-09,675000.0
8860500150,4.0,2.5,2540.0,6365.0,2.0,0.0,0.0,3,8,1870.0,670.0,2000,0.0,98055,47.4608,-122.215,2290.0,5942.0,2014-06-13,380000.0
7384500110,3.0,2.5,3450.0,8000.0,3.0,0.0,0.0,4,8,2970.0,480.0,1927,19750.0,98116,47.5605,-122.402,1880.0,6135.0,2014-07-23,685000.0
622069123,3.0,2.0,1700.0,52826.0,1.0,0.0,0.0,3,7,1700.0,0.0,1991,0.0,98058,47.4164,-122.092,2480.0,114728.0,2014-08-19,429000.0
164000361,4.0,1.5,1810.0,6583.0,1.0,0.0,0.0,3,7,1500.0,310.0,1968,0.0,98133,47.7273,-122.351,860.0,8670.0,2015-04-21,799000.0
3438500790,5.0,1.75,1550.0,6986.0,1.0,0.0,0.0,3,7,1030.0,520.0,1978,0.0,98106,47.5503,-122.356,1550.0,6986.0,2014-09-20,318500.0
2024059110,3.0,3.25,4110.0,20900.0,2.0,,0.0,3,9,2630.0,,2002,0.0,98006,47.5506,-122.187,2640.0,14700.0,2015-04-20,925000.0
7338400945,3.0,1.5,2080.0,5000.0,1.0,0.0,0.0,3,7,1300.0,780.0,1963,0.0,98118,47.5322,-122.29,1860.0,5000.0,2015-02-24,420000.0
809003160,2.0,1.0,1100.0,4000.0,1.0,0.0,0.0,3,7,1100.0,0.0,1906,0.0,98109,47.6388,-122.35,1590.0,4000.0,2014-12-18,570000.0
8650700090,4.0,2.75,3950.0,12840.0,2.0,,0.0,5,8,3950.0,0.0,1960,0.0,98040,47.5489,-122.219,2350.0,12507.0,2014-08-13,1050000.0
8151600663,3.0,1.0,1250.0,8450.0,1.0,0.0,0.0,4,7,1250.0,0.0,1954,0.0,98146,47.503,-122.364,1350.0,9300.0,2014-09-17,333000.0
7352200100,2.0,1.75,2620.0,14138.0,2.0,1.0,4.0,3,8,2120.0,,1931,19910.0,98125,47.7142,-122.277,1830.0,8279.0,2015-02-24,1360000.0
1952200220,3.0,2.5,2290.0,2798.0,3.0,,0.0,4,9,2290.0,0.0,1953,19830.0,98102,47.641,-122.315,2260.0,5000.0,2014-06-03,660000.0
1568100300,6.0,4.5,3500.0,8504.0,2.0,0.0,0.0,3,7,3500.0,0.0,1980,0.0,98155,47.7351,-122.295,1550.0,8460.0,2014-09-17,350000.0
1568100300,6.0,4.5,3500.0,8504.0,2.0,0.0,0.0,3,7,3500.0,0.0,1980,0.0,98155,47.7351,-122.295,1550.0,8460.0,2015-01-21,682500.0
2113700485,5.0,2.75,1690.0,4000.0,1.0,0.0,0.0,5,7,970.0,720.0,1943,0.0,98106,47.5312,-122.354,1240.0,4000.0,2014-12-10,399990.0
1454600156,5.0,3.25,4500.0,9648.0,2.0,0.0,4.0,4,8,3000.0,1500.0,1968,0.0,98125,47.7262,-122.282,2780.0,21132.0,2014-06-25,860000.0
4204400201,2.0,1.0,1120.0,7797.0,1.0,0.0,0.0,3,6,1120.0,0.0,1948,0.0,98055,47.4871,-122.22,2180.0,7200.0,2014-10-21,216180.0
8856890330,4.0,2.25,1740.0,9613.0,2.0,0.0,0.0,5,8,1740.0,0.0,1989,0.0,98058,47.463,-122.125,1680.0,9769.0,2014-09-15,300000.0
1922059278,3.0,1.0,1010.0,11880.0,1.0,0.0,0.0,3,7,1010.0,0.0,1960,0.0,98030,47.3762,-122.219,1150.0,9435.0,2014-10-14,145000.0
1922059278,3.0,1.0,1010.0,11880.0,1.0,0.0,0.0,3,7,1010.0,0.0,1960,0.0,98030,47.3762,-122.219,1150.0,9435.0,2015-03-05,255000.0
6623400356,3.0,1.75,1200.0,24805.0,1.0,0.0,0.0,3,6,1200.0,0.0,1984,0.0,98031,47.4236,-122.195,2150.0,4339.0,2014-07-02,250000.0
9407111250,3.0,1.0,1020.0,8625.0,1.0,,0.0,3,7,1020.0,0.0,1978,0.0,98045,47.4465,-121.77,1290.0,9440.0,2014-10-29,245000.0
5422570760,3.0,1.75,1850.0,7056.0,2.5,,0.0,4,8,1850.0,0.0,1979,0.0,98052,47.6602,-122.13,1970.0,7056.0,2014-10-14,445000.0
4036800910,3.0,1.5,1830.0,8000.0,1.0,0.0,0.0,4,7,1830.0,0.0,1957,0.0,98008,47.6017,-122.122,1310.0,7500.0,2014-05-14,562000.0
259600530,4.0,1.0,2070.0,7519.0,1.0,0.0,0.0,3,7,1160.0,910.0,1963,0.0,98008,47.632,-122.119,1730.0,7519.0,2014-05-05,501000.0
6303400981,3.0,1.75,1160.0,5850.0,1.0,0.0,0.0,4,6,1160.0,,1918,0.0,98146,47.5064,-122.356,1110.0,8382.0,2015-01-13,190000.0
7701990300,4.0,2.75,3280.0,24440.0,2.0,0.0,0.0,3,10,3280.0,0.0,1996,0.0,98077,47.7073,-122.07,3490.0,25138.0,2014-05-16,862500.0
5700002510,5.0,2.5,2340.0,6000.0,2.0,,0.0,4,10,2340.0,0.0,1922,0.0,98144,47.5764,-122.287,2350.0,6000.0,2014-06-11,1090000.0
2011400230,5.0,3.0,3690.0,49709.0,1.0,0.0,2.0,3,9,2690.0,1000.0,1960,0.0,98198,47.3908,-122.32,2590.0,8691.0,2014-06-26,575000.0
1921069059,1.0,1.0,720.0,123710.0,1.0,0.0,0.0,4,6,720.0,0.0,1935,0.0,98092,47.2893,-122.084,1860.0,297514.0,2014-12-30,250000.0
1471700410,7.0,1.5,2660.0,15111.0,1.5,0.0,0.0,4,7,2660.0,0.0,1962,0.0,98059,47.4644,-122.066,1710.0,15429.0,2015-05-06,310000.0
2102700025,5.0,3.25,4300.0,9270.0,2.0,0.0,3.0,3,10,2910.0,1390.0,1957,20090.0,98116,47.5717,-122.409,2780.0,6610.0,2014-10-09,1400000.0
4222300040,3.0,1.5,1590.0,8256.0,1.0,0.0,1.0,3,7,1090.0,500.0,1969,0.0,98003,47.3488,-122.304,1950.0,7840.0,2014-12-16,284850.0
3649100676,4.0,2.5,2590.0,7910.0,2.0,0.0,0.0,3,9,2590.0,0.0,2003,0.0,98028,47.7378,-122.248,2110.0,11761.0,2015-02-19,570000.0
372000040,3.0,1.75,1720.0,6000.0,1.0,,2.0,3,7,1000.0,720.0,1954,0.0,98178,47.4999,-122.223,1690.0,6000.0,2014-10-03,304000.0
7312200040,4.0,2.5,1790.0,9787.0,1.0,0.0,2.0,4,8,1240.0,550.0,1983,0.0,98056,47.5344,-122.189,1790.0,9787.0,2014-12-16,560000.0
6052400975,3.0,1.0,1590.0,8160.0,1.0,0.0,1.0,3,7,1090.0,500.0,1954,0.0,98198,47.4013,-122.321,1540.0,10500.0,2014-08-26,325000.0
826000495,4.0,2.0,1580.0,4800.0,1.5,0.0,2.0,3,7,1580.0,,1912,0.0,98136,47.5454,-122.383,1580.0,4800.0,2015-02-06,557510.0
8731900880,4.0,2.25,2580.0,8820.0,1.0,0.0,0.0,4,9,1620.0,960.0,1967,0.0,98023,47.3122,-122.376,2140.0,8400.0,2015-04-20,305000.0
1523059100,5.0,1.0,1740.0,27350.0,1.0,0.0,0.0,4,5,1740.0,0.0,1958,0.0,98059,47.4809,-122.153,2760.0,10749.0,2014-09-02,320000.0
2597550090,5.0,2.25,3470.0,28212.0,1.5,0.0,0.0,4,8,2790.0,680.0,1978,0.0,98042,47.3342,-122.108,2020.0,28177.0,2014-09-05,455000.0
3581000210,3.0,1.0,1180.0,7210.0,1.0,0.0,0.0,4,7,1180.0,0.0,1963,0.0,98034,47.7267,-122.241,1700.0,7210.0,2014-09-04,383001.0
4048400191,3.0,1.75,1700.0,51649.0,1.5,0.0,0.0,5,6,1700.0,0.0,1931,0.0,98059,47.4704,-122.076,1100.0,39504.0,2014-06-05,545000.0
7578200025,2.0,1.0,1190.0,5000.0,1.0,,0.0,3,7,1190.0,0.0,1925,0.0,98116,47.5717,-122.382,1600.0,5000.0,2015-04-08,487500.0
2379300330,5.0,2.5,2450.0,6994.0,2.0,0.0,0.0,3,8,2450.0,0.0,2002,0.0,98030,47.3572,-122.192,1940.0,6035.0,2014-07-02,345000.0
8917100180,6.0,2.75,2630.0,16411.0,1.0,0.0,0.0,4,8,1650.0,980.0,1974,0.0,98052,47.6309,-122.093,2250.0,12255.0,2014-06-04,583000.0
3395300180,3.0,2.25,2130.0,12286.0,2.0,,0.0,3,8,2130.0,0.0,1977,0.0,98052,47.6471,-122.114,2130.0,10158.0,2014-08-12,534950.0
369000690,4.0,1.0,1060.0,5750.0,1.0,0.0,0.0,3,6,950.0,110.0,1904,0.0,98199,47.6562,-122.389,1790.0,5857.0,2014-08-12,403504.0
7977200720,3.0,1.75,1480.0,6120.0,1.5,0.0,0.0,3,7,1480.0,0.0,1946,0.0,98115,47.6858,-122.295,1480.0,6120.0,2015-04-27,500000.0
2322069175,3.0,1.75,1610.0,38707.0,1.0,0.0,0.0,3,7,1610.0,0.0,1990,0.0,98010,47.3778,-122.001,1930.0,45151.0,2015-02-24,319502.0
2324039100,4.0,2.75,2440.0,5080.0,2.0,0.0,0.0,3,8,1750.0,690.0,1960,0.0,98126,47.5547,-122.379,1920.0,6375.0,2014-11-12,525000.0
5631500866,4.0,3.0,3100.0,15480.0,2.0,0.0,0.0,3,8,2400.0,700.0,1996,0.0,98028,47.7466,-122.241,2000.0,42500.0,2014-05-06,563000.0
2877101745,4.0,2.75,2890.0,5000.0,1.5,0.0,0.0,3,8,1990.0,900.0,1911,20140.0,98117,47.6768,-122.363,1080.0,3750.0,2014-08-04,898500.0
721069087,3.0,2.5,3240.0,108366.0,2.0,0.0,0.0,4,10,3240.0,0.0,1991,0.0,98042,47.327,-122.094,2090.0,108366.0,2014-05-07,651000.0
7934000145,4.0,2.75,2900.0,6400.0,2.0,0.0,0.0,3,7,2040.0,860.0,1911,19700.0,98136,47.5563,-122.393,1340.0,6144.0,2014-12-01,450000.0
6072760360,4.0,2.25,2650.0,8149.0,1.0,0.0,0.0,4,8,1610.0,1040.0,1975,0.0,98006,47.5624,-122.176,2290.0,8019.0,2015-03-21,665000.0
6021501635,4.0,2.5,2560.0,4000.0,2.0,0.0,0.0,5,8,1610.0,950.0,1929,0.0,98117,47.6885,-122.386,1760.0,4000.0,2014-11-02,825000.0
1821059067,3.0,1.0,1150.0,4800.0,1.5,0.0,0.0,4,6,1150.0,0.0,1938,0.0,98002,47.3101,-122.212,1310.0,9510.0,2014-06-25,200000.0
3295750610,3.0,2.0,1760.0,6092.0,1.0,0.0,0.0,3,7,1760.0,0.0,1998,0.0,98030,47.3838,-122.184,2590.0,6255.0,2014-09-04,295000.0
2926059146,4.0,2.5,3220.0,8379.0,2.0,0.0,0.0,3,10,3220.0,0.0,2004,0.0,98034,47.7043,-122.192,2720.0,7635.0,2014-12-15,748000.0
9429500146,3.0,2.5,3200.0,18750.0,1.0,0.0,0.0,2,9,2660.0,540.0,1967,19960.0,98027,47.5717,-122.12,3200.0,22475.0,2014-07-14,580000.0
7893207490,3.0,1.0,1250.0,10744.0,1.0,,0.0,3,6,1250.0,0.0,1942,0.0,98198,47.4226,-122.327,1500.0,10710.0,2015-02-12,275000.0
8945300110,3.0,1.0,1000.0,8470.0,1.0,0.0,0.0,4,6,1000.0,0.0,1963,0.0,98023,47.3056,-122.37,1020.0,8470.0,2015-03-26,196000.0
8151600610,2.0,1.0,740.0,11250.0,1.0,0.0,0.0,2,6,740.0,0.0,1938,0.0,98146,47.5036,-122.362,1390.0,11250.0,2014-05-22,235750.0
2923049399,3.0,2.25,2170.0,8480.0,1.0,0.0,0.0,3,8,2170.0,0.0,1965,0.0,98148,47.4562,-122.33,2080.0,8452.0,2015-03-23,315000.0
3260810110,4.0,2.5,2370.0,10631.0,2.0,0.0,0.0,3,8,2370.0,0.0,1999,0.0,98003,47.3473,-122.302,2200.0,8297.0,2014-08-25,338000.0
5104530770,4.0,2.5,2300.0,4249.0,2.0,0.0,0.0,3,8,2300.0,0.0,2006,0.0,98038,47.3516,-122.0,2390.0,4385.0,2015-01-21,353000.0
8661000033,3.0,1.75,1400.0,6300.0,1.0,0.0,0.0,3,7,1400.0,0.0,1998,0.0,98022,47.2074,-122.001,1400.0,8490.0,2014-06-27,235000.0
4017050820,3.0,2.5,3080.0,13880.0,2.0,,0.0,3,9,3080.0,0.0,1990,0.0,98038,47.3726,-122.025,2780.0,15318.0,2015-03-20,569999.0
226039279,4.0,2.25,2350.0,12540.0,2.0,0.0,0.0,3,8,2350.0,0.0,1968,0.0,98177,47.7732,-122.382,2090.0,7964.0,2014-09-18,505000.0
1338800785,4.0,3.0,2660.0,4600.0,1.5,0.0,0.0,3,8,1820.0,840.0,1906,0.0,98112,47.6258,-122.305,2350.0,4600.0,2015-03-06,1230000.0
2921049079,2.0,1.75,1250.0,34395.0,1.0,0.0,0.0,4,7,1250.0,0.0,1950,0.0,98003,47.2802,-122.316,1910.0,26042.0,2014-05-14,299000.0
5113260040,3.0,2.0,1100.0,6360.0,1.0,0.0,0.0,3,7,1100.0,0.0,1991,0.0,98038,47.3878,-122.052,1620.0,6360.0,2014-10-16,240000.0
3124059023,3.0,1.75,3330.0,12566.0,1.0,1.0,4.0,4,8,1940.0,1390.0,1960,0.0,98040,47.5287,-122.22,3730.0,16560.0,2015-02-13,1960000.0
5351200265,4.0,3.25,3640.0,3604.0,2.0,0.0,2.0,5,9,1960.0,1680.0,1913,0.0,98122,47.6145,-122.284,1940.0,4600.0,2014-09-11,1270000.0
2591010150,2.0,1.75,1350.0,2653.0,2.0,0.0,0.0,3,7,1350.0,0.0,1986,0.0,98033,47.6934,-122.184,1370.0,4115.0,2015-04-14,405000.0
6163900821,4.0,2.0,1310.0,8454.0,1.0,0.0,0.0,4,7,1310.0,0.0,1953,0.0,98155,47.7572,-122.318,1320.0,8274.0,2014-06-24,304000.0
2310060230,4.0,2.25,1800.0,5555.0,2.0,0.0,0.0,3,7,1800.0,0.0,2003,0.0,98038,47.3498,-122.052,1810.0,5669.0,2014-10-10,272000.0
4449800315,2.0,1.0,1260.0,3960.0,1.0,0.0,0.0,3,6,690.0,570.0,1925,0.0,98117,47.6899,-122.391,1250.0,3960.0,2014-06-20,412000.0
3299600120,4.0,2.5,2990.0,7231.0,2.0,0.0,0.0,3,9,2990.0,0.0,2001,0.0,98075,47.5623,-122.032,3160.0,8339.0,2014-07-18,698000.0
2490200615,2.0,1.0,1140.0,5100.0,1.0,0.0,0.0,3,7,1140.0,0.0,1942,0.0,98136,47.5323,-122.383,1230.0,5100.0,2014-06-09,400000.0
1565950230,3.0,2.5,2100.0,6825.0,2.0,0.0,0.0,3,8,2100.0,0.0,1994,0.0,98055,47.4314,-122.189,2180.0,7614.0,2014-11-20,305000.0
6402700110,4.0,2.0,2400.0,12753.0,1.0,0.0,0.0,4,7,2400.0,0.0,1962,0.0,98033,47.6947,-122.177,1830.0,12060.0,2014-09-10,585000.0
5029450100,2.0,1.5,1400.0,9031.0,1.0,0.0,0.0,3,7,960.0,440.0,1982,0.0,98023,47.2915,-122.368,1450.0,7658.0,2014-08-12,190000.0
7525530590,4.0,2.5,2990.0,12788.0,2.0,0.0,0.0,3,10,2990.0,0.0,1988,0.0,98075,47.5601,-122.037,3250.0,12212.0,2014-07-20,760000.0
226059103,3.0,1.75,1930.0,36210.0,1.0,0.0,0.0,3,8,1930.0,0.0,1977,0.0,98072,47.7692,-122.128,1930.0,35060.0,2014-05-27,570000.0
6197200021,3.0,1.0,980.0,6800.0,1.0,0.0,0.0,3,6,980.0,0.0,1946,0.0,98058,47.4411,-122.186,1140.0,9975.0,2014-11-06,144000.0
7227500910,2.0,1.0,690.0,5280.0,1.0,0.0,0.0,4,5,690.0,0.0,1942,0.0,98056,47.4953,-122.187,1140.0,4860.0,2014-06-24,139000.0
5100402644,4.0,1.5,1430.0,6380.0,1.5,0.0,0.0,4,7,1130.0,300.0,1945,0.0,98115,47.6942,-122.319,1570.0,6380.0,2014-11-19,525000.0
748000205,1.0,1.0,1110.0,5421.0,1.0,0.0,0.0,3,6,1110.0,0.0,1935,0.0,98177,47.7322,-122.359,1230.0,8100.0,2014-07-16,293000.0
7899800476,2.0,2.5,1250.0,1580.0,2.0,0.0,0.0,3,7,1030.0,220.0,2005,0.0,98106,47.5243,-122.36,1250.0,1361.0,2015-04-27,267100.0
3885804390,4.0,3.25,3470.0,5222.0,2.0,0.0,0.0,3,10,2830.0,640.0,2005,0.0,98033,47.6845,-122.209,3090.0,6758.0,2015-04-21,1500000.0
1796370150,3.0,2.25,1500.0,15334.0,2.0,0.0,0.0,4,7,1500.0,0.0,1992,0.0,98042,47.3719,-122.091,1530.0,8102.0,2014-10-28,240000.0
7935000625,3.0,2.5,2530.0,7000.0,2.5,0.0,4.0,3,9,2530.0,0.0,1915,19990.0,98136,47.5465,-122.398,2380.0,7000.0,2015-04-09,975000.0
1761300100,5.0,1.75,2150.0,7171.0,1.0,0.0,0.0,4,7,1460.0,690.0,1970,0.0,98031,47.3952,-122.176,1710.0,7300.0,2014-06-18,279950.0
1112700150,3.0,1.75,1260.0,7373.0,1.0,0.0,0.0,4,7,1260.0,0.0,1979,0.0,98034,47.7296,-122.233,1360.0,7373.0,2015-01-27,405000.0
2622049052,3.0,2.5,2740.0,83199.0,2.0,0.0,4.0,3,9,2740.0,0.0,1973,0.0,98032,47.3581,-122.266,2500.0,29269.0,2014-05-16,400000.0
423000035,3.0,1.0,960.0,6500.0,1.0,0.0,0.0,4,5,960.0,0.0,1954,0.0,98056,47.497,-122.171,1150.0,6500.0,2014-11-24,225000.0
1555300490,3.0,1.0,1520.0,7800.0,1.0,0.0,0.0,4,7,1120.0,400.0,1967,0.0,98032,47.3784,-122.29,1740.0,8000.0,2014-12-29,250000.0
6802210450,3.0,2.25,1570.0,9096.0,1.0,0.0,0.0,4,7,1180.0,390.0,1991,0.0,98022,47.1937,-121.99,1570.0,8418.0,2015-03-31,272950.0
7853310150,5.0,1.0,3240.0,5324.0,2.0,0.0,0.0,3,9,3240.0,0.0,2007,0.0,98065,47.523,-121.875,3240.0,6036.0,2014-07-22,625000.0
4086300065,3.0,1.75,1280.0,2147.0,1.5,,0.0,4,7,1280.0,0.0,1910,0.0,98102,47.6362,-122.324,2010.0,2640.0,2014-07-18,670000.0
809003085,3.0,2.5,2130.0,3545.0,3.0,0.0,0.0,5,9,2130.0,0.0,1990,0.0,98109,47.6389,-122.349,1970.0,3464.0,2015-04-01,1070000.0
259100110,3.0,1.75,1970.0,8200.0,1.0,0.0,0.0,5,8,1420.0,550.0,1963,0.0,98177,47.7602,-122.363,2140.0,8000.0,2014-06-18,540000.0
2316800100,3.0,2.5,2990.0,6725.0,2.0,0.0,0.0,3,9,2990.0,0.0,2003,0.0,98059,47.4928,-122.142,2790.0,6725.0,2014-11-05,525000.0
6414600051,2.0,1.0,1160.0,17700.0,1.0,0.0,0.0,3,7,1160.0,0.0,1947,0.0,98133,47.7244,-122.331,1440.0,9000.0,2015-03-03,425000.0
1704900206,3.0,1.75,1890.0,7004.0,1.0,0.0,0.0,3,7,1290.0,600.0,1965,0.0,98118,47.5557,-122.28,1440.0,5378.0,2014-06-02,465500.0
7853301240,3.0,2.5,2170.0,5866.0,2.0,0.0,0.0,3,7,2170.0,0.0,2006,0.0,98065,47.5403,-121.889,2440.0,5798.0,2014-07-17,443500.0
3420069055,4.0,2.25,1570.0,499571.0,1.0,,3.0,4,7,1570.0,0.0,1972,0.0,98022,47.1808,-122.023,1700.0,181708.0,2014-12-03,350000.0
1726069198,3.0,2.5,3260.0,91911.0,2.0,,0.0,4,9,3260.0,,1984,0.0,98077,47.737,-122.074,2520.0,65775.0,2014-09-18,850000.0
4468400211,3.0,2.25,1250.0,952.0,3.0,,0.0,3,8,1250.0,0.0,2008,0.0,98133,47.7098,-122.333,1250.0,1030.0,2015-02-20,205000.0
1864900230,4.0,2.5,1940.0,10200.0,1.0,0.0,0.0,4,8,1140.0,800.0,1977,0.0,98042,47.4157,-122.161,1920.0,12600.0,2014-06-26,315000.0
8079040490,3.0,2.5,2150.0,8221.0,2.0,0.0,0.0,3,8,2150.0,0.0,1992,0.0,98059,47.5085,-122.15,2490.0,7951.0,2014-06-23,470000.0
7856400410,4.0,2.25,3310.0,8540.0,1.0,0.0,4.0,4,9,1660.0,1650.0,1973,0.0,98006,47.5603,-122.158,3450.0,9566.0,2014-07-29,1100000.0
1825079018,3.0,1.75,3400.0,46382.0,1.0,0.0,0.0,3,7,2050.0,1350.0,1979,0.0,98053,47.6458,-121.955,2320.0,20624.0,2014-11-20,340000.0
5151600120,4.0,2.5,2660.0,12672.0,1.0,0.0,0.0,4,8,1740.0,920.0,1960,0.0,98003,47.3334,-122.323,2280.0,12477.0,2014-06-18,310000.0
4024101050,3.0,1.0,950.0,13475.0,1.0,0.0,0.0,3,7,950.0,0.0,1950,0.0,98155,47.7543,-122.306,1240.0,8910.0,2014-06-02,305000.0
2854800090,3.0,1.5,1480.0,6752.0,1.0,0.0,0.0,4,7,1480.0,0.0,1959,0.0,98056,47.4993,-122.176,1450.0,8023.0,2014-07-10,307150.0
1726600120,4.0,2.5,2840.0,12866.0,1.0,0.0,0.0,4,9,1780.0,1060.0,1977,0.0,98005,47.6388,-122.167,2840.0,13209.0,2014-07-01,729032.0
627300195,5.0,2.5,3240.0,9960.0,1.0,0.0,1.0,3,8,2020.0,1220.0,1958,0.0,98008,47.5858,-122.112,2730.0,10400.0,2015-03-03,750000.0
2140900100,4.0,2.5,1961.0,3207.0,2.0,0.0,0.0,3,7,1961.0,0.0,2006,0.0,98042,47.3507,-122.16,1961.0,3401.0,2015-02-03,289000.0
446000150,3.0,1.0,1100.0,5700.0,1.0,0.0,0.0,3,7,1100.0,0.0,1950,0.0,98115,47.6883,-122.282,1560.0,6588.0,2015-04-15,480000.0
7436500120,3.0,1.75,1500.0,7367.0,1.0,0.0,0.0,3,8,1500.0,0.0,1974,0.0,98033,47.6722,-122.167,1920.0,7579.0,2015-02-19,529000.0
6917700195,3.0,1.75,1480.0,4800.0,2.0,0.0,0.0,4,7,1140.0,340.0,1944,0.0,98199,47.6567,-122.397,1810.0,4800.0,2014-07-28,585000.0
4377000100,4.0,2.75,2510.0,12500.0,1.0,0.0,0.0,5,8,2050.0,460.0,1976,0.0,98052,47.6278,-122.11,2200.0,12088.0,2014-09-25,704000.0
925049278,4.0,2.0,1490.0,4054.0,1.5,0.0,0.0,5,7,1490.0,0.0,1926,0.0,98115,47.6744,-122.301,1510.0,3889.0,2015-03-04,607000.0
7558750120,3.0,2.25,2190.0,8188.0,2.0,0.0,0.0,3,8,1810.0,380.0,1978,0.0,98052,47.6883,-122.113,2190.0,8374.0,2015-03-10,580000.0
7856610490,5.0,2.5,2530.0,8564.0,2.0,0.0,0.0,4,8,2530.0,0.0,1976,0.0,98006,47.5622,-122.153,2480.0,8714.0,2014-08-05,875000.0
9346930100,4.0,2.5,2440.0,9350.0,1.0,0.0,0.0,4,8,1560.0,880.0,1976,0.0,98006,47.5614,-122.13,2260.0,8500.0,2014-10-15,610000.0
114100763,3.0,0.75,1040.0,15000.0,1.0,0.0,0.0,3,6,1040.0,0.0,1941,0.0,98028,47.7639,-122.234,1410.0,19000.0,2014-07-28,230000.0
7214700580,4.0,2.25,2450.0,62290.0,2.0,0.0,0.0,3,8,2450.0,0.0,1976,0.0,98077,47.7603,-122.074,2450.0,41181.0,2014-06-08,510000.0
4237901075,4.0,2.5,2210.0,5002.0,1.0,0.0,0.0,3,7,1370.0,840.0,1977,0.0,98199,47.6637,-122.401,1970.0,4920.0,2015-03-05,733000.0
302000375,3.0,2.0,1050.0,18304.0,1.0,0.0,0.0,4,7,1050.0,0.0,1953,0.0,98001,47.3206,-122.269,1690.0,15675.0,2014-08-14,169100.0
302000375,3.0,2.0,1050.0,18304.0,1.0,0.0,0.0,4,7,1050.0,0.0,1953,0.0,98001,47.3206,-122.269,1690.0,15675.0,2015-05-06,250000.0
6843300090,4.0,2.25,2730.0,35100.0,2.0,0.0,0.0,3,8,2730.0,0.0,1977,0.0,98075,47.5913,-122.012,2730.0,36677.0,2014-11-03,500000.0
3524039144,2.0,1.0,1620.0,9855.0,1.0,0.0,4.0,3,8,1320.0,300.0,1948,0.0,98136,47.5264,-122.384,1820.0,7700.0,2014-10-07,700000.0
1787250210,4.0,2.75,2410.0,5225.0,2.0,0.0,0.0,3,8,2410.0,0.0,2001,0.0,98058,47.4244,-122.151,2300.0,5378.0,2014-12-22,379000.0
3022079080,4.0,2.5,3420.0,222156.0,2.0,0.0,0.0,3,9,3420.0,0.0,2002,0.0,98010,47.3608,-121.97,3340.0,222156.0,2014-07-15,650000.0
2402100205,2.0,1.0,920.0,4400.0,1.0,0.0,0.0,3,7,920.0,0.0,1948,0.0,98103,47.6903,-122.332,1560.0,4600.0,2014-11-19,412133.0
1973800150,4.0,2.25,2330.0,14190.0,1.0,0.0,0.0,3,8,1740.0,590.0,1962,0.0,98034,47.718,-122.242,2330.0,14190.0,2015-04-02,480000.0
5315100805,3.0,1.75,1940.0,10245.0,1.0,0.0,0.0,3,7,1940.0,0.0,1957,0.0,98040,47.5833,-122.241,2720.0,11448.0,2014-12-18,650000.0
8682262240,2.0,2.5,1900.0,5065.0,2.0,0.0,0.0,3,8,1900.0,0.0,2005,0.0,98053,47.7175,-122.034,1350.0,4664.0,2015-03-30,505000.0
9541600490,4.0,2.5,3510.0,17400.0,1.0,0.0,0.0,4,9,1930.0,1580.0,1957,0.0,98005,47.5963,-122.171,2730.0,12120.0,2015-05-05,931088.0
686200490,4.0,1.75,1860.0,7700.0,1.0,0.0,0.0,4,8,1860.0,0.0,1964,0.0,98008,47.626,-122.112,1860.0,7700.0,2014-09-26,570000.0
8121101380,3.0,1.0,1380.0,4635.0,1.0,0.0,0.0,4,6,1380.0,0.0,1919,0.0,98144,47.57,-122.285,1790.0,4635.0,2014-08-13,475000.0
9198600035,6.0,1.75,2210.0,8594.0,1.0,0.0,0.0,3,7,1310.0,900.0,1959,0.0,98188,47.4594,-122.273,1850.0,8594.0,2014-08-05,240000.0
322069141,4.0,2.5,2640.0,47480.0,1.0,0.0,0.0,4,8,1590.0,1050.0,1979,0.0,98038,47.4258,-122.021,2390.0,67415.0,2015-01-14,462000.0
2523039054,3.0,2.5,4530.0,22873.0,2.0,0.0,2.0,5,8,3220.0,1310.0,1912,0.0,98166,47.4567,-122.369,3100.0,18210.0,2015-02-10,1120000.0
1446401540,3.0,1.0,1500.0,6600.0,1.0,0.0,0.0,2,6,1500.0,0.0,1970,0.0,98168,47.4845,-122.33,1730.0,6600.0,2014-09-16,243000.0
9541600015,4.0,2.25,2010.0,15375.0,1.0,0.0,0.0,4,8,2010.0,0.0,1957,0.0,98005,47.5956,-122.174,1930.0,15375.0,2015-02-11,660000.0
7352200025,2.0,1.75,2080.0,8112.0,1.0,1.0,4.0,4,8,1040.0,1040.0,1939,19840.0,98125,47.7134,-122.277,2030.0,8408.0,2014-10-13,1190000.0
853600150,4.0,4.25,5584.0,68257.0,2.0,0.0,0.0,3,11,5584.0,0.0,1998,0.0,98014,47.6113,-121.952,5030.0,101901.0,2014-05-24,1680000.0
9208900037,6.0,7.75,9890.0,31374.0,2.0,0.0,4.0,3,13,8860.0,1030.0,2001,0.0,98039,47.6305,-122.24,4540.0,42730.0,2014-09-19,6890000.0
7853230720,3.0,2.5,2080.0,4307.0,2.0,0.0,0.0,3,7,2080.0,0.0,2004,0.0,98065,47.53,-121.848,2080.0,4947.0,2014-09-10,368000.0
8562750220,5.0,4.25,3970.0,4500.0,2.0,0.0,0.0,3,9,2860.0,1110.0,2004,0.0,98027,47.5402,-122.069,3480.0,4500.0,2014-11-20,811500.0
3995700325,2.0,1.0,770.0,8149.0,1.0,0.0,0.0,5,6,770.0,0.0,1948,0.0,98155,47.7406,-122.302,770.0,8150.0,2014-06-04,275000.0
2387400120,4.0,2.5,2500.0,6005.0,2.0,0.0,0.0,3,9,2500.0,0.0,2001,0.0,98033,47.6922,-122.174,2680.0,7200.0,2014-09-29,650000.0
822039146,3.0,2.0,2410.0,50654.0,1.5,0.0,0.0,3,7,2410.0,0.0,1995,0.0,98070,47.4154,-122.458,1900.0,36300.0,2015-02-19,485000.0
1925069183,3.0,2.5,1340.0,10018.0,1.0,0.0,0.0,4,7,1340.0,0.0,1976,0.0,98052,47.6366,-122.094,2520.0,13068.0,2014-08-15,425000.0
6205500580,3.0,2.5,2640.0,13775.0,1.0,0.0,0.0,3,8,1550.0,1090.0,1978,0.0,98005,47.5875,-122.177,2120.0,12432.0,2014-12-10,530000.0
8835400805,4.0,1.75,2740.0,8520.0,1.0,0.0,2.0,3,8,1370.0,1370.0,1954,0.0,98118,47.5445,-122.263,2740.0,9286.0,2014-05-22,657000.0
1518000230,4.0,2.75,1580.0,3770.0,1.0,0.0,0.0,3,7,1080.0,500.0,2002,0.0,98019,47.7368,-121.968,1740.0,3800.0,2014-12-31,315000.0
4053200410,4.0,1.5,2180.0,22870.0,1.0,0.0,0.0,4,6,1280.0,900.0,1954,19750.0,98042,47.3187,-122.081,2420.0,22614.0,2014-05-13,273000.0
2141300620,3.0,2.75,1960.0,13252.0,1.0,0.0,0.0,5,8,1240.0,720.0,1975,0.0,98006,47.5582,-122.139,2040.0,9866.0,2014-09-15,550000.0
3278602170,2.0,2.25,1560.0,1705.0,2.0,0.0,0.0,3,8,1270.0,290.0,2006,0.0,98126,47.5482,-122.374,1560.0,1758.0,2014-12-15,347000.0
3876310300,5.0,2.75,2440.0,8000.0,1.0,0.0,0.0,4,7,1240.0,1200.0,1972,0.0,98034,47.7283,-122.17,1780.0,8391.0,2014-06-06,525000.0
8141200027,3.0,1.5,990.0,1343.0,2.0,0.0,0.0,3,8,840.0,150.0,2007,0.0,98112,47.6236,-122.306,1350.0,2521.0,2014-09-25,490000.0
3034200543,3.0,2.25,2210.0,7916.0,2.0,0.0,0.0,3,8,2210.0,0.0,1978,0.0,98133,47.7175,-122.339,1450.0,7955.0,2014-12-29,500000.0
7787050180,3.0,2.75,3080.0,7282.0,2.0,0.0,0.0,3,9,3080.0,0.0,2008,0.0,98059,47.4826,-122.149,3080.0,7274.0,2015-01-28,585000.0
3760500475,4.0,2.75,2900.0,17802.0,1.0,0.0,2.0,3,9,1750.0,1150.0,1981,0.0,98034,47.7004,-122.229,2900.0,15720.0,2014-11-06,926500.0
9301301145,1.0,1.0,1020.0,3200.0,1.0,0.0,0.0,3,7,1020.0,0.0,1927,0.0,98109,47.6361,-122.343,1670.0,3480.0,2014-10-24,465000.0
5615100330,4.0,2.0,1900.0,8160.0,1.0,0.0,0.0,3,7,1900.0,0.0,1975,0.0,98022,47.2114,-121.986,1280.0,6532.0,2015-03-27,200000.0
4139500410,6.0,4.75,5770.0,16747.0,2.0,0.0,3.0,3,12,4500.0,1270.0,1998,0.0,98006,47.5512,-122.11,4470.0,14571.0,2015-01-26,1680000.0
722039087,2.0,1.0,990.0,57499.0,1.0,0.0,0.0,2,6,990.0,0.0,1949,0.0,98070,47.4145,-122.463,2090.0,27442.0,2014-09-23,220500.0
722039087,2.0,1.0,990.0,57499.0,1.0,0.0,0.0,2,6,990.0,0.0,1949,0.0,98070,47.4145,-122.463,2090.0,27442.0,2015-05-04,329000.0
8129700644,3.0,4.0,2080.0,2250.0,3.0,0.0,4.0,3,8,2080.0,0.0,1997,0.0,98103,47.6598,-122.355,2080.0,2250.0,2014-07-03,715000.0
8129700644,3.0,4.0,2080.0,2250.0,3.0,0.0,4.0,3,8,2080.0,0.0,1997,0.0,98103,47.6598,-122.355,2080.0,2250.0,2015-04-24,780000.0
4443800385,2.0,1.0,1480.0,4080.0,1.0,0.0,0.0,3,7,1050.0,430.0,1949,0.0,98117,47.6842,-122.393,1310.0,4080.0,2014-08-18,410000.0
4443800385,2.0,1.0,1480.0,4080.0,1.0,0.0,0.0,3,7,1050.0,430.0,1949,0.0,98117,47.6842,-122.393,1310.0,4080.0,2015-05-06,778100.0
7405700015,3.0,1.0,1090.0,11292.0,1.0,0.0,0.0,4,7,1090.0,0.0,1952,0.0,98133,47.7429,-122.358,1570.0,8198.0,2015-03-30,406000.0
2780400035,4.0,2.5,2800.0,5900.0,1.0,,0.0,3,8,1660.0,1140.0,1963,0.0,98115,47.6809,-122.286,2580.0,5900.0,2014-05-05,665000.0
5562100325,2.0,1.0,1000.0,8212.0,1.0,0.0,0.0,4,7,1000.0,0.0,1947,0.0,98133,47.7444,-122.341,1620.0,8214.0,2014-11-25,305000.0
7437101030,3.0,2.5,1640.0,7668.0,2.0,0.0,0.0,3,7,1640.0,0.0,1991,0.0,98038,47.3505,-122.027,1850.0,7200.0,2014-08-22,265000.0
3856904610,4.0,1.0,1620.0,4080.0,1.5,0.0,0.0,3,7,1620.0,0.0,1923,0.0,98105,47.6696,-122.324,1760.0,4080.0,2014-10-02,485000.0
1423069095,3.0,2.5,2460.0,108900.0,1.0,0.0,0.0,4,9,1860.0,,1977,0.0,98027,47.4824,-122.0,2870.0,102366.0,2014-05-07,600000.0
2523400205,2.0,1.5,1860.0,5100.0,1.0,0.0,0.0,3,7,1060.0,800.0,1940,0.0,98136,47.5573,-122.392,1710.0,5100.0,2015-04-21,510000.0
3530420110,2.0,1.0,1080.0,3899.0,1.0,,0.0,4,8,1080.0,0.0,1972,0.0,98198,47.3792,-122.321,1090.0,3899.0,2014-05-21,195000.0
6046401030,3.0,1.75,1980.0,5100.0,1.0,0.0,0.0,3,7,1270.0,710.0,1965,0.0,98103,47.6911,-122.347,1400.0,5100.0,2014-05-28,432500.0
8563000770,3.0,1.75,1510.0,8433.0,1.0,0.0,0.0,4,7,1220.0,290.0,1967,0.0,98008,47.6226,-122.103,1950.0,8199.0,2014-12-10,490000.0
2215900180,3.0,2.5,1690.0,7165.0,2.0,0.0,0.0,4,7,1690.0,0.0,1992,0.0,98038,47.3498,-122.058,1410.0,8590.0,2014-07-11,270000.0
2771602450,2.0,1.5,1010.0,2102.0,2.0,0.0,0.0,3,7,1010.0,0.0,1984,0.0,98119,47.6374,-122.375,1480.0,2632.0,2014-08-26,370000.0
722059233,3.0,2.5,2090.0,12027.0,2.0,0.0,0.0,3,8,2090.0,0.0,1991,0.0,98031,47.4084,-122.213,2090.0,12666.0,2014-12-15,327500.0
1257201095,2.0,1.0,1060.0,6120.0,1.0,0.0,0.0,3,7,1060.0,0.0,1908,0.0,98103,47.6739,-122.329,1730.0,4080.0,2015-03-23,826000.0
4391600035,3.0,1.75,1750.0,7020.0,2.0,0.0,0.0,3,7,1750.0,0.0,1934,19780.0,98010,47.3264,-122.038,1170.0,9546.0,2014-07-01,510000.0
625049310,2.0,1.0,890.0,4730.0,1.0,0.0,0.0,3,7,890.0,0.0,1941,0.0,98103,47.6876,-122.341,1330.0,5904.0,2015-03-11,587750.0
424059100,5.0,2.5,3020.0,24750.0,1.0,0.0,0.0,3,8,1650.0,1370.0,1965,0.0,98005,47.5897,-122.179,2930.0,16062.0,2015-03-27,449228.0
1422029138,3.0,2.5,2030.0,217805.0,1.0,0.0,0.0,3,9,2030.0,0.0,1999,0.0,98070,47.3942,-122.515,1870.0,109468.0,2014-09-02,565000.0
2723069146,4.0,2.5,3170.0,186436.0,2.0,0.0,0.0,3,9,3170.0,0.0,2000,0.0,98038,47.4475,-122.034,3250.0,215186.0,2015-04-24,660000.0
5112800042,5.0,2.75,2470.0,19200.0,1.0,0.0,0.0,5,8,1250.0,1220.0,1977,0.0,98058,47.4496,-122.083,2140.0,35140.0,2014-12-03,400000.0
579002870,4.0,2.0,2060.0,5000.0,1.0,0.0,0.0,3,7,1030.0,1030.0,1949,20130.0,98117,47.6992,-122.379,1280.0,5000.0,2014-05-06,612500.0
2461900790,4.0,1.75,2120.0,6250.0,1.0,0.0,0.0,5,7,1060.0,1060.0,1917,0.0,98136,47.5506,-122.385,1410.0,6250.0,2015-03-13,560000.0
6788200360,3.0,2.25,2180.0,4200.0,1.5,0.0,0.0,5,8,1520.0,660.0,1939,0.0,98112,47.6412,-122.302,1850.0,4200.0,2014-09-03,727000.0
1018000110,4.0,3.0,2300.0,7609.0,2.0,,0.0,4,7,2300.0,0.0,1976,0.0,98002,47.2943,-122.227,940.0,5937.0,2015-04-23,224000.0
7701960720,4.0,2.5,4200.0,35267.0,2.0,0.0,0.0,3,11,4200.0,0.0,1990,0.0,98077,47.7108,-122.071,3540.0,22234.0,2014-10-17,1080000.0
9477201530,3.0,2.25,1480.0,7565.0,1.0,0.0,0.0,3,7,1220.0,260.0,1977,0.0,98034,47.7288,-122.191,1660.0,7565.0,2015-04-23,439000.0
1821069072,3.0,1.5,2240.0,87625.0,1.5,0.0,0.0,2,7,1480.0,760.0,1980,0.0,98092,47.3043,-122.094,1920.0,110206.0,2014-05-08,335000.0
5035300572,4.0,1.5,2740.0,4912.0,1.0,0.0,0.0,4,8,1370.0,1370.0,1937,0.0,98199,47.6523,-122.412,2160.0,5006.0,2014-10-16,779000.0
1023089019,5.0,1.75,1830.0,47916.0,1.5,0.0,0.0,3,6,1830.0,0.0,1948,0.0,98045,47.4881,-121.777,2010.0,13135.0,2014-07-30,452000.0
2710600015,4.0,3.0,2000.0,5304.0,1.5,0.0,0.0,4,7,2000.0,0.0,1947,0.0,98115,47.6762,-122.285,1670.0,5304.0,2015-03-27,775000.0
1502400300,3.0,1.75,1380.0,8362.0,1.0,0.0,0.0,3,7,1380.0,0.0,1967,0.0,98003,47.3121,-122.323,1380.0,8800.0,2014-09-16,235000.0
4045700115,3.0,1.75,1620.0,37913.0,2.0,,0.0,4,7,1620.0,0.0,1953,0.0,98001,47.2875,-122.289,2190.0,21518.0,2014-10-28,370000.0
7504010590,4.0,3.0,3180.0,12070.0,2.0,0.0,0.0,4,9,3180.0,0.0,1976,0.0,98074,47.6371,-122.058,3110.0,12600.0,2014-11-14,790000.0
4389200610,2.0,1.5,1140.0,7800.0,1.0,,0.0,4,6,1140.0,0.0,1947,0.0,98004,47.6142,-122.209,2020.0,7800.0,2014-12-01,903000.0
1321039076,3.0,1.0,970.0,9583.0,1.0,0.0,0.0,4,6,970.0,0.0,1967,0.0,98023,47.3044,-122.366,970.0,7875.0,2014-06-27,209950.0
4123800180,3.0,2.5,1780.0,7859.0,2.0,0.0,0.0,3,7,1780.0,0.0,1988,0.0,98038,47.3772,-122.045,1670.0,6618.0,2014-08-27,309000.0
6415100410,3.0,1.75,2240.0,8153.0,1.0,0.0,0.0,3,7,1120.0,1120.0,1948,0.0,98125,47.7303,-122.329,1710.0,8100.0,2014-06-09,440000.0
4420600015,4.0,2.25,2810.0,25990.0,2.0,0.0,0.0,3,8,1860.0,950.0,1959,0.0,98001,47.2993,-122.293,2020.0,16140.0,2014-10-06,571500.0
3856901880,2.0,1.0,920.0,4000.0,1.0,0.0,0.0,4,7,920.0,0.0,1906,0.0,98105,47.6711,-122.328,1300.0,4000.0,2014-08-15,514000.0
3878900395,3.0,1.75,1830.0,12500.0,1.0,0.0,1.0,3,7,1200.0,630.0,1947,0.0,98178,47.5087,-122.25,1830.0,7300.0,2014-07-28,323000.0
9183701345,2.0,1.75,1560.0,7575.0,1.0,0.0,0.0,3,8,1560.0,0.0,2002,0.0,98030,47.3776,-122.228,2050.0,9000.0,2014-11-03,290000.0
7768700300,4.0,4.25,5540.0,15408.0,2.0,0.0,1.0,3,11,4280.0,1260.0,2006,0.0,98004,47.6071,-122.212,3570.0,14750.0,2014-12-05,2580000.0
3536900110,3.0,2.0,2310.0,21318.0,1.0,0.0,0.0,3,10,2310.0,0.0,1979,0.0,98004,47.6381,-122.224,2950.0,21814.0,2014-10-09,1360000.0
7518503830,4.0,1.5,1470.0,5100.0,1.5,0.0,0.0,3,7,1470.0,,1946,0.0,98117,47.6769,-122.381,1470.0,5100.0,2014-07-23,551000.0
2125059161,4.0,2.5,3430.0,43560.0,1.5,0.0,2.0,5,10,3430.0,0.0,1979,0.0,98005,47.6426,-122.18,3700.0,44431.0,2014-10-23,960000.0
2597520720,5.0,2.5,2900.0,9525.0,2.0,0.0,0.0,3,9,2900.0,0.0,1989,0.0,98006,47.5442,-122.138,2910.0,11854.0,2014-11-03,720000.0
109200730,3.0,1.75,1850.0,7684.0,1.0,0.0,0.0,3,8,1320.0,530.0,1979,0.0,98023,47.2975,-122.37,1940.0,7630.0,2014-05-06,218000.0
2621750110,4.0,2.5,2190.0,7000.0,2.0,0.0,0.0,3,8,2190.0,0.0,1997,0.0,98042,47.3718,-122.109,2040.0,7700.0,2014-12-23,334950.0
8644400040,4.0,2.25,2510.0,31584.0,2.0,0.0,0.0,4,9,2510.0,0.0,1979,0.0,98074,47.6153,-122.054,2510.0,39221.0,2014-07-29,605000.0
4237901345,4.0,3.25,3200.0,4477.0,2.0,0.0,0.0,3,9,2390.0,810.0,2006,0.0,98199,47.664,-122.402,1830.0,4920.0,2014-12-17,825000.0
8731982250,4.0,1.75,1670.0,8000.0,1.0,0.0,0.0,4,8,1670.0,0.0,1974,0.0,98023,47.3193,-122.383,1720.0,8000.0,2014-08-12,268500.0
7942100180,3.0,1.75,1010.0,9600.0,1.0,0.0,0.0,5,7,1010.0,0.0,1969,0.0,98042,47.3828,-122.09,1320.0,9600.0,2014-06-27,230000.0
3324079089,4.0,4.0,5050.0,202554.0,2.0,0.0,0.0,3,10,3260.0,1790.0,2000,0.0,98027,47.5269,-121.922,3370.0,213444.0,2014-11-21,1340000.0
7147800015,2.0,1.5,1430.0,9782.0,1.0,0.0,0.0,3,7,1430.0,0.0,1955,0.0,98188,47.441,-122.282,1430.0,9828.0,2015-04-01,245500.0
2826049023,3.0,2.25,1880.0,7989.0,1.0,0.0,0.0,3,7,1280.0,600.0,1982,0.0,98125,47.7077,-122.299,1820.0,7414.0,2014-07-29,440000.0
3905081530,4.0,2.75,2180.0,5799.0,2.0,0.0,0.0,4,8,2180.0,0.0,1993,0.0,98029,47.5702,-121.995,2060.0,6061.0,2014-10-07,571500.0
9543000945,3.0,2.25,1830.0,4744.0,2.0,0.0,0.0,3,7,1830.0,0.0,1997,0.0,98001,47.2734,-122.248,1670.0,8001.0,2015-04-27,182500.0
402000145,2.0,1.0,970.0,5600.0,1.0,0.0,0.0,3,6,970.0,0.0,1951,0.0,98118,47.5297,-122.277,1020.0,5600.0,2014-10-28,217000.0
4364200015,2.0,1.5,1170.0,5248.0,1.0,0.0,0.0,5,6,1170.0,,1941,0.0,98126,47.5318,-122.374,1170.0,5120.0,2015-01-09,335000.0
2979800845,2.0,1.0,1010.0,4320.0,1.0,,0.0,5,7,1010.0,0.0,1924,0.0,98115,47.6846,-122.317,1680.0,4320.0,2014-05-24,501000.0
7230900120,3.0,2.5,2140.0,7641.0,1.0,0.0,0.0,3,8,1290.0,850.0,1979,0.0,98056,47.5053,-122.186,2090.0,8000.0,2014-10-27,339950.0
5018200155,3.0,1.75,2230.0,10403.0,1.0,0.0,0.0,3,8,1630.0,600.0,1968,0.0,98198,47.4092,-122.295,1730.0,9450.0,2015-01-21,340000.0
6743700317,2.0,1.0,1140.0,23779.0,1.5,0.0,0.0,3,6,1140.0,0.0,1966,0.0,98033,47.6948,-122.172,2940.0,8417.0,2015-02-04,582500.0
3738900035,2.0,1.0,860.0,8189.0,1.0,0.0,0.0,3,6,860.0,0.0,1948,0.0,98155,47.735,-122.306,1180.0,8189.0,2014-08-25,298800.0
1328300040,6.0,1.75,2540.0,8400.0,1.0,0.0,0.0,3,8,1340.0,1200.0,1977,0.0,98058,47.4414,-122.129,1900.0,7695.0,2015-03-12,317500.0
952000495,4.0,2.5,2420.0,5118.0,1.5,0.0,2.0,5,7,1550.0,870.0,1926,0.0,98126,47.5671,-122.378,1740.0,5750.0,2015-04-02,598000.0
7996700220,2.0,2.25,1640.0,2240.0,2.0,0.0,0.0,3,8,1640.0,0.0,1980,0.0,98133,47.7154,-122.341,1640.0,2240.0,2015-04-30,375000.0
7972601445,4.0,2.25,2550.0,7650.0,2.0,0.0,2.0,4,9,2550.0,0.0,1996,0.0,98106,47.5296,-122.342,2550.0,7650.0,2015-01-16,465000.0
3751601785,3.0,2.5,2507.0,18400.0,2.0,0.0,0.0,3,8,2507.0,0.0,2006,0.0,98001,47.2867,-122.27,1520.0,14709.0,2015-02-25,551870.0
7212650650,3.0,2.5,1920.0,7229.0,2.0,0.0,0.0,3,8,1920.0,0.0,1993,0.0,98003,47.2659,-122.31,2310.0,8009.0,2014-05-08,295000.0
2413300730,4.0,1.75,2210.0,6375.0,1.0,0.0,0.0,3,8,1640.0,570.0,1977,0.0,98003,47.3268,-122.328,2070.0,7210.0,2014-09-24,263500.0
8127700735,4.0,4.0,3530.0,8400.0,2.0,0.0,0.0,5,8,2630.0,900.0,1958,0.0,98199,47.6402,-122.395,2340.0,8216.0,2014-06-16,1100000.0
2113701080,2.0,1.0,1100.0,4010.0,1.5,,0.0,5,6,1100.0,0.0,1920,0.0,98106,47.5296,-122.351,980.0,4501.0,2014-11-12,300000.0
5700000120,4.0,1.0,3390.0,4500.0,1.5,0.0,0.0,3,8,2190.0,1200.0,1924,20140.0,98144,47.5824,-122.293,2030.0,4872.0,2014-07-22,780000.0
3172600031,3.0,1.5,1590.0,7936.0,1.0,0.0,0.0,3,7,1590.0,0.0,1956,0.0,98106,47.5201,-122.366,1590.0,7936.0,2015-03-27,325000.0
66000265,2.0,1.0,820.0,6550.0,1.0,0.0,0.0,3,7,820.0,0.0,1949,20120.0,98126,47.5478,-122.381,1640.0,6550.0,2014-08-07,370000.0
4045800040,4.0,2.5,2370.0,10000.0,1.0,,0.0,5,8,1660.0,710.0,1974,0.0,98052,47.6383,-122.099,2480.0,9875.0,2014-07-25,715000.0
1430800100,4.0,2.0,1600.0,12500.0,1.0,0.0,0.0,5,7,1600.0,0.0,1938,0.0,98166,47.4713,-122.355,1260.0,8306.0,2015-01-16,356000.0
2473411240,4.0,1.75,1740.0,7208.0,1.5,0.0,0.0,3,8,1740.0,0.0,1976,0.0,98058,47.4483,-122.13,1680.0,7350.0,2015-03-24,329950.0
2877100985,3.0,2.25,1470.0,2500.0,2.0,0.0,0.0,3,8,1080.0,390.0,1984,0.0,98117,47.6762,-122.36,1640.0,4300.0,2014-06-23,490000.0
4310701575,3.0,3.25,1410.0,1246.0,3.0,0.0,0.0,3,8,1410.0,0.0,2005,0.0,98103,47.6981,-122.34,1410.0,1253.0,2014-06-10,429000.0
7715801030,4.0,2.5,1620.0,8125.0,2.0,0.0,0.0,4,7,1620.0,0.0,1983,0.0,98074,47.6255,-122.059,1480.0,8120.0,2015-03-31,510000.0
7202331050,3.0,2.5,2360.0,4080.0,2.0,0.0,0.0,3,7,2360.0,0.0,2003,0.0,98053,47.6825,-122.038,2290.0,4080.0,2014-09-24,550000.0
8820903555,3.0,1.0,1830.0,6453.0,1.0,0.0,0.0,4,7,1830.0,0.0,1956,0.0,98125,47.7139,-122.288,1670.0,8012.0,2015-01-05,467500.0
5708500315,5.0,2.0,2130.0,4180.0,1.5,0.0,0.0,5,7,1270.0,860.0,1926,0.0,98116,47.575,-122.388,1710.0,4180.0,2014-06-23,615000.0
526059103,2.0,1.0,990.0,15120.0,1.0,0.0,0.0,4,6,990.0,0.0,1953,0.0,98011,47.7669,-122.206,1300.0,11500.0,2014-10-13,325000.0
1352300315,2.0,1.0,1010.0,4120.0,2.0,0.0,0.0,3,6,1010.0,0.0,1907,0.0,98055,47.488,-122.2,1200.0,4120.0,2014-08-08,219950.0
3307700150,3.0,1.0,1720.0,9830.0,1.0,0.0,0.0,4,7,1720.0,0.0,1946,0.0,98040,47.5905,-122.245,3200.0,8923.0,2015-04-13,950000.0
809001400,3.0,1.0,1630.0,3200.0,1.5,0.0,0.0,4,8,1630.0,0.0,1912,0.0,98109,47.6351,-122.352,1710.0,3600.0,2014-09-22,925000.0
6123600090,4.0,1.5,1310.0,8250.0,1.0,0.0,0.0,3,7,1060.0,250.0,1953,0.0,98148,47.425,-122.332,1260.0,8255.0,2014-05-19,251200.0
8651401720,3.0,1.5,1610.0,5304.0,1.0,0.0,0.0,4,6,1610.0,0.0,1968,0.0,98042,47.3632,-122.087,1060.0,5304.0,2014-09-18,215000.0
6386700110,3.0,2.0,1850.0,8208.0,1.0,0.0,0.0,4,7,1180.0,670.0,1970,0.0,98023,47.3109,-122.362,1790.0,8174.0,2014-08-05,245000.0
8100900115,3.0,1.75,1270.0,4815.0,1.5,0.0,0.0,3,6,980.0,,1922,0.0,98108,47.5495,-122.31,1270.0,6431.0,2015-02-06,259000.0
7549801395,4.0,1.5,1420.0,6720.0,1.5,0.0,0.0,3,7,1420.0,0.0,1925,0.0,98108,47.5518,-122.311,1560.0,5600.0,2014-11-13,349950.0
226059096,5.0,4.5,5220.0,67319.0,2.0,0.0,0.0,3,11,5220.0,0.0,2001,0.0,98072,47.7666,-122.128,4190.0,40609.0,2014-11-18,1570000.0
6021502070,2.0,1.0,1410.0,4500.0,1.0,0.0,0.0,3,7,1020.0,390.0,1939,0.0,98117,47.6883,-122.384,1300.0,4500.0,2015-05-08,600000.0
2767603608,2.0,1.5,1170.0,1274.0,3.0,0.0,0.0,3,8,1170.0,0.0,2001,0.0,98107,47.6719,-122.381,1290.0,1308.0,2014-10-02,405000.0
425059103,3.0,2.5,1860.0,10027.0,2.0,0.0,0.0,3,8,1860.0,0.0,1993,0.0,98033,47.6775,-122.165,1530.0,9204.0,2014-12-02,625000.0
1624079057,4.0,1.0,1620.0,37075.0,1.5,0.0,0.0,3,7,1620.0,0.0,1943,0.0,98024,47.5654,-121.929,2190.0,87117.0,2014-07-17,430000.0
1931300688,3.0,3.0,1280.0,1085.0,3.0,0.0,0.0,3,8,1280.0,0.0,2004,0.0,98103,47.6569,-122.346,1300.0,1310.0,2015-04-29,533000.0
7732650120,4.0,2.5,2750.0,9949.0,2.0,0.0,0.0,3,10,2750.0,0.0,1999,0.0,98007,47.6595,-122.147,2750.0,9860.0,2014-07-28,1050000.0
179001425,3.0,1.75,1420.0,3000.0,1.0,0.0,0.0,3,5,710.0,710.0,1931,20140.0,98178,47.4928,-122.274,1960.0,5000.0,2014-10-24,230000.0
5469300330,4.0,1.75,2000.0,8700.0,1.0,0.0,0.0,5,7,1010.0,990.0,1975,0.0,98042,47.374,-122.141,1490.0,7350.0,2014-09-05,275000.0
3678900110,2.0,1.0,1100.0,3598.0,1.0,0.0,0.0,4,7,1100.0,0.0,1926,0.0,98144,47.5738,-122.313,1240.0,3598.0,2014-06-10,403000.0
3388300730,3.0,3.0,1720.0,70567.0,1.0,0.0,2.0,5,7,1720.0,0.0,1966,0.0,98027,47.4936,-122.069,2740.0,70567.0,2014-09-10,550388.0
4037600115,3.0,1.5,1240.0,12400.0,1.0,,0.0,3,7,1240.0,0.0,1958,0.0,98007,47.607,-122.132,1640.0,9600.0,2014-09-22,415500.0
4083302485,3.0,1.75,2170.0,4000.0,1.0,0.0,0.0,4,7,1110.0,1060.0,1925,0.0,98103,47.6546,-122.337,1890.0,4000.0,2015-04-20,913000.0
7857000716,2.0,1.0,1800.0,5182.0,1.0,0.0,0.0,3,6,900.0,900.0,1942,0.0,98108,47.5508,-122.3,1570.0,5876.0,2015-03-13,334998.0
8857600490,3.0,1.0,1160.0,8320.0,1.0,0.0,0.0,4,7,1160.0,0.0,1959,0.0,98032,47.3831,-122.288,1480.0,7800.0,2014-05-09,201500.0
925069100,3.0,2.5,3030.0,46538.0,2.0,,0.0,3,10,3030.0,0.0,1997,0.0,98053,47.664,-122.041,3370.0,51450.0,2015-03-27,820000.0
4077800518,3.0,1.0,890.0,7200.0,1.0,0.0,0.0,3,7,890.0,0.0,1951,0.0,98125,47.71,-122.286,1630.0,7455.0,2014-06-11,371000.0
2212200100,4.0,2.5,2150.0,7670.0,1.0,,0.0,5,7,1240.0,910.0,1976,0.0,98031,47.3942,-122.189,1610.0,7350.0,2014-10-22,229950.0
2212200100,4.0,2.5,2150.0,7670.0,1.0,,0.0,5,7,1240.0,910.0,1976,0.0,98031,47.3942,-122.189,1610.0,7350.0,2015-04-22,344900.0
5100403876,3.0,2.5,2060.0,9715.0,2.0,0.0,0.0,3,8,2060.0,0.0,1924,20060.0,98115,47.6961,-122.316,1240.0,7072.0,2014-08-20,840000.0
821049191,3.0,1.5,1380.0,12196.0,1.0,0.0,0.0,4,7,1380.0,0.0,1967,0.0,98003,47.3204,-122.322,1600.0,10720.0,2014-09-16,285000.0
126039599,4.0,2.25,1800.0,7200.0,1.0,0.0,0.0,3,7,1230.0,570.0,1979,0.0,98177,47.7717,-122.376,2260.0,7498.0,2015-03-26,475000.0
1218000195,2.0,1.0,1460.0,7832.0,1.0,,0.0,3,6,1460.0,0.0,1924,0.0,98166,47.4617,-122.346,1460.0,7632.0,2015-03-03,420000.0
9287800375,3.0,2.0,2210.0,5000.0,1.5,0.0,2.0,3,7,1710.0,500.0,1909,0.0,98103,47.6754,-122.357,1920.0,5000.0,2014-10-30,685000.0
926069140,4.0,3.0,3590.0,89640.0,2.0,0.0,0.0,3,10,3590.0,0.0,2005,0.0,98077,47.7557,-122.036,2790.0,54014.0,2014-07-21,879000.0
2407000145,3.0,1.0,1140.0,8775.0,1.0,0.0,0.0,3,6,990.0,150.0,1942,0.0,98146,47.4824,-122.336,1300.0,8775.0,2015-01-20,197200.0
452001280,3.0,1.0,1240.0,5000.0,1.5,,0.0,5,7,1240.0,0.0,1909,0.0,98107,47.6755,-122.367,1240.0,4900.0,2014-07-03,529950.0
425069020,4.0,2.5,4340.0,141570.0,2.5,0.0,0.0,3,11,4340.0,0.0,1992,0.0,98053,47.6805,-122.048,2720.0,97138.0,2014-05-05,1090000.0
4232901120,3.0,1.5,1570.0,1050.0,2.0,0.0,0.0,3,8,1570.0,0.0,1915,0.0,98109,47.6358,-122.356,2070.0,3600.0,2014-05-20,792000.0
4233400490,3.0,2.5,1680.0,10300.0,2.0,0.0,0.0,4,7,1680.0,0.0,1994,0.0,98010,47.314,-122.001,1680.0,9849.0,2014-08-20,262000.0
4302201005,3.0,1.75,1560.0,5760.0,1.0,0.0,0.0,5,6,780.0,780.0,1927,0.0,98106,47.5272,-122.359,1320.0,7680.0,2014-10-07,353900.0
2026079055,1.0,1.5,1200.0,44866.0,1.5,0.0,0.0,3,7,1200.0,0.0,1983,0.0,98019,47.7205,-121.93,1480.0,67082.0,2014-08-18,380000.0
5104510120,3.0,2.5,1690.0,5175.0,2.0,0.0,0.0,3,7,1690.0,0.0,2002,0.0,98038,47.3564,-122.016,1830.0,5175.0,2015-03-27,305000.0
7857003851,4.0,2.0,2310.0,5004.0,1.0,0.0,0.0,3,7,1430.0,880.0,1994,0.0,98108,47.5471,-122.298,1630.0,5060.0,2015-04-20,440000.0
1257202430,4.0,3.5,2650.0,3060.0,2.0,0.0,0.0,3,9,2060.0,590.0,2001,0.0,98103,47.6735,-122.332,1470.0,3060.0,2014-06-17,1010000.0
5104511530,5.0,3.0,3610.0,7555.0,2.0,0.0,0.0,3,8,3610.0,0.0,2003,0.0,98038,47.3534,-122.012,3610.0,7979.0,2014-09-19,549900.0
522069111,4.0,3.0,2620.0,214750.0,2.0,0.0,0.0,3,8,2620.0,,1992,0.0,98058,47.4239,-122.068,2060.0,212137.0,2015-01-27,678500.0
5379804537,3.0,2.25,1760.0,8287.0,1.0,0.0,0.0,3,7,1160.0,600.0,1986,0.0,98188,47.4501,-122.274,1290.0,9587.0,2014-08-26,270000.0
3034200410,3.0,1.0,940.0,12521.0,1.5,0.0,0.0,4,7,940.0,0.0,1949,0.0,98133,47.7169,-122.331,1920.0,9046.0,2015-03-30,430000.0
5700003630,5.0,4.25,4830.0,8050.0,2.5,,0.0,4,11,3710.0,1120.0,1914,0.0,98144,47.5789,-122.286,4470.0,9194.0,2014-06-30,1930000.0
7203220410,4.0,2.75,3350.0,5416.0,2.0,0.0,0.0,3,9,3350.0,0.0,2014,0.0,98053,47.6849,-122.016,3625.0,5637.0,2014-08-13,790500.0
2426049168,3.0,2.25,1570.0,7200.0,2.0,0.0,0.0,3,8,1570.0,0.0,1991,0.0,98034,47.7332,-122.232,1620.0,7318.0,2014-10-17,447450.0
9828701565,3.0,2.0,2240.0,5200.0,1.0,0.0,0.0,3,7,1630.0,610.0,1954,0.0,98112,47.6191,-122.296,1470.0,3775.0,2015-02-09,375000.0
259600620,4.0,2.0,1950.0,9940.0,1.0,0.0,0.0,4,7,1950.0,0.0,1963,0.0,98008,47.6332,-122.118,1920.0,9270.0,2015-02-06,565000.0
5312100040,2.0,1.0,1010.0,3916.0,1.0,0.0,2.0,4,6,810.0,200.0,1918,0.0,98144,47.5728,-122.306,1580.0,3888.0,2015-04-23,400000.0
1938400040,3.0,1.5,1630.0,10200.0,1.0,0.0,0.0,4,8,1300.0,330.0,1976,0.0,98023,47.3155,-122.364,1960.0,6700.0,2015-02-20,246000.0
6632900405,3.0,1.75,1420.0,6289.0,1.0,0.0,0.0,3,7,1100.0,320.0,1967,0.0,98155,47.7398,-122.314,1460.0,7402.0,2014-10-29,329922.0
2125059123,5.0,3.25,3950.0,44431.0,1.0,0.0,0.0,3,10,2100.0,1850.0,1969,0.0,98005,47.6451,-122.173,3860.0,45870.0,2015-04-14,1250000.0
6411600113,3.0,1.0,1210.0,7425.0,1.0,0.0,0.0,4,6,1210.0,0.0,1910,0.0,98133,47.7125,-122.33,1260.0,7425.0,2015-04-20,375000.0
6381500035,3.0,1.75,1890.0,9920.0,1.0,0.0,0.0,3,7,1230.0,660.0,1944,0.0,98125,47.7327,-122.306,1380.0,9086.0,2014-05-08,385000.0
7518500985,4.0,2.5,1690.0,4080.0,1.5,,0.0,4,7,1140.0,550.0,1912,0.0,98117,47.6825,-122.379,1600.0,4590.0,2014-09-03,591500.0
5149800040,4.0,2.0,2560.0,12155.0,1.0,0.0,0.0,4,7,1350.0,1210.0,1960,0.0,98003,47.3326,-122.323,1790.0,11906.0,2014-09-18,255000.0
3211000930,3.0,1.5,1350.0,7800.0,1.0,0.0,0.0,3,7,1350.0,0.0,1959,0.0,98059,47.4805,-122.158,1510.0,8040.0,2015-03-16,275000.0
1853081250,4.0,2.75,3120.0,5000.0,2.0,0.0,0.0,3,9,3120.0,0.0,2010,0.0,98074,47.594,-122.062,3200.0,5000.0,2014-12-29,800000.0
6632300040,2.0,1.0,1140.0,7435.0,1.0,0.0,0.0,3,7,1140.0,0.0,1952,19900.0,98125,47.73,-122.31,1320.0,9385.0,2015-04-25,327000.0
6117501755,4.0,1.5,2230.0,11536.0,1.0,0.0,1.0,4,7,1220.0,1010.0,1954,0.0,98166,47.4409,-122.348,2170.0,12465.0,2014-12-30,355000.0
6163900411,2.0,1.0,1050.0,8220.0,1.0,0.0,0.0,4,6,780.0,270.0,1947,0.0,98155,47.7598,-122.316,1340.0,7651.0,2014-10-03,310000.0
1924069039,5.0,3.25,4180.0,49222.0,2.0,0.0,0.0,4,8,2880.0,1300.0,1979,0.0,98027,47.5488,-122.094,3170.0,8029.0,2014-05-19,869000.0
4058801065,3.0,2.0,1200.0,5700.0,1.0,,0.0,5,7,1200.0,0.0,1942,0.0,98178,47.5031,-122.242,1190.0,6384.0,2014-08-08,272000.0
1223089038,5.0,2.25,3320.0,60984.0,2.0,,0.0,3,9,3320.0,0.0,2000,0.0,98045,47.4862,-121.718,1580.0,55322.0,2014-07-11,665000.0
5420800090,3.0,2.5,1590.0,8449.0,2.0,0.0,0.0,3,7,1590.0,0.0,1989,0.0,98030,47.3493,-122.177,1750.0,7172.0,2014-11-17,225000.0
2591720360,3.0,2.5,2750.0,37096.0,2.0,0.0,0.0,3,9,2750.0,0.0,1989,0.0,98038,47.3732,-122.023,2700.0,40091.0,2014-12-26,375000.0
9286750100,3.0,1.5,1530.0,7200.0,1.0,0.0,0.0,3,8,1530.0,0.0,1975,0.0,98155,47.7691,-122.297,2150.0,7216.0,2014-06-10,375500.0
2392100090,3.0,1.75,1570.0,6500.0,1.0,0.0,0.0,3,7,920.0,650.0,1948,0.0,98116,47.565,-122.398,1570.0,5750.0,2015-04-02,550000.0
4302201085,3.0,1.0,1470.0,7680.0,1.0,0.0,0.0,3,7,1220.0,250.0,1946,0.0,98106,47.5276,-122.359,1470.0,6784.0,2014-09-18,248000.0
4302201085,3.0,1.0,1470.0,7680.0,1.0,0.0,0.0,3,7,1220.0,250.0,1946,0.0,98106,47.5276,-122.359,1470.0,6784.0,2015-05-06,546940.0
7215730580,4.0,3.0,3150.0,6175.0,2.0,0.0,0.0,3,9,3150.0,0.0,2001,0.0,98075,47.5968,-122.017,3150.0,6986.0,2014-09-02,680000.0
2095500120,4.0,2.5,2380.0,6124.0,2.0,0.0,0.0,3,8,2380.0,0.0,1997,0.0,98030,47.3662,-122.175,2170.0,6097.0,2014-07-18,350000.0
136000220,2.0,2.5,2000.0,2500.0,3.0,0.0,1.0,3,8,1810.0,190.0,1994,0.0,98116,47.5788,-122.396,1970.0,5650.0,2015-03-25,593000.0
3834000720,2.0,1.0,1140.0,8147.0,1.0,0.0,0.0,3,7,1140.0,0.0,1958,0.0,98125,47.7278,-122.289,1260.0,8148.0,2015-03-19,390000.0
3523029077,3.0,1.0,1340.0,18000.0,1.0,0.0,0.0,4,7,1340.0,0.0,1924,0.0,98070,47.4443,-122.509,1660.0,196591.0,2014-10-07,297000.0
42000065,2.0,1.0,1450.0,9150.0,1.0,0.0,0.0,4,7,1450.0,0.0,1965,0.0,98188,47.4689,-122.277,1440.0,10636.0,2015-03-05,355000.0
3275330120,3.0,2.5,2020.0,26670.0,2.0,0.0,0.0,3,7,2020.0,0.0,1987,0.0,98003,47.2597,-122.31,1680.0,10939.0,2014-08-14,309900.0
2312400230,3.0,2.25,1810.0,12000.0,2.0,0.0,0.0,3,7,1810.0,0.0,1992,0.0,98003,47.3476,-122.3,1720.0,9916.0,2014-09-24,257000.0
3472800065,4.0,3.0,3600.0,9687.0,2.0,0.0,0.0,4,9,3600.0,0.0,1959,19950.0,98004,47.6257,-122.208,2620.0,10400.0,2014-08-26,1700000.0
7518501140,3.0,2.0,1260.0,2550.0,2.0,0.0,0.0,3,7,1260.0,0.0,1987,0.0,98117,47.6821,-122.378,1590.0,3825.0,2015-01-13,300000.0
9126100815,3.0,2.0,1560.0,1156.0,3.0,0.0,0.0,3,8,1560.0,,2014,0.0,98122,47.605,-122.304,1560.0,1728.0,2014-12-17,500000.0
2769600590,8.0,4.0,4020.0,7500.0,1.0,0.0,0.0,3,8,2010.0,2010.0,1968,0.0,98107,47.6732,-122.363,1560.0,3737.0,2014-10-16,900000.0
7215730040,4.0,3.0,3150.0,9130.0,2.0,0.0,0.0,3,9,3150.0,0.0,2001,0.0,98075,47.5974,-122.017,2970.0,6228.0,2014-05-15,695000.0
8155760040,4.0,2.5,1680.0,6655.0,2.0,,0.0,3,7,1680.0,0.0,2001,0.0,98030,47.3867,-122.191,1680.0,6982.0,2014-12-18,213400.0
1376800220,2.0,1.0,1320.0,8830.0,1.0,0.0,0.0,3,7,1020.0,300.0,1939,0.0,98199,47.6433,-122.404,1620.0,8531.0,2014-07-09,425000.0
3623059101,3.0,3.0,2700.0,47050.0,2.0,0.0,0.0,4,9,1570.0,1130.0,1986,0.0,98058,47.4446,-122.104,2260.0,45901.0,2014-08-11,420000.0
7010701016,1.0,1.0,1080.0,5000.0,1.5,0.0,0.0,3,7,1080.0,0.0,1948,0.0,98199,47.6603,-122.394,1620.0,4000.0,2015-02-09,411000.0
1025069210,4.0,2.25,3130.0,41382.0,2.0,0.0,0.0,3,9,3130.0,0.0,1986,0.0,98053,47.6683,-122.034,3130.0,54886.0,2015-02-09,762500.0
721049096,5.0,4.5,4850.0,40902.0,2.0,0.0,0.0,3,10,4850.0,0.0,2001,0.0,98023,47.3181,-122.344,1640.0,13503.0,2014-05-27,569950.0
7347600210,4.0,1.0,1220.0,8500.0,1.5,0.0,0.0,5,6,1220.0,0.0,1916,0.0,98168,47.4792,-122.277,1460.0,8500.0,2015-04-24,258000.0
3630030180,3.0,2.25,1780.0,3665.0,2.0,0.0,0.0,3,8,1780.0,0.0,2004,0.0,98029,47.5495,-121.997,1770.0,3669.0,2015-02-24,499000.0
9353300820,3.0,1.0,1250.0,10723.0,1.0,0.0,0.0,4,7,1250.0,0.0,1961,0.0,98059,47.4894,-122.135,1520.0,10723.0,2015-05-11,310000.0
4310702876,2.0,2.5,1780.0,1311.0,3.0,,0.0,3,8,1350.0,430.0,2005,0.0,98103,47.6962,-122.34,1390.0,1227.0,2014-11-03,398500.0
5647900120,4.0,2.5,1930.0,8660.0,1.0,0.0,0.0,3,7,1120.0,810.0,1981,0.0,98001,47.3261,-122.26,1830.0,9591.0,2014-06-13,250600.0
4123800580,4.0,2.5,2470.0,6116.0,1.0,0.0,0.0,3,7,1420.0,1050.0,1985,0.0,98038,47.3792,-122.047,1670.0,7627.0,2014-08-12,352000.0
6169901006,2.0,1.0,1180.0,2160.0,1.0,0.0,1.0,3,7,940.0,240.0,1909,0.0,98119,47.6313,-122.368,2700.0,5400.0,2014-07-15,600000.0
3735901080,3.0,1.0,2270.0,4182.0,1.0,0.0,0.0,4,7,1170.0,1100.0,1946,0.0,98115,47.688,-122.32,1860.0,4080.0,2015-03-24,645000.0
5104520620,4.0,2.5,1770.0,5000.0,2.0,0.0,0.0,3,7,1770.0,0.0,2004,0.0,98038,47.3503,-122.005,2080.0,5100.0,2014-07-24,291500.0
2422049107,4.0,1.75,2250.0,13515.0,1.0,0.0,0.0,4,8,2150.0,100.0,1940,0.0,98030,47.3789,-122.229,2150.0,12508.0,2014-05-08,350000.0
3260700360,3.0,2.5,1540.0,7280.0,1.0,0.0,0.0,3,7,1080.0,460.0,1974,0.0,98003,47.3102,-122.322,1220.0,6440.0,2014-09-19,279000.0
1862400057,2.0,1.0,820.0,5400.0,1.0,0.0,0.0,3,6,820.0,0.0,1940,0.0,98117,47.6976,-122.375,1370.0,5632.0,2015-03-04,320000.0
8682262720,2.0,2.0,1580.0,5203.0,1.0,,0.0,3,8,1580.0,0.0,2004,0.0,98053,47.7174,-122.032,1560.0,4770.0,2015-03-10,495000.0
3183110180,4.0,2.5,2430.0,42646.0,1.0,,0.0,3,7,1450.0,980.0,1989,0.0,98014,47.6164,-121.953,2000.0,38159.0,2014-08-28,490000.0
7986400360,5.0,1.5,2160.0,5000.0,1.5,0.0,2.0,4,8,2160.0,0.0,1926,0.0,98107,47.6645,-122.36,1450.0,4265.0,2014-07-17,770000.0
1789900065,3.0,1.75,1770.0,29004.0,1.0,0.0,0.0,3,8,1770.0,0.0,1959,0.0,98023,47.3204,-122.364,2300.0,24534.0,2014-07-09,215000.0
222069057,3.0,3.5,3580.0,95832.0,1.5,0.0,0.0,3,9,3580.0,0.0,2005,0.0,98038,47.4239,-122.015,2880.0,60548.0,2015-03-30,665000.0
3822200164,3.0,2.25,1890.0,7498.0,1.0,0.0,0.0,3,7,1190.0,700.0,1987,0.0,98125,47.73,-122.297,1660.0,8100.0,2014-08-19,423500.0
1931300665,3.0,3.0,1910.0,4800.0,1.5,0.0,0.0,3,9,1910.0,0.0,1900,0.0,98103,47.6572,-122.346,1280.0,1310.0,2014-10-09,850000.0
1443500385,2.0,1.0,910.0,6232.0,1.0,,0.0,3,6,910.0,0.0,1943,0.0,98118,47.5328,-122.272,1070.0,6232.0,2014-05-13,155000.0
259600410,3.0,2.25,1460.0,7210.0,1.0,0.0,0.0,3,7,1460.0,0.0,1963,0.0,98008,47.6316,-122.119,1850.0,7519.0,2015-04-13,505000.0
3630120880,3.0,3.5,3310.0,5558.0,2.0,0.0,0.0,3,9,3310.0,0.0,2005,0.0,98029,47.5553,-122.003,3310.0,5270.0,2015-02-27,780000.0
2822049210,3.0,1.5,1630.0,22764.0,1.0,0.0,0.0,3,7,1630.0,0.0,1970,0.0,98032,47.3611,-122.293,1620.0,17859.0,2014-08-25,165000.0
6821100015,2.0,2.5,2130.0,5001.0,1.0,0.0,0.0,5,8,1330.0,800.0,1972,0.0,98199,47.6573,-122.399,1750.0,6000.0,2014-08-28,707000.0
2267000458,3.0,2.5,1220.0,1475.0,3.0,0.0,0.0,3,8,1220.0,0.0,2000,0.0,98117,47.6909,-122.395,1220.0,1546.0,2015-05-01,497000.0
2976800115,4.0,1.75,1670.0,8856.0,1.0,0.0,2.0,3,7,1070.0,600.0,1955,0.0,98178,47.5056,-122.251,1660.0,8088.0,2014-11-05,349170.0
7436600090,4.0,1.5,1300.0,10050.0,1.5,0.0,0.0,3,7,1300.0,0.0,1963,0.0,98059,47.4899,-122.116,1730.0,10050.0,2015-01-02,287000.0
6072800205,4.0,2.5,3220.0,20251.0,1.0,0.0,0.0,3,10,3220.0,0.0,1969,0.0,98006,47.5692,-122.192,4200.0,22114.0,2014-11-19,2380000.0
3296000110,4.0,2.5,2430.0,14400.0,1.0,0.0,0.0,5,8,1670.0,760.0,1963,0.0,98007,47.6202,-122.138,2140.0,9048.0,2014-06-02,645000.0
5054800110,5.0,2.25,2240.0,9652.0,2.0,,0.0,3,7,2240.0,0.0,1990,0.0,98055,47.4249,-122.211,2180.0,11644.0,2014-10-16,238000.0
5054800110,5.0,2.25,2240.0,9652.0,2.0,,0.0,3,7,2240.0,0.0,1990,0.0,98055,47.4249,-122.211,2180.0,11644.0,2015-02-13,328000.0
7443000652,2.0,1.5,790.0,1123.0,2.0,0.0,0.0,3,8,700.0,90.0,2003,0.0,98119,47.651,-122.368,1370.0,1281.0,2014-11-03,365000.0
3995700220,3.0,1.0,1380.0,8147.0,1.0,0.0,0.0,4,7,1380.0,0.0,1948,0.0,98155,47.7407,-122.3,1360.0,8147.0,2015-03-17,380000.0
4191400090,4.0,1.5,1680.0,10500.0,2.0,0.0,0.0,3,7,1680.0,0.0,1962,0.0,98033,47.6806,-122.166,1830.0,10264.0,2015-03-10,525000.0
7518505070,4.0,2.25,2000.0,3672.0,2.0,0.0,0.0,5,7,1650.0,350.0,1926,0.0,98117,47.6769,-122.383,2000.0,5100.0,2014-06-25,402000.0
9144300110,2.0,1.0,1680.0,9250.0,1.0,0.0,0.0,3,7,860.0,820.0,1969,0.0,98072,47.7618,-122.162,1590.0,9542.0,2015-04-24,308000.0
7853301930,3.0,2.5,1960.0,6997.0,2.0,0.0,0.0,3,7,1960.0,0.0,2006,0.0,98065,47.5415,-121.887,2320.0,5178.0,2014-10-09,405000.0
3586500770,3.0,1.75,2590.0,32380.0,1.0,0.0,0.0,3,8,2590.0,0.0,1951,19940.0,98177,47.7539,-122.37,2340.0,28456.0,2014-09-23,808000.0
7203100730,4.0,3.5,3790.0,6874.0,2.5,0.0,0.0,3,9,3790.0,0.0,2010,0.0,98053,47.6956,-122.022,3370.0,6535.0,2015-02-10,875000.0
8644400180,3.0,2.5,2370.0,55321.0,3.0,0.0,0.0,4,8,2370.0,0.0,1982,0.0,98074,47.6148,-122.057,2590.0,41553.0,2015-03-19,860000.0
2071500011,4.0,2.25,1930.0,7925.0,1.0,0.0,0.0,3,8,1300.0,630.0,1960,0.0,98155,47.7626,-122.312,1930.0,7200.0,2014-08-11,367500.0
5423600100,6.0,3.5,2580.0,13572.0,1.0,0.0,0.0,3,8,1290.0,1290.0,1987,0.0,98052,47.6796,-122.113,2020.0,11656.0,2014-08-05,604000.0
3734900110,2.0,0.75,890.0,19703.0,1.0,0.0,0.0,3,6,890.0,0.0,1934,0.0,98045,47.4922,-121.783,1270.0,9800.0,2015-02-04,230000.0
2126049154,4.0,2.75,2160.0,8148.0,1.0,0.0,0.0,3,7,1410.0,750.0,1978,0.0,98125,47.7261,-122.306,2060.0,8100.0,2014-12-17,435000.0
1864700300,4.0,2.5,1970.0,7098.0,2.0,0.0,0.0,3,7,1970.0,,2007,0.0,98038,47.3576,-122.058,1970.0,5361.0,2014-10-10,347500.0
1310930100,4.0,1.75,1570.0,16697.0,1.0,0.0,2.0,3,7,1030.0,540.0,1981,0.0,98052,47.671,-122.135,1560.0,9698.0,2015-03-18,525000.0
8103000110,2.0,1.5,1480.0,15641.0,1.0,0.0,0.0,4,7,1480.0,0.0,1940,0.0,98146,47.5008,-122.366,1520.0,7525.0,2014-06-03,280000.0
8103000110,2.0,1.5,1480.0,15641.0,1.0,0.0,0.0,4,7,1480.0,0.0,1940,0.0,98146,47.5008,-122.366,1520.0,7525.0,2015-02-05,490000.0
7227501765,4.0,1.75,1430.0,5490.0,1.0,0.0,0.0,5,6,1430.0,0.0,1942,0.0,98056,47.494,-122.184,1030.0,5900.0,2015-03-23,265000.0
824069188,4.0,2.25,2720.0,18295.0,1.0,,0.0,4,8,2000.0,720.0,1979,0.0,98075,47.5851,-122.073,2720.0,18295.0,2014-09-02,645000.0
1402000210,3.0,2.25,2420.0,31497.0,1.0,0.0,0.0,4,8,1750.0,670.0,1964,0.0,98058,47.4422,-122.151,2040.0,30472.0,2015-04-27,390000.0
5412400180,3.0,2.5,1400.0,7629.0,1.0,0.0,0.0,3,7,1120.0,280.0,1988,0.0,98030,47.3788,-122.179,1530.0,7688.0,2015-04-17,267500.0
8894200150,4.0,3.5,5844.0,10766.0,2.0,0.0,1.0,3,11,5844.0,0.0,2007,0.0,98023,47.3293,-122.364,3413.0,10766.0,2014-12-17,1280000.0
4037500110,4.0,1.75,1840.0,10720.0,1.0,0.0,0.0,3,7,960.0,880.0,1958,0.0,98008,47.6074,-122.125,1840.0,9044.0,2014-05-06,404000.0
1843100540,3.0,2.25,2530.0,12042.0,2.0,,0.0,3,8,2530.0,0.0,1989,0.0,98042,47.3742,-122.125,2480.0,10172.0,2015-04-29,380000.0
7856620210,4.0,2.75,2810.0,10300.0,1.0,,0.0,4,9,1810.0,1000.0,1978,0.0,98006,47.5626,-122.149,2710.0,9900.0,2014-08-08,812500.0
425200145,3.0,1.0,1020.0,8610.0,1.0,0.0,0.0,5,7,1020.0,0.0,1959,0.0,98056,47.4974,-122.169,1070.0,5940.0,2014-07-03,265000.0
6073300750,5.0,2.75,2550.0,7725.0,1.0,0.0,0.0,5,8,1390.0,1160.0,1967,0.0,98056,47.5388,-122.171,2450.0,7725.0,2014-07-09,480000.0
6450301220,1.0,1.0,710.0,4725.0,1.0,,0.0,3,6,710.0,0.0,1939,0.0,98133,47.7328,-122.34,900.0,5250.0,2014-09-16,264000.0
3401700150,5.0,3.0,5530.0,38816.0,1.5,0.0,2.0,3,10,5530.0,0.0,1969,0.0,98072,47.7352,-122.116,3800.0,44417.0,2015-04-23,1350000.0
7200001254,4.0,1.75,2150.0,9000.0,1.0,0.0,0.0,4,7,1110.0,1040.0,1966,0.0,98052,47.6812,-122.113,2040.0,9000.0,2014-07-09,550000.0
9828201745,2.0,1.5,880.0,2400.0,1.5,0.0,0.0,3,7,880.0,0.0,1929,0.0,98122,47.6144,-122.295,1220.0,4440.0,2015-05-04,615000.0
9238500410,3.0,1.75,1630.0,28600.0,1.0,0.0,0.0,3,8,1630.0,0.0,1967,0.0,98072,47.7742,-122.14,2260.0,26000.0,2014-05-19,464000.0
2587910180,3.0,1.0,1380.0,30940.0,2.0,0.0,0.0,3,8,1380.0,0.0,1976,0.0,98042,47.334,-122.106,2350.0,32500.0,2014-07-16,365000.0
8663200450,4.0,2.25,2800.0,10800.0,1.0,0.0,0.0,3,8,1680.0,1120.0,1977,0.0,98011,47.7448,-122.177,2260.0,9800.0,2014-07-15,490000.0
1310960220,4.0,2.25,2070.0,7350.0,2.0,,0.0,4,8,2070.0,,1977,0.0,98032,47.3615,-122.274,2080.0,7210.0,2014-06-26,280927.0
396100110,2.0,1.0,830.0,6017.0,1.0,0.0,0.0,4,6,830.0,0.0,1954,0.0,98133,47.7466,-122.334,1340.0,6040.0,2014-05-16,282613.0
7785350490,3.0,2.25,2770.0,15886.0,2.0,,0.0,3,10,2770.0,0.0,1982,0.0,98177,47.7464,-122.362,3290.0,15886.0,2014-10-23,675000.0
1795900210,4.0,2.5,2060.0,7475.0,1.0,0.0,0.0,3,8,1440.0,620.0,1985,0.0,98052,47.7272,-122.105,2280.0,8396.0,2014-05-18,575550.0
1796370730,3.0,2.0,1490.0,7770.0,1.0,0.0,0.0,4,7,1490.0,0.0,1990,0.0,98042,47.3686,-122.09,1540.0,7366.0,2014-05-20,259900.0
7787100210,4.0,2.25,2120.0,8267.0,2.0,0.0,0.0,3,8,2120.0,0.0,1996,0.0,98045,47.4885,-121.779,2150.0,7746.0,2014-12-09,450000.0
1137450120,4.0,2.5,2810.0,6296.0,2.0,0.0,0.0,3,9,2810.0,0.0,2013,0.0,98059,47.5019,-122.151,2850.0,6140.0,2014-07-29,487500.0
1921059303,4.0,2.25,2400.0,17842.0,2.0,0.0,0.0,4,7,2400.0,0.0,1973,0.0,98002,47.2866,-122.217,1610.0,12100.0,2015-01-28,275000.0
6699000610,3.0,2.5,2460.0,5027.0,2.0,0.0,0.0,3,8,2460.0,0.0,2002,0.0,98042,47.372,-122.102,2740.0,5000.0,2014-08-11,305000.0
3621059048,3.0,1.75,2030.0,217800.0,1.0,0.0,2.0,4,8,2030.0,0.0,1977,0.0,98092,47.2618,-122.12,2570.0,216057.0,2014-10-10,395000.0
2620069077,3.0,1.0,880.0,7648.0,1.0,,2.0,4,6,880.0,0.0,1940,0.0,98022,47.1963,-121.997,1020.0,7566.0,2015-04-22,215000.0
3083000910,3.0,2.0,1320.0,6000.0,1.5,0.0,0.0,4,7,1320.0,0.0,1920,0.0,98144,47.5752,-122.304,1620.0,4000.0,2014-07-08,410000.0
192600100,4.0,2.5,2160.0,7826.0,1.0,0.0,0.0,4,7,1390.0,770.0,1976,0.0,98155,47.7754,-122.276,2190.0,9900.0,2014-06-26,440000.0
5608010750,4.0,3.5,4190.0,15724.0,2.0,0.0,2.0,3,11,4190.0,0.0,1994,0.0,98027,47.5518,-122.096,3300.0,10113.0,2014-08-29,1160000.0
6140100150,4.0,2.0,2280.0,7200.0,1.0,0.0,0.0,4,7,2280.0,0.0,1956,0.0,98133,47.7132,-122.355,1100.0,7620.0,2014-11-25,500000.0
9550203690,5.0,2.75,2590.0,6120.0,2.0,0.0,0.0,3,8,2590.0,0.0,1909,0.0,98105,47.6667,-122.327,1390.0,3060.0,2014-11-20,961000.0
5423010180,4.0,2.25,2770.0,9340.0,2.0,0.0,0.0,4,9,2770.0,0.0,1979,0.0,98027,47.5628,-122.081,3010.0,9340.0,2014-07-24,825000.0
2919200665,3.0,1.75,2145.0,3840.0,1.5,0.0,0.0,5,8,2145.0,0.0,1910,0.0,98103,47.6875,-122.357,1140.0,3840.0,2014-11-03,734000.0
2122059199,4.0,4.25,4480.0,5715.0,2.0,0.0,0.0,3,7,3680.0,800.0,2003,0.0,98030,47.373,-122.179,2190.0,6070.0,2014-10-02,490000.0
3601200017,4.0,2.5,1780.0,6000.0,2.0,0.0,0.0,3,7,1780.0,0.0,1991,0.0,98198,47.3828,-122.302,1630.0,6000.0,2014-07-02,175000.0
2658000115,1.0,1.0,720.0,4800.0,1.0,0.0,0.0,3,6,720.0,0.0,1914,0.0,98118,47.5303,-122.27,1240.0,4860.0,2014-06-18,190000.0
7349400610,4.0,2.25,2050.0,12581.0,2.0,0.0,0.0,4,7,2050.0,0.0,1978,0.0,98002,47.3215,-122.204,1620.0,7400.0,2014-08-12,305000.0
868001790,3.0,1.0,2040.0,7936.0,1.0,,3.0,5,8,1680.0,360.0,1940,0.0,98177,47.7028,-122.385,2300.0,10080.0,2015-03-16,1300000.0
1105000015,2.0,1.0,920.0,6600.0,1.0,0.0,0.0,3,6,920.0,0.0,1919,20030.0,98118,47.5452,-122.27,1510.0,5944.0,2014-06-09,417000.0
2919201385,2.0,1.0,680.0,4190.0,1.0,,0.0,2,5,680.0,0.0,1906,0.0,98103,47.6901,-122.358,1070.0,4175.0,2014-11-13,275000.0
7202470100,3.0,2.5,1940.0,8196.0,2.0,0.0,0.0,3,8,1940.0,0.0,1991,0.0,98052,47.6786,-122.151,2070.0,8514.0,2014-12-10,661000.0
2832100910,4.0,2.75,2230.0,9640.0,1.0,0.0,0.0,3,8,1320.0,910.0,1998,0.0,98125,47.7269,-122.325,2100.0,9600.0,2014-07-08,435000.0
4100000040,5.0,2.25,2910.0,9454.0,1.0,0.0,1.0,3,8,1910.0,1000.0,1972,0.0,98005,47.5871,-122.173,2400.0,10690.0,2014-10-23,788000.0
9320100090,5.0,3.25,5270.0,17232.0,2.0,,1.0,3,10,4010.0,1260.0,1977,20030.0,98040,47.5536,-122.228,3550.0,13917.0,2014-06-10,1800000.0
2589300180,5.0,3.25,2820.0,6589.0,1.5,0.0,0.0,3,7,2320.0,,1906,20140.0,98118,47.5357,-122.273,1560.0,5647.0,2014-06-30,408000.0
357000025,2.0,1.0,1790.0,3760.0,1.5,0.0,0.0,4,8,1490.0,300.0,1912,0.0,98144,47.5926,-122.293,1458.0,3760.0,2014-10-20,570000.0
3179100180,5.0,3.25,2920.0,6960.0,2.0,0.0,1.0,3,9,2120.0,800.0,1953,20080.0,98105,47.6712,-122.272,2470.0,6735.0,2015-05-07,1540000.0
2487700065,2.0,1.0,840.0,5510.0,1.0,0.0,0.0,3,7,840.0,0.0,1955,0.0,98136,47.5247,-122.391,1630.0,5510.0,2014-05-05,400000.0
8732040820,3.0,1.75,1820.0,8740.0,1.0,0.0,0.0,4,8,1820.0,0.0,1987,0.0,98023,47.3074,-122.385,2210.0,8320.0,2014-10-17,247000.0
1160000300,3.0,1.75,1550.0,7200.0,1.0,0.0,0.0,3,7,1100.0,450.0,1949,0.0,98125,47.7071,-122.314,1560.0,7440.0,2015-03-04,453000.0
3904100035,2.0,1.0,1270.0,3008.0,1.0,0.0,0.0,4,6,650.0,620.0,1923,0.0,98118,47.5351,-122.279,1270.0,1514.0,2014-05-08,235000.0
5288200230,4.0,1.75,2460.0,5750.0,1.5,,3.0,5,7,1620.0,840.0,1919,0.0,98126,47.5601,-122.378,1760.0,4830.0,2015-04-21,675000.0
3331500820,3.0,2.0,2110.0,5150.0,1.0,0.0,0.0,5,6,1080.0,1030.0,1919,0.0,98118,47.5521,-122.271,1170.0,5107.0,2014-06-10,516200.0
3023039231,1.0,1.0,920.0,91476.0,1.5,0.0,0.0,3,6,920.0,0.0,1996,0.0,98070,47.448,-122.472,1746.0,91476.0,2014-07-14,650000.0
5595900355,3.0,1.5,1500.0,10227.0,1.0,0.0,0.0,4,7,1000.0,500.0,1945,0.0,98022,47.2043,-121.996,1490.0,7670.0,2014-12-16,257100.0
8682290360,2.0,2.0,1440.0,9985.0,1.0,0.0,0.0,3,8,1440.0,0.0,2006,0.0,98053,47.7217,-122.03,1510.0,4560.0,2015-03-30,457000.0
5200100115,3.0,1.75,1610.0,3478.0,1.5,0.0,0.0,4,7,1060.0,550.0,1929,0.0,98117,47.6774,-122.372,1610.0,3478.0,2014-11-17,540000.0
1310700210,3.0,1.75,1970.0,10270.0,1.0,,0.0,4,8,1970.0,0.0,1966,0.0,98032,47.3619,-122.285,1970.0,8400.0,2014-06-03,268000.0
3298500690,3.0,1.0,1150.0,7314.0,1.0,0.0,0.0,3,7,1150.0,0.0,1960,0.0,98008,47.6246,-122.113,1350.0,7350.0,2014-07-08,300000.0
722059002,2.0,2.5,2110.0,114127.0,1.0,0.0,0.0,4,8,1590.0,520.0,1975,0.0,98031,47.4137,-122.212,1960.0,11250.0,2014-09-09,380000.0
1022069183,3.0,2.5,3580.0,54450.0,1.5,0.0,0.0,3,9,3580.0,0.0,1990,0.0,98038,47.4026,-122.033,3090.0,35943.0,2014-06-27,725000.0
4053200933,3.0,1.0,1000.0,19204.0,1.0,0.0,0.0,3,7,1000.0,0.0,1968,0.0,98042,47.3167,-122.081,2450.0,25927.0,2014-06-23,249000.0
5589300205,5.0,1.0,1680.0,9383.0,1.0,0.0,0.0,3,7,1400.0,280.0,1929,0.0,98155,47.7523,-122.311,1680.0,9458.0,2014-08-05,274000.0
644000040,4.0,3.25,3950.0,10912.0,2.0,0.0,0.0,3,10,3950.0,0.0,2003,0.0,98004,47.5877,-122.196,3000.0,10998.0,2015-04-29,1780000.0
1787600165,3.0,1.75,2390.0,7149.0,1.0,0.0,0.0,3,8,1350.0,1040.0,1955,0.0,98125,47.7244,-122.326,1710.0,7402.0,2014-06-23,396500.0
405100165,2.0,1.5,1820.0,7800.0,1.0,0.0,0.0,4,7,1240.0,580.0,1956,0.0,98133,47.7513,-122.357,1400.0,7800.0,2014-11-19,460000.0
223049087,3.0,1.0,1100.0,8536.0,1.0,,0.0,4,7,1100.0,0.0,1957,0.0,98118,47.5162,-122.261,1570.0,8040.0,2014-06-16,277000.0
2742100085,6.0,4.0,2280.0,5275.0,1.0,0.0,0.0,3,7,1270.0,1010.0,1998,0.0,98108,47.5556,-122.294,1760.0,6642.0,2014-11-04,449500.0
3204300625,4.0,3.0,2530.0,4560.0,1.5,0.0,0.0,3,7,1540.0,990.0,1925,20140.0,98112,47.6287,-122.3,1640.0,4560.0,2014-09-03,785950.0
6619910230,3.0,2.5,1940.0,9775.0,1.0,0.0,2.0,3,8,1440.0,500.0,1975,0.0,98034,47.7142,-122.222,2830.0,9775.0,2014-06-16,545000.0
3275310220,3.0,2.0,1360.0,9688.0,1.0,0.0,0.0,4,7,1360.0,0.0,1983,0.0,98003,47.2574,-122.31,1390.0,9685.0,2014-12-22,244000.0
5466310730,3.0,2.5,1660.0,2415.0,2.0,0.0,0.0,3,7,1660.0,0.0,1983,0.0,98042,47.3763,-122.148,1740.0,2624.0,2014-08-22,165000.0
2767704055,2.0,1.0,800.0,5000.0,1.0,0.0,0.0,3,7,800.0,0.0,1906,0.0,98107,47.6751,-122.372,1410.0,5000.0,2014-06-09,435000.0
7504100110,3.0,2.5,2670.0,10082.0,1.0,0.0,0.0,3,10,2670.0,0.0,1987,0.0,98074,47.6359,-122.045,2740.0,10854.0,2014-05-30,642000.0
9320990110,3.0,2.5,1720.0,4120.0,2.0,0.0,0.0,3,7,1720.0,0.0,1999,0.0,98148,47.4319,-122.328,1720.0,5544.0,2015-04-09,340000.0
1400700150,4.0,2.5,3550.0,35689.0,2.0,0.0,0.0,4,9,3550.0,0.0,1991,0.0,98077,47.7503,-122.074,3350.0,35711.0,2014-07-22,730000.0
1186000150,3.0,1.75,1370.0,2800.0,1.0,0.0,0.0,5,7,800.0,570.0,1982,0.0,98122,47.6157,-122.291,2270.0,3773.0,2015-01-23,563250.0
1024069009,5.0,2.5,2820.0,67518.0,2.0,0.0,0.0,3,8,2820.0,0.0,1979,0.0,98029,47.5794,-122.025,2820.0,48351.0,2014-05-02,675000.0
464001115,3.0,1.5,1620.0,6630.0,1.0,0.0,0.0,3,8,1280.0,340.0,1954,0.0,98117,47.6948,-122.394,1880.0,5100.0,2014-05-12,620000.0
886000015,2.0,2.0,1290.0,9041.0,1.0,0.0,0.0,3,7,950.0,340.0,1956,0.0,98108,47.5346,-122.291,1290.0,5000.0,2014-12-10,275000.0
3578600062,3.0,1.0,1830.0,8209.0,1.0,,0.0,3,7,1830.0,0.0,1942,0.0,98028,47.7439,-122.228,2150.0,12000.0,2014-05-12,270000.0
1402950450,4.0,2.5,2040.0,5472.0,2.0,,0.0,3,8,2040.0,0.0,2003,0.0,98092,47.3337,-122.189,2420.0,5782.0,2015-04-15,325000.0
3629970620,4.0,2.5,1850.0,1836.0,2.0,0.0,0.0,3,7,1600.0,250.0,2005,0.0,98029,47.5529,-121.996,1770.0,2236.0,2014-10-03,476100.0
3537900180,2.0,1.0,1300.0,12000.0,1.0,0.0,0.0,4,8,1300.0,0.0,1959,0.0,98004,47.6366,-122.229,2420.0,15000.0,2014-10-20,700000.0
8651442510,4.0,2.0,1620.0,5200.0,1.5,0.0,0.0,4,7,1620.0,0.0,1978,0.0,98042,47.3629,-122.091,1500.0,5200.0,2014-09-26,220000.0
114700150,3.0,1.75,1560.0,10919.0,1.0,0.0,0.0,3,7,1560.0,0.0,1975,0.0,98023,47.2917,-122.366,1730.0,10919.0,2014-11-14,236000.0
472000620,3.0,2.5,2600.0,4750.0,1.0,0.0,0.0,4,9,1700.0,900.0,1951,0.0,98117,47.6833,-122.4,2380.0,4750.0,2014-05-02,790000.0
5491200210,3.0,1.0,2010.0,6000.0,1.0,0.0,0.0,3,7,1210.0,800.0,1967,0.0,98108,47.5515,-122.298,2460.0,6000.0,2014-08-20,350000.0
7973202712,2.0,1.0,780.0,5300.0,1.0,0.0,0.0,3,6,780.0,,1941,0.0,98146,47.513,-122.354,780.0,5300.0,2015-03-24,130000.0
7970800100,4.0,2.5,1982.0,6406.0,2.0,0.0,0.0,3,8,1982.0,0.0,2004,0.0,98030,47.3636,-122.192,2340.0,6501.0,2014-05-27,283200.0
8122600165,3.0,1.0,1500.0,6250.0,1.0,0.0,0.0,3,6,890.0,610.0,1945,0.0,98126,47.5365,-122.368,1210.0,6250.0,2014-10-15,273000.0
686530110,5.0,2.25,2460.0,8710.0,1.0,0.0,0.0,4,8,1330.0,1130.0,1976,0.0,98052,47.6651,-122.15,2460.0,8870.0,2014-12-15,599000.0
5151600530,4.0,2.5,2680.0,11998.0,1.0,0.0,3.0,3,8,1510.0,1170.0,1960,0.0,98003,47.337,-122.321,2680.0,12746.0,2015-04-23,460000.0
1926069192,4.0,4.25,5860.0,52889.0,2.0,0.0,0.0,4,10,4910.0,950.0,1996,0.0,98072,47.7245,-122.095,3320.0,39066.0,2014-05-09,1160000.0
5649000150,4.0,1.75,1720.0,8750.0,1.0,0.0,0.0,3,7,860.0,860.0,1971,0.0,98034,47.726,-122.21,1790.0,8750.0,2014-06-10,385000.0
7812800775,3.0,1.0,1420.0,7420.0,1.5,0.0,0.0,3,6,1420.0,0.0,1944,0.0,98178,47.4949,-122.239,1290.0,6600.0,2014-09-10,264250.0
2770604410,3.0,2.5,1760.0,1472.0,3.0,0.0,0.0,3,8,1640.0,120.0,2006,0.0,98119,47.6473,-122.374,1760.0,5400.0,2014-10-29,608000.0
9485951510,3.0,2.5,2790.0,48994.0,2.0,0.0,0.0,4,9,2790.0,0.0,1984,0.0,98042,47.3487,-122.088,2550.0,37834.0,2014-09-15,450000.0
1337800805,3.0,2.0,2360.0,4800.0,2.0,0.0,0.0,3,9,2360.0,0.0,1909,0.0,98112,47.6317,-122.312,2260.0,4800.0,2014-07-03,1760000.0
4059400265,5.0,2.0,1890.0,6050.0,2.0,0.0,0.0,4,7,1890.0,0.0,1944,0.0,98178,47.5018,-122.242,1170.0,6050.0,2014-11-14,339950.0
993000100,6.0,3.75,3810.0,6150.0,2.0,0.0,0.0,4,8,3810.0,0.0,1977,0.0,98103,47.694,-122.34,1830.0,5125.0,2015-04-10,760000.0
2917200085,2.0,1.0,1160.0,5395.0,1.0,,0.0,3,7,860.0,300.0,1940,0.0,98103,47.7007,-122.354,1664.0,5363.0,2015-04-08,350000.0
3914000090,3.0,1.75,2320.0,55847.0,1.0,,2.0,4,8,2320.0,0.0,1960,0.0,98001,47.3121,-122.253,2400.0,26112.0,2015-04-21,541500.0
4157600150,6.0,2.75,3280.0,16449.0,1.0,0.0,0.0,4,7,1910.0,1370.0,1963,0.0,98007,47.5914,-122.134,2550.0,9532.0,2015-03-27,730000.0
3624039111,3.0,1.0,980.0,5600.0,1.0,0.0,0.0,2,6,980.0,0.0,1949,0.0,98106,47.5308,-122.361,1840.0,5302.0,2015-04-29,215000.0
8099900490,3.0,2.0,1640.0,9972.0,1.0,0.0,0.0,4,7,1640.0,0.0,1977,0.0,98075,47.5812,-122.002,1680.0,10165.0,2014-05-15,420000.0
1687910100,4.0,2.25,2060.0,8470.0,1.0,0.0,0.0,3,8,1440.0,620.0,1983,0.0,98006,47.5605,-122.124,2180.0,8978.0,2014-05-30,655000.0
5419800330,3.0,2.5,1500.0,10652.0,2.0,0.0,0.0,4,7,1500.0,0.0,1981,0.0,98031,47.4015,-122.176,1610.0,7417.0,2015-01-15,240000.0
5035300085,4.0,2.0,2360.0,6000.0,1.0,0.0,0.0,5,7,1260.0,1100.0,1939,0.0,98199,47.6534,-122.41,1720.0,6000.0,2014-06-02,730000.0
325059131,4.0,1.5,1940.0,12100.0,1.0,0.0,0.0,3,7,1940.0,0.0,1962,0.0,98033,47.6892,-122.164,1380.0,12100.0,2014-10-13,390000.0
2201500450,3.0,1.0,1280.0,10000.0,1.0,0.0,0.0,4,7,1280.0,0.0,1954,0.0,98006,47.5716,-122.139,1240.0,10000.0,2014-10-28,473000.0
3342101270,4.0,3.5,3630.0,5670.0,2.0,0.0,0.0,3,10,3630.0,0.0,1970,0.0,98056,47.5189,-122.206,1620.0,5400.0,2015-03-24,698000.0
3574750150,3.0,2.5,1820.0,4883.0,2.0,0.0,0.0,3,9,1820.0,0.0,2005,0.0,98028,47.7355,-122.224,2720.0,5002.0,2014-05-14,511000.0
9828702055,2.0,1.5,960.0,1808.0,2.0,0.0,0.0,3,7,960.0,0.0,1993,0.0,98122,47.6183,-122.298,1290.0,1668.0,2014-05-08,358000.0
2207100650,3.0,1.75,1630.0,8400.0,1.0,0.0,0.0,4,7,1060.0,570.0,1955,0.0,98007,47.5983,-122.149,1630.0,7245.0,2015-04-10,499990.0
240000031,4.0,2.25,1940.0,10200.0,1.0,0.0,0.0,3,7,1360.0,580.0,1960,0.0,98188,47.4253,-122.283,1940.0,10200.0,2015-03-13,322000.0
2953000300,3.0,1.0,980.0,9682.0,1.0,,0.0,3,7,980.0,0.0,1969,0.0,98031,47.4136,-122.207,1580.0,9682.0,2014-10-08,201000.0
6119700150,4.0,2.5,3140.0,16200.0,1.0,0.0,1.0,3,9,2570.0,570.0,1988,0.0,98166,47.4363,-122.342,2530.0,13200.0,2014-11-12,765000.0
9274200365,4.0,2.75,2880.0,5750.0,1.5,,0.0,5,9,1710.0,1170.0,1928,0.0,98116,47.5874,-122.387,1640.0,5750.0,2014-06-06,920000.0
6187700501,4.0,2.0,1650.0,7552.0,1.0,0.0,0.0,4,7,860.0,790.0,1977,0.0,98155,47.7765,-122.324,1410.0,7199.0,2015-04-15,360000.0
4137020910,3.0,1.75,1980.0,9220.0,2.0,0.0,0.0,3,8,1980.0,0.0,1987,0.0,98092,47.2602,-122.219,2080.0,8305.0,2015-05-07,297300.0
1233100720,3.0,1.0,860.0,9403.0,1.0,0.0,0.0,4,6,860.0,0.0,1942,0.0,98033,47.6815,-122.173,2136.0,13009.0,2014-09-25,399000.0
3034200530,3.0,1.0,1430.0,10005.0,1.5,0.0,0.0,4,7,1430.0,0.0,1950,0.0,98133,47.7181,-122.338,1720.0,8822.0,2014-06-20,400000.0
1463400081,3.0,1.75,1260.0,10164.0,1.0,0.0,0.0,4,6,1260.0,0.0,1964,0.0,98059,47.4752,-122.133,1190.0,10640.0,2014-08-27,230000.0
1773101050,3.0,1.0,960.0,4560.0,1.0,0.0,0.0,4,7,960.0,0.0,1968,0.0,98106,47.5539,-122.365,970.0,4800.0,2015-02-20,290000.0
1895450090,3.0,2.5,2060.0,7658.0,2.0,0.0,0.0,3,8,2060.0,0.0,2003,0.0,98023,47.2923,-122.36,2250.0,7299.0,2015-04-30,323800.0
5101406384,4.0,1.5,1430.0,6380.0,1.5,0.0,0.0,4,9,1430.0,0.0,1930,0.0,98125,47.7014,-122.313,1220.0,5112.0,2014-10-20,574500.0
6821102346,3.0,2.25,1670.0,1596.0,2.0,0.0,0.0,3,8,1220.0,450.0,2002,0.0,98199,47.6474,-122.396,1670.0,1596.0,2014-05-22,505000.0
1926049210,2.0,1.0,880.0,10950.0,1.0,0.0,0.0,4,7,880.0,0.0,1944,0.0,98133,47.7332,-122.352,1450.0,7560.0,2015-04-22,372500.0
1842200040,3.0,1.5,1300.0,19163.0,1.0,0.0,0.0,3,7,1300.0,0.0,1964,0.0,98052,47.6686,-122.153,1590.0,9744.0,2014-07-01,425000.0
2623089002,3.0,2.5,2380.0,214315.0,1.5,,0.0,3,9,2380.0,0.0,2000,0.0,98045,47.4525,-121.748,2400.0,68824.0,2015-04-16,446250.0
4391600065,2.0,0.75,520.0,6862.0,1.0,0.0,0.0,4,4,520.0,0.0,1924,19800.0,98010,47.326,-122.037,1170.0,8756.0,2014-08-14,330000.0
3760500602,3.0,2.5,2680.0,17707.0,2.0,0.0,1.0,3,9,2680.0,0.0,1983,0.0,98034,47.7031,-122.224,2840.0,21743.0,2015-04-27,608095.0
6071000265,3.0,2.5,2140.0,10136.0,1.0,0.0,0.0,3,8,1320.0,820.0,1958,0.0,98006,47.5602,-122.184,1980.0,11200.0,2015-01-25,550000.0
3222059206,4.0,2.5,1820.0,16103.0,2.0,0.0,0.0,3,7,1820.0,0.0,2004,0.0,98030,47.3553,-122.196,2120.0,21277.0,2014-08-28,265000.0
3034200933,4.0,2.25,1820.0,8255.0,1.5,0.0,0.0,4,7,1320.0,500.0,1930,0.0,98133,47.723,-122.337,1550.0,7628.0,2014-06-19,399888.0
2028701165,2.0,1.0,1050.0,2570.0,1.0,0.0,0.0,5,7,850.0,200.0,1927,0.0,98117,47.6764,-122.366,1080.0,2800.0,2014-06-27,430000.0
5634500234,3.0,2.5,2100.0,6092.0,2.0,0.0,0.0,3,8,2100.0,0.0,2013,0.0,98028,47.7508,-122.239,2250.0,8592.0,2015-05-13,554990.0
2310100180,3.0,2.5,2210.0,6280.0,2.0,0.0,0.0,3,8,2210.0,0.0,2003,0.0,98038,47.35,-122.043,2250.0,5972.0,2014-11-07,359950.0
2767600921,2.0,1.0,860.0,2599.0,1.0,,0.0,4,6,860.0,0.0,1901,0.0,98107,47.675,-122.379,1300.0,3900.0,2014-06-23,405000.0
8835200790,2.0,1.0,870.0,4025.0,1.0,0.0,0.0,3,7,870.0,0.0,1981,0.0,98034,47.7243,-122.161,1370.0,3488.0,2015-04-06,280000.0
2473000410,4.0,2.25,2570.0,11070.0,2.0,0.0,0.0,4,8,2570.0,0.0,1966,0.0,98058,47.4507,-122.152,2210.0,9600.0,2015-04-08,479950.0
3286800110,5.0,1.75,2980.0,53578.0,1.0,0.0,0.0,4,9,2230.0,750.0,1976,0.0,98027,47.4908,-122.059,2860.0,75546.0,2014-09-04,575000.0
1402600110,4.0,2.25,2360.0,7733.0,2.0,0.0,0.0,3,8,2360.0,0.0,1983,0.0,98058,47.4403,-122.137,2160.0,7733.0,2015-02-26,392000.0
1126059170,4.0,2.25,2310.0,36136.0,2.0,0.0,0.0,4,9,2310.0,0.0,1977,0.0,98072,47.7506,-122.122,3930.0,36136.0,2015-02-25,760500.0
8035350090,3.0,2.5,2300.0,9521.0,2.0,0.0,0.0,3,8,2300.0,0.0,2003,0.0,98019,47.7447,-121.976,3020.0,10042.0,2014-06-16,435000.0
4389200753,4.0,2.75,2810.0,8570.0,2.0,0.0,0.0,3,10,2810.0,0.0,1993,0.0,98004,47.6159,-122.211,2810.0,9621.0,2014-08-19,1570000.0
6818400110,4.0,1.5,2040.0,10488.0,1.0,0.0,0.0,3,7,1190.0,850.0,1961,0.0,98188,47.4557,-122.269,1960.0,10488.0,2014-12-03,261000.0
4217401035,3.0,2.25,3290.0,5000.0,2.0,0.0,0.0,3,9,2730.0,560.0,1939,0.0,98105,47.6582,-122.28,2340.0,4000.0,2015-05-07,1480000.0
1683400165,7.0,4.0,2960.0,2665.0,2.0,0.0,0.0,3,9,1950.0,1010.0,1927,20130.0,98144,47.5835,-122.313,1970.0,4410.0,2015-04-30,853800.0
1939120450,3.0,2.5,2670.0,10496.0,2.0,0.0,0.0,3,9,2670.0,0.0,1989,0.0,98074,47.6272,-122.026,2490.0,8636.0,2014-05-22,657500.0
4137010530,4.0,2.5,2530.0,9933.0,2.0,0.0,2.0,3,8,2010.0,520.0,1990,0.0,98092,47.2654,-122.216,2140.0,9933.0,2014-05-04,331950.0
2624039133,3.0,1.75,1720.0,5899.0,1.0,0.0,1.0,3,8,1220.0,500.0,1986,0.0,98136,47.5399,-122.385,1900.0,6244.0,2014-06-11,514000.0
2794700120,3.0,3.5,3090.0,27598.0,2.0,0.0,2.0,4,9,2020.0,1070.0,1995,0.0,98070,47.3541,-122.453,2180.0,17085.0,2014-09-12,496000.0
2944010210,4.0,2.5,3930.0,21894.0,2.0,0.0,0.0,3,11,3930.0,0.0,1987,0.0,98052,47.7209,-122.128,3930.0,20000.0,2015-02-18,1090000.0
8651443360,3.0,1.0,1120.0,5200.0,1.0,0.0,0.0,5,7,1120.0,0.0,1976,0.0,98042,47.3638,-122.088,1690.0,5200.0,2014-11-06,195700.0
1338300180,4.0,2.25,3960.0,8640.0,2.0,0.0,2.0,3,9,2630.0,1330.0,1925,0.0,98112,47.6317,-122.304,3850.0,8640.0,2014-07-29,1400000.0
624110540,4.0,3.25,4060.0,20822.0,2.0,0.0,0.0,3,10,4060.0,0.0,1991,0.0,98077,47.7213,-122.055,4170.0,23958.0,2014-12-05,1180000.0
4039700090,3.0,2.5,2350.0,9648.0,1.0,0.0,0.0,4,9,2350.0,0.0,1966,0.0,98008,47.6156,-122.108,2320.0,10512.0,2014-09-23,643403.0
6752601110,4.0,2.5,2380.0,7066.0,2.0,0.0,0.0,4,7,2380.0,0.0,1997,0.0,98031,47.3982,-122.172,2310.0,8127.0,2014-05-12,357000.0
8861000210,3.0,1.75,1480.0,8163.0,1.0,0.0,0.0,3,7,1040.0,440.0,1953,0.0,98004,47.638,-122.206,2170.0,11124.0,2015-04-08,865000.0
1088700100,3.0,2.5,2930.0,9280.0,2.0,0.0,0.0,4,10,2930.0,0.0,1988,0.0,98007,47.6335,-122.151,2730.0,10090.0,2014-11-18,905000.0
7893207925,3.0,1.5,1290.0,7100.0,1.0,0.0,0.0,3,6,1290.0,0.0,1954,0.0,98198,47.4227,-122.332,1300.0,7183.0,2014-10-22,265000.0
3449820100,2.0,2.5,2730.0,7246.0,2.0,0.0,0.0,3,9,2730.0,0.0,1998,0.0,98056,47.512,-122.175,3220.0,7214.0,2014-12-24,535000.0
1588600110,3.0,1.0,1290.0,5440.0,1.0,0.0,0.0,4,6,790.0,500.0,1929,0.0,98117,47.6951,-122.367,1220.0,5464.0,2014-08-11,450000.0
8079040300,4.0,2.5,2170.0,7533.0,2.0,0.0,0.0,3,8,2170.0,0.0,1991,0.0,98059,47.5057,-122.149,2170.0,8728.0,2015-02-18,460500.0
7390400026,4.0,1.75,1850.0,8580.0,1.0,0.0,0.0,3,7,1140.0,710.0,1960,0.0,98178,47.4877,-122.24,2210.0,9240.0,2014-11-24,315000.0
2425059144,4.0,2.5,2110.0,13939.0,1.0,0.0,0.0,3,8,1270.0,840.0,1978,0.0,98008,47.6431,-122.113,2140.0,8882.0,2015-02-13,607500.0
7821200375,2.0,1.0,960.0,3235.0,1.0,,0.0,4,7,960.0,0.0,1916,0.0,98103,47.661,-122.344,1290.0,2069.0,2015-01-26,432000.0
1370800700,3.0,4.0,3910.0,5350.0,2.0,0.0,2.0,5,10,2610.0,1300.0,1933,0.0,98199,47.6393,-122.408,2890.0,5350.0,2015-02-09,1700000.0
8857640710,4.0,2.5,2590.0,6139.0,2.0,0.0,0.0,3,8,2590.0,0.0,2001,0.0,98038,47.3883,-122.035,2410.0,6139.0,2014-08-20,479000.0
9558020240,5.0,2.75,3080.0,6600.0,2.0,,0.0,3,9,3080.0,0.0,2002,0.0,98058,47.4501,-122.122,3080.0,6600.0,2015-03-20,475000.0
3834000400,3.0,1.0,1630.0,8146.0,1.0,0.0,0.0,3,7,1630.0,0.0,1952,0.0,98125,47.7293,-122.29,1480.0,8146.0,2014-11-19,415000.0
461002050,2.0,1.0,910.0,5000.0,1.0,0.0,0.0,4,6,910.0,0.0,1914,0.0,98117,47.683,-122.374,1480.0,5000.0,2014-08-26,450000.0
724069065,3.0,2.5,2780.0,33503.0,1.5,0.0,1.0,4,8,2110.0,670.0,1969,0.0,98075,47.5844,-122.081,3150.0,15542.0,2014-07-03,1140000.0
4307351180,5.0,3.0,3880.0,8432.0,2.0,0.0,0.0,3,7,3880.0,0.0,2004,0.0,98056,47.4806,-122.176,2620.0,5623.0,2014-09-15,430000.0
984100340,3.0,1.75,1360.0,10742.0,1.0,0.0,0.0,5,7,960.0,400.0,1971,0.0,98058,47.4351,-122.173,1830.0,9000.0,2014-09-03,296000.0
8159620260,4.0,2.25,2560.0,8927.0,1.0,,0.0,3,7,1790.0,770.0,1976,0.0,98001,47.34,-122.271,1920.0,9669.0,2014-07-11,303000.0
7559600200,4.0,2.5,2600.0,6015.0,2.0,0.0,0.0,3,8,2600.0,0.0,2004,0.0,98075,47.5971,-122.031,2910.0,5305.0,2014-10-21,641000.0
1995200320,3.0,2.25,1220.0,5739.0,1.0,0.0,0.0,3,7,790.0,430.0,1984,0.0,98115,47.6952,-122.326,1870.0,5739.0,2015-02-10,280000.0
4223000140,3.0,2.0,1560.0,9635.0,1.0,0.0,0.0,3,7,1260.0,300.0,1966,0.0,98003,47.341,-122.309,1570.0,8276.0,2014-08-05,260750.0
7215730200,4.0,2.5,2080.0,5191.0,2.0,0.0,0.0,3,8,2080.0,0.0,2001,0.0,98075,47.5978,-122.017,2170.0,5518.0,2014-11-19,601000.0
1900600105,3.0,1.5,1490.0,6604.0,1.0,0.0,0.0,4,6,1490.0,0.0,1918,0.0,98166,47.4683,-122.351,1330.0,6604.0,2014-08-28,255000.0
8644300200,4.0,2.75,2020.0,10720.0,1.0,0.0,0.0,4,8,1420.0,600.0,1976,0.0,98052,47.6373,-122.104,2190.0,10164.0,2014-06-05,555000.0
3262301610,3.0,1.5,1530.0,10827.0,1.0,0.0,0.0,4,8,1530.0,0.0,1955,0.0,98039,47.6354,-122.234,2050.0,10827.0,2014-11-18,865000.0
524059250,4.0,2.5,3450.0,17400.0,1.5,0.0,0.0,4,9,2180.0,1270.0,1964,0.0,98004,47.5969,-122.206,3770.0,19530.0,2014-09-22,1390000.0
8594400350,3.0,2.25,1400.0,31626.0,1.0,0.0,0.0,2,7,1140.0,260.0,1987,0.0,98092,47.3029,-122.069,1680.0,35093.0,2014-05-20,315000.0
4031000260,2.0,1.0,1730.0,9610.0,1.0,,0.0,3,7,1380.0,350.0,1962,0.0,98001,47.2956,-122.285,1310.0,9812.0,2014-06-06,200000.0
1454100260,3.0,1.0,1370.0,6450.0,1.0,0.0,0.0,3,7,1370.0,0.0,1948,0.0,98125,47.7195,-122.288,1550.0,6898.0,2014-11-17,357000.0
1934800138,2.0,1.5,1050.0,934.0,2.0,0.0,0.0,3,8,960.0,90.0,2007,0.0,98122,47.6029,-122.309,1470.0,1885.0,2014-12-04,390000.0
9508500075,5.0,1.75,2840.0,10220.0,1.0,0.0,0.0,4,7,2210.0,630.0,1954,0.0,98177,47.764,-122.36,2000.0,9750.0,2014-07-29,462000.0
2946003415,2.0,1.0,1010.0,5200.0,1.0,0.0,0.0,3,7,1010.0,0.0,1955,0.0,98198,47.4166,-122.323,1580.0,7500.0,2014-05-16,174500.0
1926049326,2.0,1.0,1210.0,7140.0,1.5,0.0,0.0,3,6,1210.0,0.0,1921,0.0,98133,47.7225,-122.349,1150.0,7376.0,2015-02-10,305000.0
7655900187,5.0,1.75,1720.0,14040.0,1.0,0.0,0.0,4,8,1150.0,570.0,1956,0.0,98133,47.7365,-122.339,1750.0,7800.0,2015-02-05,449000.0
7452500565,3.0,2.0,2710.0,5000.0,2.0,0.0,0.0,3,6,2710.0,0.0,1951,0.0,98126,47.5188,-122.373,850.0,5000.0,2014-08-29,260000.0
2871000400,4.0,2.5,3110.0,6142.0,2.0,0.0,0.0,3,9,3110.0,0.0,2004,0.0,98052,47.701,-122.111,3200.0,6826.0,2014-05-12,751000.0
6150200060,2.0,1.0,1250.0,9270.0,1.0,0.0,0.0,4,7,1250.0,0.0,1948,0.0,98133,47.7284,-122.339,1130.0,6800.0,2015-04-01,370037.0
3668000830,3.0,1.75,1900.0,8910.0,2.0,0.0,0.0,4,7,1900.0,0.0,1988,0.0,98092,47.2769,-122.145,1610.0,8586.0,2014-08-25,229950.0
2473460060,3.0,1.75,1740.0,7682.0,1.0,0.0,0.0,3,8,1330.0,410.0,1978,0.0,98058,47.4451,-122.126,2010.0,8820.0,2015-04-22,349000.0
9558021000,4.0,2.5,2070.0,3808.0,2.0,0.0,0.0,3,8,2070.0,0.0,2003,0.0,98058,47.4498,-122.12,1900.0,2992.0,2015-01-20,348000.0
1250201610,3.0,3.25,3030.0,5600.0,2.0,0.0,2.0,3,9,2220.0,810.0,1905,20050.0,98144,47.5978,-122.292,2040.0,6600.0,2015-04-17,1220000.0
1321720160,4.0,3.0,3610.0,18948.0,2.0,0.0,0.0,3,10,3610.0,0.0,1993,0.0,98023,47.2911,-122.342,3568.0,18948.0,2015-01-02,510000.0
5029450200,3.0,1.5,1520.0,6805.0,1.0,0.0,0.0,4,7,1040.0,480.0,1981,0.0,98023,47.2907,-122.367,1440.0,7041.0,2015-03-23,265000.0
723000226,3.0,2.75,2780.0,4815.0,3.0,0.0,2.0,3,10,2780.0,0.0,1974,0.0,98105,47.6569,-122.286,2820.0,5000.0,2014-10-28,1250000.0
225079036,4.0,4.0,5545.0,871200.0,2.0,0.0,0.0,3,11,3605.0,1940.0,2003,0.0,98014,47.676,-121.882,3420.0,871200.0,2015-01-07,937500.0
5255700160,3.0,1.75,2590.0,8384.0,1.0,0.0,0.0,4,8,1590.0,1000.0,1971,0.0,98011,47.7739,-122.199,2590.0,8800.0,2014-08-05,485000.0
5683500030,4.0,1.0,1150.0,5217.0,1.5,0.0,0.0,3,7,1150.0,0.0,1951,0.0,98115,47.6806,-122.287,1220.0,5217.0,2015-03-20,489000.0
312000295,2.0,1.0,920.0,5120.0,1.0,0.0,0.0,5,7,920.0,0.0,1952,0.0,98136,47.5569,-122.394,1190.0,5120.0,2015-01-22,400000.0
9510970520,3.0,2.5,2110.0,3600.0,2.0,0.0,0.0,3,9,2110.0,0.0,2005,0.0,98052,47.665,-122.082,2540.0,4384.0,2014-06-16,638000.0
193600200,3.0,1.75,1170.0,8740.0,1.0,,0.0,4,7,1170.0,0.0,1968,0.0,98052,47.6849,-122.117,1870.0,8448.0,2014-06-19,440000.0
2568300045,6.0,2.0,1900.0,8240.0,1.0,0.0,0.0,2,7,1200.0,700.0,1964,0.0,98125,47.7037,-122.296,1900.0,8240.0,2014-06-25,305000.0
2568300045,6.0,2.0,1900.0,8240.0,1.0,0.0,0.0,2,7,1200.0,700.0,1964,0.0,98125,47.7037,-122.296,1900.0,8240.0,2015-03-19,649950.0
8691410310,4.0,2.5,3290.0,6012.0,2.0,0.0,0.0,3,9,3290.0,0.0,2005,0.0,98075,47.5961,-121.98,3210.0,6005.0,2015-02-13,680000.0
1656600310,4.0,2.5,2660.0,22050.0,2.0,0.0,0.0,3,9,2660.0,0.0,1996,0.0,98059,47.4911,-122.125,3060.0,21111.0,2014-07-14,629000.0
3904940160,3.0,2.5,2160.0,7584.0,2.0,0.0,0.0,3,8,2160.0,,1988,0.0,98029,47.5751,-122.014,2160.0,7372.0,2014-09-04,555000.0
1774200060,4.0,2.75,2700.0,35362.0,2.0,0.0,0.0,5,8,2700.0,0.0,1976,0.0,98077,47.7628,-122.094,2810.0,35915.0,2014-06-17,669000.0
4137070030,3.0,2.5,1980.0,6608.0,2.0,0.0,0.0,3,8,1980.0,0.0,1994,0.0,98092,47.2642,-122.213,2150.0,7495.0,2014-08-08,272000.0
2144800117,4.0,2.25,2600.0,9900.0,1.0,0.0,0.0,3,7,1600.0,1000.0,1965,0.0,98178,47.4881,-122.237,1770.0,11250.0,2014-06-26,270000.0
3392100140,3.0,1.0,1280.0,9775.0,1.0,0.0,0.0,3,6,1280.0,0.0,1964,0.0,98003,47.3262,-122.334,1230.0,8750.0,2015-01-06,215000.0
2581900060,3.0,1.5,1710.0,17707.0,1.0,0.0,0.0,4,7,1180.0,530.0,1947,0.0,98040,47.5393,-122.216,2590.0,9508.0,2015-04-02,690000.0
4058801230,4.0,1.75,1270.0,6825.0,1.0,0.0,2.0,3,7,1270.0,0.0,1950,0.0,98178,47.5051,-122.242,1800.0,6930.0,2015-03-05,256000.0
2787320140,3.0,2.25,1890.0,7314.0,1.0,,0.0,3,7,1100.0,790.0,1981,0.0,98031,47.4121,-122.172,1520.0,7676.0,2015-03-24,255000.0
263000324,7.0,4.0,3440.0,8100.0,2.0,0.0,0.0,3,7,3440.0,0.0,1970,0.0,98103,47.6981,-122.349,1420.0,1560.0,2014-05-13,550000.0
254000695,3.0,1.0,1190.0,5280.0,1.0,0.0,0.0,4,7,1190.0,0.0,1957,0.0,98146,47.5131,-122.383,1280.0,5280.0,2015-05-08,410000.0
3013300830,2.0,1.0,1030.0,4366.0,1.0,0.0,0.0,3,7,1030.0,0.0,1912,0.0,98136,47.5311,-122.384,1890.0,4499.0,2014-11-06,410000.0
2475201070,3.0,1.75,1240.0,4000.0,1.0,0.0,0.0,3,7,1240.0,0.0,1986,0.0,98055,47.4728,-122.191,1570.0,4586.0,2014-07-16,259000.0
798000421,3.0,1.0,1730.0,21183.0,1.0,0.0,0.0,3,7,1030.0,700.0,1955,0.0,98168,47.5024,-122.332,1610.0,13000.0,2015-03-27,292000.0
4104500181,4.0,3.5,4610.0,12500.0,2.0,0.0,2.0,3,11,4610.0,0.0,2003,0.0,98033,47.6508,-122.203,2340.0,11538.0,2014-08-12,1650000.0
8701600030,5.0,1.0,1590.0,5000.0,1.5,0.0,0.0,3,7,1190.0,400.0,1929,0.0,98116,47.5752,-122.381,1590.0,5000.0,2014-11-13,518000.0
8944360390,3.0,2.5,1760.0,3097.0,2.0,0.0,0.0,3,8,1760.0,0.0,1992,0.0,98029,47.5764,-121.996,1760.0,3285.0,2015-03-05,485000.0
7968460270,3.0,2.0,1330.0,35060.0,1.0,0.0,0.0,3,7,1330.0,0.0,1989,0.0,98092,47.3128,-122.13,1660.0,35100.0,2015-03-03,259500.0
9406570350,4.0,2.5,2340.0,5420.0,2.0,0.0,0.0,3,8,2340.0,0.0,2003,0.0,98038,47.3773,-122.029,2420.0,6252.0,2015-04-23,354000.0
686900030,3.0,2.25,3740.0,22464.0,2.0,0.0,0.0,5,8,2330.0,1410.0,1966,0.0,98004,47.6354,-122.196,2680.0,19564.0,2015-03-23,999950.0
6071300030,3.0,1.75,1150.0,10466.0,1.0,0.0,0.0,5,7,1150.0,0.0,1959,0.0,98006,47.5531,-122.177,1350.0,10384.0,2014-06-24,464500.0
5416500520,3.0,2.5,1750.0,4200.0,2.0,0.0,0.0,3,7,1750.0,0.0,2005,0.0,98038,47.3605,-122.04,1890.0,4048.0,2014-08-25,300000.0
1102000270,3.0,2.75,3890.0,7216.0,2.0,0.0,1.0,3,8,3260.0,630.0,1967,20100.0,98118,47.5445,-122.266,2490.0,9920.0,2014-07-01,1080000.0
5422430320,4.0,2.5,1770.0,6666.0,2.0,0.0,0.0,3,7,1770.0,0.0,1989,0.0,98023,47.2877,-122.349,1780.0,6666.0,2014-07-21,309950.0
3157600340,3.0,1.0,1160.0,3700.0,1.5,0.0,0.0,3,7,1160.0,0.0,1909,0.0,98106,47.5651,-122.359,1340.0,3750.0,2014-09-17,315000.0
2061100435,3.0,1.0,1440.0,5580.0,1.5,0.0,0.0,3,7,1440.0,0.0,1908,0.0,98115,47.6898,-122.326,2010.0,5580.0,2014-07-24,499950.0
7011201550,4.0,2.0,2600.0,4800.0,1.0,0.0,2.0,3,8,1400.0,1200.0,1953,0.0,98119,47.637,-122.371,2050.0,3505.0,2014-07-07,780000.0
2581300055,3.0,3.25,2640.0,16090.0,1.0,,2.0,4,8,1960.0,680.0,1976,0.0,98040,47.5374,-122.213,3690.0,15000.0,2014-11-21,885000.0
1344300045,2.0,1.0,1010.0,3885.0,1.5,0.0,0.0,4,7,1010.0,0.0,1906,0.0,98112,47.6224,-122.304,1770.0,4200.0,2014-05-07,500000.0
7575620640,3.0,2.0,1840.0,6755.0,1.0,0.0,2.0,3,8,1840.0,0.0,1989,0.0,98003,47.3512,-122.305,1790.0,6459.0,2014-12-19,329000.0
8645500270,4.0,1.75,1720.0,7455.0,1.0,,0.0,4,7,1020.0,700.0,1963,0.0,98058,47.4669,-122.182,1720.0,7700.0,2014-10-28,246000.0
1246700136,3.0,1.5,1280.0,9600.0,1.0,0.0,0.0,4,7,1280.0,0.0,1960,0.0,98033,47.6922,-122.163,1510.0,10005.0,2014-12-23,405000.0
3211100240,4.0,1.75,1700.0,7800.0,1.0,0.0,0.0,5,7,1120.0,580.0,1981,0.0,98059,47.4801,-122.158,1560.0,7800.0,2014-05-29,349000.0
8078100140,4.0,2.5,1980.0,12062.0,2.0,0.0,0.0,3,8,1980.0,0.0,1992,0.0,98031,47.4038,-122.167,2300.0,7902.0,2015-03-23,374950.0
6675500105,3.0,2.0,1160.0,7217.0,1.0,0.0,0.0,3,7,1160.0,0.0,1969,0.0,98034,47.7279,-122.227,1870.0,9104.0,2014-07-29,306000.0
4040700310,4.0,1.75,1980.0,7840.0,1.0,0.0,0.0,4,7,990.0,990.0,1961,0.0,98008,47.6226,-122.115,1520.0,8400.0,2014-08-05,416000.0
6388910160,3.0,2.5,1960.0,12476.0,2.0,0.0,0.0,4,8,1960.0,0.0,1989,0.0,98056,47.5315,-122.172,2450.0,12177.0,2014-06-23,560000.0
4023500990,3.0,1.5,1270.0,20700.0,1.0,0.0,0.0,2,7,1150.0,120.0,1948,0.0,98155,47.7576,-122.296,1990.0,15000.0,2014-06-17,260000.0
2921049121,3.0,2.25,2060.0,38377.0,1.0,0.0,0.0,4,8,1560.0,500.0,1978,0.0,98003,47.2752,-122.319,2080.0,60513.0,2014-05-16,306500.0
7229210060,3.0,1.75,1980.0,11274.0,1.0,0.0,0.0,4,7,1480.0,500.0,1968,0.0,98058,47.4474,-122.167,1520.0,8010.0,2014-12-11,299950.0
4137040060,3.0,2.5,1450.0,8977.0,1.0,0.0,0.0,3,8,1450.0,0.0,1990,0.0,98092,47.2576,-122.214,2410.0,8850.0,2015-04-06,265500.0
7982600030,3.0,1.5,1200.0,12000.0,1.0,0.0,0.0,3,7,1200.0,0.0,1986,0.0,98001,47.268,-122.245,1200.0,9405.0,2014-08-12,219000.0
1775930140,3.0,1.75,1830.0,17349.0,1.0,0.0,0.0,3,8,1230.0,600.0,1977,0.0,98072,47.7427,-122.109,1840.0,11694.0,2015-05-05,365000.0
3222079083,3.0,2.0,2090.0,42689.0,1.5,0.0,0.0,3,7,2090.0,0.0,1959,19980.0,98010,47.3497,-121.944,1890.0,18276.0,2014-05-14,499000.0
3585210200,3.0,1.75,1510.0,8301.0,1.0,0.0,0.0,3,7,1510.0,,1967,0.0,98034,47.7243,-122.222,1460.0,7910.0,2014-06-02,366000.0
2705600069,3.0,2.25,1310.0,1264.0,3.0,0.0,0.0,3,8,1310.0,0.0,2014,0.0,98117,47.6987,-122.366,1330.0,2183.0,2015-05-01,514950.0
8691360200,4.0,2.75,3790.0,10669.0,2.0,0.0,0.0,3,10,3790.0,0.0,1999,0.0,98075,47.5976,-121.983,3750.0,11634.0,2014-06-04,875000.0
9541600350,3.0,2.25,2240.0,8800.0,1.0,0.0,0.0,5,8,2240.0,0.0,1957,0.0,98005,47.5937,-122.172,2240.0,8800.0,2015-01-20,831000.0
8562740400,4.0,3.25,2740.0,7266.0,2.0,0.0,0.0,3,9,2060.0,680.0,2003,0.0,98027,47.5346,-122.066,3030.0,6546.0,2014-05-15,689900.0
705700960,3.0,2.5,1660.0,10763.0,2.0,0.0,0.0,3,7,1660.0,0.0,1994,0.0,98038,47.3812,-122.029,2010.0,7983.0,2014-07-24,315000.0
2645500013,3.0,1.0,1480.0,7284.0,1.0,0.0,0.0,3,7,970.0,510.0,1963,0.0,98133,47.7757,-122.353,2020.0,7920.0,2014-06-24,336500.0
5318100200,3.0,2.75,2640.0,4050.0,1.5,0.0,0.0,5,8,1750.0,890.0,1926,0.0,98112,47.6332,-122.281,1920.0,3600.0,2014-05-27,1100000.0
2224700045,6.0,2.0,1900.0,8057.0,1.0,0.0,0.0,4,7,1170.0,730.0,1959,0.0,98133,47.762,-122.335,2090.0,8626.0,2014-08-04,375000.0
4047200135,3.0,2.0,2860.0,24046.0,1.0,0.0,0.0,3,9,1700.0,1160.0,1985,0.0,98019,47.7718,-121.904,1460.0,13648.0,2014-08-11,289275.0
2009000830,4.0,3.5,3440.0,6000.0,2.0,0.0,0.0,4,8,3440.0,0.0,2002,0.0,98198,47.4077,-122.331,1660.0,7800.0,2014-07-08,455000.0
6619910240,3.0,1.75,1640.0,10695.0,1.0,0.0,2.0,3,8,1640.0,0.0,1975,0.0,98034,47.7145,-122.222,2790.0,9775.0,2014-06-25,505000.0
5288200070,3.0,1.0,1450.0,3350.0,1.5,0.0,0.0,4,7,1450.0,0.0,1919,0.0,98126,47.5607,-122.378,1340.0,4255.0,2014-07-30,450000.0
7852110070,3.0,2.5,2300.0,7398.0,2.0,0.0,0.0,3,8,2300.0,0.0,2001,0.0,98065,47.5369,-121.876,2580.0,6983.0,2014-06-08,567500.0
740500070,3.0,1.5,1460.0,8505.0,1.0,0.0,0.0,4,7,1460.0,0.0,1955,0.0,98055,47.4402,-122.195,1580.0,8505.0,2014-10-06,265000.0
4046601420,3.0,2.0,1570.0,14992.0,1.0,,0.0,3,8,1570.0,0.0,2001,0.0,98014,47.6965,-121.922,1640.0,15000.0,2014-12-30,340000.0
2130700860,3.0,2.0,1540.0,8885.0,1.5,0.0,0.0,5,6,1540.0,0.0,1939,0.0,98019,47.7403,-121.984,1730.0,5000.0,2015-04-30,375000.0
3975400045,6.0,3.0,3300.0,4218.0,2.0,0.0,0.0,3,8,2200.0,1100.0,1970,0.0,98103,47.6557,-122.344,1420.0,4218.0,2014-12-26,920000.0
5451200520,4.0,2.25,2130.0,11843.0,2.0,0.0,0.0,4,9,2130.0,0.0,1972,0.0,98040,47.5358,-122.225,2380.0,11643.0,2014-06-12,850000.0
6600400270,3.0,1.0,1010.0,9750.0,1.0,0.0,0.0,5,7,1010.0,0.0,1969,0.0,98042,47.3244,-122.144,1230.0,9750.0,2014-12-10,202000.0
624100990,4.0,3.0,2420.0,12000.0,1.0,0.0,0.0,3,9,2420.0,0.0,1984,0.0,98077,47.7267,-122.063,3100.0,13020.0,2014-09-29,725000.0
2424059139,3.0,3.25,3870.0,33980.0,2.0,0.0,0.0,3,10,3150.0,720.0,1991,0.0,98006,47.5589,-122.117,3590.0,10750.0,2015-02-06,900000.0
2883200875,2.0,1.5,1960.0,6000.0,1.0,0.0,0.0,3,8,1210.0,750.0,1951,0.0,98103,47.6849,-122.333,2060.0,6000.0,2015-02-06,680200.0
1917300105,3.0,1.0,1170.0,9000.0,1.0,0.0,0.0,4,6,1170.0,0.0,1918,0.0,98022,47.2109,-121.987,1280.0,8160.0,2015-04-14,216500.0
7203000200,3.0,1.5,1890.0,7650.0,1.0,0.0,0.0,5,7,1890.0,0.0,1966,0.0,98003,47.3454,-122.314,1510.0,7560.0,2014-12-12,325000.0
9510971070,3.0,2.5,2250.0,4134.0,2.0,0.0,0.0,3,9,2250.0,0.0,2004,0.0,98052,47.6651,-122.084,2390.0,4134.0,2014-08-12,675000.0
3760500240,2.0,0.75,750.0,16321.0,1.0,0.0,1.0,3,4,750.0,0.0,1936,0.0,98034,47.6985,-122.229,3020.0,10625.0,2015-05-12,435000.0
4068300160,3.0,1.75,1610.0,14000.0,1.0,0.0,0.0,4,7,1050.0,560.0,1977,0.0,98010,47.3429,-122.036,1550.0,10080.0,2015-01-22,263500.0
1774220070,4.0,2.25,2590.0,36256.0,2.0,0.0,0.0,3,8,2590.0,0.0,1978,0.0,98077,47.769,-122.094,2670.0,35657.0,2015-05-07,550000.0
1563102685,3.0,2.5,2520.0,3750.0,2.0,0.0,1.0,4,9,2520.0,0.0,1995,0.0,98116,47.5671,-122.404,2250.0,6200.0,2015-04-22,875000.0
395800370,4.0,1.0,1340.0,8400.0,1.0,0.0,0.0,5,7,1340.0,0.0,1966,0.0,98023,47.3313,-122.343,1120.0,8400.0,2015-04-11,246600.0
3918400013,3.0,2.25,1460.0,941.0,3.0,,0.0,3,8,1460.0,0.0,2006,0.0,98133,47.7145,-122.356,1490.0,1399.0,2014-07-01,337000.0
1545804820,3.0,1.75,1380.0,7500.0,1.0,0.0,0.0,3,7,1380.0,0.0,1988,0.0,98038,47.3628,-122.045,1530.0,7500.0,2014-11-11,240000.0
7811220070,3.0,1.75,1510.0,11120.0,1.0,0.0,0.0,4,8,1510.0,0.0,1984,0.0,98005,47.5931,-122.158,2660.0,10800.0,2014-09-10,490000.0
5561100431,5.0,2.5,2510.0,83231.0,1.0,0.0,0.0,4,7,1260.0,1250.0,1975,0.0,98027,47.4576,-121.984,2460.0,46431.0,2014-08-06,510000.0
5145100310,3.0,1.0,910.0,8008.0,1.0,0.0,0.0,3,7,910.0,0.0,1971,0.0,98034,47.726,-122.22,1480.0,7404.0,2015-03-07,305000.0
255550270,3.0,2.5,1970.0,3655.0,2.0,0.0,0.0,3,7,1970.0,0.0,2003,0.0,98019,47.7453,-121.984,1970.0,2952.0,2015-04-03,350000.0
1123049129,3.0,1.75,1540.0,6632.0,1.0,0.0,0.0,3,7,1070.0,470.0,1959,0.0,98178,47.4973,-122.252,2510.0,6618.0,2015-02-24,284200.0
9407150310,4.0,2.5,1980.0,9757.0,2.0,0.0,0.0,5,7,1980.0,0.0,1995,0.0,98038,47.3675,-122.019,1610.0,6147.0,2015-01-28,357000.0
7732501000,4.0,2.75,3150.0,38865.0,1.0,0.0,0.0,3,10,2480.0,670.0,1986,0.0,98052,47.7302,-122.106,3150.0,35880.0,2014-06-17,854000.0
1024069205,4.0,2.5,4700.0,49658.0,2.0,0.0,0.0,3,10,4700.0,0.0,1999,0.0,98075,47.5878,-122.022,2870.0,49658.0,2015-01-14,1180000.0
5426300060,3.0,2.25,2300.0,15952.0,1.0,0.0,0.0,4,8,1150.0,1150.0,1963,0.0,98039,47.6322,-122.232,2200.0,14284.0,2014-10-08,1000000.0
3797000400,4.0,2.25,1880.0,3000.0,2.0,0.0,0.0,3,8,1760.0,120.0,1909,19770.0,98103,47.6864,-122.349,1880.0,3000.0,2014-11-25,616500.0
2877102196,4.0,2.75,2640.0,3750.0,2.0,0.0,0.0,5,7,1840.0,800.0,1911,0.0,98117,47.6783,-122.363,1690.0,5000.0,2014-11-25,750000.0
9265200060,6.0,4.5,3900.0,9100.0,2.0,0.0,0.0,3,8,2870.0,1030.0,1979,0.0,98052,47.6612,-122.137,2080.0,9216.0,2014-10-07,650000.0
2894700270,4.0,2.25,2670.0,10050.0,1.0,0.0,0.0,4,8,1420.0,1250.0,1962,0.0,98032,47.3792,-122.28,2190.0,10050.0,2014-07-15,275000.0
2862100260,4.0,1.75,1840.0,4280.0,1.0,0.0,0.0,4,7,920.0,920.0,1918,0.0,98105,47.6681,-122.32,1660.0,4280.0,2014-10-03,540000.0
2730000070,3.0,1.0,1120.0,10665.0,1.0,,0.0,4,6,1120.0,0.0,1961,0.0,98001,47.2886,-122.274,1240.0,10639.0,2014-08-14,225000.0
4139400060,4.0,2.5,2970.0,9072.0,2.0,0.0,0.0,3,10,2970.0,0.0,1991,0.0,98006,47.562,-122.114,2740.0,8729.0,2015-04-09,845000.0
4365200520,3.0,2.25,1410.0,7740.0,1.0,0.0,0.0,5,6,1410.0,0.0,1923,0.0,98126,47.523,-122.371,1220.0,7740.0,2015-03-12,490000.0
3629980350,4.0,2.5,3060.0,8167.0,2.0,0.0,0.0,3,9,3060.0,0.0,2005,0.0,98029,47.5521,-121.989,2930.0,4800.0,2014-12-09,753000.0
3211600140,3.0,1.75,2490.0,7210.0,1.0,0.0,0.0,3,7,1290.0,,1972,0.0,98034,47.726,-122.198,1610.0,7210.0,2015-02-09,475000.0
3598600049,1.0,0.75,840.0,7203.0,1.5,0.0,0.0,3,6,840.0,0.0,1949,0.0,98168,47.4756,-122.301,1560.0,8603.0,2014-10-03,124000.0
3598600049,1.0,0.75,840.0,7203.0,1.5,0.0,0.0,3,6,840.0,0.0,1949,0.0,98168,47.4756,-122.301,1560.0,8603.0,2015-04-24,224000.0
1232001070,2.0,1.0,1130.0,3800.0,1.0,,0.0,4,7,1130.0,0.0,1916,0.0,98117,47.6862,-122.378,1470.0,3800.0,2014-08-14,485000.0
7812801925,4.0,1.75,1850.0,6000.0,1.0,0.0,0.0,4,6,1270.0,580.0,1944,0.0,98178,47.4923,-122.247,1270.0,6600.0,2014-06-24,230000.0
522059062,4.0,2.75,2330.0,14175.0,1.0,,0.0,3,7,1800.0,530.0,1980,0.0,98031,47.4193,-122.194,1480.0,10125.0,2014-11-05,372000.0
4178500640,4.0,2.5,1880.0,9426.0,2.0,0.0,0.0,4,7,1880.0,0.0,1990,0.0,98042,47.3584,-122.089,1760.0,7040.0,2015-05-07,306000.0
9528104660,4.0,3.5,2980.0,3000.0,2.0,0.0,0.0,3,9,2340.0,640.0,2008,0.0,98115,47.6768,-122.326,1810.0,4545.0,2014-08-27,905000.0
5013500400,4.0,1.0,1440.0,6678.0,1.0,0.0,0.0,3,7,1040.0,400.0,1950,0.0,98116,47.571,-122.392,1320.0,6678.0,2015-03-26,440000.0
2550820060,3.0,1.75,1630.0,10001.0,1.0,0.0,0.0,4,7,1100.0,530.0,1977,0.0,98042,47.3605,-122.12,1630.0,10001.0,2015-04-28,280000.0
425079046,3.0,2.5,1778.0,147823.0,2.0,0.0,0.0,3,7,1778.0,0.0,1999,0.0,98014,47.6811,-121.915,2840.0,43676.0,2014-07-29,435000.0
3905050240,3.0,2.5,1930.0,4500.0,2.0,0.0,0.0,3,8,1930.0,0.0,1990,0.0,98029,47.5791,-122.001,1770.0,4500.0,2014-06-24,425000.0
5381000070,2.0,0.75,1130.0,11429.0,1.0,0.0,0.0,3,7,1130.0,0.0,1956,0.0,98188,47.4526,-122.284,1550.0,10700.0,2014-08-26,204950.0
1245002445,2.0,1.75,1650.0,7500.0,1.0,0.0,0.0,4,7,1000.0,650.0,1959,0.0,98033,47.6871,-122.207,2530.0,9000.0,2014-07-14,670000.0
6865200831,2.0,1.0,820.0,2723.0,1.0,0.0,0.0,3,7,820.0,0.0,1921,0.0,98103,47.6623,-122.339,1370.0,3850.0,2014-05-07,475000.0
1446801000,5.0,2.5,2900.0,6650.0,1.0,0.0,0.0,3,7,1450.0,1450.0,1964,0.0,98168,47.4935,-122.332,1600.0,8246.0,2015-03-20,352000.0
4038700830,4.0,1.75,2330.0,8800.0,1.0,0.0,2.0,4,7,1260.0,1070.0,1961,0.0,98008,47.6148,-122.113,2270.0,8800.0,2015-04-09,575000.0
4094800260,4.0,3.5,4440.0,20668.0,2.0,0.0,2.0,5,10,3240.0,1200.0,1965,0.0,98040,47.5472,-122.235,4240.0,18650.0,2014-11-26,1730000.0
2742100152,3.0,2.0,1660.0,5070.0,2.0,0.0,3.0,3,8,1660.0,0.0,1950,0.0,98108,47.5552,-122.296,2440.0,6664.0,2014-10-13,491000.0
8691410060,4.0,2.5,3020.0,7465.0,2.0,0.0,0.0,3,9,3020.0,0.0,2004,0.0,98075,47.5982,-121.98,3100.0,5587.0,2014-07-09,750000.0
1325059083,4.0,2.5,1850.0,50662.0,1.0,0.0,0.0,3,8,1430.0,420.0,1978,0.0,98052,47.6535,-122.119,2090.0,10599.0,2014-05-27,830000.0
7852011070,6.0,3.75,5960.0,20197.0,2.0,0.0,4.0,3,10,3900.0,2060.0,2005,0.0,98065,47.5398,-121.869,3860.0,12800.0,2015-01-09,1140000.0
2323059074,3.0,1.0,960.0,27442.0,1.0,0.0,0.0,4,6,960.0,0.0,1970,0.0,98058,47.4676,-122.134,1100.0,29019.0,2014-07-09,137124.0
7950304075,4.0,1.0,1150.0,6000.0,1.5,0.0,0.0,3,6,1150.0,0.0,1907,0.0,98118,47.562,-122.283,840.0,3030.0,2014-08-13,225000.0
3260000340,4.0,2.5,2130.0,7300.0,1.0,0.0,0.0,4,7,1230.0,900.0,1963,0.0,98005,47.605,-122.167,2130.0,7560.0,2014-06-22,732600.0
9552701000,4.0,2.25,2460.0,8001.0,2.0,0.0,0.0,4,8,2460.0,0.0,1984,0.0,98006,47.548,-122.154,2460.0,9126.0,2015-03-16,818000.0
5469501200,3.0,2.25,2360.0,14950.0,1.0,0.0,0.0,4,9,2360.0,0.0,1978,0.0,98042,47.3856,-122.158,2720.0,14388.0,2014-08-20,431000.0
6300500105,2.0,2.25,1320.0,1034.0,3.0,0.0,0.0,3,7,1320.0,,1996,0.0,98133,47.7039,-122.344,1330.0,1206.0,2014-10-02,304000.0
4400200060,5.0,2.0,1910.0,4667.0,1.0,,0.0,3,7,1010.0,900.0,1908,0.0,98112,47.6236,-122.306,1230.0,2545.0,2014-10-21,650000.0
5422560860,2.0,2.0,1610.0,6160.0,2.0,0.0,0.0,4,8,1610.0,0.0,1977,0.0,98052,47.6644,-122.13,1750.0,6305.0,2015-04-10,450000.0
7789000260,4.0,1.0,1610.0,8401.0,1.0,0.0,0.0,3,7,1610.0,0.0,1958,0.0,98056,47.5104,-122.165,1610.0,8401.0,2014-08-22,269000.0
8861000060,3.0,1.0,1160.0,10732.0,1.0,,0.0,3,7,1160.0,0.0,1953,0.0,98004,47.6391,-122.205,2390.0,13656.0,2014-12-31,875000.0
9350900550,4.0,2.25,2870.0,8393.0,1.0,0.0,0.0,4,8,1480.0,1390.0,1977,0.0,98040,47.5787,-122.245,2930.0,9850.0,2015-04-29,890000.0
9560800310,4.0,2.5,2280.0,9725.0,2.0,0.0,0.0,3,8,2280.0,0.0,1986,0.0,98072,47.7568,-122.141,2140.0,8780.0,2014-10-09,565000.0
9187200228,2.0,2.0,1370.0,1339.0,2.0,0.0,0.0,4,8,1150.0,220.0,2006,0.0,98122,47.6021,-122.295,1370.0,1339.0,2015-03-13,448175.0
7215730070,5.0,3.0,2970.0,6500.0,2.0,0.0,0.0,3,9,2970.0,0.0,2000,0.0,98075,47.5973,-122.018,2970.0,6588.0,2014-09-11,680000.0
121039083,3.0,1.75,1460.0,12367.0,2.0,1.0,4.0,4,8,1120.0,340.0,1970,0.0,98023,47.3311,-122.375,1970.0,18893.0,2015-02-06,629000.0
2770601677,3.0,3.5,1570.0,1486.0,2.5,,0.0,3,8,1330.0,240.0,2000,0.0,98199,47.652,-122.384,1610.0,1486.0,2015-04-22,494000.0
3720800070,4.0,3.0,2880.0,5500.0,2.0,0.0,0.0,4,9,1920.0,960.0,1926,0.0,98102,47.6448,-122.317,2110.0,5500.0,2015-01-27,1100000.0
3558910570,5.0,2.5,1900.0,9460.0,1.0,0.0,0.0,3,7,1190.0,710.0,1969,0.0,98034,47.7096,-122.202,1940.0,8360.0,2015-01-16,450000.0
1081300390,3.0,1.75,2020.0,11050.0,1.0,0.0,0.0,4,8,1320.0,700.0,1969,0.0,98059,47.4706,-122.119,1940.0,11050.0,2014-10-30,330000.0
7805450560,4.0,2.5,3110.0,11397.0,2.0,0.0,3.0,4,10,3110.0,0.0,1984,0.0,98006,47.5623,-122.106,3110.0,11586.0,2014-08-20,960000.0
6648770240,4.0,2.5,2390.0,7056.0,2.0,0.0,0.0,3,9,2390.0,0.0,1990,0.0,98001,47.3385,-122.264,2590.0,7801.0,2014-12-24,360000.0
5104520810,3.0,2.5,2150.0,11672.0,2.0,0.0,0.0,3,8,2150.0,0.0,2004,0.0,98038,47.3515,-122.006,2150.0,5450.0,2014-08-10,378000.0
2719100400,3.0,1.75,1340.0,6250.0,1.0,0.0,0.0,4,7,1090.0,250.0,1941,0.0,98136,47.5427,-122.386,1550.0,1755.0,2014-09-12,499950.0
255000320,3.0,2.5,1990.0,12866.0,2.0,0.0,0.0,4,7,1990.0,0.0,1986,0.0,98072,47.7477,-122.17,2310.0,8803.0,2014-07-24,450000.0
5398600075,2.0,2.0,1600.0,5969.0,1.0,0.0,0.0,4,7,800.0,800.0,1950,0.0,98116,47.5691,-122.394,1520.0,5969.0,2014-08-25,523500.0
7695470200,3.0,2.5,2680.0,43995.0,2.0,0.0,0.0,3,9,2680.0,0.0,1986,0.0,98077,47.7655,-122.086,2520.0,37277.0,2014-12-08,600000.0
6892510200,3.0,2.5,2080.0,4828.0,2.0,,0.0,3,8,2080.0,0.0,2002,0.0,98042,47.3737,-122.132,2190.0,4620.0,2014-06-02,290000.0
4123800320,3.0,3.25,1340.0,5434.0,2.0,0.0,0.0,3,7,1340.0,0.0,1986,0.0,98038,47.3779,-122.045,1670.0,6203.0,2015-02-06,176000.0
809001505,3.0,2.0,2590.0,3750.0,1.5,0.0,0.0,5,7,1790.0,800.0,1904,0.0,98109,47.635,-122.353,2440.0,4000.0,2014-09-18,885000.0
3856905185,2.0,1.75,1240.0,3000.0,1.5,0.0,0.0,3,7,1240.0,0.0,1906,0.0,98105,47.6689,-122.326,1800.0,4080.0,2014-06-24,483000.0
4051100390,3.0,1.0,1310.0,7125.0,1.0,0.0,0.0,4,7,1310.0,0.0,1978,0.0,98042,47.3739,-122.148,1650.0,7290.0,2015-05-08,240000.0
579003240,4.0,2.25,2530.0,5200.0,1.0,0.0,1.0,4,8,1530.0,1000.0,1957,0.0,98117,47.6985,-122.382,2240.0,5200.0,2014-09-25,720000.0
2333230060,4.0,2.5,1780.0,5822.0,2.0,0.0,0.0,3,7,1780.0,0.0,2001,0.0,98058,47.4455,-122.169,1990.0,4092.0,2014-11-05,311000.0
7129303240,3.0,2.0,1600.0,7995.0,1.0,0.0,0.0,3,7,1600.0,,1950,19840.0,98118,47.5177,-122.257,2440.0,6900.0,2015-01-02,332500.0
1219000473,3.0,1.75,1570.0,15330.0,1.0,0.0,0.0,3,7,1080.0,490.0,1956,0.0,98166,47.4608,-122.34,1250.0,13330.0,2014-06-26,164950.0
1219000473,3.0,1.75,1570.0,15330.0,1.0,0.0,0.0,3,7,1080.0,490.0,1956,0.0,98166,47.4608,-122.34,1250.0,13330.0,2015-03-23,371000.0
5469700060,3.0,1.75,1650.0,16200.0,1.0,0.0,0.0,3,7,1650.0,0.0,1976,0.0,98031,47.3926,-122.168,1650.0,8680.0,2015-01-23,264500.0
1118000935,4.0,2.25,2920.0,6513.0,2.0,0.0,0.0,4,9,2260.0,660.0,1937,0.0,98112,47.638,-122.29,4510.0,9248.0,2014-07-05,1740000.0
8819900055,2.0,1.0,870.0,4280.0,1.0,0.0,2.0,4,6,870.0,0.0,1921,0.0,98105,47.6697,-122.29,1750.0,4280.0,2015-03-30,503000.0
1995200338,4.0,2.5,2830.0,5010.0,2.0,0.0,0.0,3,9,2170.0,660.0,2000,0.0,98115,47.6952,-122.327,1880.0,5739.0,2014-10-29,738000.0
91000320,2.0,1.0,980.0,3350.0,1.0,0.0,0.0,4,7,980.0,0.0,1925,0.0,98103,47.6858,-122.352,1260.0,4000.0,2014-09-23,393000.0
8887001600,2.0,1.0,990.0,45528.0,1.0,,0.0,4,7,990.0,0.0,1992,0.0,98070,47.5013,-122.463,1730.0,45528.0,2015-04-12,280000.0
7183000060,4.0,2.5,2360.0,9647.0,1.0,0.0,2.0,3,8,1530.0,830.0,1964,0.0,98003,47.3367,-122.332,2580.0,9680.0,2015-03-25,260000.0
194000565,2.0,1.0,1000.0,4640.0,1.0,0.0,2.0,3,7,1000.0,0.0,1915,0.0,98116,47.5659,-122.389,1940.0,5800.0,2015-04-09,505000.0
3830610320,3.0,1.5,1660.0,8000.0,1.0,0.0,0.0,4,7,1120.0,540.0,1976,0.0,98030,47.353,-122.172,1900.0,7500.0,2015-01-05,241000.0
7922710320,3.0,1.75,1520.0,9605.0,1.0,0.0,0.0,3,7,1520.0,0.0,1975,0.0,98052,47.667,-122.142,2040.0,9900.0,2015-03-16,530000.0
1231000310,1.0,1.0,1180.0,4000.0,1.5,0.0,2.0,4,8,840.0,340.0,1910,0.0,98118,47.5561,-122.266,1420.0,4000.0,2014-08-12,713000.0
173000140,3.0,1.75,1770.0,10125.0,2.0,0.0,0.0,3,7,1770.0,0.0,1944,0.0,98133,47.7289,-122.353,1680.0,9825.0,2014-07-22,487000.0
8651411260,2.0,1.0,980.0,5393.0,1.0,0.0,0.0,3,6,980.0,0.0,1969,0.0,98042,47.3674,-122.081,980.0,5200.0,2014-11-13,128000.0
7272000260,3.0,1.0,1840.0,10178.0,1.0,0.0,0.0,3,7,1040.0,800.0,1960,0.0,98198,47.3979,-122.317,2040.0,10660.0,2014-11-13,210500.0
2787700060,3.0,2.5,1810.0,7210.0,1.0,0.0,0.0,5,7,1210.0,600.0,1968,0.0,98059,47.5067,-122.163,1770.0,7210.0,2015-01-15,420000.0
5499700045,3.0,2.5,1780.0,4320.0,2.0,,0.0,4,8,1780.0,0.0,1930,19860.0,98115,47.6809,-122.293,1690.0,4952.0,2014-10-30,679000.0
9433000390,4.0,2.75,2840.0,4227.0,3.0,0.0,0.0,3,9,2840.0,0.0,2014,0.0,98052,47.7097,-122.107,2880.0,4227.0,2014-12-18,784950.0
7300400200,4.0,2.5,2650.0,6366.0,2.0,0.0,0.0,3,9,2650.0,0.0,1998,0.0,98092,47.3325,-122.171,2650.0,6200.0,2014-11-19,352000.0
2771101963,3.0,1.5,1270.0,1318.0,2.0,0.0,0.0,3,7,1080.0,190.0,2004,0.0,98199,47.6526,-122.384,1360.0,1488.0,2014-06-11,386000.0
123039346,3.0,1.75,1260.0,17000.0,1.0,0.0,0.0,3,7,1260.0,0.0,1994,0.0,98146,47.5114,-122.361,1540.0,7213.0,2015-04-30,335000.0
524069116,3.0,2.0,1750.0,15500.0,1.0,0.0,0.0,3,7,1490.0,260.0,1982,0.0,98075,47.5887,-122.065,2450.0,50094.0,2014-06-02,472500.0
3583300075,5.0,2.25,2680.0,13292.0,1.0,0.0,0.0,3,8,1340.0,1340.0,1976,0.0,98028,47.7422,-122.257,2220.0,13181.0,2014-11-03,599950.0
7203220030,4.0,3.25,3830.0,6765.0,2.0,0.0,0.0,3,9,3830.0,0.0,2014,0.0,98053,47.685,-122.016,3830.0,6507.0,2014-07-24,963990.0
1250201550,3.0,2.0,1610.0,3600.0,2.0,0.0,2.0,5,8,1610.0,0.0,1925,0.0,98144,47.5969,-122.293,2540.0,6600.0,2014-09-25,735000.0
8651611260,3.0,4.25,3840.0,9751.0,2.0,0.0,0.0,3,10,3840.0,0.0,1998,0.0,98074,47.6347,-122.064,3230.0,7189.0,2015-03-17,858450.0
1797501275,5.0,2.75,2670.0,4000.0,2.0,0.0,0.0,4,7,1800.0,870.0,1914,0.0,98105,47.6711,-122.315,2460.0,4000.0,2015-05-07,665000.0
2215900800,3.0,2.5,2000.0,7414.0,2.0,0.0,0.0,4,7,2000.0,0.0,1993,0.0,98038,47.3508,-122.057,2000.0,7414.0,2014-07-31,290000.0
7883602650,2.0,1.0,860.0,4320.0,1.0,,0.0,3,7,860.0,0.0,1925,0.0,98108,47.5263,-122.325,980.0,6000.0,2015-04-13,250000.0
3546000340,3.0,1.75,1420.0,7205.0,1.0,0.0,0.0,3,7,1420.0,0.0,1986,0.0,98030,47.3555,-122.175,1690.0,7405.0,2014-10-08,192500.0
6118600045,4.0,2.0,2060.0,13400.0,1.0,0.0,2.0,4,8,2060.0,0.0,1957,0.0,98166,47.4404,-122.34,1950.0,10370.0,2014-08-25,350000.0
1123059116,4.0,2.5,2790.0,9910.0,2.0,0.0,0.0,3,8,2790.0,0.0,2003,0.0,98059,47.4891,-122.141,2590.0,9910.0,2015-03-19,518000.0
124000160,4.0,1.0,1410.0,3376.0,1.5,0.0,0.0,5,7,1410.0,0.0,1911,0.0,98107,47.6606,-122.365,1040.0,3600.0,2014-07-01,563000.0
8733000045,4.0,3.0,2420.0,9566.0,2.0,0.0,0.0,3,7,2420.0,0.0,2003,0.0,98188,47.4693,-122.266,2420.0,9135.0,2014-10-07,375000.0
263000327,3.0,2.5,1460.0,1319.0,3.0,0.0,0.0,3,8,1460.0,0.0,2002,0.0,98103,47.698,-122.349,1430.0,1530.0,2015-02-27,400000.0
5153200358,5.0,1.75,2460.0,16000.0,1.0,0.0,0.0,3,7,1230.0,1230.0,1957,0.0,98023,47.3305,-122.351,1990.0,16000.0,2014-10-29,240000.0
2258500045,2.0,1.0,1000.0,5120.0,1.0,0.0,0.0,3,6,1000.0,0.0,1902,0.0,98122,47.6088,-122.307,1940.0,4300.0,2014-09-23,317500.0
6137500310,5.0,4.0,4420.0,36342.0,2.0,0.0,0.0,5,10,2740.0,1680.0,1982,0.0,98007,47.6468,-122.151,3720.0,37034.0,2015-02-13,1320000.0
3323069045,3.0,1.0,1240.0,239144.0,1.0,0.0,0.0,3,6,1240.0,0.0,1921,19920.0,98038,47.4303,-122.046,1990.0,109335.0,2014-11-10,234000.0
8563070030,3.0,2.5,1740.0,13750.0,2.0,0.0,0.0,4,9,1740.0,0.0,1975,0.0,98008,47.6264,-122.092,2540.0,14300.0,2014-05-13,645000.0
425049036,2.0,1.0,1280.0,4840.0,1.0,0.0,0.0,3,7,1200.0,80.0,1908,0.0,98115,47.6762,-122.299,1860.0,5500.0,2015-03-09,649000.0
8562750550,4.0,2.5,2520.0,3980.0,2.0,0.0,0.0,3,8,2520.0,0.0,2004,0.0,98027,47.5399,-122.07,2580.0,3980.0,2015-04-17,605000.0
767000159,3.0,3.5,1500.0,1471.0,3.0,0.0,0.0,3,7,1500.0,0.0,1999,0.0,98177,47.7034,-122.362,1500.0,1445.0,2014-08-21,337900.0
5366200030,3.0,2.75,2490.0,3600.0,2.0,0.0,0.0,3,8,2290.0,200.0,1906,0.0,98122,47.6098,-122.292,1880.0,3600.0,2015-02-05,535000.0
7857000861,4.0,1.0,1530.0,5684.0,1.0,0.0,0.0,3,7,1130.0,400.0,1957,0.0,98108,47.5507,-122.298,1540.0,6095.0,2014-09-22,325000.0
1094000030,4.0,2.25,1740.0,10875.0,1.0,0.0,0.0,3,8,1740.0,0.0,1967,0.0,98059,47.5132,-122.157,1680.0,10701.0,2014-12-15,429950.0
1853000030,3.0,2.5,3550.0,32807.0,2.0,,0.0,3,9,3550.0,0.0,1989,0.0,98077,47.7292,-122.082,3270.0,35001.0,2015-04-16,775000.0
5318101040,2.0,1.0,1280.0,6000.0,1.0,0.0,0.0,3,7,1280.0,0.0,1965,0.0,98112,47.6339,-122.282,2460.0,4800.0,2014-07-31,650000.0
3623500049,4.0,2.25,2320.0,13114.0,2.0,0.0,0.0,5,8,2320.0,0.0,1967,0.0,98040,47.5762,-122.239,2740.0,15000.0,2015-05-01,1200000.0
1026049036,2.0,1.0,1140.0,10404.0,1.0,0.0,0.0,3,5,1140.0,0.0,1935,0.0,98155,47.7497,-122.286,2200.0,11550.0,2014-09-10,275000.0
8568030030,4.0,3.5,3930.0,16970.0,2.0,0.0,0.0,3,9,3930.0,0.0,1997,0.0,98019,47.7412,-121.966,2740.0,17219.0,2014-07-29,575000.0
4022906531,3.0,2.5,2370.0,16455.0,1.0,0.0,0.0,5,7,1640.0,730.0,1959,0.0,98155,47.7634,-122.277,2170.0,15551.0,2014-08-06,540000.0
5700002325,3.0,1.75,2340.0,4206.0,1.0,0.0,0.0,5,7,1170.0,1170.0,1917,0.0,98144,47.5759,-122.288,1360.0,4725.0,2014-06-05,640000.0
2473100510,3.0,1.5,1240.0,9125.0,1.0,0.0,0.0,4,7,1240.0,0.0,1967,0.0,98058,47.4469,-122.155,1670.0,9125.0,2014-09-23,275000.0
629811600,4.0,2.5,2740.0,10533.0,2.0,0.0,0.0,3,9,2740.0,0.0,1997,0.0,98074,47.6095,-122.006,2760.0,8603.0,2014-07-24,672800.0
7923300310,4.0,2.25,1940.0,9144.0,1.0,0.0,0.0,4,7,1430.0,510.0,1956,0.0,98007,47.5942,-122.135,1460.0,9437.0,2014-05-27,495000.0
4054560140,3.0,2.5,2950.0,35108.0,1.5,0.0,0.0,3,10,2950.0,0.0,1995,0.0,98077,47.7316,-122.035,3810.0,35181.0,2014-09-26,820000.0
4027700632,4.0,2.75,1980.0,11443.0,1.0,0.0,0.0,5,7,1980.0,0.0,1952,0.0,98155,47.7707,-122.273,2080.0,15700.0,2014-06-09,475000.0
2818100060,4.0,2.0,2850.0,7861.0,1.0,0.0,4.0,4,10,1450.0,1400.0,1970,0.0,98117,47.6995,-122.397,2810.0,8087.0,2014-05-20,1280000.0
1771000960,3.0,1.0,1160.0,9375.0,1.0,0.0,0.0,3,7,1160.0,0.0,1967,0.0,98077,47.7419,-122.073,1160.0,9650.0,2015-04-29,380000.0
2591830350,3.0,2.0,2130.0,8225.0,1.0,0.0,0.0,4,8,2130.0,0.0,1987,0.0,98058,47.4396,-122.162,2580.0,8225.0,2014-08-20,397500.0
8842400071,5.0,2.5,2420.0,8560.0,1.0,0.0,2.0,3,7,1620.0,800.0,1978,0.0,98118,47.532,-122.285,2210.0,7040.0,2014-05-07,352000.0
7856700060,6.0,2.5,2820.0,8600.0,1.0,0.0,0.0,5,8,1430.0,1390.0,1967,0.0,98006,47.565,-122.144,2070.0,8900.0,2015-04-13,893880.0
9186300060,5.0,3.25,3710.0,34200.0,2.0,0.0,0.0,3,8,2510.0,1200.0,1986,0.0,98074,47.6101,-122.047,1720.0,23100.0,2014-09-16,635000.0
3275740030,3.0,2.25,1770.0,8165.0,2.0,,0.0,3,7,1770.0,0.0,1977,0.0,98034,47.7166,-122.236,1650.0,8165.0,2014-05-07,420000.0
452001860,3.0,2.0,1260.0,2500.0,1.0,0.0,0.0,4,7,750.0,510.0,1987,0.0,98107,47.6748,-122.371,1710.0,5000.0,2015-03-21,503000.0
7779200075,2.0,1.75,2330.0,10143.0,1.0,,2.0,4,7,1220.0,1110.0,1953,0.0,98146,47.4899,-122.359,2560.0,9750.0,2014-09-09,689000.0
3975400260,4.0,2.75,2490.0,3840.0,1.5,0.0,0.0,4,7,1610.0,880.0,1922,0.0,98103,47.6551,-122.344,1420.0,4000.0,2014-09-02,749500.0
2225059336,6.0,3.75,4090.0,49542.0,2.0,0.0,0.0,3,9,3100.0,990.0,1984,0.0,98005,47.6408,-122.153,2980.0,43357.0,2014-10-06,1150000.0
8567450060,4.0,2.5,2800.0,12831.0,2.0,0.0,0.0,3,8,2800.0,0.0,2001,0.0,98019,47.7392,-121.966,2810.0,10235.0,2014-06-09,563500.0
6178930340,4.0,3.0,2440.0,9664.0,2.0,0.0,0.0,3,8,1890.0,550.0,1981,0.0,98028,47.7649,-122.253,2380.0,9609.0,2014-06-30,480000.0
8731990370,4.0,3.0,2540.0,8800.0,1.0,0.0,1.0,3,9,1620.0,920.0,1977,0.0,98023,47.3204,-122.387,2540.0,8800.0,2015-04-22,374950.0
9407150350,3.0,2.5,1600.0,6250.0,2.0,0.0,0.0,3,7,1600.0,0.0,1995,0.0,98038,47.3675,-122.02,1760.0,6110.0,2015-04-10,308950.0
3438502200,4.0,2.75,2680.0,16934.0,1.0,,0.0,4,7,1340.0,1340.0,1958,0.0,98106,47.542,-122.364,1240.0,7000.0,2014-09-17,445000.0
1274500700,3.0,1.5,1220.0,9000.0,1.0,,0.0,4,7,1220.0,0.0,1968,0.0,98042,47.3642,-122.109,1220.0,9472.0,2015-04-21,237200.0
5667100045,3.0,1.75,1550.0,7270.0,1.5,0.0,0.0,5,7,1550.0,0.0,1953,0.0,98125,47.72,-122.317,1050.0,7210.0,2014-09-02,453500.0
2887700560,3.0,2.0,2080.0,4549.0,1.0,,0.0,5,7,1040.0,1040.0,1954,0.0,98115,47.6886,-122.309,1620.0,4549.0,2015-05-07,616500.0
7215720070,5.0,5.0,5000.0,32909.0,2.0,,0.0,3,10,5000.0,0.0,2000,0.0,98075,47.6012,-122.022,3030.0,12601.0,2014-08-06,1250000.0
6638900550,1.0,1.0,630.0,5150.0,1.0,0.0,0.0,4,5,630.0,0.0,1954,0.0,98117,47.6923,-122.369,1390.0,5150.0,2015-04-07,396000.0
723049307,3.0,1.0,1070.0,8179.0,1.0,0.0,0.0,3,6,1070.0,0.0,1949,0.0,98146,47.5015,-122.349,1050.0,8177.0,2014-07-08,210000.0
7577700521,2.0,1.75,1900.0,5175.0,1.0,0.0,0.0,3,7,1200.0,700.0,1919,0.0,98116,47.5689,-122.386,1370.0,5175.0,2014-10-01,539000.0
7888700030,3.0,2.5,2960.0,18600.0,2.0,0.0,0.0,3,8,2960.0,0.0,1979,0.0,98166,47.4358,-122.344,2740.0,15681.0,2014-08-25,605000.0
3501600135,3.0,2.0,1490.0,4800.0,2.0,0.0,0.0,5,6,1490.0,0.0,1948,0.0,98117,47.6933,-122.361,1500.0,4800.0,2014-07-07,437500.0
1822059331,3.0,1.5,1500.0,15000.0,1.0,,0.0,3,7,1500.0,0.0,1952,0.0,98031,47.3926,-122.208,1790.0,13905.0,2014-07-16,215000.0
7852030310,4.0,2.5,2410.0,4780.0,2.0,0.0,0.0,3,7,2410.0,0.0,2000,0.0,98065,47.5326,-121.879,2410.0,4025.0,2014-06-18,440000.0
8901001090,3.0,1.0,2000.0,22500.0,1.0,0.0,0.0,3,7,1680.0,320.0,1939,0.0,98125,47.711,-122.308,2000.0,10000.0,2014-11-17,525000.0
192450200,3.0,1.5,1140.0,20383.0,1.0,0.0,0.0,3,7,840.0,300.0,1985,0.0,98045,47.4755,-121.758,1200.0,15625.0,2014-08-21,319900.0
1771100030,3.0,1.0,1120.0,9075.0,1.0,0.0,0.0,3,7,1120.0,0.0,1977,0.0,98077,47.7551,-122.072,1120.0,9705.0,2015-01-06,335000.0
1560920370,3.0,2.25,2900.0,35273.0,2.0,0.0,0.0,3,9,2900.0,0.0,1986,0.0,98038,47.4013,-122.03,2510.0,38487.0,2014-11-07,485000.0
8731981360,4.0,2.25,3220.0,7700.0,2.0,0.0,0.0,4,8,3220.0,0.0,1976,0.0,98023,47.3188,-122.38,2570.0,7700.0,2014-09-25,359999.0
9541600060,5.0,2.75,2500.0,19783.0,1.0,0.0,3.0,4,8,2500.0,0.0,1959,0.0,98005,47.5938,-122.174,1700.0,15375.0,2014-08-07,799000.0
2923049468,3.0,2.25,1610.0,10454.0,1.0,0.0,0.0,3,7,1610.0,0.0,1977,0.0,98148,47.4517,-122.331,1720.0,9583.0,2014-09-12,280000.0
8722100810,4.0,2.75,2250.0,3433.0,1.5,0.0,0.0,3,8,1500.0,750.0,1927,20130.0,98112,47.6382,-122.307,1970.0,3484.0,2014-07-08,1050000.0
7840800135,1.0,2.0,1240.0,4800.0,2.0,0.0,0.0,3,6,1240.0,0.0,1910,0.0,98055,47.4778,-122.211,1030.0,4800.0,2014-11-19,290000.0
8083350070,2.0,2.25,1660.0,2748.0,2.0,,0.0,3,7,1660.0,0.0,1995,0.0,98055,47.4333,-122.212,1620.0,3167.0,2014-12-17,235000.0
1923800135,3.0,1.75,2080.0,3000.0,1.0,0.0,0.0,4,7,1040.0,1040.0,1925,0.0,98103,47.6853,-122.35,1000.0,3193.0,2014-10-01,495000.0
1310980070,3.0,2.25,1880.0,7488.0,2.0,0.0,0.0,3,8,1880.0,0.0,1980,0.0,98032,47.3631,-122.277,2180.0,7344.0,2015-02-24,290000.0
3110800030,4.0,1.5,1050.0,9516.0,1.0,0.0,0.0,4,7,1050.0,0.0,1969,0.0,98031,47.4151,-122.181,1390.0,9600.0,2014-10-28,230000.0
8731801260,3.0,1.75,1480.0,8475.0,1.0,0.0,0.0,4,7,1480.0,0.0,1968,0.0,98023,47.3126,-122.361,1800.0,8800.0,2015-02-20,234000.0
7202270700,4.0,2.5,2420.0,4500.0,2.0,0.0,0.0,3,7,2420.0,0.0,2001,0.0,98053,47.6874,-122.037,2280.0,4500.0,2014-10-03,597400.0
7230300060,4.0,2.5,2190.0,17600.0,1.0,0.0,0.0,4,7,1110.0,1080.0,1966,0.0,98059,47.4712,-122.112,1820.0,17600.0,2014-08-05,370000.0
11510700,4.0,2.5,2660.0,10452.0,2.0,0.0,0.0,3,9,2660.0,0.0,1993,0.0,98052,47.6972,-122.104,2890.0,9025.0,2014-05-19,755000.0
586470350,3.0,2.5,2430.0,5715.0,2.0,0.0,0.0,3,7,2430.0,0.0,1999,0.0,98030,47.3718,-122.168,3040.0,5702.0,2015-04-03,342000.0
6840700036,2.0,1.0,770.0,3325.0,1.0,0.0,0.0,3,7,770.0,0.0,1918,0.0,98122,47.6102,-122.299,960.0,4800.0,2014-07-28,497000.0
1824069083,3.0,1.0,3060.0,30166.0,1.0,0.0,0.0,5,8,3060.0,0.0,1959,0.0,98027,47.5656,-122.093,1880.0,19602.0,2015-04-29,835000.0
1836980240,4.0,2.75,2920.0,4500.0,2.0,0.0,0.0,3,9,2920.0,0.0,1999,0.0,98006,47.5646,-122.124,2920.0,4505.0,2014-10-15,730000.0
3528900160,3.0,1.0,1370.0,5250.0,1.0,0.0,0.0,3,7,1070.0,300.0,1939,0.0,98109,47.6421,-122.348,2410.0,4200.0,2014-10-01,655000.0
1442800060,3.0,2.5,1870.0,3118.0,2.0,0.0,0.0,3,8,1870.0,0.0,1993,0.0,98038,47.3739,-122.056,1580.0,3601.0,2014-11-20,205000.0
8722100030,4.0,2.0,1800.0,4800.0,1.5,0.0,0.0,3,7,1800.0,0.0,1918,0.0,98112,47.6388,-122.302,1950.0,4800.0,2015-04-07,632750.0
1723049624,5.0,3.0,2100.0,7715.0,1.0,0.0,0.0,3,7,1250.0,850.0,2013,0.0,98168,47.4866,-122.319,2100.0,7959.0,2014-05-12,330000.0
4040400200,5.0,2.25,2530.0,8250.0,2.0,0.0,0.0,4,7,2530.0,0.0,1961,0.0,98007,47.6117,-122.134,2020.0,8250.0,2014-10-07,527500.0
8691391090,4.0,2.5,3290.0,6465.0,2.0,0.0,0.0,3,9,3290.0,0.0,2002,0.0,98075,47.5981,-121.976,3100.0,5929.0,2014-05-08,716500.0
7853302190,4.0,2.5,1890.0,5395.0,2.0,0.0,0.0,3,7,1890.0,0.0,2006,0.0,98065,47.5415,-121.883,2060.0,5395.0,2014-12-17,388500.0
3260000700,3.0,1.75,1680.0,7770.0,1.0,0.0,0.0,4,7,1680.0,0.0,1967,0.0,98005,47.6028,-122.167,1880.0,7770.0,2014-09-04,530000.0
5126300510,3.0,2.5,2170.0,4517.0,2.0,0.0,0.0,3,8,2170.0,0.0,2002,0.0,98059,47.4819,-122.14,2610.0,4770.0,2015-01-08,419000.0
7199330370,3.0,1.75,1200.0,7360.0,1.0,0.0,0.0,4,7,1200.0,0.0,1978,0.0,98052,47.6979,-122.13,1200.0,7500.0,2015-03-09,385000.0
1854900240,4.0,2.5,2990.0,5669.0,2.0,0.0,0.0,3,8,2990.0,0.0,2003,0.0,98074,47.6119,-122.011,3110.0,5058.0,2014-05-28,655000.0
6738700335,4.0,2.75,3770.0,10900.0,2.0,0.0,2.0,5,9,3070.0,700.0,1924,0.0,98144,47.5849,-122.29,3000.0,5000.0,2014-07-01,1700000.0
322059264,2.0,1.0,1020.0,47044.0,1.0,0.0,0.0,5,7,1020.0,0.0,1904,0.0,98042,47.4206,-122.155,1930.0,12139.0,2014-09-26,279000.0
5557500270,3.0,1.5,1700.0,9579.0,1.0,0.0,0.0,4,7,1100.0,600.0,1962,0.0,98023,47.3209,-122.338,1700.0,9628.0,2015-02-09,262000.0
9164100125,4.0,1.0,1550.0,4750.0,1.5,0.0,0.0,3,7,1550.0,0.0,1919,0.0,98117,47.6824,-122.389,1320.0,4750.0,2014-08-07,533000.0
7370600045,3.0,1.75,1680.0,8100.0,1.0,0.0,2.0,3,8,1680.0,0.0,1950,0.0,98177,47.7212,-122.364,1880.0,7750.0,2015-04-02,640000.0
8594400060,3.0,2.25,1680.0,35127.0,2.0,,0.0,3,7,1680.0,0.0,1987,0.0,98092,47.3025,-122.067,1820.0,35166.0,2014-06-09,285000.0
7818900060,4.0,2.5,1910.0,10300.0,1.0,0.0,0.0,3,8,1910.0,0.0,1921,0.0,98177,47.7581,-122.359,1910.0,7750.0,2014-07-08,458400.0
2126059139,5.0,3.25,3160.0,10587.0,1.0,,0.0,5,7,2190.0,970.0,1960,0.0,98034,47.7238,-122.165,2200.0,7761.0,2015-03-18,620000.0
1759701600,3.0,1.5,2020.0,11358.0,1.0,0.0,0.0,4,6,1190.0,830.0,1956,0.0,98033,47.6641,-122.185,2370.0,9520.0,2014-05-12,465000.0
1795920310,4.0,3.75,3210.0,7054.0,2.0,0.0,0.0,4,8,3210.0,0.0,1985,0.0,98052,47.7268,-122.103,2350.0,8020.0,2014-08-04,690000.0
1626069139,3.0,2.25,2350.0,51400.0,1.0,0.0,0.0,3,7,1390.0,960.0,1977,0.0,98077,47.7417,-122.053,2350.0,51400.0,2014-08-21,462500.0
3303951600,4.0,2.5,1910.0,10221.0,2.0,0.0,0.0,3,8,1910.0,0.0,1994,0.0,98038,47.381,-122.035,2210.0,8705.0,2014-08-20,369950.0
3353402400,2.0,1.0,840.0,6480.0,1.0,0.0,0.0,4,5,840.0,0.0,1954,0.0,98001,47.264,-122.258,1100.0,7300.0,2015-03-26,124500.0
2332700060,4.0,2.25,2620.0,10920.0,1.0,0.0,0.0,3,9,2620.0,0.0,1965,0.0,98005,47.6117,-122.164,2370.0,11907.0,2014-08-06,950000.0
4040800260,4.0,1.5,1220.0,10580.0,1.0,0.0,0.0,3,7,1220.0,0.0,1965,0.0,98008,47.6205,-122.116,1350.0,7800.0,2014-06-16,418000.0
1202000140,3.0,1.0,1060.0,8000.0,1.0,0.0,0.0,4,6,1060.0,0.0,1927,0.0,98002,47.305,-122.218,1060.0,4697.0,2014-12-10,160000.0
4022902050,4.0,2.5,2200.0,10800.0,1.0,0.0,0.0,3,8,1500.0,700.0,1964,0.0,98155,47.7711,-122.288,2280.0,10800.0,2015-04-15,457000.0
4364200125,2.0,1.75,2120.0,7680.0,1.0,0.0,0.0,5,6,1130.0,990.0,1948,0.0,98126,47.5304,-122.374,1220.0,7680.0,2015-01-29,530000.0
4036801245,3.0,1.0,1250.0,7300.0,1.0,0.0,0.0,4,7,1250.0,0.0,1956,0.0,98008,47.6032,-122.125,1540.0,7400.0,2014-05-22,385000.0
7375100070,3.0,1.75,1440.0,7800.0,1.0,0.0,0.0,4,7,1440.0,0.0,1958,0.0,98008,47.5996,-122.12,1440.0,7800.0,2015-03-18,491000.0
686400060,4.0,2.25,1890.0,8034.0,1.0,0.0,0.0,4,8,1890.0,0.0,1967,0.0,98008,47.6338,-122.117,1920.0,7210.0,2014-08-20,521000.0
1645000710,3.0,1.0,1140.0,8528.0,1.0,0.0,0.0,5,7,1140.0,0.0,1967,0.0,98022,47.2098,-122.004,1140.0,8112.0,2015-04-10,255000.0
5476800069,5.0,3.0,2840.0,7199.0,1.0,,0.0,3,7,1710.0,1130.0,2003,0.0,98178,47.5065,-122.275,2210.0,10800.0,2014-05-27,292050.0
823059185,6.0,3.0,1880.0,7200.0,1.0,0.0,0.0,4,7,1880.0,0.0,1966,0.0,98056,47.5029,-122.188,1540.0,13022.0,2014-05-20,326000.0
4364200075,2.0,1.0,750.0,5120.0,1.0,0.0,0.0,4,6,750.0,0.0,1941,0.0,98126,47.5312,-122.375,930.0,7200.0,2014-06-24,300000.0
2473420070,3.0,1.75,1630.0,7480.0,1.0,,0.0,3,7,1330.0,300.0,1979,0.0,98058,47.4514,-122.159,1940.0,7480.0,2015-04-30,291600.0
5706201360,5.0,1.5,1720.0,12551.0,1.0,0.0,0.0,3,7,1720.0,0.0,1967,0.0,98027,47.5241,-122.053,1560.0,12960.0,2015-02-19,435000.0
4442800012,3.0,2.5,1600.0,1311.0,3.0,0.0,0.0,3,8,1600.0,0.0,2005,0.0,98117,47.6903,-122.394,1390.0,1321.0,2014-12-18,465000.0
3339900640,3.0,2.25,1230.0,7420.0,1.5,0.0,0.0,5,7,1230.0,0.0,1913,0.0,98002,47.3184,-122.22,1260.0,7556.0,2014-06-20,200000.0
425400070,3.0,1.5,1610.0,6132.0,1.0,0.0,2.0,4,7,1090.0,520.0,1959,0.0,98056,47.5017,-122.174,1650.0,6132.0,2014-07-17,238000.0
4036800370,4.0,2.5,1320.0,7000.0,1.0,0.0,0.0,4,7,1320.0,0.0,1956,0.0,98008,47.6007,-122.127,1550.0,8610.0,2014-11-03,455000.0
2412600070,6.0,3.0,2180.0,7220.0,2.0,0.0,0.0,3,7,2180.0,,1980,0.0,98003,47.3046,-122.305,2260.0,7344.0,2014-10-30,230000.0
8805900570,4.0,2.25,2190.0,4104.0,2.0,0.0,0.0,5,8,1410.0,780.0,1928,0.0,98112,47.6419,-122.306,1990.0,3860.0,2014-09-11,808000.0
9178600810,3.0,1.0,1490.0,5700.0,1.5,0.0,0.0,3,7,1490.0,0.0,1916,0.0,98103,47.6549,-122.331,2290.0,5700.0,2014-12-17,578500.0
2979800764,3.0,2.0,1463.0,868.0,3.0,0.0,0.0,3,7,1463.0,0.0,2003,0.0,98115,47.6843,-122.317,1484.0,4320.0,2014-06-05,390000.0
3904980270,3.0,2.5,1800.0,3933.0,2.0,0.0,0.0,3,8,1800.0,0.0,1989,0.0,98029,47.5746,-122.009,1800.0,4659.0,2015-05-05,517500.0
6738700075,4.0,2.75,2880.0,4000.0,1.5,0.0,0.0,3,9,2100.0,780.0,1912,20000.0,98144,47.5843,-122.293,2110.0,4000.0,2014-06-26,755000.0
1646501920,3.0,1.75,1250.0,4120.0,1.0,0.0,0.0,4,7,980.0,270.0,1925,0.0,98117,47.685,-122.36,1250.0,4120.0,2014-10-30,579500.0
2997800075,3.0,2.75,1670.0,1350.0,3.0,0.0,0.0,3,9,1350.0,320.0,2014,0.0,98116,47.5764,-122.408,1520.0,4800.0,2014-09-29,649950.0
4440400125,4.0,1.75,2000.0,6120.0,1.0,0.0,0.0,3,7,1100.0,900.0,1965,0.0,98178,47.5035,-122.258,1880.0,6120.0,2014-05-08,228000.0
3423600060,4.0,1.75,2280.0,3680.0,1.5,,0.0,5,7,1470.0,810.0,1926,0.0,98115,47.6754,-122.3,1850.0,3680.0,2014-12-02,665000.0
1523560030,4.0,2.5,2110.0,6069.0,2.0,0.0,0.0,3,9,2110.0,0.0,1999,0.0,98052,47.6374,-122.111,2180.0,9000.0,2015-03-25,689000.0
2896000710,4.0,2.5,2520.0,11240.0,1.0,0.0,0.0,3,8,1440.0,1080.0,1977,0.0,98052,47.6748,-122.144,2360.0,10345.0,2014-10-22,560000.0
9238900060,3.0,1.0,1590.0,6420.0,1.0,0.0,0.0,3,7,1590.0,0.0,1944,0.0,98136,47.5355,-122.392,1780.0,5900.0,2014-05-29,529000.0
1081310060,5.0,2.5,2100.0,14858.0,1.0,0.0,0.0,5,8,2100.0,0.0,1970,0.0,98059,47.4721,-122.123,1980.0,11730.0,2015-01-08,375000.0
3256400060,4.0,2.75,2090.0,9240.0,1.0,0.0,0.0,4,6,2090.0,0.0,1949,0.0,98146,47.4854,-122.343,1460.0,9240.0,2014-09-23,325000.0
8914200060,4.0,2.5,3390.0,10519.0,2.0,0.0,2.0,3,10,3390.0,0.0,1990,0.0,98003,47.332,-122.334,2830.0,10519.0,2015-01-15,583000.0
732000160,2.0,1.0,790.0,9784.0,1.0,0.0,0.0,3,6,790.0,0.0,1932,0.0,98155,47.7634,-122.284,2350.0,10102.0,2015-04-29,330000.0
1592080060,3.0,2.5,1970.0,8727.0,2.0,0.0,0.0,3,7,1970.0,0.0,1995,0.0,98092,47.3263,-122.189,1670.0,9168.0,2015-04-17,262000.0
7852190320,4.0,2.5,2870.0,6776.0,2.0,0.0,0.0,3,8,2870.0,0.0,2004,0.0,98065,47.539,-121.878,2770.0,6658.0,2015-03-13,555000.0
7950303270,2.0,1.0,1110.0,6000.0,1.0,0.0,0.0,3,7,1010.0,100.0,1951,0.0,98118,47.5632,-122.282,1410.0,3500.0,2015-03-02,585000.0
7853340960,3.0,2.75,1940.0,3088.0,2.0,0.0,3.0,3,8,1770.0,170.0,2008,0.0,98065,47.5185,-121.878,1410.0,2335.0,2015-02-27,425590.0
7312900060,2.0,1.0,720.0,4840.0,1.0,0.0,0.0,4,6,720.0,0.0,1947,0.0,98126,47.5534,-122.375,1510.0,4840.0,2014-06-03,235000.0
1231001090,2.0,1.0,710.0,4000.0,1.0,0.0,0.0,3,6,710.0,0.0,1909,0.0,98118,47.5535,-122.269,960.0,4000.0,2014-07-24,362362.0
1545805460,3.0,2.0,1370.0,7500.0,1.0,0.0,0.0,3,7,1370.0,0.0,1997,0.0,98038,47.3634,-122.046,1420.0,7500.0,2015-02-04,252000.0
1473120390,4.0,2.5,2690.0,9551.0,2.0,0.0,0.0,3,9,2690.0,0.0,1992,0.0,98058,47.4343,-122.156,2890.0,9121.0,2014-12-24,439000.0
1657300070,4.0,2.25,3360.0,10810.0,2.0,0.0,0.0,4,9,3360.0,0.0,1988,0.0,98092,47.3316,-122.203,2590.0,10810.0,2014-08-12,465000.0
104501040,4.0,2.0,1500.0,7854.0,1.5,0.0,0.0,3,7,1500.0,0.0,1983,0.0,98023,47.3127,-122.354,1500.0,7334.0,2014-10-03,249900.0
9345400350,2.0,2.5,2600.0,5000.0,1.0,0.0,0.0,5,8,1300.0,1300.0,1926,0.0,98126,47.5806,-122.379,2260.0,5000.0,2014-07-18,665000.0
2592400400,3.0,1.75,1160.0,8774.0,1.0,0.0,0.0,3,7,1160.0,0.0,1972,0.0,98034,47.7159,-122.165,1990.0,7908.0,2014-10-14,370000.0
6788200295,2.0,1.0,1430.0,3000.0,1.5,0.0,0.0,3,7,1300.0,130.0,1929,0.0,98112,47.6415,-122.303,1750.0,4000.0,2014-06-12,620000.0
7308900445,3.0,1.0,1870.0,7671.0,1.0,0.0,0.0,4,8,1720.0,150.0,1937,0.0,98177,47.7162,-122.36,1460.0,7679.0,2014-07-24,375000.0
3034200435,4.0,2.0,2560.0,9390.0,1.0,0.0,0.0,5,8,1280.0,1280.0,1957,0.0,98133,47.7169,-122.329,1830.0,8169.0,2014-08-27,552625.0
3755000060,3.0,1.0,1160.0,10500.0,1.0,0.0,0.0,4,7,1160.0,0.0,1966,0.0,98034,47.7267,-122.227,1520.0,10500.0,2014-09-30,315500.0
7524950710,2.0,1.75,1680.0,8187.0,1.0,,0.0,4,8,1680.0,0.0,1983,0.0,98027,47.5603,-122.081,2390.0,7801.0,2014-09-19,620000.0
6071200400,4.0,2.5,2010.0,9075.0,1.0,0.0,0.0,4,8,1310.0,700.0,1959,0.0,98006,47.553,-122.182,1850.0,9220.0,2014-11-25,510000.0
1939000030,4.0,2.5,2540.0,38677.0,2.0,,0.0,3,9,2540.0,0.0,1987,0.0,98053,47.6694,-122.044,2560.0,36280.0,2014-06-27,652500.0
6979900370,4.0,2.5,3240.0,22795.0,2.0,0.0,0.0,3,8,3240.0,0.0,1998,0.0,98053,47.6329,-121.969,2570.0,29761.0,2014-11-14,574000.0
3303860160,3.0,2.5,2670.0,12806.0,2.0,0.0,0.0,3,9,2670.0,0.0,2010,0.0,98038,47.3686,-122.059,3010.0,7231.0,2015-02-24,430000.0
6413100311,3.0,2.0,1080.0,7236.0,1.0,0.0,0.0,5,7,1080.0,0.0,1947,0.0,98125,47.7143,-122.32,1120.0,8008.0,2014-06-03,390000.0
1232002015,3.0,1.0,1430.0,3840.0,1.0,,0.0,3,7,950.0,480.0,1945,0.0,98117,47.6847,-122.381,1430.0,3840.0,2014-06-05,466500.0
5116060030,2.0,2.25,1290.0,2436.0,2.0,0.0,0.0,3,7,1290.0,0.0,1984,0.0,98052,47.6803,-122.156,1360.0,3088.0,2014-10-28,315000.0
1898700310,4.0,1.5,1240.0,9600.0,1.0,,0.0,3,7,1240.0,0.0,1971,0.0,98023,47.3206,-122.397,1240.0,9592.0,2014-05-05,220000.0
1079600270,3.0,1.75,1840.0,17286.0,1.0,0.0,0.0,4,7,1440.0,400.0,1978,0.0,98030,47.371,-122.173,1840.0,14541.0,2015-03-06,325000.0
1073100030,3.0,1.0,1120.0,8443.0,1.0,0.0,0.0,3,7,1120.0,0.0,1953,0.0,98133,47.7715,-122.336,1450.0,8433.0,2015-04-28,365000.0
1157200189,3.0,3.5,2100.0,12384.0,2.0,0.0,0.0,3,9,2100.0,0.0,1980,0.0,98188,47.4687,-122.263,2400.0,7776.0,2014-05-14,356000.0
3822200105,4.0,1.75,2030.0,12518.0,1.0,0.0,0.0,3,8,1610.0,420.0,1950,0.0,98125,47.7278,-122.297,1650.0,7872.0,2014-09-23,380000.0
8121200700,4.0,2.25,2030.0,8764.0,2.0,0.0,0.0,4,8,2030.0,0.0,1983,0.0,98052,47.7214,-122.11,1950.0,8750.0,2014-07-13,579000.0
4221900030,2.0,1.0,890.0,5000.0,1.0,,0.0,3,7,890.0,0.0,1943,0.0,98105,47.6666,-122.279,1680.0,5000.0,2015-05-01,682000.0
9475200030,3.0,1.75,1750.0,12325.0,1.0,0.0,0.0,4,7,1470.0,280.0,1968,0.0,98052,47.6832,-122.118,1820.0,9750.0,2014-06-16,499000.0
3585220070,3.0,1.0,1300.0,5880.0,1.0,0.0,0.0,3,7,1300.0,0.0,1968,0.0,98052,47.6937,-122.113,1300.0,7700.0,2015-04-23,333760.0
8644220070,4.0,2.5,2650.0,18903.0,2.0,0.0,0.0,3,11,2650.0,0.0,1994,0.0,98075,47.5761,-121.989,3270.0,18843.0,2014-09-10,745000.0
9225900055,3.0,1.75,1750.0,10870.0,1.0,0.0,0.0,5,7,1750.0,0.0,1968,0.0,98056,47.4989,-122.188,1230.0,10868.0,2014-07-22,380000.0
1972202010,3.0,3.0,1440.0,1350.0,3.5,0.0,2.0,3,8,1440.0,0.0,2005,0.0,98103,47.6525,-122.345,1440.0,1350.0,2014-08-01,435000.0
9547200340,3.0,2.75,1700.0,3264.0,1.0,0.0,0.0,3,7,1060.0,640.0,1919,0.0,98115,47.6767,-122.311,1880.0,4080.0,2015-01-20,520000.0
2481630030,4.0,2.5,3920.0,41206.0,2.0,0.0,0.0,4,10,3920.0,0.0,1988,0.0,98072,47.7325,-122.132,3780.0,36562.0,2015-04-27,965000.0
3092000030,3.0,2.25,1470.0,16728.0,1.0,0.0,0.0,4,7,1350.0,120.0,1959,0.0,98168,47.4968,-122.302,1540.0,9000.0,2014-08-08,270000.0
3592500340,5.0,2.75,2520.0,4643.0,1.5,0.0,0.0,4,8,2120.0,400.0,1916,0.0,98112,47.6348,-122.301,2100.0,4564.0,2015-03-13,1100000.0
3447000060,3.0,1.75,2140.0,13286.0,1.0,0.0,0.0,4,8,1220.0,920.0,1964,0.0,98006,47.5722,-122.128,2250.0,13286.0,2014-10-08,577500.0
2767704860,3.0,1.75,1550.0,5000.0,1.0,0.0,0.0,3,7,1250.0,300.0,1911,20110.0,98107,47.6722,-122.372,1110.0,5000.0,2014-07-28,650000.0
4141000060,4.0,2.5,3180.0,10319.0,2.0,0.0,0.0,4,11,3180.0,0.0,1986,0.0,98040,47.5372,-122.232,3130.0,12120.0,2014-12-05,1230000.0
7767000060,5.0,4.25,6510.0,16471.0,2.0,0.0,3.0,4,11,3250.0,3260.0,1980,0.0,98040,47.5758,-122.242,4480.0,16471.0,2014-09-12,1900000.0
2061100390,2.0,2.0,1440.0,3720.0,1.5,0.0,0.0,3,7,1440.0,0.0,1983,0.0,98115,47.6902,-122.325,1490.0,4308.0,2014-07-21,475000.0
4388000260,3.0,1.0,1150.0,10132.0,1.0,0.0,0.0,4,7,1150.0,0.0,1970,0.0,98023,47.3172,-122.372,1180.0,8713.0,2015-03-30,200000.0
7787110510,4.0,2.5,2320.0,11717.0,2.0,0.0,0.0,3,8,2320.0,0.0,1997,0.0,98045,47.484,-121.78,2320.0,9714.0,2014-06-20,397000.0
4024100982,3.0,2.0,1230.0,8450.0,1.0,0.0,0.0,3,7,1230.0,0.0,1989,0.0,98155,47.7548,-122.305,2110.0,8536.0,2015-02-19,383610.0
2621420060,4.0,2.5,2060.0,5742.0,2.0,0.0,0.0,3,7,2060.0,0.0,1999,0.0,98030,47.3612,-122.185,1610.0,7298.0,2014-07-28,275000.0
4319200060,3.0,2.0,2783.0,11177.0,2.0,0.0,0.0,3,8,2783.0,0.0,1910,19990.0,98126,47.538,-122.38,1730.0,8018.0,2014-07-09,840000.0
2473480310,4.0,2.5,2140.0,7350.0,2.0,0.0,0.0,3,8,2140.0,0.0,1985,0.0,98058,47.4483,-122.124,2120.0,8395.0,2014-09-18,365000.0
3629960060,3.0,2.75,1420.0,955.0,2.0,0.0,0.0,3,8,1160.0,260.0,2004,0.0,98029,47.5477,-122.003,1420.0,955.0,2014-09-04,362000.0
7857000732,3.0,1.75,2090.0,6258.0,1.0,0.0,0.0,3,7,1390.0,700.0,1956,0.0,98108,47.5503,-122.301,1790.0,5793.0,2014-11-01,350000.0
7805600070,2.0,1.75,1320.0,13052.0,1.5,0.0,0.0,3,7,1320.0,0.0,1980,0.0,98014,47.712,-121.352,1320.0,13052.0,2014-11-11,200000.0
109200140,4.0,2.5,2300.0,8100.0,1.0,0.0,0.0,4,8,1360.0,940.0,1979,0.0,98023,47.2979,-122.371,1910.0,7630.0,2015-05-06,299000.0
3224059033,4.0,1.5,3050.0,82764.0,1.0,0.0,0.0,3,8,1650.0,1400.0,1966,0.0,98056,47.5266,-122.189,2930.0,10074.0,2014-10-07,555000.0
868002015,3.0,2.25,2960.0,8330.0,1.0,0.0,3.0,4,10,2260.0,700.0,1953,0.0,98177,47.7035,-122.385,2960.0,8840.0,2015-02-25,1330000.0
321100260,5.0,2.75,2520.0,16100.0,1.0,0.0,3.0,4,8,1570.0,950.0,1960,0.0,98040,47.528,-122.224,2760.0,16988.0,2014-06-30,896000.0
2325039084,2.0,1.75,1740.0,7290.0,1.0,0.0,0.0,3,8,1280.0,,1950,0.0,98199,47.6461,-122.397,1820.0,6174.0,2014-12-17,550000.0
2126049083,2.0,1.0,1300.0,6617.0,1.0,0.0,0.0,3,7,1300.0,0.0,1986,0.0,98125,47.7238,-122.302,1820.0,7800.0,2015-05-08,324500.0
3298400350,3.0,1.0,1170.0,7350.0,1.0,0.0,0.0,4,7,1170.0,0.0,1960,0.0,98008,47.625,-122.117,1170.0,7350.0,2015-01-05,312500.0
7558800240,4.0,3.25,1946.0,17786.0,2.0,0.0,1.0,4,7,1946.0,0.0,1990,0.0,98070,47.359,-122.452,1460.0,16661.0,2015-04-14,485000.0
5100402782,2.0,1.0,1250.0,5413.0,1.0,0.0,0.0,4,7,1250.0,0.0,1923,0.0,98115,47.6945,-122.315,1250.0,5413.0,2014-10-20,511000.0
5466310060,2.0,1.5,1230.0,1561.0,2.0,0.0,0.0,3,7,1230.0,,1983,0.0,98042,47.3768,-122.149,1660.0,2243.0,2015-03-24,139500.0
8079010310,4.0,2.5,2180.0,7203.0,2.0,0.0,0.0,4,8,2180.0,,1989,0.0,98059,47.5119,-122.151,2350.0,7334.0,2014-06-11,464000.0
8581200240,3.0,1.75,1740.0,8800.0,1.0,0.0,0.0,3,7,1140.0,600.0,1978,0.0,98023,47.2968,-122.372,1690.0,7920.0,2015-04-29,255000.0
7853250070,4.0,2.5,3830.0,4644.0,2.0,0.0,0.0,3,8,2900.0,930.0,2004,0.0,98065,47.5384,-121.88,3400.0,6163.0,2015-04-17,679975.0
7785000260,3.0,2.0,2250.0,14274.0,1.0,0.0,0.0,4,8,1500.0,750.0,1964,0.0,98040,47.5762,-122.217,2820.0,13813.0,2014-07-09,624800.0
3525069037,3.0,2.75,2590.0,223027.0,2.0,0.0,0.0,3,9,2590.0,0.0,1983,0.0,98074,47.6145,-122.001,3410.0,212137.0,2014-11-20,920000.0
4217401180,3.0,2.5,2090.0,6000.0,1.5,0.0,0.0,4,9,2090.0,0.0,1928,0.0,98105,47.6567,-122.281,2730.0,6000.0,2014-05-30,1370000.0
8861700030,3.0,1.5,2400.0,10275.0,1.0,0.0,0.0,4,8,1540.0,860.0,1964,0.0,98052,47.6888,-122.126,2380.0,10125.0,2014-12-12,510000.0
2287400030,4.0,2.25,2260.0,7200.0,2.0,0.0,0.0,4,7,2260.0,0.0,1984,0.0,98031,47.4121,-122.183,1720.0,7200.0,2014-06-26,289659.0
7852010510,4.0,2.5,2910.0,6250.0,2.0,0.0,0.0,3,8,2910.0,0.0,1999,0.0,98065,47.538,-121.87,2550.0,6250.0,2015-04-24,585000.0
5104512180,5.0,3.0,3640.0,6930.0,2.0,0.0,0.0,3,8,3640.0,0.0,2004,0.0,98038,47.3521,-122.012,3740.0,7182.0,2014-06-26,555000.0
9201000030,4.0,2.75,3770.0,24897.0,2.0,0.0,2.0,4,8,2550.0,1220.0,1964,0.0,98075,47.5824,-122.078,2640.0,11502.0,2015-03-13,940000.0
7199340560,3.0,2.0,1600.0,7350.0,1.0,0.0,0.0,4,7,1600.0,0.0,1979,0.0,98052,47.6977,-122.126,1600.0,7200.0,2014-09-09,460000.0
5561700340,3.0,2.5,2110.0,7434.0,2.0,0.0,0.0,4,7,2110.0,0.0,1978,0.0,98031,47.3935,-122.169,2100.0,7749.0,2014-11-21,319000.0
1657530350,3.0,2.5,1720.0,1916.0,2.0,0.0,0.0,3,7,1720.0,,2005,0.0,98059,47.4895,-122.166,1760.0,1916.0,2014-05-19,280000.0
9423800030,3.0,1.0,1100.0,7470.0,1.0,,0.0,4,5,1100.0,0.0,1917,0.0,98065,47.5242,-121.831,1280.0,7055.0,2014-11-18,250000.0
1939100560,4.0,2.5,2620.0,8312.0,2.0,0.0,0.0,3,9,2620.0,0.0,1990,0.0,98074,47.6272,-122.033,2260.0,8515.0,2015-01-16,749950.0
626059276,5.0,2.5,3090.0,23265.0,1.0,0.0,0.0,3,8,2990.0,100.0,1957,0.0,98011,47.7709,-122.212,2560.0,18773.0,2014-05-30,458000.0
7852020800,3.0,2.5,1890.0,4808.0,2.0,0.0,0.0,3,8,1890.0,0.0,2000,0.0,98065,47.5348,-121.866,2460.0,5348.0,2015-04-02,465000.0
1994200012,3.0,1.75,1850.0,2797.0,1.0,0.0,0.0,3,8,1150.0,700.0,1977,0.0,98103,47.6871,-122.336,1450.0,4599.0,2015-04-13,580000.0
6626100260,4.0,2.5,3100.0,36562.0,2.0,0.0,0.0,3,10,3100.0,0.0,1994,0.0,98077,47.7646,-122.065,3080.0,39351.0,2014-08-06,700000.0
4166800320,4.0,2.5,2506.0,7206.0,2.0,0.0,0.0,3,8,2506.0,0.0,2007,0.0,98023,47.3236,-122.337,2441.0,7220.0,2014-11-10,350000.0
5490210200,4.0,1.0,1700.0,7689.0,1.0,0.0,0.0,3,7,1080.0,620.0,1977,0.0,98052,47.6955,-122.116,1700.0,7333.0,2014-09-05,456000.0
5067400162,3.0,2.0,1550.0,18958.0,1.5,0.0,0.0,3,7,1550.0,0.0,1983,0.0,98198,47.3699,-122.319,1840.0,12826.0,2015-02-18,290000.0
4306500070,4.0,2.75,2200.0,16288.0,1.0,0.0,0.0,3,7,1290.0,910.0,1980,0.0,98059,47.4793,-122.122,2650.0,6620.0,2014-07-11,475000.0
5416500260,3.0,2.5,1890.0,3629.0,2.0,0.0,0.0,3,7,1890.0,0.0,2005,0.0,98038,47.3613,-122.041,1980.0,4000.0,2014-09-08,285000.0
1446800710,3.0,1.0,1140.0,6400.0,1.0,0.0,0.0,3,7,1140.0,0.0,1962,0.0,98168,47.4902,-122.331,1340.0,6650.0,2015-02-27,309000.0
2324800350,4.0,2.0,3740.0,32417.0,2.0,0.0,0.0,3,9,3740.0,0.0,2000,0.0,98053,47.6728,-122.012,3180.0,32417.0,2014-05-06,860000.0
6648500390,3.0,2.25,1940.0,6500.0,1.0,0.0,0.0,3,8,1440.0,500.0,1979,0.0,98042,47.3565,-122.149,1880.0,8991.0,2015-02-26,219000.0
8078440140,3.0,2.5,2130.0,7199.0,2.0,0.0,0.0,3,8,2130.0,0.0,1990,0.0,98074,47.6331,-122.027,1890.0,7546.0,2014-10-09,546500.0
2624049050,2.0,1.0,1470.0,5566.0,1.0,,0.0,4,7,770.0,700.0,1919,0.0,98118,47.5348,-122.269,1410.0,5808.0,2015-02-13,338000.0
1862400226,2.0,1.0,1070.0,8130.0,1.0,0.0,0.0,3,7,1070.0,0.0,1942,0.0,98117,47.697,-122.37,1360.0,7653.0,2015-03-11,505000.0
4046700140,4.0,1.75,1680.0,15084.0,1.0,0.0,0.0,4,7,840.0,840.0,1979,0.0,98014,47.6895,-121.912,1800.0,15092.0,2014-10-02,340000.0
3066410810,3.0,2.25,2730.0,10675.0,2.0,0.0,0.0,3,9,2730.0,0.0,1990,0.0,98074,47.6289,-122.042,2770.0,10570.0,2014-08-22,678000.0
5453700140,3.0,1.75,1890.0,10292.0,1.0,0.0,0.0,4,8,1890.0,0.0,1969,0.0,98040,47.535,-122.234,2630.0,10625.0,2014-12-08,800000.0
2648500030,1.0,1.0,1080.0,3230.0,1.0,0.0,0.0,3,6,1080.0,0.0,1963,0.0,98002,47.3075,-122.217,1210.0,5760.0,2014-07-25,112000.0
4167100240,3.0,1.75,1440.0,16819.0,1.5,0.0,0.0,4,6,1440.0,0.0,1925,0.0,98023,47.3318,-122.373,1560.0,12376.0,2015-03-10,252000.0
2460700030,4.0,2.75,2540.0,7210.0,1.0,0.0,0.0,4,7,1600.0,940.0,1979,0.0,98058,47.4601,-122.165,1820.0,7766.0,2014-06-04,335000.0
682000030,3.0,2.0,2300.0,13418.0,1.0,0.0,0.0,3,8,1430.0,870.0,1955,0.0,98004,47.6075,-122.2,2140.0,9380.0,2014-07-03,610000.0
9211500560,3.0,2.0,1690.0,6790.0,1.0,0.0,0.0,3,7,1360.0,330.0,1979,0.0,98023,47.2981,-122.38,1740.0,6790.0,2014-10-28,245000.0
3211800140,3.0,1.75,1800.0,16026.0,1.0,,0.0,3,8,1390.0,410.0,1972,0.0,98008,47.5815,-122.121,2210.0,13959.0,2015-02-05,493500.0
2193340260,4.0,2.25,1770.0,8505.0,2.0,0.0,0.0,3,8,1770.0,0.0,1986,0.0,98052,47.6904,-122.102,1880.0,8939.0,2015-01-07,596500.0
3419600125,3.0,2.0,1190.0,4072.0,1.5,0.0,0.0,5,6,1190.0,0.0,1907,0.0,98118,47.5276,-122.274,1680.0,5850.0,2014-07-01,245000.0
1357300240,3.0,1.75,1320.0,7200.0,1.0,0.0,0.0,4,7,1320.0,0.0,1977,0.0,98028,47.7341,-122.237,1750.0,7260.0,2014-10-27,333500.0
3876820140,3.0,1.0,1290.0,8974.0,1.0,0.0,0.0,5,7,1290.0,0.0,1976,0.0,98072,47.74,-122.173,1540.0,7500.0,2014-11-10,373000.0
9526600710,4.0,2.5,3000.0,5639.0,2.0,,0.0,3,8,3000.0,0.0,2008,0.0,98052,47.7066,-122.115,3000.0,4587.0,2014-07-24,759900.0
2291400350,3.0,2.25,1358.0,1204.0,3.0,0.0,0.0,3,7,1358.0,0.0,2007,0.0,98133,47.7054,-122.346,1358.0,1196.0,2014-08-26,317000.0
9834200390,3.0,1.5,1220.0,4080.0,1.5,0.0,0.0,5,7,1220.0,0.0,1914,0.0,98144,47.5746,-122.289,1320.0,4080.0,2015-05-12,670000.0
7631200310,2.0,2.5,2720.0,26761.0,2.0,1.0,4.0,3,7,2720.0,0.0,1990,0.0,98166,47.4499,-122.376,1870.0,12396.0,2014-11-06,985000.0
3438500796,3.0,1.5,1060.0,6954.0,1.0,0.0,0.0,4,6,1060.0,0.0,1983,0.0,98106,47.5497,-122.355,1560.0,6372.0,2015-04-30,310000.0
11520200,4.0,2.5,3020.0,13122.0,2.0,,0.0,3,9,2540.0,480.0,1997,0.0,98052,47.6989,-122.111,3020.0,10873.0,2014-10-15,750000.0
339600070,3.0,2.0,1640.0,3440.0,2.0,0.0,0.0,3,7,1640.0,0.0,1987,0.0,98052,47.6829,-122.097,1070.0,3549.0,2014-07-21,408000.0
629810800,5.0,3.75,3870.0,8225.0,2.0,0.0,0.0,3,10,3870.0,0.0,1998,0.0,98074,47.6078,-122.01,3600.0,9361.0,2014-06-17,900000.0
8665900070,4.0,2.25,2860.0,15054.0,1.0,,0.0,3,8,1460.0,1400.0,1957,0.0,98155,47.7655,-122.3,1730.0,18525.0,2015-01-23,460000.0
9282800075,4.0,2.5,1740.0,6000.0,1.0,0.0,0.0,4,7,1740.0,0.0,1952,0.0,98178,47.5026,-122.236,1190.0,6000.0,2015-03-17,339000.0
809002675,3.0,2.0,1140.0,6000.0,1.0,0.0,0.0,3,7,1140.0,0.0,1909,0.0,98109,47.637,-122.355,1260.0,4000.0,2015-04-13,660000.0
6305900350,4.0,3.0,3290.0,10783.0,2.0,0.0,0.0,3,9,3290.0,0.0,1990,0.0,98031,47.3904,-122.178,2810.0,10783.0,2015-04-22,449950.0
1180002075,3.0,1.0,1210.0,6000.0,1.0,0.0,0.0,3,7,1210.0,0.0,1930,0.0,98178,47.4984,-122.224,1210.0,6000.0,2014-08-25,235000.0
8832900135,5.0,2.25,3320.0,13138.0,1.0,0.0,2.0,4,9,1900.0,,1964,0.0,98028,47.759,-122.269,2820.0,13138.0,2015-01-13,769000.0
8682230400,2.0,2.0,1350.0,3900.0,1.0,,0.0,3,8,1350.0,0.0,2003,0.0,98053,47.7094,-122.03,1440.0,3900.0,2014-05-07,428000.0
9560800390,3.0,2.25,1990.0,7340.0,2.0,,0.0,3,8,1990.0,0.0,1984,0.0,98072,47.7579,-122.141,2180.0,11223.0,2014-05-16,445000.0
2558630350,4.0,2.5,2060.0,6958.0,1.0,0.0,0.0,3,7,1220.0,840.0,1974,0.0,98034,47.7251,-122.168,1760.0,7350.0,2015-03-21,462000.0
7517500310,3.0,1.0,1460.0,6198.0,1.5,0.0,0.0,4,7,1460.0,0.0,1916,0.0,98107,47.6626,-122.361,2280.0,5160.0,2015-05-06,775000.0
4141400030,4.0,1.75,2250.0,10108.0,1.0,0.0,0.0,4,8,2250.0,0.0,1967,0.0,98008,47.5922,-122.118,2050.0,9750.0,2014-12-01,605000.0
8570900162,2.0,1.0,950.0,15996.0,1.0,,0.0,4,7,950.0,0.0,1946,19950.0,98045,47.4987,-121.787,950.0,25510.0,2014-10-16,193500.0
6837820030,4.0,2.5,3140.0,8060.0,2.0,0.0,0.0,3,9,3140.0,0.0,1991,0.0,98023,47.3091,-122.343,3000.0,8060.0,2014-05-22,389950.0
98030400,4.0,3.5,3560.0,6098.0,2.0,,0.0,3,10,3560.0,0.0,2006,0.0,98075,47.5828,-121.972,3660.0,6846.0,2014-07-11,790000.0
7312400030,2.0,1.0,1410.0,5000.0,1.0,0.0,2.0,4,7,940.0,470.0,1918,0.0,98126,47.5531,-122.379,1450.0,5000.0,2015-01-30,442000.0
5452800800,4.0,2.25,2770.0,13500.0,2.0,0.0,0.0,3,8,2770.0,0.0,1974,0.0,98040,47.543,-122.231,2300.0,13500.0,2014-06-13,890000.0
7889000125,3.0,1.0,1864.0,6978.0,1.0,0.0,0.0,4,7,1864.0,0.0,1958,0.0,98002,47.285,-122.206,990.0,8000.0,2015-03-19,235000.0
5101402276,4.0,1.75,1930.0,6720.0,1.0,0.0,2.0,3,8,1130.0,800.0,1959,0.0,98115,47.6935,-122.312,1850.0,6380.0,2014-12-17,495000.0
1621069045,4.0,2.5,3870.0,50965.0,2.0,0.0,0.0,3,10,3870.0,0.0,2007,0.0,98010,47.3109,-122.045,2170.0,65843.0,2015-01-05,600000.0
1370800935,3.0,2.0,2020.0,5500.0,1.5,0.0,3.0,3,10,1790.0,230.0,1937,0.0,98199,47.6388,-122.409,2580.0,5500.0,2014-06-18,1400000.0
7522600030,3.0,2.0,1300.0,8400.0,1.0,0.0,0.0,4,7,1300.0,0.0,1967,0.0,98198,47.368,-122.315,1300.0,7500.0,2014-08-26,251000.0
123059046,4.0,2.25,3410.0,57063.0,2.0,0.0,0.0,4,8,2410.0,1000.0,1978,0.0,98059,47.505,-122.11,2870.0,145490.0,2015-03-26,471000.0
5201000030,4.0,2.5,2370.0,41338.0,2.0,0.0,0.0,3,8,2370.0,0.0,1995,0.0,98077,47.7379,-122.052,2340.0,46661.0,2015-03-23,597000.0
8965500030,5.0,3.5,2770.0,9305.0,2.0,,0.0,3,9,2770.0,0.0,1985,0.0,98006,47.5628,-122.114,2520.0,9773.0,2014-09-23,804000.0
4019300030,3.0,1.75,1250.0,17493.0,1.0,0.0,0.0,3,7,1250.0,0.0,1972,0.0,98155,47.7613,-122.274,2180.0,19553.0,2014-10-13,357000.0
8929000030,3.0,2.5,1690.0,1689.0,2.0,0.0,0.0,3,8,1150.0,540.0,2014,0.0,98029,47.5528,-121.999,1540.0,1689.0,2014-08-21,419990.0
7880020030,4.0,2.5,3040.0,35201.0,2.0,0.0,0.0,4,10,3040.0,0.0,1987,0.0,98027,47.4872,-122.066,2990.0,35416.0,2014-11-10,725000.0
806800400,3.0,2.5,2710.0,5733.0,2.0,0.0,0.0,3,7,2710.0,0.0,2003,0.0,98092,47.3357,-122.171,2720.0,5733.0,2015-02-09,275000.0
7327500270,3.0,2.25,1190.0,13630.0,1.0,0.0,0.0,3,7,1190.0,,1984,0.0,98045,47.4813,-121.735,1630.0,14405.0,2014-09-25,445000.0
8568010310,3.0,2.5,2300.0,27566.0,2.0,0.0,0.0,3,9,2300.0,0.0,1995,0.0,98019,47.7369,-121.96,2480.0,16650.0,2014-09-12,510000.0
1126049105,4.0,1.0,1360.0,13372.0,1.0,0.0,0.0,3,7,1360.0,0.0,1955,0.0,98028,47.7622,-122.263,1540.0,10283.0,2014-05-27,330000.0
3438501662,3.0,1.0,1500.0,5605.0,1.0,0.0,0.0,5,6,750.0,750.0,1942,0.0,98106,47.5456,-122.359,1050.0,9100.0,2014-08-18,270000.0
293000036,4.0,2.0,1610.0,4770.0,1.0,0.0,0.0,4,7,1230.0,380.0,1941,0.0,98126,47.5333,-122.381,1180.0,6120.0,2015-04-03,495000.0
2648000071,4.0,1.75,1420.0,10300.0,2.0,0.0,0.0,3,7,1420.0,0.0,1950,20010.0,98002,47.3121,-122.215,1420.0,10300.0,2015-03-06,225000.0
5273200060,3.0,1.5,1750.0,5400.0,1.0,0.0,0.0,4,7,1050.0,700.0,1952,0.0,98115,47.6799,-122.279,1750.0,5400.0,2015-05-04,716528.0
2025701360,3.0,2.5,1510.0,6095.0,2.0,0.0,0.0,4,7,1510.0,0.0,1991,0.0,98038,47.3498,-122.037,1520.0,6000.0,2014-10-14,260000.0
7787120260,4.0,2.5,2330.0,9928.0,2.0,0.0,0.0,3,8,2330.0,0.0,1998,0.0,98045,47.4836,-121.783,2430.0,8175.0,2014-06-09,471000.0
4154305085,5.0,3.5,2690.0,4800.0,2.0,0.0,2.0,3,8,1930.0,760.0,1919,19840.0,98118,47.5592,-122.269,2080.0,4900.0,2015-02-26,690000.0
967000400,5.0,1.5,1700.0,7200.0,1.5,0.0,0.0,3,7,1700.0,,1937,0.0,98011,47.7614,-122.203,1460.0,7194.0,2015-04-28,548000.0
5101401816,3.0,1.0,1020.0,5410.0,1.0,0.0,0.0,4,7,880.0,140.0,1928,0.0,98115,47.6924,-122.31,1580.0,5376.0,2014-07-26,505000.0
3755000310,3.0,1.0,1160.0,11799.0,1.0,0.0,0.0,3,7,1160.0,0.0,1966,0.0,98034,47.7263,-122.229,1220.0,10500.0,2014-12-17,325000.0
7300200400,4.0,2.25,2450.0,34092.0,2.0,0.0,0.0,4,8,2450.0,0.0,1980,0.0,98075,47.5751,-122.049,2410.0,35378.0,2014-11-05,682000.0
1795920350,3.0,2.25,2010.0,10760.0,2.0,0.0,0.0,3,8,2010.0,0.0,1985,0.0,98052,47.7276,-122.103,2240.0,9357.0,2014-06-17,605000.0
3530440140,2.0,1.75,1370.0,4495.0,1.0,0.0,0.0,4,8,1370.0,0.0,1975,0.0,98198,47.3794,-122.317,1370.0,4686.0,2015-05-05,276200.0
6690500060,3.0,1.0,1370.0,4040.0,1.5,0.0,0.0,3,7,1370.0,0.0,1906,0.0,98103,47.6867,-122.354,1220.0,3030.0,2014-07-24,530000.0
3568200060,3.0,3.0,1990.0,9600.0,1.0,0.0,0.0,3,7,1440.0,550.0,1988,0.0,98003,47.3499,-122.296,1670.0,9600.0,2014-09-02,245000.0
3530200160,4.0,2.5,2790.0,45902.0,2.0,0.0,0.0,3,9,2790.0,0.0,1987,0.0,98077,47.7674,-122.086,2890.0,42421.0,2014-06-03,654950.0
40000228,2.0,1.0,780.0,6727.0,1.0,,0.0,3,6,780.0,0.0,1939,0.0,98168,47.4733,-122.281,1860.0,10124.0,2014-10-15,221900.0
3878900270,4.0,2.0,2240.0,4508.0,1.0,0.0,2.0,4,8,1340.0,900.0,1926,0.0,98178,47.5096,-122.25,1930.0,5250.0,2015-04-29,466000.0
8029600400,3.0,2.0,2210.0,6387.0,1.0,0.0,0.0,3,8,2210.0,0.0,2003,0.0,98003,47.265,-122.302,2570.0,6497.0,2015-02-13,383150.0
4083300510,4.0,1.0,1390.0,4240.0,1.0,0.0,0.0,3,7,1050.0,340.0,1924,0.0,98103,47.6596,-122.338,1810.0,4240.0,2014-05-05,657100.0
1026069155,3.0,2.0,1800.0,43995.0,2.0,0.0,0.0,3,8,1800.0,0.0,1988,0.0,98077,47.7585,-122.022,2290.0,51400.0,2015-03-12,539000.0
3298600340,6.0,3.0,3320.0,15600.0,1.0,0.0,0.0,4,8,1660.0,1660.0,1977,0.0,98092,47.2983,-122.166,2330.0,15360.0,2014-09-05,400000.0
1921059235,4.0,2.5,1960.0,11600.0,1.0,0.0,0.0,5,6,980.0,980.0,1931,0.0,98002,47.2898,-122.222,1160.0,7685.0,2014-06-20,215000.0
2887701420,2.0,1.0,850.0,2850.0,1.0,0.0,0.0,4,7,850.0,0.0,1927,0.0,98115,47.6875,-122.309,1450.0,4015.0,2014-11-24,489000.0
2553300270,4.0,2.5,2980.0,12764.0,2.0,0.0,0.0,3,10,2980.0,0.0,1994,0.0,98075,47.5857,-122.027,3080.0,9810.0,2014-11-05,649000.0
6206100075,4.0,1.75,1980.0,10800.0,1.0,0.0,0.0,4,8,1320.0,660.0,1953,0.0,98005,47.5899,-122.173,2310.0,10800.0,2015-05-12,700000.0
1397300055,2.0,1.0,790.0,8424.0,1.0,0.0,0.0,4,6,790.0,0.0,1953,0.0,98133,47.7511,-122.352,1470.0,8424.0,2014-05-20,268500.0
1357900060,3.0,2.5,1800.0,5001.0,2.0,0.0,0.0,3,7,1800.0,0.0,1996,0.0,98034,47.7126,-122.231,2106.0,5618.0,2014-06-10,515000.0
9346700030,4.0,2.0,2260.0,10800.0,1.0,0.0,0.0,3,9,2260.0,0.0,1978,0.0,98007,47.6124,-122.153,2650.0,9900.0,2015-02-23,685000.0
730000139,2.0,1.5,800.0,2142.0,2.0,0.0,0.0,3,7,800.0,0.0,2006,0.0,98144,47.5917,-122.297,1320.0,2742.0,2014-10-16,305000.0
4219400465,4.0,2.0,2490.0,4600.0,1.5,0.0,2.0,3,8,2090.0,400.0,1926,0.0,98105,47.6557,-122.278,2910.0,5000.0,2015-01-12,950000.0
8947250060,4.0,2.5,1610.0,4568.0,2.0,,0.0,3,7,1610.0,0.0,2006,0.0,98001,47.3351,-122.289,1834.0,4604.0,2015-03-26,292500.0
3293700496,4.0,1.75,1850.0,7730.0,1.0,,0.0,5,7,1100.0,750.0,1956,0.0,98133,47.7481,-122.355,2260.0,8581.0,2014-08-14,270000.0
3293700496,4.0,1.75,1850.0,7730.0,1.0,,0.0,5,7,1100.0,750.0,1956,0.0,98133,47.7481,-122.355,2260.0,8581.0,2014-12-04,450000.0
2921700060,4.0,1.0,1920.0,6480.0,1.5,0.0,0.0,3,7,1920.0,0.0,1920,0.0,98117,47.6897,-122.374,1600.0,6470.0,2014-10-27,535000.0
3629870200,3.0,2.5,1740.0,3082.0,2.0,0.0,0.0,3,8,1740.0,0.0,2000,0.0,98029,47.5489,-122.006,1910.0,3075.0,2015-03-06,550000.0
6909200335,3.0,2.25,1430.0,2003.0,2.0,0.0,0.0,3,8,980.0,450.0,1996,0.0,98144,47.5908,-122.292,2210.0,4000.0,2014-06-24,457500.0
8945100320,3.0,1.5,1420.0,8580.0,1.0,0.0,0.0,3,6,1420.0,0.0,1962,0.0,98023,47.3076,-122.362,1200.0,8580.0,2014-05-06,136500.0
8945100320,3.0,1.5,1420.0,8580.0,1.0,0.0,0.0,3,6,1420.0,0.0,1962,0.0,98023,47.3076,-122.362,1200.0,8580.0,2014-10-08,224097.0
6792200282,3.0,2.5,1560.0,10608.0,2.0,0.0,0.0,3,7,1560.0,0.0,1994,0.0,98042,47.3572,-122.161,1360.0,10608.0,2014-09-22,254000.0
1471701170,4.0,2.25,2030.0,13500.0,1.0,0.0,0.0,3,7,1230.0,800.0,1963,0.0,98059,47.4596,-122.066,1830.0,13800.0,2014-06-11,335000.0
8564850200,5.0,2.5,3280.0,6553.0,2.0,0.0,0.0,3,9,3280.0,0.0,2012,0.0,98045,47.475,-121.737,3360.0,7242.0,2015-04-02,594950.0
1471610070,3.0,1.75,1360.0,18123.0,1.0,0.0,0.0,3,8,1360.0,0.0,1983,0.0,98045,47.4716,-121.756,1570.0,16817.0,2014-08-27,350000.0
3384300160,3.0,1.0,1180.0,9832.0,1.0,0.0,0.0,3,7,1180.0,0.0,1970,0.0,98042,47.3845,-122.085,1220.0,9894.0,2014-09-16,169950.0
6139800390,3.0,2.5,1940.0,10800.0,1.0,,0.0,3,8,1340.0,600.0,1979,0.0,98077,47.7471,-122.075,2080.0,9600.0,2014-10-06,432500.0
8819900270,2.0,1.75,1300.0,4000.0,2.0,0.0,0.0,3,7,1300.0,0.0,1948,0.0,98105,47.6687,-122.288,1350.0,4013.0,2014-05-20,440000.0
8944290200,3.0,2.25,1650.0,3788.0,2.0,0.0,0.0,3,7,1650.0,0.0,1985,0.0,98031,47.3908,-122.167,1510.0,3994.0,2014-09-18,233703.0
4057300030,3.0,1.5,1140.0,3292.0,2.0,0.0,0.0,3,7,1140.0,0.0,1988,0.0,98029,47.5701,-122.017,1150.0,3592.0,2014-11-14,310000.0
1277000240,3.0,2.5,2540.0,6762.0,2.0,0.0,0.0,3,10,2540.0,0.0,1998,0.0,98007,47.6239,-122.144,2870.0,6631.0,2015-04-02,735000.0
3345100002,4.0,2.75,3440.0,8150.0,2.0,0.0,0.0,3,10,3440.0,0.0,2014,0.0,98056,47.5168,-122.189,2560.0,8315.0,2014-12-17,730000.0
179000505,3.0,1.75,1800.0,9000.0,1.0,0.0,0.0,3,7,1200.0,600.0,1961,0.0,98178,47.4932,-122.278,980.0,6000.0,2014-10-24,257000.0
1972200751,2.0,2.25,1260.0,1240.0,3.0,0.0,0.0,3,8,1260.0,0.0,2004,0.0,98103,47.6531,-122.352,1330.0,1300.0,2014-05-19,485000.0
868002080,4.0,2.25,2370.0,6000.0,1.0,0.0,2.0,3,8,1440.0,930.0,1959,0.0,98177,47.7023,-122.388,3280.0,8843.0,2014-06-19,899000.0
4426600125,3.0,1.0,1520.0,8055.0,1.5,,0.0,3,7,1520.0,0.0,1952,0.0,98125,47.7222,-122.305,1560.0,8160.0,2014-11-18,279000.0
1683500140,4.0,2.0,1750.0,7245.0,1.0,,0.0,4,7,1050.0,700.0,1974,0.0,98092,47.3164,-122.196,1640.0,7245.0,2014-12-11,225000.0
1689401230,3.0,1.5,2680.0,4775.0,2.0,0.0,2.0,5,8,1880.0,800.0,1913,0.0,98109,47.6333,-122.347,2280.0,5947.0,2014-06-25,1360000.0
7852060370,3.0,2.5,1590.0,4242.0,2.0,0.0,0.0,3,7,1590.0,0.0,2000,0.0,98065,47.5309,-121.876,1590.0,3702.0,2014-08-11,355000.0
3876200060,4.0,1.75,1560.0,8700.0,1.0,0.0,0.0,4,7,1560.0,0.0,1967,0.0,98034,47.7274,-122.181,2080.0,8000.0,2014-05-02,382500.0
2571910260,3.0,2.5,2000.0,9669.0,2.0,0.0,0.0,4,8,2000.0,0.0,1992,0.0,98022,47.1964,-122.009,1930.0,9202.0,2014-11-07,324360.0
8731900640,3.0,1.75,2380.0,10450.0,1.5,0.0,0.0,3,8,2380.0,0.0,1966,0.0,98023,47.3143,-122.37,2320.0,8500.0,2015-03-24,315000.0
1826049094,2.0,1.0,2230.0,11472.0,2.0,0.0,0.0,3,7,2230.0,0.0,1951,0.0,98133,47.7372,-122.35,1870.0,8649.0,2014-07-16,426000.0
2345700260,5.0,2.5,2820.0,6305.0,2.0,0.0,0.0,3,8,2820.0,0.0,2003,0.0,98003,47.2616,-122.296,2610.0,6306.0,2015-04-06,395000.0
3622069050,3.0,1.0,1570.0,9650.0,1.5,0.0,0.0,5,5,1570.0,0.0,1922,0.0,98010,47.3531,-121.982,1330.0,9650.0,2014-11-21,212644.0
3342100160,3.0,3.0,1845.0,5100.0,2.0,0.0,2.0,5,8,1845.0,0.0,1947,0.0,98056,47.5204,-122.208,2100.0,7650.0,2014-10-09,510000.0
2422049104,2.0,1.0,830.0,9000.0,1.0,0.0,0.0,3,6,830.0,0.0,1939,0.0,98032,47.3813,-122.243,1160.0,7680.0,2014-09-15,85000.0
2422049104,2.0,1.0,830.0,9000.0,1.0,0.0,0.0,3,6,830.0,0.0,1939,0.0,98032,47.3813,-122.243,1160.0,7680.0,2014-12-30,235000.0
6600350140,4.0,2.5,2030.0,5754.0,2.0,0.0,0.0,3,8,2030.0,0.0,2001,0.0,98042,47.3542,-122.137,2030.0,5784.0,2015-04-08,295000.0
510003230,3.0,2.5,1430.0,2200.0,1.5,0.0,0.0,4,7,1430.0,0.0,1910,0.0,98103,47.6601,-122.331,1740.0,4275.0,2014-08-10,720001.0
1995200200,3.0,1.0,1510.0,6083.0,1.0,0.0,0.0,4,6,860.0,650.0,1940,0.0,98115,47.6966,-122.324,1510.0,5712.0,2014-05-06,313950.0
1995200200,3.0,1.0,1510.0,6083.0,1.0,0.0,0.0,4,6,860.0,650.0,1940,0.0,98115,47.6966,-122.324,1510.0,5712.0,2014-10-08,415000.0
2473480350,3.0,1.75,1610.0,12247.0,1.0,0.0,0.0,3,8,1610.0,0.0,1981,0.0,98058,47.4476,-122.124,2010.0,9271.0,2014-05-19,305000.0
1189000700,3.0,1.5,1600.0,4128.0,1.5,0.0,0.0,3,8,1250.0,350.0,1906,0.0,98122,47.6122,-122.297,1540.0,3976.0,2014-10-01,625000.0
7923700030,3.0,1.0,1420.0,11040.0,1.0,0.0,0.0,4,7,1420.0,0.0,1961,0.0,98007,47.5969,-122.14,1530.0,8208.0,2015-04-14,490000.0
1796360340,3.0,2.0,1660.0,8641.0,2.0,0.0,0.0,4,8,1660.0,0.0,1987,0.0,98042,47.3663,-122.088,1490.0,8641.0,2014-07-22,269950.0
625059036,5.0,4.0,4230.0,27295.0,2.0,1.0,4.0,3,8,3230.0,1000.0,1949,0.0,98033,47.6803,-122.214,2660.0,27295.0,2014-08-13,2700000.0
5694500200,4.0,3.0,3310.0,4500.0,2.5,0.0,0.0,5,9,2910.0,400.0,1900,0.0,98103,47.6594,-122.345,1440.0,3750.0,2014-08-13,829000.0
224069114,4.0,2.5,2470.0,77550.0,1.0,0.0,0.0,4,7,2470.0,0.0,1987,0.0,98075,47.5888,-122.011,2490.0,40894.0,2014-08-29,635000.0
5379802871,3.0,1.0,1040.0,9750.0,1.0,0.0,0.0,3,7,1040.0,0.0,1959,0.0,98188,47.4553,-122.274,1510.0,11100.0,2015-03-12,217500.0
1311600030,4.0,1.75,1850.0,7350.0,1.0,0.0,0.0,3,7,1050.0,800.0,1965,0.0,98001,47.3413,-122.277,1450.0,7250.0,2014-07-16,270000.0
669000350,3.0,3.0,4610.0,8400.0,2.0,0.0,2.0,3,8,2790.0,1820.0,1947,19990.0,98144,47.5854,-122.292,2160.0,5000.0,2014-09-26,1250000.0
2494000070,4.0,2.5,2480.0,5100.0,2.0,0.0,0.0,3,8,2480.0,0.0,2007,0.0,98019,47.7383,-121.969,2270.0,5115.0,2015-01-27,480000.0
2771600350,3.0,1.75,2130.0,6500.0,1.0,0.0,2.0,3,8,1170.0,960.0,1954,0.0,98199,47.6424,-122.386,2020.0,5000.0,2014-05-06,575000.0
1091310140,4.0,2.75,2350.0,5589.0,2.0,0.0,0.0,3,7,2350.0,0.0,2001,0.0,98059,47.5098,-122.155,2014.0,6365.0,2014-11-03,426950.0
1450100390,3.0,1.0,920.0,7314.0,1.0,0.0,0.0,3,6,920.0,0.0,1960,0.0,98002,47.2892,-122.22,1010.0,7420.0,2014-09-05,125000.0
1450100390,3.0,1.0,920.0,7314.0,1.0,0.0,0.0,3,6,920.0,0.0,1960,0.0,98002,47.2892,-122.22,1010.0,7420.0,2015-03-16,208000.0
2473250400,4.0,2.0,1780.0,10622.0,1.0,0.0,0.0,4,7,900.0,880.0,1976,0.0,98058,47.4573,-122.158,1550.0,8900.0,2014-09-24,325000.0
1420700030,7.0,4.0,2690.0,10880.0,1.0,0.0,0.0,4,8,2690.0,0.0,1960,0.0,98033,47.6787,-122.168,1840.0,10836.0,2014-09-22,597157.0
3630110340,4.0,2.5,3010.0,3120.0,2.5,0.0,2.0,3,8,3010.0,0.0,2006,0.0,98029,47.5539,-121.996,2140.0,3840.0,2015-01-07,728725.0
1313000240,5.0,2.0,3180.0,10800.0,1.0,0.0,0.0,3,8,1910.0,1270.0,1968,0.0,98052,47.6354,-122.103,2440.0,9750.0,2014-08-18,708000.0
1441600160,4.0,3.0,4120.0,14021.0,2.0,0.0,0.0,3,11,4120.0,0.0,2005,0.0,98075,47.5985,-122.026,4390.0,14684.0,2014-07-23,1300000.0
8807600140,3.0,1.0,1280.0,11625.0,1.0,0.0,0.0,4,7,1280.0,0.0,1977,0.0,98053,47.6827,-122.059,1320.0,10875.0,2015-04-24,405000.0
8928100125,4.0,2.75,1690.0,6090.0,1.5,0.0,0.0,3,7,1400.0,290.0,1945,0.0,98115,47.6814,-122.269,1820.0,6090.0,2014-10-28,550000.0
7853302180,4.0,2.5,2320.0,5375.0,2.0,0.0,0.0,3,7,2320.0,0.0,2006,0.0,98065,47.5415,-121.883,2060.0,5395.0,2015-04-09,451000.0
9325200160,5.0,3.75,3090.0,7415.0,2.0,0.0,0.0,3,8,3090.0,0.0,2014,0.0,98166,47.435,-122.329,2790.0,7425.0,2014-06-19,540500.0
98001000,5.0,3.5,5050.0,16500.0,2.0,0.0,2.0,3,11,5050.0,0.0,2001,0.0,98075,47.5863,-121.967,4570.0,16500.0,2014-10-07,1030000.0
3306200240,4.0,1.0,1640.0,10455.0,1.0,0.0,0.0,3,7,950.0,690.0,1963,0.0,98023,47.2974,-122.366,1360.0,9750.0,2014-11-25,218000.0
7436500060,4.0,2.25,2170.0,7007.0,1.0,0.0,0.0,3,8,1540.0,630.0,1974,0.0,98033,47.672,-122.169,2040.0,7700.0,2014-10-20,562000.0
1022059032,4.0,2.5,3140.0,94525.0,2.0,0.0,0.0,4,8,2280.0,860.0,1977,0.0,98042,47.4155,-122.163,1910.0,14300.0,2014-08-12,401500.0
1523049083,2.0,1.0,1090.0,9994.0,1.0,,0.0,3,7,1090.0,0.0,1954,0.0,98168,47.4761,-122.287,1090.0,11700.0,2014-11-12,196700.0
9346920070,3.0,1.75,1930.0,10183.0,1.0,0.0,0.0,4,8,1480.0,450.0,1975,0.0,98006,47.5624,-122.135,2320.0,10000.0,2014-08-22,583000.0
5709200030,5.0,2.5,2100.0,17825.0,1.0,0.0,0.0,4,7,1400.0,700.0,1974,0.0,98092,47.3094,-122.191,2200.0,14602.0,2014-12-04,309900.0
5104470070,4.0,3.0,3110.0,18843.0,2.0,0.0,0.0,3,9,3110.0,0.0,1995,0.0,98058,47.4619,-122.154,3080.0,14735.0,2014-10-16,485000.0
3330500075,3.0,1.0,930.0,3348.0,1.0,0.0,0.0,4,6,930.0,0.0,1926,0.0,98118,47.5532,-122.277,1210.0,3348.0,2015-04-24,465000.0
200800200,4.0,2.25,2050.0,8372.0,2.0,0.0,0.0,4,8,2050.0,0.0,1984,0.0,98052,47.7234,-122.107,2010.0,8037.0,2014-08-12,595000.0
1432400570,3.0,1.0,1160.0,7560.0,1.0,0.0,0.0,4,6,1160.0,0.0,1958,0.0,98058,47.45,-122.179,1160.0,7560.0,2014-07-18,254000.0
1552510160,3.0,2.75,1820.0,9490.0,2.0,0.0,0.0,3,7,1820.0,0.0,1994,0.0,98011,47.7481,-122.178,1950.0,8851.0,2014-10-30,488500.0
2473460860,4.0,2.5,2110.0,8990.0,2.0,0.0,0.0,3,8,2110.0,0.0,1977,0.0,98058,47.4457,-122.127,2040.0,8800.0,2014-10-27,260000.0
7812800681,2.0,1.0,870.0,8487.0,1.0,,0.0,4,6,870.0,0.0,1944,0.0,98178,47.4955,-122.239,1350.0,6850.0,2015-01-02,166000.0
579000550,2.0,1.5,1080.0,6760.0,1.0,0.0,2.0,3,6,1080.0,0.0,1923,0.0,98117,47.7008,-122.386,2080.0,5800.0,2014-11-07,440000.0
2916200138,3.0,2.0,1260.0,7560.0,2.0,0.0,0.0,5,6,1260.0,0.0,1943,0.0,98133,47.7225,-122.351,1260.0,7595.0,2015-02-02,375000.0
6821100125,2.0,1.0,900.0,4800.0,1.0,0.0,0.0,4,6,780.0,120.0,1944,0.0,98199,47.6575,-122.4,1270.0,5520.0,2015-02-25,529500.0
1529300135,2.0,1.0,750.0,6439.0,1.0,0.0,0.0,4,6,750.0,0.0,1934,0.0,98103,47.6995,-122.354,1470.0,6374.0,2014-10-14,338000.0
4124000320,3.0,2.25,1800.0,15903.0,1.0,,0.0,3,8,1340.0,460.0,1986,0.0,98038,47.3813,-122.043,2000.0,15233.0,2015-03-16,335620.0
1775910370,4.0,2.25,2220.0,15232.0,1.0,0.0,0.0,3,9,1690.0,530.0,1978,0.0,98072,47.7449,-122.103,2110.0,15280.0,2015-02-05,464000.0
4365200505,2.0,1.0,1390.0,7740.0,1.0,0.0,0.0,4,6,1390.0,0.0,1925,0.0,98126,47.5232,-122.371,1290.0,7740.0,2014-10-03,354000.0
7960100030,4.0,3.5,2160.0,3600.0,2.0,0.0,0.0,3,8,1660.0,500.0,1998,0.0,98122,47.6103,-122.297,1230.0,3840.0,2014-08-14,601000.0
9264900350,3.0,2.25,1840.0,9040.0,1.0,0.0,0.0,3,8,1370.0,470.0,1979,0.0,98023,47.3144,-122.339,1870.0,8992.0,2015-04-24,285000.0
955000060,2.0,2.0,1690.0,4200.0,2.0,0.0,0.0,3,7,1690.0,0.0,1906,0.0,98112,47.621,-122.303,1540.0,4200.0,2014-09-30,462500.0
5205000160,4.0,2.5,2650.0,10459.0,2.0,0.0,0.0,4,8,2650.0,0.0,1989,0.0,98003,47.2739,-122.293,2340.0,8777.0,2014-07-11,350000.0
6145600955,4.0,1.0,1120.0,3844.0,1.0,0.0,0.0,3,7,1120.0,0.0,1972,0.0,98133,47.7038,-122.352,1480.0,3844.0,2014-12-24,329000.0
2472950350,4.0,2.5,2500.0,11983.0,1.0,0.0,0.0,3,7,1320.0,1180.0,1984,20080.0,98058,47.4292,-122.148,1460.0,9005.0,2015-04-11,312500.0
9475710060,4.0,2.5,2220.0,5338.0,2.0,0.0,0.0,3,7,2220.0,0.0,2001,0.0,98059,47.4887,-122.15,2220.0,5338.0,2014-06-13,370000.0
1112700060,3.0,1.75,1260.0,12750.0,1.0,0.0,0.0,3,7,1260.0,0.0,1979,0.0,98034,47.7289,-122.233,1460.0,7865.0,2015-03-11,399900.0
66000140,3.0,1.0,1480.0,6550.0,1.5,0.0,0.0,4,6,1480.0,0.0,1925,0.0,98126,47.5498,-122.381,1200.0,6550.0,2014-11-20,398000.0
1021000060,2.0,1.5,930.0,7400.0,1.0,0.0,2.0,4,7,830.0,100.0,1909,0.0,98116,47.5691,-122.408,1920.0,4152.0,2015-03-04,550500.0
4154304740,3.0,2.75,2780.0,7200.0,1.5,0.0,0.0,4,8,1870.0,910.0,1913,0.0,98118,47.5632,-122.27,1700.0,7200.0,2015-02-24,709000.0
7972604215,5.0,2.75,2770.0,7620.0,1.0,0.0,0.0,3,7,1700.0,1070.0,1965,0.0,98106,47.5188,-122.348,1720.0,7620.0,2014-12-12,402000.0
7979900126,3.0,1.5,1530.0,23660.0,1.0,,0.0,3,7,1530.0,0.0,1952,0.0,98155,47.7467,-122.295,1800.0,11407.0,2014-06-26,450000.0
2821100125,3.0,2.25,2140.0,6720.0,1.0,0.0,0.0,3,8,1440.0,700.0,1961,0.0,98117,47.6949,-122.396,2060.0,6720.0,2014-11-20,524000.0
2323089065,4.0,2.75,4600.0,322188.0,1.0,0.0,4.0,3,10,2400.0,2200.0,1989,0.0,98045,47.4626,-121.739,3740.0,114562.0,2014-12-17,800000.0
6623400187,4.0,1.0,1760.0,8906.0,1.0,0.0,0.0,3,7,1230.0,530.0,1966,0.0,98055,47.4288,-122.198,1180.0,10407.0,2014-09-23,185000.0
6623400187,4.0,1.0,1760.0,8906.0,1.0,0.0,0.0,3,7,1230.0,530.0,1966,0.0,98055,47.4288,-122.198,1180.0,10407.0,2015-02-20,365000.0
325049234,4.0,2.5,3110.0,11422.0,2.0,0.0,0.0,3,9,3110.0,0.0,1989,0.0,98115,47.6833,-122.271,2850.0,7254.0,2014-09-09,925000.0
8016300240,3.0,1.75,2260.0,11781.0,1.0,0.0,0.0,4,8,1520.0,740.0,1968,0.0,98008,47.5982,-122.128,2530.0,10176.0,2015-04-02,714000.0
7955040160,3.0,2.0,1460.0,9759.0,1.0,0.0,0.0,5,7,1460.0,0.0,1972,0.0,98052,47.6644,-122.144,1620.0,8421.0,2014-10-16,495000.0
6414600232,3.0,2.25,2050.0,6648.0,1.0,0.0,0.0,3,7,1230.0,820.0,1990,0.0,98133,47.7258,-122.332,1760.0,7200.0,2015-04-20,535000.0
1824059070,4.0,2.5,2340.0,10800.0,1.0,0.0,0.0,3,8,2340.0,0.0,1953,20070.0,98040,47.5715,-122.225,2650.0,13500.0,2014-10-24,880000.0
6031400013,3.0,1.5,1230.0,8056.0,1.0,0.0,0.0,4,6,1230.0,0.0,1949,0.0,98168,47.4878,-122.314,850.0,6714.0,2014-06-16,150000.0
9557300570,3.0,2.25,1880.0,6565.0,1.0,,0.0,4,8,1420.0,460.0,1972,0.0,98008,47.6396,-122.113,2060.0,7280.0,2015-03-27,554500.0
4443800960,3.0,1.75,1280.0,3880.0,1.5,0.0,0.0,5,7,1280.0,0.0,1916,0.0,98117,47.6871,-122.391,980.0,3880.0,2015-04-08,520000.0
7203220310,4.0,2.75,3660.0,5637.0,2.0,0.0,0.0,3,9,3660.0,0.0,2014,0.0,98053,47.6845,-122.017,3625.0,5639.0,2014-08-22,839990.0
7202330030,3.0,2.5,1650.0,5683.0,2.0,0.0,0.0,3,7,1650.0,0.0,2003,0.0,98053,47.683,-122.035,1650.0,4193.0,2014-08-22,500000.0
3353404510,2.0,1.0,1960.0,186872.0,1.5,0.0,0.0,4,6,1960.0,0.0,1936,0.0,98001,47.2681,-122.267,1650.0,19200.0,2015-01-07,305000.0
6064800550,3.0,2.5,1580.0,2170.0,2.0,0.0,0.0,3,7,1580.0,0.0,2003,0.0,98118,47.5418,-122.289,1610.0,1917.0,2014-08-02,247800.0
1786630160,4.0,2.5,2490.0,5812.0,2.0,0.0,0.0,3,8,2490.0,0.0,2000,0.0,98042,47.3875,-122.155,2690.0,6012.0,2014-07-11,344200.0
3709500140,4.0,2.5,2000.0,6107.0,2.0,,0.0,3,8,2000.0,0.0,2003,0.0,98011,47.7557,-122.221,2040.0,6520.0,2014-06-23,459950.0
7942300070,4.0,1.75,1550.0,9899.0,1.0,0.0,0.0,4,7,1550.0,0.0,1967,0.0,98030,47.3583,-122.183,1500.0,11272.0,2014-09-15,229900.0
7525300240,4.0,2.25,2820.0,9602.0,1.0,0.0,1.0,3,8,1950.0,870.0,1974,0.0,98008,47.5881,-122.113,2890.0,9602.0,2015-02-19,750000.0
3579000800,4.0,2.5,2600.0,9355.0,1.0,0.0,0.0,3,9,1840.0,760.0,1983,0.0,98028,47.7446,-122.249,2250.0,7691.0,2014-10-24,509000.0
3577000116,4.0,1.0,2200.0,12137.0,1.0,,4.0,4,8,1640.0,560.0,1956,0.0,98028,47.7473,-122.261,3250.0,17153.0,2015-03-25,680000.0
5490210320,5.0,2.5,2500.0,7200.0,1.0,0.0,0.0,4,7,1490.0,1010.0,1977,0.0,98052,47.6964,-122.12,1960.0,8325.0,2014-06-27,661500.0
3259400030,2.0,1.0,1270.0,1399.0,3.0,0.0,0.0,3,7,1270.0,0.0,2000,0.0,98136,47.5552,-122.381,1140.0,1442.0,2014-11-25,370000.0
3134100162,4.0,2.75,2900.0,17400.0,1.0,0.0,0.0,4,8,2410.0,490.0,1978,0.0,98052,47.6431,-122.108,2620.0,12240.0,2014-07-17,785000.0
9277700075,2.0,1.0,840.0,6720.0,1.0,0.0,0.0,3,7,840.0,0.0,1952,0.0,98116,47.5707,-122.396,1250.0,6720.0,2014-08-18,355000.0
1172000135,4.0,2.0,1940.0,6350.0,1.0,0.0,0.0,4,7,970.0,970.0,1951,0.0,98103,47.6948,-122.357,960.0,6350.0,2014-07-31,446000.0
1025059094,5.0,3.5,3490.0,21780.0,2.0,0.0,0.0,3,8,3490.0,0.0,1996,0.0,98052,47.6707,-122.144,3070.0,7829.0,2015-01-28,830000.0
6705900070,3.0,2.5,1940.0,8347.0,2.0,0.0,0.0,3,8,1940.0,0.0,1990,0.0,98042,47.3654,-122.164,1940.0,7131.0,2014-10-28,324000.0
9522400350,4.0,2.25,2490.0,23478.0,2.0,0.0,0.0,3,8,2490.0,0.0,1981,0.0,98072,47.7547,-122.094,2030.0,12611.0,2014-10-08,500000.0
650000030,3.0,1.0,1390.0,9112.0,1.0,0.0,0.0,4,7,1390.0,0.0,1951,0.0,98004,47.6071,-122.197,2290.0,9112.0,2014-10-17,745000.0
8712100435,4.0,2.5,3940.0,4407.0,2.0,0.0,0.0,4,8,2620.0,1320.0,1921,0.0,98112,47.6374,-122.299,1790.0,4407.0,2014-11-10,1200000.0
1530900560,2.0,2.5,1760.0,3710.0,1.0,0.0,0.0,3,8,1130.0,630.0,1988,0.0,98072,47.7335,-122.16,1760.0,4200.0,2014-12-15,385000.0
6868200060,3.0,2.25,2560.0,8040.0,1.0,0.0,0.0,3,8,1510.0,1050.0,1958,0.0,98125,47.7124,-122.303,1980.0,8040.0,2014-12-11,565000.0
7767400060,4.0,2.5,2300.0,7314.0,1.0,0.0,0.0,4,8,1420.0,880.0,1979,0.0,98133,47.7671,-122.33,2010.0,7314.0,2014-11-19,465000.0
820000012,3.0,3.25,1770.0,1977.0,3.0,0.0,0.0,3,8,1770.0,0.0,2001,0.0,98125,47.7186,-122.314,1860.0,2210.0,2014-08-27,401000.0
3308030060,3.0,1.75,2310.0,11200.0,1.0,0.0,0.0,4,8,1630.0,680.0,1978,0.0,98030,47.3637,-122.21,2350.0,13300.0,2014-06-19,385000.0
9485750240,3.0,2.5,2310.0,4930.0,2.0,0.0,0.0,4,8,2310.0,0.0,1989,0.0,98055,47.4512,-122.208,2230.0,5324.0,2014-10-17,395000.0
3826000550,5.0,1.5,2000.0,8100.0,1.5,0.0,0.0,3,6,2000.0,0.0,1946,0.0,98168,47.4945,-122.304,960.0,9239.0,2015-04-14,245000.0
7960100075,3.0,2.0,1540.0,3600.0,1.0,0.0,0.0,3,7,890.0,650.0,1994,0.0,98122,47.6103,-122.296,1540.0,3600.0,2015-03-25,500000.0
7461400400,5.0,1.75,2590.0,6720.0,1.0,0.0,0.0,4,7,1750.0,840.0,1979,0.0,98055,47.435,-122.192,1820.0,7521.0,2014-11-03,334000.0
6206100030,3.0,1.0,980.0,10960.0,1.0,0.0,0.0,4,7,980.0,0.0,1953,0.0,98005,47.5908,-122.173,2100.0,10960.0,2015-05-01,550000.0
7888300340,3.0,1.0,1730.0,7950.0,1.0,0.0,0.0,4,7,1180.0,550.0,1961,0.0,98198,47.3644,-122.312,1830.0,8890.0,2014-11-24,216000.0
1180000885,3.0,2.5,3070.0,5871.0,3.0,,0.0,4,8,2510.0,560.0,1928,0.0,98178,47.5007,-122.223,2220.0,4000.0,2014-10-30,340500.0
1081330060,4.0,2.25,2100.0,12738.0,2.0,0.0,0.0,4,8,2100.0,0.0,1975,0.0,98059,47.4698,-122.118,2000.0,12090.0,2014-08-13,375000.0
9536600105,3.0,2.75,2080.0,16740.0,1.0,0.0,3.0,3,8,1580.0,500.0,1966,0.0,98198,47.3632,-122.324,2175.0,7568.0,2015-01-09,600000.0
2783100160,4.0,1.75,1890.0,8000.0,1.0,0.0,0.0,4,7,1250.0,640.0,1960,0.0,98133,47.7576,-122.333,1870.0,8270.0,2014-05-15,375000.0
9297301505,4.0,1.75,2000.0,4000.0,1.5,0.0,0.0,5,7,1450.0,550.0,1926,0.0,98126,47.5659,-122.375,1430.0,4000.0,2014-05-09,536500.0
5561300340,3.0,3.0,3030.0,35123.0,2.0,,0.0,4,8,1760.0,1270.0,1984,0.0,98027,47.4694,-122.006,2810.0,36205.0,2014-09-24,599900.0
1794500695,2.0,1.5,1110.0,3600.0,1.0,0.0,0.0,5,7,1110.0,0.0,1904,0.0,98119,47.6382,-122.359,1670.0,5400.0,2015-03-04,750000.0
2797500030,3.0,1.0,1650.0,10075.0,1.0,0.0,0.0,3,7,1170.0,480.0,1955,0.0,98177,47.7695,-122.359,1690.0,8125.0,2015-02-11,355000.0
9214400125,3.0,2.0,1410.0,6413.0,1.0,0.0,0.0,4,7,910.0,500.0,1947,0.0,98115,47.6826,-122.298,1330.0,6050.0,2014-07-01,590000.0
6821101895,2.0,1.0,2140.0,6000.0,1.0,,0.0,4,7,1070.0,1070.0,1946,0.0,98199,47.651,-122.399,1560.0,6000.0,2015-05-07,680000.0
8079040140,3.0,2.5,1860.0,11122.0,2.0,0.0,0.0,3,8,1860.0,0.0,1994,0.0,98059,47.5062,-122.151,2420.0,8542.0,2014-10-06,429000.0
7518507580,2.0,1.0,1170.0,4080.0,1.0,0.0,0.0,4,7,1170.0,0.0,1909,0.0,98117,47.6784,-122.386,1560.0,4586.0,2015-05-02,581000.0
3863800030,3.0,1.5,980.0,7770.0,1.0,0.0,0.0,4,7,980.0,0.0,1968,0.0,98033,47.6923,-122.201,1470.0,7350.0,2015-03-31,463800.0
3303850390,5.0,5.5,7400.0,18898.0,2.0,0.0,3.0,3,13,6290.0,1110.0,2001,0.0,98006,47.5431,-122.112,6110.0,26442.0,2014-12-12,2980000.0
7128300060,5.0,1.75,1650.0,3000.0,1.5,0.0,0.0,3,8,1650.0,0.0,1902,0.0,98144,47.5955,-122.306,1740.0,4000.0,2014-07-07,443000.0
104510340,3.0,2.5,1480.0,7210.0,1.0,0.0,0.0,3,7,1180.0,300.0,1986,0.0,98023,47.3124,-122.351,1690.0,7396.0,2014-09-25,276200.0
114101505,5.0,3.5,4060.0,8309.0,2.0,0.0,0.0,3,9,2960.0,1100.0,2001,0.0,98028,47.757,-122.228,1730.0,11711.0,2015-04-23,630000.0
1928300350,3.0,1.75,1370.0,3300.0,2.0,0.0,0.0,5,7,1370.0,0.0,1927,0.0,98105,47.6714,-122.32,1560.0,3927.0,2014-12-22,570000.0
1370800560,4.0,2.25,2480.0,6000.0,2.0,,2.0,3,10,2380.0,100.0,1929,0.0,98199,47.6392,-122.406,3030.0,5600.0,2014-10-13,979700.0
8825900310,4.0,2.5,2030.0,4080.0,1.5,0.0,0.0,4,8,1730.0,300.0,1921,0.0,98115,47.6753,-122.311,1980.0,4080.0,2014-12-11,730000.0
4167700240,5.0,2.25,2200.0,9600.0,1.0,,0.0,4,7,1100.0,1100.0,1963,0.0,98023,47.3263,-122.364,1780.0,9680.0,2014-12-04,268450.0
2138800060,3.0,1.75,1770.0,7508.0,1.0,0.0,0.0,3,7,1270.0,500.0,1962,0.0,98133,47.7354,-122.343,1690.0,8880.0,2015-03-04,490000.0
579002220,3.0,2.5,2550.0,6240.0,1.0,0.0,3.0,5,8,1750.0,800.0,1957,0.0,98117,47.6992,-122.387,2180.0,5200.0,2014-08-27,808000.0
9144300060,3.0,1.0,1250.0,9786.0,1.0,0.0,0.0,4,7,1250.0,0.0,1969,0.0,98072,47.7622,-122.163,1660.0,9621.0,2015-04-30,350000.0
4441300416,4.0,1.75,2390.0,5880.0,1.0,0.0,2.0,3,8,1390.0,1000.0,1957,0.0,98117,47.6956,-122.399,2210.0,6260.0,2014-10-28,695000.0
3225069301,4.0,2.5,5730.0,44947.0,2.0,0.0,4.0,3,11,4280.0,1450.0,1991,0.0,98074,47.6052,-122.064,3310.0,17628.0,2014-06-12,1230000.0
6620400400,1.0,1.0,1120.0,11800.0,1.5,0.0,0.0,3,7,1120.0,0.0,1950,0.0,98168,47.5123,-122.331,2330.0,9290.0,2014-08-13,309950.0
3361402041,3.0,1.0,1270.0,8508.0,1.0,0.0,0.0,4,6,650.0,620.0,1942,0.0,98168,47.4961,-122.322,1200.0,9415.0,2014-10-30,134000.0
1150000340,4.0,2.5,2390.0,9638.0,2.0,0.0,0.0,3,10,2390.0,0.0,1988,0.0,98029,47.5598,-122.018,2630.0,9258.0,2014-11-18,645500.0
7015200800,3.0,2.0,1760.0,5488.0,1.5,0.0,0.0,3,7,1540.0,220.0,1927,0.0,98119,47.6479,-122.367,1760.0,5943.0,2015-03-09,750000.0
5316100106,3.0,2.5,2560.0,3600.0,2.0,0.0,0.0,3,9,2110.0,450.0,1967,0.0,98112,47.632,-122.279,2690.0,4800.0,2014-10-10,1400000.0
3102700160,4.0,1.75,1820.0,7700.0,1.0,0.0,0.0,4,7,1100.0,720.0,1955,0.0,98177,47.7545,-122.357,1700.0,8500.0,2014-09-25,344900.0
8129700565,2.0,3.25,1840.0,1500.0,3.0,0.0,0.0,3,8,1840.0,0.0,2001,0.0,98103,47.6595,-122.354,1910.0,2500.0,2014-10-08,601450.0
9839300125,4.0,2.0,1810.0,4400.0,2.0,0.0,0.0,3,8,1700.0,110.0,1909,0.0,98122,47.6132,-122.292,1470.0,4400.0,2015-01-07,575000.0
2011400710,3.0,1.75,2470.0,9620.0,1.0,0.0,1.0,4,7,1570.0,900.0,1962,0.0,98198,47.3996,-122.32,2600.0,9620.0,2014-05-21,405000.0
1522700060,4.0,2.75,2520.0,14021.0,2.0,0.0,0.0,3,9,2520.0,0.0,1999,0.0,98019,47.7344,-121.957,2330.0,14007.0,2014-06-24,518000.0
7568700135,2.0,1.0,1600.0,7936.0,1.0,0.0,0.0,3,7,1600.0,0.0,1947,0.0,98155,47.7411,-122.322,1580.0,7440.0,2014-07-17,265000.0
8651411070,3.0,1.0,1280.0,4875.0,1.0,0.0,0.0,5,6,1280.0,0.0,1969,0.0,98042,47.3686,-122.081,1060.0,4875.0,2014-09-25,180000.0
2616700520,3.0,2.5,1590.0,9736.0,2.0,0.0,0.0,3,7,1590.0,0.0,1985,0.0,98001,47.33,-122.278,1580.0,7500.0,2015-03-18,285000.0
4415600030,3.0,2.75,2000.0,7200.0,1.0,0.0,0.0,3,7,1000.0,1000.0,1954,20140.0,98166,47.4531,-122.352,1440.0,7200.0,2015-03-16,433000.0
1072000260,3.0,1.75,1780.0,11440.0,1.0,,0.0,3,8,1350.0,430.0,1977,0.0,98059,47.474,-122.139,2180.0,11440.0,2015-02-23,399000.0
8045000340,3.0,2.5,1700.0,7210.0,2.0,0.0,0.0,5,7,1700.0,,1966,0.0,98052,47.6688,-122.161,1700.0,7566.0,2014-08-02,565000.0
42000127,3.0,1.5,1970.0,10080.0,1.0,0.0,0.0,3,7,1970.0,0.0,1966,0.0,98168,47.4703,-122.276,2240.0,10080.0,2015-02-24,406500.0
2205500335,4.0,1.75,1940.0,11500.0,1.0,0.0,0.0,4,7,1090.0,850.0,1955,0.0,98006,47.5774,-122.147,1700.0,8360.0,2014-08-07,420000.0
1814800060,4.0,3.5,3290.0,5559.0,1.5,,0.0,3,8,2290.0,1000.0,1906,20040.0,98103,47.6788,-122.346,1790.0,6000.0,2015-02-20,965000.0
3885804260,4.0,3.5,3500.0,9523.0,2.0,0.0,0.0,3,10,2460.0,1040.0,1996,0.0,98033,47.6848,-122.208,3160.0,5997.0,2014-10-24,1380000.0
9264920270,5.0,2.25,3260.0,7969.0,2.0,0.0,0.0,4,8,3260.0,0.0,1982,0.0,98023,47.314,-122.344,2070.0,7962.0,2014-10-07,353950.0
1778350160,5.0,3.25,4230.0,10260.0,2.0,0.0,0.0,3,10,3860.0,370.0,1996,0.0,98027,47.5503,-122.081,2980.0,10997.0,2014-07-10,847700.0
623049185,5.0,1.0,1590.0,6700.0,1.5,,0.0,3,6,1090.0,500.0,1942,0.0,98146,47.5075,-122.35,1370.0,8040.0,2014-07-02,185000.0
1180002735,2.0,1.5,1010.0,6000.0,1.0,0.0,0.0,4,7,1010.0,0.0,1923,0.0,98178,47.498,-122.222,1290.0,6000.0,2014-11-19,269000.0
3876313100,3.0,1.75,1820.0,8400.0,1.0,0.0,0.0,3,7,1340.0,480.0,1976,0.0,98072,47.734,-122.17,1900.0,8112.0,2014-12-24,422800.0
826000295,2.0,1.0,870.0,7500.0,1.0,0.0,0.0,3,7,870.0,0.0,1947,0.0,98136,47.5465,-122.384,1240.0,5709.0,2014-12-15,379950.0
3876311860,3.0,2.0,1620.0,7800.0,1.0,0.0,0.0,3,7,1200.0,420.0,1969,0.0,98034,47.7288,-122.171,1540.0,7565.0,2014-12-26,525000.0
2224079050,4.0,3.5,3980.0,209523.0,2.0,0.0,2.0,3,9,3980.0,0.0,2006,0.0,98024,47.5574,-121.89,2220.0,65775.0,2014-07-18,810000.0
8945000260,4.0,1.0,1630.0,8400.0,1.0,0.0,0.0,3,6,1630.0,0.0,1962,0.0,98023,47.3052,-122.362,1190.0,8989.0,2014-07-22,209950.0
2768301182,3.0,2.0,1230.0,1613.0,2.0,0.0,0.0,3,8,1010.0,220.0,2003,0.0,98107,47.6661,-122.37,1610.0,1873.0,2014-12-04,439950.0
1827200135,4.0,2.0,3510.0,12905.0,1.0,0.0,2.0,3,8,2210.0,1300.0,1965,0.0,98166,47.4466,-122.36,2530.0,16143.0,2014-05-23,554820.0
4307300520,4.0,2.5,2160.0,4500.0,2.0,0.0,0.0,3,7,2160.0,0.0,2002,0.0,98056,47.4819,-122.182,2160.0,4496.0,2015-04-23,359000.0
6632900354,3.0,1.0,1020.0,5870.0,1.0,0.0,0.0,3,6,1020.0,0.0,1941,0.0,98155,47.741,-122.314,1160.0,6901.0,2014-09-10,242500.0
9540100060,3.0,1.75,1590.0,9417.0,1.0,0.0,0.0,4,7,1590.0,0.0,1954,0.0,98177,47.7617,-122.36,1600.0,9272.0,2014-09-26,330000.0
2424059116,3.0,2.25,3440.0,44374.0,2.0,0.0,3.0,4,10,2190.0,1250.0,1979,0.0,98006,47.547,-122.111,3470.0,40185.0,2014-11-05,740000.0
7600125,5.0,1.0,3020.0,4800.0,2.0,0.0,0.0,3,7,3020.0,0.0,1901,0.0,98122,47.6025,-122.313,1350.0,1307.0,2014-12-18,630000.0
579003645,3.0,1.75,2280.0,7800.0,1.0,0.0,3.0,4,8,1360.0,920.0,1941,0.0,98117,47.6985,-122.387,2280.0,5200.0,2014-08-15,750000.0
3224600340,4.0,2.5,2790.0,6540.0,2.0,0.0,0.0,3,9,2790.0,0.0,1999,0.0,98074,47.6087,-122.016,2790.0,6270.0,2014-10-13,695000.0
7129800036,2.0,0.5,580.0,6900.0,1.0,0.0,0.0,3,5,580.0,0.0,1941,0.0,98118,47.5135,-122.262,1570.0,5040.0,2015-01-14,109000.0
3294700421,3.0,1.5,2030.0,10075.0,1.0,0.0,0.0,5,7,1080.0,950.0,1961,0.0,98055,47.4713,-122.197,2210.0,10075.0,2015-02-25,389000.0
6746700565,2.0,1.0,850.0,2700.0,1.0,0.0,0.0,5,6,850.0,,1924,0.0,98105,47.6684,-122.316,1630.0,3000.0,2014-10-23,447000.0
742000060,3.0,2.0,2480.0,13310.0,1.0,0.0,0.0,2,7,2480.0,0.0,1955,0.0,98052,47.6759,-122.114,2400.0,11340.0,2014-12-30,1200000.0
626059155,3.0,1.75,1010.0,12000.0,1.0,0.0,0.0,4,7,1010.0,0.0,1977,0.0,98011,47.77,-122.207,1080.0,10619.0,2014-12-10,315000.0
1150000200,3.0,2.5,2420.0,8244.0,2.0,0.0,0.0,3,10,2420.0,0.0,1988,0.0,98029,47.5595,-122.019,2500.0,9320.0,2015-04-14,640000.0
1592000640,3.0,2.25,2180.0,9246.0,2.0,0.0,0.0,3,9,2180.0,0.0,1984,0.0,98074,47.6215,-122.031,2300.0,9298.0,2014-11-19,570000.0
3123039171,3.0,2.75,1830.0,208216.0,2.0,0.0,0.0,3,8,1830.0,0.0,1997,0.0,98070,47.4377,-122.464,1530.0,16988.0,2014-08-05,495000.0
3876312010,5.0,2.75,2040.0,7488.0,1.0,0.0,0.0,4,7,1200.0,840.0,1969,0.0,98034,47.7289,-122.172,1530.0,7488.0,2014-06-03,449500.0
5364200695,4.0,2.75,2640.0,5000.0,2.0,0.0,0.0,3,9,1840.0,800.0,1943,0.0,98105,47.6619,-122.275,2010.0,5000.0,2015-03-17,1080000.0
7979900806,2.0,1.0,1060.0,7868.0,1.0,0.0,0.0,3,7,1060.0,,1952,0.0,98155,47.7414,-122.295,1530.0,10728.0,2015-03-11,294950.0
8643200060,3.0,1.0,1640.0,13939.0,1.0,0.0,0.0,3,7,1040.0,600.0,1960,0.0,98198,47.3947,-122.313,2080.0,13000.0,2014-09-23,170500.0
7972602080,4.0,1.0,1190.0,7620.0,1.5,0.0,0.0,3,6,1190.0,0.0,1926,0.0,98106,47.5281,-122.348,1060.0,7320.0,2014-12-08,312000.0
7212650200,3.0,2.5,2180.0,15484.0,1.0,0.0,0.0,3,8,2180.0,,1992,0.0,98003,47.2688,-122.309,2090.0,10775.0,2014-10-27,350000.0
8079100140,4.0,2.5,2120.0,8448.0,2.0,0.0,0.0,4,9,2120.0,0.0,1989,0.0,98029,47.5654,-122.01,2140.0,8122.0,2014-07-28,690000.0
8091800140,4.0,2.5,2210.0,9427.0,2.0,0.0,0.0,3,7,2210.0,0.0,1999,0.0,98148,47.4323,-122.327,1770.0,8770.0,2014-06-10,375000.0
7214720510,4.0,2.5,2510.0,47044.0,2.0,,0.0,3,9,2510.0,0.0,1987,0.0,98077,47.7699,-122.085,2600.0,42612.0,2014-08-06,575000.0
9346920260,4.0,2.25,2500.0,8500.0,1.0,,0.0,4,8,1600.0,900.0,1978,0.0,98006,47.5615,-122.131,2290.0,8927.0,2014-06-04,646000.0
3750603471,3.0,2.5,1560.0,4800.0,2.0,0.0,0.0,4,7,1560.0,0.0,1974,0.0,98001,47.2653,-122.285,1510.0,12240.0,2015-03-27,239950.0
3438502501,5.0,2.5,2510.0,7525.0,1.5,0.0,0.0,4,7,1710.0,800.0,1929,0.0,98106,47.5422,-122.359,1270.0,6741.0,2014-07-29,400000.0
1775500310,4.0,1.75,3060.0,94089.0,1.0,0.0,0.0,3,8,3060.0,0.0,1958,0.0,98072,47.744,-122.087,2180.0,43995.0,2015-01-21,455000.0
1796380310,3.0,2.0,1310.0,8069.0,1.0,0.0,0.0,3,7,1310.0,0.0,1990,0.0,98042,47.3694,-122.083,1310.0,8392.0,2014-09-04,240000.0
1118000320,4.0,4.0,4260.0,11765.0,2.0,0.0,0.0,3,11,3280.0,980.0,1939,20100.0,98112,47.638,-122.288,4260.0,10408.0,2015-05-08,3400000.0
3362401000,3.0,2.0,2500.0,4080.0,1.5,0.0,0.0,5,7,1680.0,820.0,1922,0.0,98103,47.6813,-122.346,1550.0,3060.0,2014-07-01,695000.0
7454000990,2.0,1.0,670.0,6720.0,1.0,0.0,0.0,5,6,670.0,0.0,1942,0.0,98126,47.5151,-122.372,710.0,6720.0,2014-09-24,304950.0
5244800125,3.0,1.75,1840.0,2310.0,1.0,0.0,2.0,4,8,1140.0,700.0,1914,0.0,98109,47.6462,-122.351,1670.0,4000.0,2014-08-05,650000.0
789000520,3.0,1.75,1480.0,2211.0,2.0,0.0,0.0,3,7,1480.0,0.0,1995,0.0,98103,47.6966,-122.35,1480.0,2197.0,2014-07-15,402500.0
7852000340,3.0,2.5,2420.0,7307.0,2.0,0.0,0.0,3,7,2420.0,0.0,1998,0.0,98065,47.5361,-121.871,2420.0,5577.0,2014-06-25,482000.0
8827900560,3.0,2.0,1820.0,4480.0,1.0,0.0,0.0,5,7,1120.0,700.0,1923,0.0,98105,47.6717,-122.295,1920.0,4480.0,2014-10-31,655000.0
2768000390,5.0,2.75,1940.0,5000.0,2.0,0.0,0.0,5,7,1940.0,0.0,1951,0.0,98107,47.6704,-122.362,1940.0,4230.0,2014-09-26,577000.0
2475200370,3.0,2.5,1630.0,5996.0,2.0,0.0,0.0,3,7,1630.0,0.0,1986,0.0,98055,47.4738,-122.19,1660.0,4504.0,2014-10-20,350000.0
8731981940,4.0,2.25,2520.0,8000.0,1.0,0.0,2.0,3,8,1680.0,840.0,1970,0.0,98023,47.3202,-122.383,2300.0,8000.0,2014-09-08,415000.0
3626079032,4.0,2.5,2120.0,215186.0,2.0,0.0,0.0,2,7,2120.0,0.0,1983,0.0,98014,47.701,-121.857,2000.0,215186.0,2014-07-30,396400.0
6646200710,3.0,2.5,2490.0,8582.0,2.0,0.0,0.0,3,9,2490.0,0.0,2000,0.0,98074,47.625,-122.042,2870.0,7598.0,2015-04-09,654300.0
7167000060,4.0,2.5,3410.0,179419.0,2.0,0.0,0.0,3,10,3410.0,0.0,2004,0.0,98010,47.3602,-121.986,3350.0,175421.0,2014-11-24,774950.0
5249802085,4.0,2.0,2380.0,10800.0,2.0,0.0,2.0,3,8,2380.0,0.0,1925,0.0,98118,47.5682,-122.275,2112.0,6600.0,2014-09-02,855000.0
3528900060,3.0,2.5,2490.0,4000.0,2.0,0.0,0.0,5,8,1670.0,820.0,1918,0.0,98109,47.6403,-122.35,2310.0,4000.0,2014-06-26,1150000.0
6056100295,2.0,2.5,1240.0,1546.0,2.0,0.0,0.0,3,7,1240.0,0.0,2007,0.0,98108,47.5634,-122.298,1520.0,2468.0,2014-05-30,330000.0
9392200030,4.0,2.25,1900.0,10950.0,1.0,0.0,0.0,4,7,1400.0,500.0,1959,0.0,98032,47.3582,-122.284,1700.0,11850.0,2014-09-23,290000.0
936000055,3.0,3.0,2390.0,19454.0,1.5,0.0,0.0,3,8,2390.0,0.0,2008,0.0,98166,47.4545,-122.336,1540.0,26979.0,2014-11-19,519500.0
3840700560,3.0,1.75,1810.0,12600.0,1.0,0.0,0.0,3,7,1400.0,410.0,1977,0.0,98034,47.7143,-122.233,1934.0,12600.0,2014-08-14,450000.0
333100295,3.0,3.5,4490.0,56609.0,2.0,1.0,4.0,3,12,4490.0,0.0,1993,0.0,98034,47.6997,-122.24,2710.0,51330.0,2014-11-24,3120000.0
133000127,3.0,1.0,1620.0,9450.0,1.5,,0.0,3,7,1620.0,0.0,1928,0.0,98168,47.5136,-122.313,2070.0,11970.0,2014-06-23,265000.0
4221970060,4.0,2.5,2640.0,7883.0,2.0,0.0,0.0,3,8,2640.0,0.0,1990,0.0,98092,47.3124,-122.188,2150.0,7683.0,2015-05-06,359000.0
1732800310,4.0,3.75,2870.0,4500.0,2.0,0.0,3.0,3,10,2510.0,360.0,2012,0.0,98119,47.6291,-122.363,2870.0,6354.0,2015-03-02,2000000.0
2025069037,4.0,2.5,3250.0,48037.0,1.0,0.0,2.0,3,8,2030.0,1220.0,1985,0.0,98074,47.6326,-122.07,2970.0,48037.0,2015-02-10,1050000.0
2516000486,2.0,1.0,800.0,2280.0,1.0,0.0,0.0,5,6,800.0,0.0,1946,0.0,98107,47.6588,-122.362,1310.0,4200.0,2014-07-01,402500.0
4037400070,3.0,1.75,1360.0,5445.0,1.0,,0.0,4,7,1360.0,0.0,1957,0.0,98008,47.6071,-122.123,1570.0,7840.0,2014-08-25,450000.0
3375300370,5.0,2.25,1950.0,8086.0,1.0,0.0,0.0,3,7,1130.0,820.0,1980,0.0,98003,47.3179,-122.331,1670.0,8550.0,2015-03-06,262500.0
1682500240,4.0,2.25,1970.0,7200.0,2.0,0.0,0.0,3,8,1970.0,0.0,1979,0.0,98092,47.3132,-122.182,1790.0,7500.0,2015-02-25,285000.0
6806100340,3.0,2.5,2020.0,4861.0,2.0,0.0,0.0,3,7,2020.0,0.0,2005,0.0,98058,47.4659,-122.144,2170.0,4600.0,2015-03-04,290000.0
8682281070,2.0,2.5,2280.0,6230.0,1.0,0.0,0.0,3,8,2280.0,0.0,2005,0.0,98053,47.7065,-122.013,1640.0,5931.0,2014-08-07,752500.0
8691330260,4.0,2.75,3540.0,13515.0,2.0,0.0,0.0,3,10,3540.0,0.0,1998,0.0,98075,47.5945,-121.982,3540.0,11538.0,2014-12-08,820000.0
869700140,3.0,2.5,1560.0,2740.0,2.0,0.0,0.0,3,8,1560.0,0.0,1999,0.0,98059,47.4909,-122.154,1310.0,2698.0,2014-08-11,292000.0
7221400320,2.0,1.0,750.0,6089.0,1.0,0.0,2.0,3,6,750.0,0.0,1937,0.0,98055,47.475,-122.199,1430.0,6451.0,2014-10-03,213000.0
7454001125,4.0,3.0,2240.0,7035.0,2.0,0.0,0.0,3,7,2240.0,0.0,1942,19930.0,98146,47.5124,-122.374,1060.0,6300.0,2014-11-17,400000.0
7129304375,1.0,0.75,590.0,5650.0,1.0,0.0,0.0,3,6,590.0,0.0,1944,0.0,98118,47.5181,-122.267,980.0,5650.0,2014-07-14,202000.0
6189200260,3.0,2.0,1580.0,14398.0,1.0,0.0,0.0,3,7,1080.0,500.0,1981,0.0,98005,47.6328,-122.174,1650.0,14407.0,2015-05-04,617450.0
1430800162,3.0,1.0,1040.0,8000.0,1.0,0.0,0.0,4,7,1040.0,0.0,1956,0.0,98166,47.4711,-122.35,1170.0,9450.0,2015-01-14,250000.0
2570300240,5.0,1.75,1880.0,10000.0,1.0,0.0,0.0,3,7,960.0,920.0,1963,0.0,98034,47.7182,-122.201,1580.0,10000.0,2014-05-29,405000.0
3294700320,2.0,1.0,1070.0,8750.0,1.0,,0.0,3,7,1070.0,0.0,1951,0.0,98055,47.4734,-122.198,1300.0,9670.0,2015-03-31,325000.0
2976800700,3.0,3.0,1860.0,7440.0,1.0,0.0,0.0,5,7,1040.0,820.0,1954,0.0,98178,47.5035,-122.255,1490.0,8160.0,2014-05-22,301350.0
7625704340,2.0,1.75,1550.0,7800.0,1.0,0.0,0.0,3,7,1050.0,500.0,1940,0.0,98136,47.5436,-122.39,1370.0,5000.0,2015-03-03,425000.0
9238900390,3.0,1.0,1860.0,6360.0,1.0,0.0,0.0,3,8,1470.0,390.0,1954,0.0,98136,47.5327,-122.392,1770.0,6175.0,2014-09-05,460000.0
4139430310,3.0,2.5,3090.0,10940.0,2.0,0.0,2.0,3,10,3090.0,0.0,1992,0.0,98006,47.5492,-122.119,3410.0,12157.0,2015-04-19,938000.0
1402630270,3.0,1.75,1720.0,8867.0,1.0,0.0,0.0,3,8,1320.0,400.0,1985,0.0,98058,47.44,-122.136,2200.0,9170.0,2014-07-29,348000.0
3735901600,2.0,1.0,1260.0,4080.0,1.5,0.0,0.0,5,7,1260.0,0.0,1926,0.0,98115,47.687,-122.32,1720.0,4080.0,2014-06-06,435000.0
739500270,3.0,1.5,1120.0,11430.0,1.0,0.0,0.0,4,7,1120.0,0.0,1963,0.0,98031,47.4105,-122.194,1790.0,8760.0,2014-11-13,227950.0
3566800125,2.0,1.0,1250.0,5880.0,1.0,0.0,0.0,3,6,900.0,350.0,1948,0.0,98117,47.6908,-122.391,1520.0,5020.0,2015-03-30,425000.0
2886200070,3.0,2.0,1810.0,4064.0,1.5,0.0,0.0,3,7,1810.0,0.0,1925,0.0,98103,47.6859,-122.339,1518.0,2945.0,2014-06-02,550000.0
3529300060,3.0,2.5,1890.0,7053.0,2.0,0.0,0.0,4,8,1890.0,0.0,1992,0.0,98031,47.3967,-122.183,2000.0,7226.0,2014-07-21,347500.0
3085001610,4.0,1.75,2020.0,6000.0,1.0,,0.0,3,7,1620.0,400.0,1959,0.0,98144,47.577,-122.302,1870.0,4000.0,2014-09-30,397000.0
9414500200,4.0,1.75,1790.0,11875.0,1.0,0.0,0.0,4,7,1490.0,300.0,1969,0.0,98027,47.522,-122.047,1870.0,11760.0,2014-06-02,410000.0
8651611230,3.0,3.5,3190.0,6776.0,2.0,0.0,0.0,3,10,3190.0,0.0,1998,0.0,98074,47.6348,-122.064,3230.0,7189.0,2014-07-11,780000.0
8712100350,4.0,3.25,3030.0,5164.0,1.5,0.0,0.0,5,9,2700.0,330.0,1925,0.0,98112,47.6394,-122.299,1890.0,4415.0,2014-09-09,1350000.0
7202350310,3.0,2.25,1630.0,3070.0,2.0,0.0,0.0,3,7,1630.0,0.0,2004,0.0,98053,47.6785,-122.03,1690.0,3200.0,2014-10-28,476000.0
1326059070,3.0,1.75,1180.0,16552.0,1.0,0.0,0.0,4,7,1180.0,0.0,1967,0.0,98072,47.7426,-122.116,2780.0,45302.0,2014-07-08,390000.0
1311900240,3.0,2.0,1560.0,7000.0,1.0,0.0,0.0,4,7,1560.0,0.0,1968,0.0,98001,47.3355,-122.284,1560.0,7200.0,2014-12-30,226500.0
7518503490,3.0,2.0,1340.0,2550.0,2.0,0.0,0.0,3,7,1340.0,0.0,1984,0.0,98117,47.6793,-122.38,1370.0,5100.0,2014-07-31,495000.0
6669200200,5.0,3.25,2590.0,11500.0,1.0,0.0,2.0,4,9,2590.0,0.0,1968,0.0,98040,47.545,-122.229,2780.0,11989.0,2015-03-19,1500000.0
3438501860,3.0,1.0,1020.0,5950.0,1.0,0.0,0.0,3,6,880.0,140.0,1950,0.0,98106,47.5436,-122.357,1800.0,5950.0,2015-04-22,385000.0
7852170570,3.0,2.5,2370.0,5344.0,2.0,,0.0,3,9,2370.0,0.0,2003,0.0,98065,47.54,-121.863,2990.0,5418.0,2015-03-09,535950.0
9290850060,4.0,2.5,3170.0,32430.0,2.5,0.0,0.0,3,10,3170.0,0.0,1989,0.0,98053,47.6903,-122.056,3360.0,35610.0,2014-10-22,910000.0
4206901505,2.0,1.0,1120.0,4000.0,1.0,0.0,0.0,3,7,1120.0,0.0,1926,0.0,98105,47.6567,-122.327,1620.0,4000.0,2015-03-26,465000.0
6600220550,3.0,1.75,1440.0,11787.0,1.0,0.0,0.0,3,8,1440.0,0.0,1983,0.0,98074,47.6276,-122.033,2190.0,11787.0,2014-06-26,495000.0
8699100160,4.0,2.0,2170.0,5404.0,1.5,0.0,0.0,5,6,1470.0,700.0,1920,0.0,98002,47.3046,-122.22,1030.0,5477.0,2015-02-10,250000.0
1068000520,4.0,2.25,3490.0,6906.0,2.0,0.0,0.0,4,10,2280.0,1210.0,1928,0.0,98199,47.6424,-122.407,2540.0,6223.0,2014-05-06,1230000.0
2558610070,4.0,2.25,1970.0,8941.0,2.0,0.0,0.0,3,7,1970.0,0.0,1973,0.0,98034,47.7223,-122.172,1880.0,7793.0,2015-02-17,400000.0
1829300270,4.0,2.5,2780.0,13521.0,2.0,0.0,0.0,3,10,2780.0,0.0,1987,0.0,98074,47.6374,-122.042,2980.0,11454.0,2014-08-21,715000.0
7212650240,3.0,2.0,2250.0,7757.0,1.0,0.0,0.0,3,8,2250.0,0.0,1992,0.0,98003,47.2684,-122.308,1970.0,6866.0,2015-02-23,342000.0
3205200240,4.0,1.75,1340.0,8400.0,1.0,0.0,0.0,5,7,1340.0,0.0,1967,0.0,98056,47.5382,-122.173,1980.0,8400.0,2015-04-30,420000.0
1682000350,3.0,1.0,1400.0,7360.0,1.0,,0.0,4,7,1400.0,0.0,1968,0.0,98092,47.3123,-122.186,1600.0,8030.0,2014-07-08,148226.0
7229900885,3.0,1.0,1510.0,10369.0,1.0,0.0,0.0,4,7,1010.0,500.0,1968,0.0,98059,47.4808,-122.099,1510.0,16057.0,2014-11-03,313000.0
7888000400,3.0,1.0,1320.0,8220.0,1.0,0.0,0.0,3,7,1320.0,,1959,0.0,98198,47.3697,-122.309,1320.0,7920.0,2014-06-03,150000.0
523049195,2.0,1.0,820.0,10270.0,1.0,0.0,0.0,3,7,820.0,0.0,1954,0.0,98168,47.5119,-122.329,1670.0,10086.0,2014-05-22,150000.0
1423400160,2.0,1.0,1080.0,9435.0,1.0,0.0,0.0,3,6,1080.0,0.0,1958,0.0,98058,47.459,-122.181,1200.0,9210.0,2014-06-18,230000.0
1766600075,2.0,1.0,840.0,5400.0,1.0,0.0,0.0,4,7,840.0,0.0,1948,0.0,98118,47.5489,-122.271,1340.0,5400.0,2014-09-02,389100.0
1088020070,4.0,2.25,2070.0,8720.0,1.0,0.0,0.0,5,8,1360.0,710.0,1974,0.0,98033,47.6678,-122.182,2180.0,8510.0,2014-12-16,645000.0
7893200486,3.0,1.0,1520.0,6500.0,1.0,0.0,0.0,3,7,990.0,530.0,1958,0.0,98198,47.4164,-122.332,1500.0,7500.0,2015-03-02,310000.0
8929000060,2.0,1.75,1210.0,1189.0,2.0,0.0,0.0,3,8,1210.0,0.0,2014,0.0,98029,47.5526,-121.998,1540.0,1672.0,2014-10-04,351358.0
8146200070,5.0,2.75,3810.0,9360.0,2.0,0.0,0.0,3,10,3810.0,0.0,2014,0.0,98004,47.6039,-122.194,2110.0,9870.0,2015-03-10,1700000.0
624069050,4.0,3.5,5370.0,323215.0,2.0,0.0,0.0,3,10,5370.0,0.0,2002,0.0,98075,47.6003,-122.076,3780.0,9891.0,2015-04-07,1570000.0
5318100935,3.0,2.0,1540.0,3600.0,2.0,0.0,0.0,3,8,1540.0,0.0,1900,19880.0,98112,47.6343,-122.283,2970.0,3600.0,2014-10-20,850000.0
1313300340,4.0,2.5,2310.0,14023.0,2.0,0.0,0.0,3,9,2310.0,0.0,1991,0.0,98019,47.7351,-121.964,2410.0,14007.0,2014-05-14,470000.0
8032700070,3.0,2.25,1870.0,1900.0,3.0,,0.0,3,8,1870.0,0.0,2008,0.0,98103,47.6537,-122.34,1690.0,1694.0,2014-11-18,770000.0
1072000240,3.0,1.75,1840.0,11440.0,1.0,0.0,0.0,4,8,1340.0,500.0,1977,0.0,98059,47.474,-122.14,1940.0,11440.0,2014-06-24,366000.0
3904920390,3.0,2.5,2060.0,7184.0,2.0,0.0,0.0,3,8,2060.0,0.0,1987,0.0,98029,47.567,-122.012,2230.0,7788.0,2014-07-10,545000.0
7345200400,3.0,1.0,1010.0,8800.0,1.0,0.0,0.0,4,7,1010.0,0.0,1968,0.0,98002,47.2761,-122.208,1550.0,7700.0,2014-09-09,205000.0
923000270,2.0,1.0,1020.0,8155.0,1.0,0.0,0.0,4,7,1020.0,0.0,1948,0.0,98177,47.7257,-122.361,1430.0,8157.0,2014-05-08,405000.0
7016310270,4.0,2.5,2220.0,7210.0,1.0,0.0,0.0,3,7,1270.0,950.0,1973,0.0,98011,47.7428,-122.183,2220.0,7313.0,2015-04-10,467000.0
3650100105,2.0,1.0,1050.0,4125.0,1.0,0.0,0.0,4,7,1050.0,0.0,1909,0.0,98144,47.5736,-122.307,1650.0,4125.0,2014-09-26,392500.0
3761100240,4.0,2.75,3030.0,18400.0,1.5,0.0,3.0,3,9,2360.0,670.0,1973,0.0,98034,47.7019,-122.243,3030.0,12486.0,2014-10-27,901000.0
2126049277,3.0,1.75,1800.0,7199.0,1.0,0.0,0.0,3,7,1300.0,500.0,1972,0.0,98125,47.7264,-122.307,1800.0,8100.0,2014-12-03,500000.0
253600160,3.0,2.5,1860.0,3690.0,2.0,0.0,0.0,3,7,1860.0,0.0,2000,0.0,98028,47.776,-122.239,1870.0,4394.0,2014-05-30,384950.0
1623069046,4.0,3.5,4070.0,336283.0,2.0,0.0,0.0,3,11,4070.0,0.0,2006,0.0,98027,47.478,-122.038,3020.0,44613.0,2015-03-12,1700000.0
9235900030,2.0,1.0,860.0,6120.0,1.0,0.0,0.0,3,7,860.0,0.0,1948,0.0,98155,47.7503,-122.328,1100.0,6860.0,2014-07-17,245000.0
5451200370,4.0,2.25,3080.0,10487.0,2.0,0.0,0.0,4,9,3080.0,0.0,1968,0.0,98040,47.5344,-122.224,2480.0,10607.0,2015-02-09,1170000.0
7338000270,3.0,1.5,1280.0,3640.0,2.0,0.0,0.0,3,6,1280.0,0.0,1983,0.0,98002,47.334,-122.214,1150.0,4105.0,2015-04-21,184500.0
2115720270,2.0,2.0,1540.0,5000.0,1.5,0.0,0.0,3,8,1540.0,0.0,1986,0.0,98023,47.319,-122.394,1590.0,5000.0,2015-04-14,269000.0
11200070,3.0,2.5,1530.0,3296.0,2.0,0.0,0.0,3,8,1530.0,0.0,1998,0.0,98007,47.6181,-122.138,1530.0,4099.0,2014-07-21,570000.0
8732300060,4.0,1.75,2350.0,11914.0,1.0,0.0,0.0,4,8,2350.0,0.0,1961,0.0,98040,47.5392,-122.228,2240.0,10706.0,2014-05-12,850000.0
8651410240,3.0,1.0,920.0,5200.0,1.0,0.0,0.0,4,6,920.0,0.0,1969,0.0,98042,47.3647,-122.082,920.0,4875.0,2015-02-02,209000.0
3342102220,4.0,1.75,1840.0,5100.0,1.0,0.0,0.0,4,5,1840.0,0.0,1933,0.0,98056,47.5209,-122.205,2160.0,5400.0,2014-08-06,327000.0
7663700783,3.0,1.5,1650.0,9957.0,1.0,0.0,0.0,4,7,1100.0,550.0,1961,0.0,98125,47.7303,-122.298,1650.0,7957.0,2014-06-13,369500.0
9477201370,3.0,1.75,1760.0,8025.0,1.0,0.0,0.0,4,7,1230.0,530.0,1976,0.0,98034,47.7287,-122.192,1590.0,7543.0,2015-02-26,440000.0
1923000370,4.0,2.25,3290.0,12329.0,1.5,0.0,0.0,4,10,3290.0,0.0,1968,0.0,98040,47.5639,-122.216,3170.0,12329.0,2014-05-12,947500.0
6841700070,2.0,1.0,1270.0,4500.0,1.5,0.0,0.0,4,7,1270.0,0.0,1919,0.0,98122,47.6059,-122.295,2140.0,4550.0,2015-03-17,510000.0
3293700105,3.0,2.0,1600.0,10318.0,1.0,,0.0,3,7,930.0,670.0,1941,0.0,98133,47.7466,-122.347,1590.0,7040.0,2015-04-28,385000.0
8001450060,5.0,3.0,2670.0,9920.0,1.0,0.0,0.0,3,8,1400.0,1270.0,1990,0.0,98001,47.3211,-122.277,1890.0,10341.0,2014-08-20,370000.0
2877104316,4.0,1.5,1960.0,4500.0,1.5,0.0,2.0,3,7,1960.0,0.0,1922,0.0,98117,47.6797,-122.359,1960.0,4500.0,2014-12-01,660000.0
1522039105,3.0,4.25,3300.0,308080.0,2.0,0.0,2.0,4,9,2520.0,780.0,1976,0.0,98070,47.3979,-122.416,2130.0,90604.0,2015-01-15,729000.0
924069190,3.0,1.75,2000.0,11880.0,2.0,0.0,0.0,3,8,2000.0,,1979,0.0,98075,47.5882,-122.052,1820.0,15120.0,2014-08-19,440000.0
2722059185,4.0,2.5,2360.0,81892.0,1.0,0.0,0.0,3,8,2360.0,0.0,2000,0.0,98042,47.369,-122.156,1730.0,18096.0,2014-09-10,445000.0
4073200575,2.0,1.0,1430.0,12092.0,1.0,0.0,0.0,4,7,1430.0,0.0,1938,0.0,98125,47.7023,-122.276,2320.0,10800.0,2014-12-01,460000.0
9542600070,3.0,3.0,2330.0,7304.0,1.0,0.0,0.0,3,9,1300.0,1030.0,1971,0.0,98005,47.5982,-122.172,2330.0,9518.0,2014-12-02,516000.0
2459960030,4.0,2.5,2060.0,5607.0,2.0,,0.0,3,7,2060.0,0.0,2002,0.0,98058,47.4365,-122.144,2060.0,5367.0,2014-08-15,343888.0
259800640,4.0,1.75,2240.0,9886.0,1.5,0.0,0.0,4,7,2240.0,0.0,1965,0.0,98008,47.6294,-122.116,1540.0,8040.0,2014-06-09,500000.0
1223039195,5.0,1.75,2330.0,6450.0,1.0,,1.0,3,8,1330.0,1000.0,1958,0.0,98146,47.4959,-122.367,2330.0,8258.0,2015-05-08,465000.0
1545804510,5.0,2.25,2180.0,7813.0,2.0,0.0,0.0,3,7,2180.0,0.0,1986,0.0,98038,47.3651,-122.051,1880.0,8649.0,2014-05-12,302000.0
1921059045,2.0,1.0,1280.0,7861.0,1.0,0.0,0.0,4,6,1280.0,0.0,1913,0.0,98002,47.3007,-122.228,1020.0,6480.0,2014-11-07,195000.0
8078460070,3.0,2.5,2140.0,8925.0,2.0,0.0,0.0,3,8,2140.0,0.0,1991,0.0,98074,47.6314,-122.027,2310.0,8956.0,2014-06-09,640000.0
7525300260,6.0,2.5,2890.0,8122.0,1.0,0.0,0.0,3,8,1630.0,1260.0,1977,0.0,98008,47.5886,-122.113,2730.0,9915.0,2014-06-23,502000.0
4249400270,3.0,2.5,1480.0,3851.0,2.0,0.0,0.0,3,8,1480.0,0.0,1998,0.0,98072,47.7732,-122.163,1650.0,4716.0,2015-04-17,360000.0
179000240,4.0,2.5,1680.0,3000.0,2.0,0.0,0.0,3,7,1680.0,0.0,2003,0.0,98178,47.494,-122.279,1420.0,5500.0,2015-03-25,290500.0
8856004327,4.0,3.0,2163.0,5883.0,2.0,0.0,0.0,3,7,2163.0,0.0,2006,0.0,98001,47.2734,-122.251,1700.0,10143.0,2014-05-09,248000.0
8029550160,4.0,2.5,2280.0,7568.0,2.0,0.0,0.0,4,7,2280.0,0.0,2001,0.0,98056,47.5115,-122.194,2280.0,5312.0,2014-05-16,433000.0
5016001260,2.0,1.0,820.0,4200.0,1.0,0.0,0.0,3,7,820.0,0.0,1980,0.0,98112,47.6249,-122.298,1290.0,4000.0,2015-04-13,480000.0
1133000036,3.0,1.0,1330.0,5000.0,1.0,0.0,0.0,3,7,1120.0,210.0,1957,0.0,98125,47.7211,-122.308,1920.0,7790.0,2015-04-21,410000.0
5416510710,4.0,2.75,2310.0,5000.0,2.0,,0.0,3,7,2310.0,0.0,2006,0.0,98038,47.3614,-122.035,1980.0,5000.0,2014-05-05,309950.0
1796380060,3.0,2.0,1290.0,7372.0,1.0,0.0,0.0,5,7,1290.0,0.0,1990,0.0,98042,47.3658,-122.085,1290.0,7366.0,2014-12-01,253000.0
1223089050,3.0,1.75,1630.0,11800.0,1.0,0.0,0.0,4,7,1630.0,0.0,1971,0.0,98045,47.4863,-121.73,2090.0,57428.0,2014-05-06,280000.0
7436900060,3.0,1.0,1410.0,8925.0,1.0,0.0,0.0,3,7,1410.0,0.0,1958,0.0,98052,47.6782,-122.162,1330.0,8925.0,2015-04-24,440000.0
2202500135,5.0,1.75,1240.0,8936.0,1.0,0.0,0.0,3,7,1240.0,0.0,1954,0.0,98006,47.5738,-122.136,1600.0,9341.0,2014-11-18,333000.0
224069195,3.0,2.5,3100.0,23790.0,2.0,0.0,0.0,3,9,3100.0,0.0,2002,0.0,98075,47.5882,-122.011,2250.0,40854.0,2014-06-16,759950.0
9407101180,3.0,2.25,2020.0,9000.0,2.0,0.0,0.0,3,7,2020.0,0.0,1979,0.0,98045,47.4487,-121.775,1460.0,9680.0,2014-12-24,345000.0
6699950310,4.0,2.5,2500.0,5831.0,2.0,0.0,0.0,3,8,2500.0,0.0,2007,0.0,98038,47.3454,-122.039,2500.0,5188.0,2014-09-26,350000.0
5379800810,2.0,1.0,790.0,14200.0,1.0,0.0,0.0,3,7,790.0,0.0,1951,0.0,98188,47.459,-122.285,1430.0,10000.0,2014-08-07,198000.0
711000070,3.0,1.75,2040.0,11294.0,1.0,0.0,0.0,4,7,1340.0,700.0,1952,0.0,98004,47.5923,-122.197,2120.0,9587.0,2014-07-25,730000.0
5127001170,3.0,1.5,1430.0,9600.0,1.0,0.0,0.0,4,7,1430.0,0.0,1966,0.0,98059,47.4737,-122.15,1590.0,10240.0,2014-05-28,266200.0
191100140,4.0,2.5,2250.0,10160.0,2.0,0.0,0.0,5,8,2250.0,0.0,1967,0.0,98040,47.5645,-122.219,2660.0,10125.0,2015-03-16,1060000.0
6198400218,2.0,1.0,1070.0,20450.0,1.0,0.0,0.0,2,6,1070.0,0.0,1948,0.0,98058,47.4338,-122.183,1360.0,15581.0,2014-09-19,95000.0
3578400270,3.0,1.75,1300.0,12731.0,1.0,0.0,0.0,3,8,1300.0,0.0,1981,0.0,98074,47.6236,-122.04,1700.0,13556.0,2014-06-23,430000.0
9573120260,4.0,2.25,2560.0,9731.0,2.0,0.0,0.0,4,7,2560.0,0.0,1973,0.0,98034,47.7261,-122.246,1860.0,9731.0,2014-06-10,650000.0
2310110070,3.0,2.5,2190.0,5071.0,2.0,0.0,0.0,3,8,2190.0,0.0,2004,0.0,98038,47.3506,-122.04,2300.0,5654.0,2015-03-17,379900.0
6413600192,2.0,1.5,940.0,1222.0,2.0,0.0,0.0,3,7,860.0,80.0,2004,0.0,98125,47.7178,-122.318,1302.0,1840.0,2015-04-27,325000.0
4037500335,4.0,2.25,1740.0,8449.0,1.0,0.0,0.0,4,7,1170.0,570.0,1958,0.0,98008,47.6079,-122.123,1980.0,11175.0,2014-06-06,455000.0
5141000510,4.0,3.75,2220.0,3797.0,1.5,0.0,0.0,4,6,1330.0,890.0,1917,0.0,98108,47.5574,-122.315,1490.0,4340.0,2014-09-15,392000.0
3876311180,3.0,1.75,1310.0,7811.0,1.0,0.0,0.0,3,7,1310.0,0.0,1976,0.0,98034,47.7319,-122.167,1530.0,7800.0,2014-09-04,373000.0
5036300575,5.0,3.0,2710.0,8227.0,1.0,0.0,2.0,3,8,1910.0,800.0,1953,0.0,98199,47.6505,-122.39,2060.0,5400.0,2014-10-16,951250.0
384000135,3.0,2.0,1300.0,14350.0,1.0,0.0,0.0,3,7,1300.0,0.0,1955,0.0,98006,47.5736,-122.152,1520.0,10670.0,2014-06-24,502000.0
322059326,3.0,2.0,1940.0,40588.0,1.0,0.0,0.0,3,7,1940.0,0.0,2000,0.0,98058,47.4252,-122.159,1860.0,9657.0,2015-04-27,362500.0
9530101670,2.0,1.0,1080.0,3500.0,1.0,,3.0,3,7,1080.0,0.0,1924,0.0,98103,47.6667,-122.356,1790.0,4000.0,2014-06-23,525000.0
5490220030,4.0,2.5,2110.0,11680.0,1.0,,0.0,4,7,1420.0,690.0,1977,0.0,98052,47.6964,-122.118,1890.0,9600.0,2015-02-25,580000.0
2459500070,3.0,2.25,1590.0,9425.0,1.0,0.0,0.0,3,7,1170.0,420.0,1985,0.0,98058,47.4291,-122.16,1590.0,9394.0,2014-12-22,278000.0
7312400075,2.0,1.0,910.0,4800.0,1.0,0.0,0.0,4,7,910.0,0.0,1923,0.0,98126,47.5536,-122.377,1450.0,5000.0,2014-12-16,422500.0
7011200830,4.0,2.0,1590.0,5400.0,1.0,0.0,2.0,3,7,990.0,600.0,1900,0.0,98119,47.637,-122.367,2190.0,4800.0,2014-09-09,783200.0
8691390860,4.0,2.5,3290.0,6628.0,2.0,0.0,0.0,3,9,3290.0,0.0,2003,0.0,98075,47.5994,-121.975,3240.0,5831.0,2014-06-20,715000.0
8929000350,3.0,2.5,2010.0,2212.0,2.0,0.0,0.0,3,8,1390.0,,2014,0.0,98029,47.5523,-121.998,1690.0,1619.0,2014-08-04,472217.0
1322049335,3.0,2.5,2060.0,4030.0,2.0,0.0,0.0,3,7,2060.0,0.0,1999,0.0,98032,47.3909,-122.238,2060.0,4029.0,2014-05-28,244615.0
7715600070,3.0,1.75,1560.0,14288.0,1.0,,0.0,3,6,780.0,780.0,1944,0.0,98125,47.7183,-122.306,1320.0,8928.0,2014-12-12,385000.0
2985800070,3.0,1.0,1120.0,6600.0,1.0,0.0,0.0,3,7,1120.0,0.0,1943,0.0,98105,47.6712,-122.267,1300.0,6600.0,2014-07-25,549995.0
98000560,4.0,3.75,3550.0,15151.0,2.0,0.0,0.0,3,11,3550.0,0.0,2004,0.0,98075,47.5888,-121.971,4340.0,15151.0,2014-08-16,959900.0
125059179,6.0,4.5,3300.0,7200.0,2.0,0.0,0.0,3,8,3300.0,0.0,1980,0.0,98052,47.6798,-122.104,2470.0,7561.0,2014-07-23,510000.0
7558800570,3.0,1.75,2000.0,12669.0,1.0,0.0,3.0,4,7,1200.0,800.0,1965,0.0,98070,47.3579,-122.446,1580.0,12055.0,2014-08-13,367000.0
9378700200,5.0,3.0,2680.0,8410.0,2.0,,0.0,3,8,1810.0,870.0,1990,0.0,98058,47.4401,-122.126,1860.0,8410.0,2014-10-08,375000.0
2767603612,2.0,2.25,1290.0,1334.0,3.0,0.0,0.0,3,8,1290.0,0.0,2007,0.0,98107,47.6719,-122.382,1350.0,1334.0,2014-05-12,500000.0
2767603612,2.0,2.25,1290.0,1334.0,3.0,0.0,0.0,3,8,1290.0,0.0,2007,0.0,98107,47.6719,-122.382,1350.0,1334.0,2015-01-13,489000.0
3259400024,3.0,2.0,1150.0,700.0,2.0,0.0,0.0,3,7,800.0,350.0,2000,0.0,98136,47.5552,-122.381,1060.0,1910.0,2015-04-27,340000.0
7954000125,3.0,1.75,1880.0,5978.0,1.0,,0.0,5,7,940.0,940.0,1957,0.0,98144,47.5793,-122.294,1930.0,4770.0,2015-05-01,562000.0
5535600640,3.0,2.5,2400.0,7478.0,2.0,0.0,0.0,3,9,2400.0,0.0,2002,0.0,98019,47.7362,-121.974,2980.0,8182.0,2014-09-12,489950.0
1313000710,3.0,2.25,1920.0,9600.0,1.0,0.0,0.0,4,8,1560.0,360.0,1968,0.0,98052,47.6341,-122.103,2040.0,9600.0,2014-10-03,652000.0
1786700240,4.0,3.25,4350.0,7090.0,2.0,0.0,0.0,3,8,2870.0,1480.0,1999,0.0,98042,47.3747,-122.156,2490.0,7266.0,2014-10-24,472000.0
2739200160,4.0,2.5,1910.0,9244.0,1.0,0.0,0.0,4,6,1910.0,0.0,1963,0.0,98059,47.4918,-122.141,2590.0,9286.0,2014-06-12,333000.0
2874600335,3.0,1.5,2000.0,7350.0,1.0,0.0,0.0,3,8,2000.0,0.0,1953,0.0,98177,47.7061,-122.368,1890.0,6960.0,2014-05-30,560000.0
3222049159,4.0,3.5,3290.0,20107.0,2.0,,4.0,3,10,2220.0,1070.0,1990,0.0,98198,47.355,-122.319,2990.0,16988.0,2014-12-01,799000.0
7856550240,5.0,2.25,3480.0,9200.0,2.0,0.0,0.0,3,8,3480.0,0.0,1979,0.0,98006,47.5585,-122.153,3130.0,9200.0,2014-07-10,860000.0
2817910030,4.0,2.5,2410.0,55931.0,2.0,0.0,0.0,3,9,2410.0,0.0,1989,0.0,98092,47.3109,-122.097,2780.0,55931.0,2015-04-30,449500.0
8649900160,4.0,3.0,2820.0,11500.0,2.0,0.0,0.0,3,10,2820.0,0.0,1991,0.0,98075,47.5826,-122.028,2770.0,9694.0,2014-12-05,692500.0
7856610160,4.0,1.75,2710.0,11400.0,1.0,0.0,0.0,4,9,1430.0,1280.0,1976,0.0,98006,47.561,-122.153,2640.0,11000.0,2014-08-12,925000.0
3705000070,3.0,2.25,2080.0,2856.0,1.5,0.0,0.0,3,7,1550.0,530.0,2003,0.0,98042,47.4198,-122.158,2080.0,2275.0,2014-10-21,267500.0
2619950400,4.0,2.5,2200.0,6018.0,2.0,0.0,0.0,3,8,2200.0,0.0,2010,0.0,98019,47.7338,-121.966,2480.0,5899.0,2014-07-14,396800.0
7749500160,4.0,1.5,1180.0,8058.0,1.0,0.0,0.0,5,7,1180.0,0.0,1969,0.0,98092,47.2966,-122.19,1800.0,9348.0,2015-04-09,220000.0
3585300445,3.0,1.75,2120.0,56192.0,1.0,0.0,1.0,3,9,1720.0,400.0,1959,0.0,98177,47.7665,-122.372,2240.0,20500.0,2014-08-22,892500.0
2909700070,3.0,2.0,1460.0,10311.0,1.0,0.0,0.0,4,7,1460.0,0.0,1975,0.0,98052,47.6771,-122.156,1690.0,9679.0,2014-05-27,455500.0
2581900036,3.0,1.75,2110.0,11250.0,1.0,0.0,0.0,4,8,2110.0,0.0,1961,0.0,98040,47.5402,-122.216,2560.0,10992.0,2014-06-12,743000.0
5589900400,4.0,1.5,1790.0,17925.0,1.0,0.0,0.0,4,6,1790.0,0.0,1951,0.0,98155,47.7501,-122.302,1660.0,15165.0,2014-12-05,338000.0
323089159,3.0,1.75,1340.0,13115.0,1.0,0.0,0.0,3,7,1340.0,0.0,1978,0.0,98045,47.5021,-121.77,1370.0,10800.0,2014-10-03,332000.0
5015000700,3.0,1.0,2460.0,4000.0,1.5,0.0,0.0,4,7,1370.0,1090.0,1918,0.0,98112,47.6268,-122.297,1680.0,4000.0,2015-01-23,563225.0
624110860,4.0,3.5,3760.0,20609.0,2.0,0.0,0.0,3,11,3760.0,0.0,1990,0.0,98077,47.7255,-122.059,3360.0,15761.0,2015-04-27,1150000.0
9521100465,2.0,1.0,1240.0,5000.0,1.0,0.0,0.0,3,7,1000.0,240.0,1920,0.0,98103,47.6634,-122.351,1480.0,3500.0,2014-10-13,645000.0
3275790140,3.0,2.5,2750.0,16000.0,2.0,0.0,0.0,4,9,2560.0,190.0,1981,0.0,98033,47.693,-122.187,2370.0,11279.0,2014-12-30,739000.0
1313300400,3.0,2.5,2530.0,13446.0,2.0,0.0,0.0,3,9,2530.0,0.0,1993,0.0,98019,47.7345,-121.961,2450.0,13446.0,2014-07-01,435000.0
8670900140,3.0,2.25,3200.0,3800.0,2.0,0.0,0.0,5,9,2650.0,550.0,1914,0.0,98102,47.638,-122.317,2400.0,3900.0,2014-07-29,995000.0
2540850070,4.0,2.75,2020.0,7357.0,1.0,0.0,0.0,3,7,1350.0,670.0,1986,0.0,98034,47.7145,-122.225,1690.0,7804.0,2015-03-20,520000.0
1921069068,4.0,2.5,3030.0,180263.0,2.0,0.0,0.0,3,7,2030.0,1000.0,1987,0.0,98092,47.2953,-122.097,2600.0,182509.0,2015-04-29,400000.0
3574800860,3.0,1.75,2350.0,7641.0,1.0,0.0,0.0,3,7,1510.0,840.0,1978,0.0,98034,47.7307,-122.219,2190.0,7500.0,2014-10-07,440000.0
5652600069,3.0,1.5,1690.0,6010.0,1.0,0.0,0.0,3,7,1230.0,460.0,1946,0.0,98115,47.6955,-122.291,1690.0,5418.0,2014-09-17,440000.0
4083302625,3.0,1.0,1280.0,3900.0,1.0,0.0,0.0,4,7,1280.0,0.0,1921,0.0,98103,47.6545,-122.336,2020.0,4560.0,2015-03-24,738000.0
114100791,3.0,1.5,1170.0,9848.0,1.0,0.0,0.0,3,7,1170.0,0.0,1963,0.0,98028,47.7612,-122.234,2220.0,5542.0,2015-04-03,250000.0
9432900070,4.0,2.25,2700.0,8580.0,2.0,0.0,0.0,3,8,2700.0,0.0,1992,0.0,98022,47.2087,-122.009,2420.0,8580.0,2014-09-02,338150.0
7214820400,3.0,2.25,1800.0,7371.0,1.0,0.0,0.0,3,7,1280.0,520.0,1979,0.0,98072,47.7584,-122.145,1960.0,7675.0,2014-09-02,425000.0
2725069157,4.0,2.5,3670.0,54450.0,2.0,0.0,0.0,3,10,3670.0,0.0,1999,0.0,98074,47.6211,-122.016,2900.0,49658.0,2014-06-13,883000.0
1025079074,3.0,2.0,2350.0,266151.0,1.5,0.0,0.0,3,7,2350.0,0.0,1983,0.0,98014,47.6609,-121.892,2270.0,222156.0,2014-12-02,510000.0
724069070,4.0,1.75,3100.0,21303.0,1.0,0.0,1.0,4,9,3100.0,0.0,1962,0.0,98075,47.5847,-122.081,3480.0,9697.0,2014-09-13,950000.0
2206700070,3.0,1.0,1120.0,9656.0,1.0,,0.0,5,7,1120.0,0.0,1955,0.0,98006,47.567,-122.139,1720.0,9908.0,2014-10-13,435000.0
8564500240,5.0,1.5,1900.0,10226.0,1.0,0.0,0.0,3,7,1130.0,770.0,1961,0.0,98034,47.7226,-122.227,1690.0,10227.0,2014-05-27,415000.0
7579200765,2.0,2.5,1350.0,944.0,2.0,0.0,0.0,3,9,870.0,480.0,2004,0.0,98116,47.5591,-122.385,1440.0,1350.0,2014-10-06,439000.0
7893205525,5.0,1.0,1410.0,6400.0,1.0,0.0,0.0,5,7,960.0,450.0,1955,0.0,98198,47.4207,-122.334,1400.0,6500.0,2014-05-27,295832.0
9320700400,3.0,1.75,1560.0,9514.0,1.0,0.0,0.0,4,7,1560.0,0.0,1967,0.0,98031,47.4088,-122.21,1550.0,9600.0,2014-10-31,285000.0
3226049045,3.0,1.5,1090.0,5003.0,1.0,,0.0,3,7,1090.0,0.0,1962,0.0,98125,47.703,-122.321,1540.0,5279.0,2015-04-30,350000.0
9828701741,2.0,2.75,1465.0,972.0,2.0,0.0,0.0,3,7,1050.0,415.0,2006,0.0,98112,47.621,-122.298,1480.0,1430.0,2014-10-21,489000.0
7205510370,3.0,2.25,1790.0,6930.0,1.0,0.0,0.0,3,7,1390.0,400.0,1974,0.0,98003,47.3536,-122.317,1810.0,7420.0,2014-11-24,304500.0
8899000310,3.0,1.5,1300.0,7313.0,1.0,0.0,0.0,4,7,1300.0,0.0,1968,0.0,98055,47.4568,-122.21,1770.0,8075.0,2015-03-17,288000.0
6804600240,3.0,1.75,1920.0,9512.0,1.0,0.0,0.0,3,8,1440.0,480.0,1980,0.0,98011,47.7606,-122.167,1820.0,9512.0,2015-02-11,417000.0
2902201126,3.0,3.0,1420.0,991.0,2.0,0.0,0.0,3,8,1040.0,380.0,2005,0.0,98102,47.6408,-122.327,1500.0,1301.0,2015-04-01,615000.0
5536500200,5.0,3.5,3760.0,4857.0,2.0,0.0,3.0,3,9,2820.0,940.0,2004,0.0,98072,47.7398,-122.167,3000.0,5693.0,2014-09-18,730000.0
3530490160,2.0,1.0,930.0,3447.0,1.0,0.0,0.0,4,8,930.0,0.0,1978,0.0,98198,47.3822,-122.318,1160.0,3447.0,2014-08-21,178500.0
2008000550,4.0,2.0,1580.0,9600.0,1.0,0.0,0.0,5,7,1050.0,530.0,1965,0.0,98198,47.4091,-122.313,1710.0,9600.0,2014-08-15,300000.0
2045400075,4.0,2.5,2170.0,8518.0,1.0,0.0,3.0,3,7,1350.0,820.0,1955,0.0,98178,47.5073,-122.234,1880.0,7680.0,2014-06-23,415000.0
616000200,3.0,1.75,2040.0,15695.0,1.0,0.0,0.0,4,8,2040.0,,1959,0.0,98166,47.4155,-122.339,2280.0,14400.0,2014-08-22,452500.0
7852160310,4.0,2.75,3430.0,15877.0,1.0,0.0,4.0,3,11,3430.0,0.0,2005,0.0,98065,47.5364,-121.856,4080.0,14577.0,2014-08-14,1010000.0
8079100640,4.0,2.5,2160.0,7000.0,2.0,,0.0,4,9,2160.0,0.0,1989,0.0,98029,47.5659,-122.013,2300.0,7440.0,2014-12-01,653000.0
6662000070,4.0,2.25,2060.0,5649.0,1.0,0.0,0.0,5,8,1360.0,700.0,1941,0.0,98199,47.6496,-122.407,2060.0,5626.0,2014-05-14,715000.0
1928300640,3.0,1.75,1410.0,4080.0,1.5,0.0,0.0,4,7,1410.0,0.0,1927,0.0,98105,47.6695,-122.32,1820.0,4080.0,2014-08-28,541000.0
7888100240,4.0,1.5,1850.0,7547.0,1.5,0.0,0.0,4,7,1850.0,0.0,1960,0.0,98198,47.3714,-122.309,1730.0,7577.0,2014-12-09,245000.0
3034200516,2.0,1.0,1370.0,10038.0,1.5,0.0,0.0,4,7,1370.0,0.0,1922,0.0,98133,47.719,-122.339,1610.0,8822.0,2015-02-17,547000.0
7504000510,5.0,2.75,3330.0,12408.0,1.0,0.0,0.0,3,10,1740.0,1590.0,1976,0.0,98074,47.6318,-122.058,2780.0,12000.0,2015-04-02,750000.0
9141100070,5.0,2.5,1970.0,12375.0,1.0,0.0,0.0,3,8,1570.0,400.0,1959,0.0,98133,47.7412,-122.354,1970.0,8941.0,2015-01-26,575000.0
921059200,3.0,1.75,1310.0,8670.0,1.0,0.0,0.0,4,6,1310.0,0.0,1984,0.0,98092,47.3156,-122.186,2622.0,7191.0,2014-08-13,216000.0
3645100240,3.0,1.75,1640.0,4579.0,1.0,0.0,0.0,4,6,1640.0,0.0,1916,0.0,98133,47.7061,-122.352,1580.0,5040.0,2014-09-22,443000.0
4123800260,4.0,2.25,1600.0,6202.0,2.0,0.0,0.0,4,7,1600.0,0.0,1986,0.0,98038,47.3784,-122.046,1530.0,6298.0,2014-11-03,257700.0
7334401000,3.0,1.0,1230.0,9440.0,1.0,0.0,0.0,3,7,1230.0,0.0,1978,0.0,98045,47.4657,-121.747,1230.0,10296.0,2015-04-14,278000.0
2111010890,3.0,2.5,2240.0,3691.0,2.0,0.0,0.0,3,7,2240.0,0.0,2003,0.0,98092,47.3364,-122.169,2619.0,3691.0,2014-11-05,300000.0
4137070830,3.0,2.5,2190.0,7904.0,2.0,0.0,0.0,3,8,2190.0,0.0,1995,0.0,98092,47.2617,-122.21,2190.0,7669.0,2015-02-13,269100.0
7283900036,3.0,1.0,990.0,10752.0,1.5,0.0,0.0,4,7,990.0,0.0,1929,0.0,98133,47.7648,-122.35,1820.0,7600.0,2014-08-18,402500.0
345700340,2.0,1.5,1010.0,7719.0,2.0,0.0,0.0,3,7,1010.0,0.0,1981,0.0,98056,47.5128,-122.189,1210.0,7719.0,2014-06-10,306888.0
4178300070,4.0,2.5,2920.0,14210.0,2.0,0.0,0.0,4,10,2920.0,0.0,1978,0.0,98007,47.6196,-122.15,2840.0,13702.0,2014-12-26,795000.0
3342103228,4.0,2.5,2310.0,5573.0,2.0,0.0,0.0,4,9,2310.0,0.0,2003,0.0,98056,47.5197,-122.2,2310.0,6189.0,2014-08-04,525000.0
5451300105,3.0,2.5,3470.0,12076.0,2.0,,3.0,3,10,2560.0,910.0,1988,0.0,98040,47.5319,-122.238,3590.0,17677.0,2014-07-20,1050000.0
5249803645,2.0,1.0,1220.0,6000.0,1.0,,0.0,3,6,880.0,340.0,1938,0.0,98118,47.5647,-122.27,1220.0,6840.0,2014-08-29,452000.0
7326200030,3.0,2.25,1550.0,5401.0,2.0,0.0,0.0,3,7,1550.0,0.0,2000,0.0,98019,47.737,-121.967,1740.0,4485.0,2015-04-13,350000.0
7227502075,4.0,2.5,2070.0,6180.0,2.0,0.0,0.0,3,8,2070.0,0.0,2007,0.0,98056,47.4915,-122.183,1250.0,6018.0,2015-04-09,410000.0
7011200160,3.0,1.75,2060.0,3600.0,1.5,0.0,0.0,3,7,1180.0,880.0,1905,19850.0,98119,47.6389,-122.371,1730.0,2475.0,2014-11-13,595000.0
7202340390,3.0,2.5,1690.0,4851.0,2.0,0.0,0.0,3,7,1690.0,0.0,2004,0.0,98053,47.6795,-122.034,2330.0,4851.0,2015-04-07,499000.0
5412100240,4.0,2.5,2550.0,7555.0,2.0,0.0,0.0,3,8,2550.0,0.0,2001,0.0,98001,47.2614,-122.29,2550.0,6800.0,2014-10-22,340000.0
1245000685,5.0,3.25,3370.0,7947.0,2.0,0.0,0.0,3,10,3370.0,0.0,2001,0.0,98033,47.6906,-122.202,2040.0,7900.0,2014-06-25,1070000.0
3222059187,4.0,3.0,2230.0,52983.0,2.0,,0.0,3,8,2230.0,0.0,1991,0.0,98030,47.3577,-122.195,2060.0,8755.0,2014-05-28,460000.0
1822500270,4.0,2.5,2382.0,5899.0,2.0,0.0,0.0,3,8,2382.0,0.0,2011,0.0,98003,47.2793,-122.295,2382.0,5897.0,2014-08-19,345000.0
2310010270,3.0,2.25,1620.0,7566.0,2.0,0.0,0.0,3,7,1620.0,0.0,1990,0.0,98038,47.3566,-122.039,1470.0,7566.0,2015-02-18,280500.0
9547204930,3.0,1.0,1140.0,6120.0,1.5,0.0,0.0,3,7,1140.0,0.0,1926,0.0,98115,47.6822,-122.309,1800.0,4080.0,2015-02-25,704000.0
8137500400,3.0,2.5,2140.0,40173.0,2.0,0.0,0.0,4,8,2140.0,0.0,1990,0.0,98027,47.4786,-122.066,2380.0,43016.0,2014-10-07,545000.0
3343901242,3.0,1.5,1900.0,7584.0,1.0,0.0,0.0,5,7,1900.0,0.0,1962,0.0,98056,47.5091,-122.19,1410.0,7584.0,2014-08-07,335000.0
486000510,4.0,3.0,3370.0,7920.0,1.0,0.0,3.0,3,10,1860.0,,1988,0.0,98117,47.6773,-122.403,2730.0,7380.0,2014-05-23,1330000.0
537000075,3.0,2.75,2300.0,8000.0,1.0,0.0,0.0,3,7,1430.0,870.0,1965,0.0,98003,47.3293,-122.306,2070.0,10200.0,2014-08-11,420000.0
3544400045,4.0,2.0,2040.0,5050.0,1.0,0.0,0.0,5,7,1160.0,880.0,1937,0.0,98115,47.6885,-122.324,2040.0,5050.0,2015-02-20,705000.0
9211520400,4.0,1.75,1840.0,10528.0,1.0,0.0,0.0,3,7,1210.0,630.0,1990,0.0,98023,47.2987,-122.385,1620.0,9331.0,2014-11-04,274900.0
2738600140,4.0,2.5,2860.0,3345.0,2.0,0.0,0.0,3,8,2190.0,670.0,2004,0.0,98072,47.7735,-122.158,2860.0,3596.0,2014-05-02,499950.0
3073500111,3.0,1.5,1400.0,7550.0,1.0,,0.0,4,7,1400.0,0.0,1953,0.0,98133,47.7566,-122.337,1730.0,7562.0,2015-03-18,415250.0
7889000160,3.0,1.0,990.0,7520.0,1.0,0.0,0.0,4,7,990.0,0.0,1958,0.0,98002,47.285,-122.207,990.0,7440.0,2015-03-17,222000.0
1422059129,3.0,2.0,3120.0,42247.0,1.0,0.0,0.0,4,7,2150.0,970.0,1980,0.0,98042,47.3925,-122.137,2100.0,43416.0,2014-08-14,375000.0
9430000070,3.0,2.5,1640.0,5707.0,2.0,0.0,0.0,3,7,1640.0,0.0,1995,0.0,98031,47.4016,-122.209,1850.0,5827.0,2015-04-30,300000.0
2518400046,3.0,1.75,2820.0,8879.0,1.0,0.0,0.0,5,7,1540.0,1280.0,1920,19570.0,98146,47.5094,-122.376,1640.0,7850.0,2014-11-18,456700.0
1315300070,3.0,2.75,1970.0,5200.0,1.5,0.0,3.0,3,8,1970.0,0.0,1915,20020.0,98136,47.5374,-122.388,2140.0,5200.0,2015-03-19,925500.0
1081330030,5.0,2.5,2840.0,15598.0,1.0,0.0,0.0,4,8,1470.0,1370.0,1975,0.0,98059,47.4693,-122.117,2570.0,14930.0,2014-07-23,375000.0
4397010140,3.0,2.5,2370.0,15375.0,2.0,0.0,2.0,3,9,2370.0,0.0,1993,0.0,98042,47.3803,-122.147,2450.0,9800.0,2014-10-14,420000.0
8564700240,3.0,2.5,2610.0,7301.0,2.0,0.0,0.0,3,8,2610.0,0.0,2004,0.0,98072,47.7614,-122.139,2460.0,7181.0,2014-10-17,575000.0
597000566,3.0,2.0,1340.0,1951.0,1.0,0.0,0.0,3,6,670.0,670.0,1915,0.0,98144,47.5763,-122.309,1520.0,2248.0,2015-04-28,335000.0
9828202030,4.0,2.0,1300.0,7200.0,1.0,0.0,0.0,3,7,1300.0,0.0,1958,0.0,98122,47.6169,-122.294,1540.0,6600.0,2015-02-18,428000.0
7214711260,4.0,2.5,3340.0,34238.0,1.0,0.0,0.0,4,8,2060.0,1280.0,1977,0.0,98077,47.7654,-122.076,2400.0,36590.0,2014-10-01,655000.0
5569620550,3.0,3.0,2630.0,4896.0,2.0,0.0,0.0,3,9,2630.0,0.0,2006,0.0,98052,47.6932,-122.133,2880.0,4972.0,2014-06-27,738000.0
6145601890,5.0,1.75,1960.0,3748.0,1.0,0.0,0.0,3,7,980.0,980.0,1965,0.0,98133,47.7027,-122.349,1410.0,3844.0,2014-08-19,415000.0
9269200831,3.0,1.0,1090.0,6125.0,1.0,0.0,0.0,4,6,790.0,300.0,1945,0.0,98126,47.5343,-122.37,1050.0,6125.0,2014-08-25,392000.0
6021502470,2.0,1.0,1550.0,4600.0,1.0,,0.0,4,7,1050.0,500.0,1941,0.0,98117,47.686,-122.384,1550.0,4600.0,2014-11-06,555000.0
646910560,3.0,2.5,1770.0,2677.0,2.0,,0.0,3,7,1770.0,0.0,2005,0.0,98055,47.4339,-122.194,1550.0,1798.0,2015-03-06,260000.0
2475900565,3.0,1.0,1390.0,10500.0,1.5,0.0,0.0,3,6,1390.0,0.0,1940,0.0,98024,47.567,-121.893,1350.0,9800.0,2015-03-09,392500.0
4139430810,3.0,2.5,2979.0,17313.0,2.0,0.0,2.0,3,11,2979.0,0.0,1993,0.0,98006,47.5503,-122.118,3890.0,14797.0,2014-08-01,912000.0
2586800140,2.0,1.0,830.0,7609.0,1.0,0.0,0.0,3,6,830.0,,1943,0.0,98146,47.5057,-122.348,1170.0,7609.0,2014-11-18,135000.0
226059121,3.0,2.75,1560.0,77536.0,1.0,0.0,0.0,3,7,1400.0,160.0,1978,0.0,98072,47.7695,-122.126,2210.0,41449.0,2014-08-13,500000.0
7696610270,3.0,1.5,1360.0,7488.0,1.0,0.0,0.0,4,7,1050.0,310.0,1975,0.0,98001,47.3314,-122.275,1580.0,7508.0,2014-12-29,238000.0
4279900140,4.0,2.0,1650.0,5974.0,1.0,0.0,0.0,5,7,860.0,790.0,1972,0.0,98178,47.5008,-122.257,1940.0,6001.0,2014-10-01,251000.0
5422560810,2.0,1.75,1510.0,5319.0,2.0,0.0,0.0,4,8,1510.0,0.0,1978,0.0,98052,47.6647,-122.13,1740.0,6160.0,2014-07-14,406500.0
1657300270,4.0,2.25,3010.0,10925.0,2.0,0.0,0.0,4,9,3010.0,0.0,1988,0.0,98092,47.3326,-122.201,2690.0,10925.0,2015-03-12,433495.0
8648210140,3.0,2.25,1510.0,6071.0,1.0,0.0,0.0,4,7,1150.0,360.0,1985,0.0,98042,47.3619,-122.077,1510.0,7271.0,2014-12-24,265000.0
3034200247,3.0,1.75,1950.0,7260.0,1.0,0.0,0.0,3,8,1520.0,430.0,1957,0.0,98133,47.7187,-122.33,1950.0,7548.0,2015-02-06,360000.0
2204500550,4.0,1.0,1800.0,12485.0,1.0,,0.0,5,7,950.0,850.0,1955,0.0,98006,47.5729,-122.147,1290.0,9840.0,2014-07-17,425000.0
7390400069,2.0,2.75,2810.0,11205.0,1.0,0.0,0.0,3,7,1510.0,1300.0,1968,0.0,98178,47.4869,-122.243,2520.0,13000.0,2015-03-27,450000.0
1077100070,3.0,1.75,1760.0,8266.0,1.0,0.0,0.0,5,7,1760.0,0.0,1954,0.0,98133,47.7708,-122.339,1400.0,8519.0,2015-03-16,449900.0
423059360,4.0,2.5,2040.0,5875.0,2.0,0.0,0.0,3,8,2040.0,0.0,2004,0.0,98056,47.5051,-122.17,2230.0,5459.0,2014-10-17,345000.0
3316500200,4.0,2.0,1690.0,35346.0,1.0,0.0,0.0,3,7,1690.0,0.0,1967,0.0,98008,47.6149,-122.124,2050.0,37846.0,2014-10-09,612500.0
1328300990,3.0,1.75,1530.0,7650.0,1.0,0.0,0.0,4,8,1530.0,0.0,1977,0.0,98058,47.4435,-122.128,1850.0,6804.0,2014-08-05,317000.0
4443800505,3.0,1.5,1810.0,3880.0,1.5,0.0,0.0,4,8,1310.0,500.0,1929,0.0,98117,47.6835,-122.392,1400.0,3880.0,2015-05-07,585000.0
7327500200,3.0,1.75,1180.0,14292.0,1.0,0.0,0.0,3,7,1180.0,0.0,1981,0.0,98045,47.4818,-121.733,1480.0,14400.0,2014-06-18,455000.0
4054510310,4.0,4.0,4090.0,51908.0,2.0,0.0,0.0,3,11,4090.0,0.0,1991,0.0,98077,47.7226,-122.039,4290.0,41655.0,2014-12-01,1040000.0
7525100060,4.0,2.25,2250.0,3463.0,2.0,,0.0,4,8,2250.0,0.0,1968,0.0,98052,47.6324,-122.106,1850.0,2811.0,2014-08-20,497000.0
3065600270,3.0,1.75,1070.0,6315.0,1.0,,0.0,3,7,1070.0,0.0,1992,0.0,98023,47.2803,-122.356,1520.0,5707.0,2015-04-22,226750.0
2881700273,4.0,2.0,1820.0,7102.0,1.0,,0.0,3,7,1220.0,600.0,1950,0.0,98155,47.7447,-122.324,1650.0,8184.0,2014-08-19,385000.0
7889600685,3.0,0.75,1080.0,5025.0,1.0,0.0,0.0,3,5,1080.0,0.0,1948,0.0,98146,47.4936,-122.335,1370.0,6000.0,2014-12-11,205000.0
1137500070,4.0,2.5,2760.0,13093.0,2.0,0.0,0.0,4,9,2760.0,0.0,1989,0.0,98075,47.5845,-122.06,2810.0,13545.0,2014-09-29,745000.0
5104530810,4.0,2.5,2550.0,4770.0,2.0,0.0,0.0,3,8,2550.0,0.0,2005,0.0,98038,47.3526,-122.0,2380.0,4590.0,2014-06-20,371000.0
3905060070,4.0,2.5,2080.0,8504.0,2.0,0.0,0.0,3,8,2080.0,0.0,1991,0.0,98029,47.5703,-121.998,2000.0,6773.0,2014-08-29,545000.0
6450302545,3.0,1.0,1280.0,5460.0,1.5,0.0,0.0,4,7,1280.0,0.0,1931,0.0,98133,47.7321,-122.334,1390.0,5500.0,2015-05-08,443000.0
7972602435,2.0,1.0,950.0,6350.0,1.0,0.0,0.0,3,7,950.0,0.0,1951,0.0,98106,47.528,-122.352,1080.0,7620.0,2015-03-18,287000.0
5423500240,3.0,1.0,1050.0,7577.0,1.0,0.0,0.0,3,7,1050.0,0.0,1983,0.0,98023,47.2891,-122.357,1430.0,7245.0,2014-06-24,194000.0
8074200160,3.0,1.0,1800.0,7650.0,1.0,0.0,0.0,5,7,1800.0,0.0,1957,0.0,98056,47.4922,-122.178,1230.0,7650.0,2014-06-29,265000.0
3317500070,4.0,2.75,3840.0,10004.0,1.0,0.0,2.0,4,9,2110.0,1730.0,1963,0.0,98040,47.5606,-122.225,3500.0,12118.0,2015-04-08,1140000.0
6119700030,4.0,3.25,3674.0,12793.0,2.0,0.0,1.0,3,9,3674.0,0.0,1987,0.0,98166,47.4357,-122.343,3220.0,13100.0,2015-05-08,699950.0
2568800160,4.0,1.0,1710.0,7000.0,1.5,0.0,0.0,3,7,1710.0,0.0,1950,0.0,98125,47.7037,-122.293,2030.0,7938.0,2014-10-15,433000.0
2781250520,2.0,1.75,910.0,2693.0,1.0,0.0,0.0,3,6,910.0,0.0,2003,0.0,98038,47.3493,-122.025,1360.0,2693.0,2014-10-16,200000.0
7230200310,3.0,1.5,1340.0,25160.0,1.0,,0.0,3,7,1340.0,0.0,1968,0.0,98059,47.475,-122.111,1440.0,23680.0,2015-04-09,289571.0
4400900030,4.0,2.75,2340.0,11034.0,1.0,0.0,0.0,3,8,1720.0,620.0,1967,0.0,98155,47.7686,-122.278,2370.0,11941.0,2014-06-02,440000.0
4038300070,3.0,1.5,1510.0,8360.0,1.0,0.0,0.0,3,7,1120.0,390.0,1960,0.0,98007,47.6119,-122.133,1700.0,8360.0,2014-11-13,400000.0
5706000070,4.0,2.5,2630.0,15000.0,2.0,,0.0,5,8,2630.0,0.0,1962,0.0,98027,47.5262,-122.028,1770.0,8700.0,2014-10-14,589000.0
825069078,5.0,2.25,3100.0,97661.0,2.0,0.0,0.0,3,9,3100.0,0.0,1986,0.0,98053,47.6624,-122.062,2370.0,53993.0,2015-03-24,850000.0
363000045,3.0,1.0,940.0,3000.0,1.5,0.0,0.0,3,7,940.0,0.0,1903,0.0,98122,47.6033,-122.3,1210.0,3500.0,2015-01-02,520000.0
1912100875,2.0,2.25,1370.0,1248.0,2.0,0.0,0.0,3,7,1200.0,170.0,2000,0.0,98102,47.6399,-122.32,1800.0,3360.0,2015-04-23,555000.0
7853230200,3.0,2.5,2480.0,5082.0,2.0,0.0,0.0,3,7,2480.0,0.0,2004,0.0,98065,47.5297,-121.846,2480.0,5874.0,2015-03-09,470000.0
9406500350,2.0,1.5,1068.0,1158.0,2.0,0.0,0.0,3,7,1068.0,0.0,1990,0.0,98028,47.753,-122.244,1078.0,1278.0,2014-12-29,207000.0
5152960350,4.0,2.75,2390.0,9650.0,1.0,,2.0,3,8,1620.0,770.0,1976,0.0,98003,47.3438,-122.322,2390.0,10000.0,2014-11-13,379750.0
6021500320,4.0,1.75,2170.0,4600.0,1.0,0.0,0.0,3,7,1270.0,900.0,1950,0.0,98117,47.6894,-122.384,1750.0,4000.0,2015-05-07,709000.0
7137910140,3.0,2.5,1520.0,9864.0,1.0,0.0,0.0,3,7,1160.0,360.0,1993,0.0,98092,47.3186,-122.171,1580.0,7425.0,2014-09-23,240000.0
6117500955,4.0,1.5,2210.0,10497.0,1.0,0.0,0.0,4,8,1650.0,560.0,1953,0.0,98166,47.4321,-122.347,1840.0,12697.0,2015-02-04,445500.0
269001331,5.0,2.5,3200.0,7863.0,1.0,0.0,3.0,5,8,1600.0,1600.0,1959,0.0,98199,47.6398,-122.39,2640.0,7680.0,2014-09-09,1310000.0
1023059190,3.0,1.5,1160.0,10125.0,1.0,0.0,0.0,4,7,1160.0,0.0,1959,0.0,98059,47.4919,-122.151,1440.0,10018.0,2015-03-24,210000.0
8961970560,4.0,2.5,2670.0,5895.0,2.0,0.0,0.0,3,8,2670.0,0.0,1999,0.0,98074,47.6066,-122.016,2820.0,6531.0,2014-08-11,603000.0
3066400710,3.0,2.5,2520.0,10012.0,2.0,0.0,0.0,3,10,2520.0,0.0,1987,0.0,98074,47.6295,-122.051,2680.0,10071.0,2015-04-07,720000.0
795000765,2.0,1.0,760.0,5500.0,1.5,,0.0,3,5,760.0,0.0,1947,0.0,98168,47.5045,-122.329,1040.0,5515.0,2014-06-16,92000.0
2767603535,3.0,1.75,1310.0,5000.0,2.0,0.0,0.0,4,7,1310.0,0.0,1901,0.0,98107,47.6722,-122.379,1270.0,4750.0,2015-01-26,600000.0
7774200070,4.0,2.5,2750.0,13950.0,1.0,0.0,3.0,4,8,1380.0,1370.0,1948,0.0,98146,47.4938,-122.364,2460.0,13950.0,2015-04-08,725000.0
4029400140,5.0,2.25,1790.0,10300.0,1.0,0.0,0.0,3,7,1270.0,520.0,1961,0.0,98155,47.7718,-122.292,1790.0,10300.0,2014-12-10,409950.0
1954400060,3.0,2.5,1790.0,7167.0,2.0,0.0,0.0,3,8,1790.0,0.0,1989,0.0,98074,47.6176,-122.045,1680.0,7418.0,2014-05-06,515000.0
2473002650,4.0,2.5,2400.0,11640.0,1.0,0.0,0.0,5,8,1800.0,600.0,1968,0.0,98058,47.4485,-122.139,2440.0,10823.0,2015-05-12,495000.0
5451220200,4.0,2.25,2420.0,10200.0,2.0,,0.0,4,9,2420.0,0.0,1973,0.0,98040,47.5336,-122.225,2390.0,10200.0,2014-06-24,998000.0
1472700200,3.0,1.75,1710.0,8767.0,1.0,0.0,0.0,4,8,1710.0,0.0,1986,0.0,98033,47.6945,-122.188,2050.0,9200.0,2014-07-09,630000.0
1661000060,3.0,1.75,2000.0,7480.0,1.0,0.0,0.0,3,8,1320.0,680.0,1972,0.0,98177,47.7734,-122.359,2000.0,8610.0,2014-08-01,410000.0
2600110710,3.0,2.25,1580.0,11580.0,1.0,0.0,0.0,4,8,1580.0,0.0,1979,0.0,98006,47.5503,-122.155,2630.0,10009.0,2014-08-19,602000.0
2600110560,4.0,2.75,2310.0,10232.0,1.0,0.0,0.0,5,8,1310.0,1000.0,1980,0.0,98006,47.5515,-122.153,2820.0,9886.0,2014-11-12,750000.0
8617000060,4.0,3.0,3580.0,9316.0,2.5,0.0,0.0,3,10,2370.0,1210.0,1991,0.0,98007,47.595,-122.133,2580.0,9242.0,2014-07-08,711600.0
8562720390,4.0,4.0,4320.0,8709.0,2.0,0.0,0.0,3,11,3190.0,1130.0,2006,0.0,98027,47.5369,-122.07,4010.0,8321.0,2014-08-25,1050000.0
1137300890,3.0,2.5,2560.0,35265.0,2.0,0.0,0.0,3,9,2560.0,0.0,1981,0.0,98072,47.7354,-122.095,2820.0,35496.0,2014-12-17,700500.0
4104900340,4.0,2.5,3220.0,18618.0,2.0,0.0,1.0,3,10,3220.0,0.0,1991,0.0,98056,47.5326,-122.181,2650.0,11896.0,2015-02-04,710000.0
2616700560,3.0,2.0,1660.0,13085.0,1.0,0.0,0.0,3,7,1010.0,650.0,1985,0.0,98001,47.3298,-122.277,1660.0,7778.0,2014-12-04,250000.0
1061500510,4.0,1.75,2420.0,8400.0,1.0,,0.0,5,7,1620.0,800.0,1964,0.0,98056,47.5017,-122.165,1660.0,8400.0,2014-10-15,350000.0
6411600370,7.0,3.5,2870.0,29699.0,1.0,0.0,0.0,3,7,1520.0,1350.0,1961,0.0,98125,47.7153,-122.327,1380.0,7555.0,2014-05-15,475000.0
4154302075,2.0,1.0,830.0,7200.0,1.0,0.0,0.0,2,6,830.0,0.0,1920,0.0,98118,47.5604,-122.275,1150.0,6600.0,2015-01-16,200000.0
1727500390,4.0,2.25,1710.0,7000.0,1.0,0.0,0.0,4,7,1040.0,670.0,1972,0.0,98034,47.719,-122.217,1780.0,6500.0,2014-10-30,450000.0
2538410260,5.0,2.5,2600.0,4641.0,2.0,0.0,0.0,3,7,2600.0,0.0,2005,0.0,98058,47.4325,-122.146,2330.0,4589.0,2014-08-01,316000.0
9269200520,1.0,1.0,670.0,4920.0,1.0,0.0,0.0,3,5,670.0,0.0,1920,0.0,98126,47.5342,-122.373,1050.0,4920.0,2014-10-16,310000.0
7334400070,3.0,1.5,1500.0,11975.0,1.0,0.0,0.0,4,7,1500.0,0.0,1970,0.0,98045,47.4658,-121.758,1510.0,13875.0,2015-02-23,392000.0
1972200696,3.0,3.25,1460.0,1254.0,3.0,,0.0,3,8,1460.0,0.0,2000,0.0,98103,47.6535,-122.353,1400.0,1255.0,2014-10-06,521000.0
2267000486,2.0,2.0,1540.0,7110.0,1.0,0.0,0.0,3,7,960.0,580.0,1949,0.0,98117,47.6932,-122.395,1860.0,7065.0,2014-08-22,495000.0
1311800560,3.0,1.75,1250.0,8084.0,1.0,0.0,0.0,4,7,1250.0,,1967,0.0,98001,47.3364,-122.276,1340.0,7680.0,2014-11-21,209000.0
9542400075,4.0,2.0,2230.0,9900.0,1.5,0.0,0.0,5,9,2230.0,0.0,1959,0.0,98005,47.5979,-122.173,2510.0,11041.0,2014-06-06,809950.0
3223069065,2.0,1.75,1800.0,224769.0,1.0,0.0,0.0,3,7,1420.0,380.0,1950,20080.0,98038,47.4327,-122.06,1620.0,112384.0,2014-09-17,400000.0
1724500030,4.0,2.5,2400.0,7292.0,1.0,0.0,0.0,3,8,1530.0,870.0,1980,0.0,98133,47.7749,-122.339,1710.0,7909.0,2015-03-12,415000.0
3751602797,4.0,2.0,2370.0,76665.0,2.0,0.0,0.0,4,8,2370.0,0.0,1978,0.0,98001,47.2831,-122.279,2110.0,19334.0,2014-07-02,411000.0
809002030,2.0,2.0,1830.0,3600.0,1.0,0.0,0.0,4,7,1230.0,600.0,1926,0.0,98109,47.6359,-122.351,2020.0,3600.0,2014-09-11,825000.0
993002127,3.0,2.25,1480.0,1384.0,3.0,0.0,0.0,3,8,1480.0,0.0,2008,0.0,98103,47.691,-122.342,1310.0,1329.0,2015-02-23,436000.0
1473120140,4.0,2.5,2620.0,8331.0,2.0,0.0,0.0,3,9,2620.0,0.0,1991,0.0,98058,47.4357,-122.159,2760.0,8174.0,2014-07-08,460000.0
7849200861,3.0,1.0,1300.0,5782.0,1.0,0.0,0.0,4,6,1300.0,0.0,1959,0.0,98065,47.524,-121.821,1020.0,7200.0,2014-07-14,281000.0
269000030,4.0,1.5,3120.0,7680.0,1.0,0.0,3.0,3,8,1660.0,1460.0,1956,0.0,98199,47.646,-122.39,2900.0,7680.0,2014-08-25,976000.0
2607760700,4.0,2.5,2400.0,10364.0,2.0,0.0,0.0,3,8,2400.0,0.0,1995,0.0,98045,47.4832,-121.799,2390.0,9918.0,2015-04-20,485000.0
7715801090,3.0,2.5,1430.0,9240.0,2.0,0.0,0.0,3,7,1430.0,0.0,1984,0.0,98074,47.6258,-122.058,1480.0,8125.0,2014-07-25,429000.0
1999600320,3.0,2.5,2480.0,7428.0,2.0,0.0,0.0,3,9,2480.0,0.0,1990,0.0,98006,47.5489,-122.185,2600.0,8322.0,2015-03-04,729000.0
4221250340,3.0,2.5,2280.0,4757.0,2.0,,0.0,3,8,2280.0,0.0,2003,0.0,98075,47.5901,-122.018,2280.0,4534.0,2015-04-09,625000.0
3668000810,3.0,1.75,1390.0,9328.0,1.0,0.0,0.0,4,7,1390.0,0.0,1987,0.0,98092,47.2766,-122.146,1550.0,8374.0,2015-01-16,218500.0
2337300370,3.0,1.0,1030.0,8395.0,1.0,0.0,0.0,4,7,1030.0,0.0,1960,0.0,98023,47.3322,-122.337,1370.0,9380.0,2015-02-06,175000.0
1453602065,3.0,1.0,1120.0,8200.0,1.0,0.0,0.0,4,7,1120.0,0.0,1938,0.0,98125,47.7254,-122.29,1820.0,7205.0,2015-02-05,442500.0
3359500960,3.0,2.0,1300.0,3000.0,2.0,0.0,0.0,3,7,1300.0,0.0,1986,0.0,98115,47.6728,-122.325,1670.0,4500.0,2015-03-21,480000.0
6133100125,3.0,2.25,2410.0,9668.0,1.0,0.0,1.0,4,8,1540.0,870.0,1965,0.0,98117,47.6996,-122.391,2510.0,5250.0,2014-10-08,715500.0
8562600260,3.0,1.75,1470.0,7350.0,1.0,0.0,0.0,3,8,1470.0,0.0,1963,0.0,98052,47.6687,-122.154,1470.0,7350.0,2014-11-20,432500.0
2325069032,5.0,4.25,4720.0,18741.0,2.0,0.0,0.0,3,11,3210.0,1510.0,2005,0.0,98053,47.6347,-122.013,3880.0,37328.0,2014-07-31,875000.0
1223039235,5.0,2.75,2910.0,13332.0,2.0,0.0,0.0,4,8,2910.0,0.0,1940,19910.0,98146,47.4977,-122.359,1760.0,8900.0,2014-11-14,605000.0
4139480350,4.0,4.0,5000.0,12941.0,3.0,0.0,2.0,3,12,5000.0,0.0,2002,0.0,98006,47.55,-122.103,4560.0,12941.0,2015-01-13,1690000.0
3348401382,3.0,2.25,1690.0,12662.0,1.0,0.0,0.0,5,7,1090.0,600.0,1982,0.0,98178,47.4972,-122.264,1950.0,9642.0,2015-02-10,318000.0
164000267,2.0,1.0,1000.0,7228.0,1.0,0.0,0.0,4,7,1000.0,0.0,1947,0.0,98133,47.7294,-122.352,1100.0,7228.0,2014-10-16,311300.0
1099900030,5.0,2.75,2400.0,7904.0,1.0,0.0,0.0,3,7,1450.0,950.0,1992,0.0,98188,47.4683,-122.263,2400.0,7475.0,2015-04-15,325000.0
4139700260,5.0,3.5,3330.0,3705.0,2.0,0.0,0.0,3,9,2610.0,720.0,2008,0.0,98006,47.5567,-122.124,2810.0,3971.0,2014-11-17,795000.0
6071800310,4.0,2.25,2060.0,10358.0,1.0,0.0,0.0,4,8,1320.0,740.0,1962,0.0,98006,47.5478,-122.174,2060.0,9676.0,2014-06-19,558000.0
1321720140,4.0,2.5,3090.0,18645.0,2.0,0.0,0.0,3,9,3090.0,0.0,1995,0.0,98023,47.2902,-122.342,3610.0,20114.0,2014-05-28,370000.0
8078460320,4.0,2.5,2350.0,7245.0,2.0,0.0,0.0,3,8,2350.0,0.0,1993,0.0,98074,47.6318,-122.023,2350.0,9419.0,2014-11-18,598850.0
6388930570,3.0,2.5,2180.0,9722.0,2.0,0.0,0.0,3,8,2180.0,0.0,1994,0.0,98056,47.527,-122.173,2440.0,9722.0,2014-10-23,515700.0
3709500060,3.0,2.5,1870.0,5013.0,2.0,0.0,0.0,3,8,1870.0,0.0,2003,0.0,98011,47.7552,-122.221,2040.0,5555.0,2014-06-20,458000.0
5469500640,3.0,2.25,3530.0,13000.0,2.5,0.0,0.0,4,10,3530.0,0.0,1985,0.0,98042,47.3823,-122.159,2960.0,13000.0,2015-02-24,583500.0
293910070,4.0,2.5,2460.0,4166.0,2.0,,0.0,3,9,2460.0,0.0,2003,0.0,98034,47.7072,-122.232,2460.0,4964.0,2014-07-23,653750.0
3158500340,3.0,2.5,1650.0,4725.0,2.0,0.0,0.0,3,8,1650.0,0.0,2011,0.0,98038,47.3548,-122.055,2000.0,4725.0,2014-07-11,299000.0
2617300200,5.0,3.0,3480.0,57499.0,1.0,0.0,0.0,4,8,2340.0,1140.0,1976,0.0,98027,47.4574,-122.024,2020.0,40946.0,2014-05-09,532000.0
521049200,3.0,2.75,3176.0,13391.0,2.0,0.0,3.0,4,9,2726.0,450.0,1985,0.0,98198,47.3429,-122.33,3470.0,12779.0,2014-07-08,819000.0
7779200105,4.0,2.25,2420.0,9000.0,1.0,0.0,4.0,5,9,2000.0,420.0,1967,0.0,98146,47.4884,-122.363,2400.0,9035.0,2014-07-18,945000.0
8651500710,4.0,2.5,2260.0,9696.0,1.0,0.0,0.0,3,9,2260.0,0.0,1983,0.0,98074,47.643,-122.066,2400.0,12111.0,2014-11-06,608700.0
871000435,4.0,2.0,2380.0,6122.0,1.0,0.0,2.0,4,8,1310.0,1070.0,1949,0.0,98199,47.6506,-122.405,1810.0,5202.0,2015-05-09,812000.0
217500140,5.0,2.5,3400.0,8970.0,1.0,0.0,0.0,4,8,1700.0,1700.0,1959,0.0,98133,47.7358,-122.335,1890.0,8475.0,2014-05-13,464000.0
9290850810,4.0,2.5,3770.0,35081.0,2.0,0.0,0.0,3,10,3770.0,,1989,0.0,98053,47.6908,-122.051,4000.0,35492.0,2014-06-13,950000.0
6844700510,4.0,2.5,2672.0,4297.0,2.0,0.0,0.0,3,8,2020.0,652.0,2005,0.0,98115,47.6955,-122.289,1720.0,6120.0,2014-12-03,700000.0
1232001040,3.0,1.0,1180.0,4219.0,1.0,0.0,0.0,3,7,1060.0,120.0,1939,0.0,98117,47.6867,-122.378,1630.0,4219.0,2014-10-16,435000.0
3751601171,3.0,1.5,1810.0,14400.0,1.0,0.0,0.0,4,7,1810.0,0.0,1954,0.0,98001,47.2887,-122.269,1710.0,12000.0,2014-10-07,229500.0
6117502220,3.0,3.0,2610.0,22672.0,1.5,1.0,4.0,4,8,2610.0,0.0,1952,0.0,98166,47.4414,-122.354,2810.0,22672.0,2014-11-17,1580000.0
4322300140,3.0,2.25,1450.0,13439.0,1.0,0.0,0.0,4,7,1180.0,270.0,1963,0.0,98003,47.2811,-122.299,1520.0,12348.0,2014-11-03,265000.0
1526059051,2.0,2.0,1600.0,64468.0,1.0,0.0,0.0,3,7,1600.0,0.0,1950,0.0,98072,47.7344,-122.143,1950.0,64468.0,2014-08-28,995000.0
3800000160,3.0,2.5,2650.0,9380.0,1.0,0.0,0.0,5,8,1680.0,970.0,1975,0.0,98155,47.7756,-122.273,2310.0,9600.0,2014-07-09,590000.0
1454600116,4.0,2.75,2490.0,17833.0,2.0,0.0,2.0,3,9,1490.0,1000.0,1979,0.0,98125,47.7206,-122.284,2640.0,16943.0,2014-06-11,740000.0
4174600055,2.0,0.75,850.0,7710.0,1.0,,2.0,5,6,550.0,300.0,1909,0.0,98108,47.5588,-122.301,2500.0,6022.0,2014-05-21,360000.0
2594200566,4.0,2.0,1820.0,7200.0,1.0,0.0,0.0,3,7,1300.0,520.0,1976,0.0,98136,47.5161,-122.388,1770.0,8149.0,2015-04-06,548500.0
8825900465,3.0,1.75,1960.0,4788.0,1.0,0.0,0.0,4,7,1090.0,870.0,1920,0.0,98115,47.6746,-122.312,1960.0,3960.0,2014-05-07,599000.0
8562900310,3.0,1.75,2350.0,20820.0,1.0,0.0,0.0,4,8,1800.0,550.0,1978,0.0,98074,47.6095,-122.059,2040.0,10800.0,2014-06-13,615000.0
1446401555,3.0,1.75,1320.0,6600.0,1.0,0.0,0.0,3,7,1320.0,0.0,1988,0.0,98168,47.4838,-122.33,1070.0,6594.0,2014-12-08,292000.0
3528000140,4.0,2.5,3720.0,30649.0,2.0,0.0,0.0,3,10,3720.0,0.0,1988,0.0,98053,47.6651,-122.056,3220.0,29434.0,2014-10-23,899000.0
7625704500,3.0,1.5,2210.0,6500.0,1.0,0.0,0.0,4,7,1030.0,1180.0,1912,0.0,98136,47.5434,-122.388,1750.0,6370.0,2014-12-08,500000.0
3575302397,3.0,2.5,1910.0,11550.0,1.5,0.0,0.0,3,8,1910.0,0.0,2003,0.0,98074,47.6213,-122.064,2230.0,11550.0,2014-11-13,580000.0
6190500340,4.0,2.5,2840.0,6268.0,2.0,0.0,0.0,3,9,2840.0,0.0,1998,0.0,98028,47.7386,-122.235,2790.0,6526.0,2014-05-09,580000.0
475000510,3.0,1.0,1320.0,5000.0,1.0,0.0,0.0,4,7,1090.0,230.0,1920,0.0,98107,47.6674,-122.365,1700.0,5000.0,2014-11-18,594000.0
7199340320,3.0,2.5,2440.0,7600.0,1.0,0.0,0.0,3,7,1420.0,1020.0,1981,0.0,98052,47.6966,-122.127,2060.0,7700.0,2015-04-09,500000.0
3904940140,4.0,2.5,2420.0,8056.0,1.0,0.0,0.0,3,8,1680.0,740.0,1988,0.0,98029,47.5748,-122.013,2160.0,6807.0,2014-10-06,550000.0
2310030390,3.0,1.75,1180.0,6260.0,1.0,0.0,0.0,4,8,1180.0,0.0,1993,0.0,98038,47.3531,-122.048,1580.0,7272.0,2015-04-29,275000.0
2591800340,3.0,2.25,1820.0,7420.0,2.0,0.0,0.0,4,8,1820.0,0.0,1983,0.0,98058,47.4368,-122.162,1900.0,7526.0,2015-04-30,390000.0
3505100126,3.0,3.0,3760.0,8500.0,2.5,0.0,3.0,4,10,3060.0,700.0,1910,0.0,98116,47.5815,-122.398,2610.0,5500.0,2014-06-26,1250000.0
3361401977,3.0,2.25,1560.0,15340.0,2.0,0.0,0.0,3,7,1560.0,0.0,1997,0.0,98168,47.4989,-122.322,1560.0,8260.0,2014-08-26,250000.0
5422570260,2.0,2.5,1790.0,5400.0,2.0,0.0,0.0,4,8,1790.0,0.0,1979,0.0,98052,47.6606,-122.128,1700.0,5760.0,2014-09-29,405000.0
100600320,3.0,1.0,1430.0,7000.0,1.0,0.0,0.0,3,6,1430.0,0.0,1968,0.0,98023,47.3018,-122.369,1050.0,7700.0,2014-08-13,213950.0
8099200030,3.0,1.5,1390.0,11340.0,1.0,0.0,0.0,4,7,1390.0,0.0,1963,0.0,98031,47.3984,-122.186,1740.0,11340.0,2014-12-22,232000.0
7140600055,3.0,1.0,990.0,10800.0,1.0,0.0,0.0,4,6,990.0,0.0,1959,0.0,98002,47.293,-122.215,1060.0,10364.0,2015-04-11,207000.0
3422049276,3.0,1.75,1880.0,30346.0,1.0,,0.0,3,8,1880.0,0.0,1988,0.0,98001,47.3515,-122.291,2260.0,5883.0,2014-12-11,310000.0
3157600240,3.0,2.5,2520.0,5000.0,3.0,,0.0,3,9,2520.0,0.0,1990,0.0,98106,47.5664,-122.359,1130.0,5000.0,2014-09-03,540000.0
91000135,4.0,1.5,2060.0,4000.0,1.5,0.0,2.0,3,7,1580.0,480.0,1920,19900.0,98103,47.6857,-122.353,1160.0,4000.0,2015-05-07,750000.0
423059369,4.0,2.5,2150.0,7303.0,2.0,0.0,0.0,3,8,2150.0,0.0,2005,0.0,98056,47.5109,-122.183,1940.0,9569.0,2014-06-04,392500.0
5152000030,5.0,2.5,2500.0,12220.0,1.0,0.0,0.0,3,8,1690.0,810.0,1962,0.0,98003,47.3335,-122.325,2130.0,12000.0,2015-02-04,305000.0
7732300390,3.0,2.5,2390.0,9157.0,2.0,0.0,0.0,3,9,2390.0,0.0,1984,0.0,98052,47.6617,-122.15,2360.0,8250.0,2014-05-23,735000.0
1954430390,4.0,2.5,2400.0,6137.0,2.0,0.0,0.0,3,8,2400.0,0.0,1990,0.0,98074,47.6187,-122.04,2120.0,7468.0,2014-07-07,575000.0
7891600260,2.0,1.0,660.0,5000.0,1.0,0.0,0.0,3,6,660.0,0.0,1915,0.0,98106,47.5664,-122.364,1000.0,5000.0,2014-06-18,175000.0
2329800140,4.0,2.5,1580.0,6633.0,2.0,0.0,0.0,4,7,1580.0,0.0,1984,0.0,98042,47.3768,-122.118,1590.0,6633.0,2014-12-03,291000.0
8653900070,4.0,2.5,3250.0,8970.0,2.0,0.0,0.0,3,10,3250.0,0.0,1994,0.0,98075,47.5862,-122.037,3240.0,8449.0,2014-08-04,791500.0
7740500070,3.0,2.0,1880.0,9659.0,1.0,0.0,0.0,3,8,1180.0,700.0,1951,0.0,98155,47.7497,-122.284,1780.0,9659.0,2014-07-10,475000.0
3352401090,2.0,1.0,1190.0,11400.0,1.0,0.0,0.0,3,7,1190.0,0.0,1951,0.0,98178,47.5012,-122.265,1410.0,11400.0,2014-11-13,238950.0
2767704756,3.0,3.5,1280.0,1257.0,2.0,0.0,0.0,3,8,1040.0,240.0,2000,0.0,98107,47.6721,-122.374,1280.0,1249.0,2014-10-20,470000.0
7504400710,4.0,1.75,2380.0,15324.0,1.0,0.0,0.0,3,8,1610.0,770.0,1978,0.0,98074,47.6262,-122.049,2540.0,12608.0,2015-04-27,420000.0
7787100390,3.0,2.5,2040.0,7605.0,2.0,0.0,0.0,3,8,2040.0,0.0,1996,0.0,98045,47.4876,-121.779,2150.0,7545.0,2015-04-20,440000.0
4240400140,4.0,1.75,1440.0,4300.0,1.5,0.0,0.0,4,8,1290.0,150.0,1929,0.0,98117,47.6846,-122.372,1640.0,5000.0,2014-08-20,656000.0
7202270570,3.0,2.5,2120.0,4310.0,2.0,0.0,0.0,3,7,2120.0,0.0,2001,0.0,98053,47.687,-122.037,2280.0,4380.0,2014-07-14,559950.0
3037200045,2.0,2.0,990.0,5416.0,1.0,0.0,0.0,3,6,990.0,0.0,1935,0.0,98122,47.604,-122.311,1650.0,3360.0,2014-11-13,600000.0
3750605247,3.0,1.0,1710.0,12000.0,1.0,0.0,0.0,4,7,1710.0,0.0,1972,0.0,98001,47.2616,-122.281,1310.0,9600.0,2014-08-04,255000.0
7972604425,4.0,1.5,1840.0,7076.0,1.5,0.0,0.0,3,7,1840.0,0.0,1957,0.0,98106,47.5185,-122.345,1510.0,7320.0,2015-04-01,210750.0
809002610,4.0,1.0,1150.0,2560.0,1.5,0.0,0.0,3,7,1150.0,0.0,1909,0.0,98109,47.6368,-122.355,1890.0,3000.0,2014-07-18,485000.0
4123840570,3.0,2.5,2250.0,8076.0,2.0,0.0,0.0,3,8,2250.0,0.0,1995,0.0,98038,47.3667,-122.041,2180.0,7244.0,2014-10-20,390000.0
1081200070,3.0,2.5,2460.0,12600.0,1.0,0.0,0.0,4,8,1810.0,650.0,1970,0.0,98059,47.473,-122.118,1820.0,11180.0,2015-03-23,405000.0
9274204100,4.0,1.0,1540.0,4500.0,1.5,0.0,0.0,2,7,1540.0,0.0,1905,0.0,98116,47.587,-122.384,1920.0,6000.0,2014-09-10,462500.0
1072010510,4.0,2.25,2210.0,14073.0,1.0,0.0,0.0,3,8,1630.0,580.0,1978,0.0,98059,47.4774,-122.142,2340.0,11340.0,2015-02-10,435000.0
7202330160,3.0,2.5,1440.0,5434.0,2.0,0.0,0.0,3,7,1440.0,0.0,2003,0.0,98053,47.6818,-122.034,1560.0,3770.0,2014-11-19,440000.0
8731990700,3.0,1.75,1790.0,7650.0,1.0,0.0,3.0,3,9,1790.0,0.0,1978,0.0,98023,47.3213,-122.385,2540.0,7600.0,2014-06-25,299950.0
9828200746,2.0,1.5,1120.0,1024.0,2.0,0.0,0.0,3,8,1120.0,0.0,1970,19980.0,98122,47.6175,-122.298,1120.0,1549.0,2015-05-04,440000.0
9407100310,3.0,2.5,1260.0,11877.0,1.0,,0.0,3,7,1260.0,0.0,1975,0.0,98045,47.4442,-121.762,1430.0,9790.0,2014-11-13,312620.0
6817800510,3.0,1.5,1180.0,12324.0,1.0,0.0,0.0,3,7,800.0,380.0,1981,0.0,98074,47.6337,-122.032,1280.0,11371.0,2014-06-05,372500.0
7212680860,3.0,2.5,1730.0,8076.0,2.0,0.0,0.0,3,8,1730.0,0.0,1994,0.0,98003,47.2619,-122.308,1780.0,6930.0,2015-02-09,297262.0
3260000570,4.0,3.0,2250.0,7245.0,1.0,0.0,0.0,4,7,1250.0,1000.0,1963,0.0,98005,47.6045,-122.169,1960.0,7245.0,2015-02-10,735000.0
1139000400,3.0,1.5,1550.0,5034.0,2.0,0.0,0.0,4,7,1550.0,0.0,1922,0.0,98177,47.7072,-122.36,1820.0,7200.0,2014-08-26,430000.0
8649401000,2.0,1.75,1070.0,9750.0,1.5,,0.0,3,7,1070.0,0.0,1995,0.0,98014,47.7131,-121.319,970.0,9750.0,2014-10-22,241000.0
6600400260,3.0,1.0,1460.0,9750.0,1.0,0.0,0.0,4,7,1460.0,0.0,1969,0.0,98042,47.3242,-122.144,1270.0,9750.0,2014-05-12,201000.0
1797500435,2.0,1.0,1060.0,4000.0,1.0,0.0,0.0,4,7,1060.0,0.0,1910,0.0,98115,47.6731,-122.315,1770.0,4000.0,2015-04-20,570000.0
2155000160,4.0,1.75,1840.0,9600.0,1.0,,0.0,3,7,1220.0,620.0,1967,0.0,98052,47.6579,-122.125,1770.0,9720.0,2014-05-08,538000.0
9526600340,3.0,2.5,2440.0,4244.0,2.0,0.0,0.0,3,8,2440.0,0.0,2011,0.0,98052,47.7057,-122.112,2690.0,4556.0,2015-05-12,729000.0
2205500030,4.0,1.75,1700.0,14756.0,1.0,0.0,0.0,3,7,850.0,850.0,1955,0.0,98006,47.5762,-122.143,1680.0,10250.0,2015-01-08,331500.0
2123049114,2.0,1.0,680.0,8064.0,1.0,0.0,0.0,3,6,680.0,0.0,1941,0.0,98188,47.469,-122.298,1340.0,10800.0,2014-05-19,110700.0
8078050140,3.0,2.0,1700.0,8448.0,1.0,0.0,0.0,3,7,1700.0,0.0,1996,0.0,98022,47.2077,-122.011,1350.0,8587.0,2014-10-02,245000.0
7617500075,3.0,1.75,2000.0,7111.0,1.0,0.0,0.0,4,7,1360.0,640.0,1956,0.0,98177,47.7676,-122.373,1830.0,9000.0,2014-07-21,427000.0
381000240,4.0,1.75,2340.0,5940.0,1.0,0.0,0.0,3,8,1290.0,1050.0,1953,0.0,98115,47.6789,-122.281,1930.0,5940.0,2014-08-06,650500.0
7568700260,2.0,1.0,1120.0,7440.0,1.0,0.0,0.0,4,7,1120.0,0.0,1939,0.0,98155,47.7405,-122.323,1170.0,7440.0,2014-08-14,335900.0
1370803925,2.0,2.0,1510.0,5133.0,1.5,0.0,0.0,3,7,1510.0,0.0,1939,0.0,98199,47.6415,-122.401,1470.0,6000.0,2014-09-03,535000.0
1250200786,5.0,2.0,2120.0,2400.0,1.0,0.0,0.0,4,6,1080.0,1040.0,1906,0.0,98144,47.5979,-122.297,1690.0,4400.0,2015-01-22,360000.0
7399300510,3.0,2.25,1500.0,8100.0,1.0,0.0,0.0,3,7,1210.0,290.0,1968,0.0,98055,47.4632,-122.19,1600.0,7896.0,2015-02-04,294900.0
5430300106,2.0,1.0,1030.0,5934.0,1.0,0.0,0.0,4,7,1030.0,0.0,1928,0.0,98115,47.6828,-122.287,1420.0,5588.0,2015-03-11,460000.0
2954400310,4.0,3.5,5440.0,38900.0,2.0,0.0,0.0,3,12,5440.0,0.0,1990,0.0,98053,47.6605,-122.069,4830.0,41313.0,2014-09-15,1770000.0
9209900335,2.0,1.0,1150.0,4400.0,1.0,0.0,0.0,4,7,1150.0,0.0,1905,0.0,98112,47.6226,-122.292,1240.0,4400.0,2014-05-09,463000.0
1920079062,5.0,1.5,2420.0,43560.0,1.0,0.0,2.0,3,8,1500.0,920.0,1962,0.0,98022,47.208,-121.963,1620.0,17331.0,2014-12-22,332000.0
7227800055,4.0,2.0,1750.0,8116.0,1.0,0.0,0.0,4,5,1750.0,0.0,1943,0.0,98056,47.5097,-122.181,1440.0,7865.0,2014-09-09,199500.0
7227800055,4.0,2.0,1750.0,8116.0,1.0,0.0,0.0,4,5,1750.0,0.0,1943,0.0,98056,47.5097,-122.181,1440.0,7865.0,2014-11-24,247000.0
3296900160,4.0,2.5,2170.0,14024.0,2.0,0.0,0.0,3,8,2170.0,0.0,1992,0.0,98019,47.7346,-121.97,2240.0,14029.0,2014-06-09,442500.0
3421069053,3.0,2.0,2540.0,237402.0,1.0,0.0,0.0,3,9,2540.0,0.0,2007,0.0,98022,47.2688,-122.024,2200.0,229125.0,2014-06-19,600000.0
7202380340,3.0,2.5,1690.0,3827.0,2.0,0.0,0.0,3,7,1690.0,0.0,2005,0.0,98053,47.6768,-122.029,1690.0,3129.0,2014-09-03,449000.0
6716700240,4.0,1.0,1600.0,4500.0,1.5,0.0,0.0,4,7,1600.0,0.0,1926,0.0,98115,47.6804,-122.316,1720.0,4500.0,2015-03-06,725000.0
1431400070,3.0,1.0,1060.0,7900.0,1.0,0.0,0.0,3,7,1060.0,,1961,20010.0,98058,47.4604,-122.18,1310.0,7900.0,2015-02-05,215000.0
9554200200,2.0,1.75,1990.0,6549.0,1.0,0.0,0.0,3,7,1170.0,820.0,1948,0.0,98115,47.7,-122.296,1640.0,7202.0,2014-12-18,582500.0
1310900140,4.0,2.25,2210.0,9371.0,2.0,0.0,0.0,4,8,2210.0,0.0,1968,0.0,98032,47.3634,-122.279,2300.0,11584.0,2014-06-24,305000.0
9454200030,4.0,2.75,3090.0,7650.0,2.0,,2.0,3,8,2340.0,750.0,1959,19890.0,98042,47.3622,-122.157,2760.0,10370.0,2014-09-23,734000.0
1402810140,3.0,2.0,1050.0,10072.0,1.0,0.0,0.0,3,7,1050.0,0.0,1986,0.0,98019,47.7341,-121.976,1130.0,10087.0,2014-05-05,300000.0
1823069155,5.0,1.75,2550.0,71874.0,1.0,0.0,0.0,5,7,1810.0,740.0,1960,0.0,98027,47.4845,-122.08,2170.0,51400.0,2014-05-05,525888.0
2530800070,4.0,2.5,2095.0,4400.0,1.5,0.0,0.0,5,8,1295.0,800.0,1910,0.0,98116,47.5838,-122.39,1980.0,4400.0,2014-09-11,711000.0
4024100496,3.0,1.75,1520.0,12282.0,1.0,0.0,0.0,3,8,1220.0,300.0,1978,0.0,98155,47.7516,-122.299,1860.0,13500.0,2014-07-16,360000.0
5252000200,5.0,2.5,2750.0,12350.0,2.0,0.0,0.0,3,8,2750.0,0.0,1987,0.0,98031,47.419,-122.206,1650.0,9810.0,2014-12-10,357000.0
7331900270,3.0,1.75,1200.0,9266.0,1.0,,0.0,4,7,1200.0,0.0,1960,0.0,98002,47.314,-122.208,1200.0,9266.0,2014-09-30,235000.0
1574700140,3.0,1.75,1830.0,9720.0,1.0,0.0,1.0,3,7,1150.0,680.0,1928,0.0,98040,47.5511,-122.23,3380.0,10854.0,2014-08-08,550000.0
162500030,3.0,1.0,1160.0,7202.0,1.0,0.0,0.0,4,7,1160.0,0.0,1957,0.0,98133,47.7675,-122.334,1620.0,8598.0,2014-12-05,324000.0
3705900292,3.0,2.0,1750.0,9239.0,1.0,0.0,0.0,3,8,1410.0,340.0,1989,0.0,98133,47.7583,-122.339,1720.0,7874.0,2015-04-28,420000.0
2141500070,4.0,2.5,2400.0,7693.0,2.0,0.0,0.0,3,8,2400.0,0.0,2003,0.0,98059,47.4881,-122.142,2400.0,8038.0,2014-06-19,450000.0
8562750060,5.0,3.5,4140.0,6770.0,2.0,0.0,0.0,3,9,3030.0,1110.0,2004,0.0,98027,47.5381,-122.069,3960.0,5431.0,2015-04-20,825000.0
7349620030,4.0,2.25,2115.0,6234.0,2.0,,0.0,3,7,2115.0,0.0,1998,0.0,98002,47.285,-122.201,2440.0,6366.0,2014-07-22,272000.0
2523039315,3.0,2.0,2580.0,15653.0,1.5,0.0,0.0,3,9,2580.0,0.0,1990,0.0,98166,47.4561,-122.361,1920.0,9840.0,2014-10-22,481000.0
2877101821,3.0,1.0,1220.0,3400.0,1.0,0.0,0.0,3,7,1060.0,160.0,1927,0.0,98117,47.6775,-122.363,1350.0,3750.0,2014-08-05,500000.0
1176000390,2.0,1.5,1630.0,3780.0,1.0,0.0,0.0,4,7,890.0,740.0,1940,0.0,98107,47.6711,-122.403,1770.0,6400.0,2014-06-12,448000.0
8682262190,2.0,2.0,1350.0,4220.0,1.0,0.0,0.0,3,8,1350.0,0.0,2004,0.0,98053,47.718,-122.034,1350.0,4409.0,2015-03-19,480000.0
7202350060,3.0,2.5,1690.0,2890.0,2.0,0.0,0.0,3,7,1690.0,0.0,2004,0.0,98053,47.6802,-122.031,1690.0,2730.0,2014-09-08,475000.0
3630060070,2.0,2.25,1700.0,2383.0,2.0,0.0,0.0,3,8,1700.0,0.0,2005,0.0,98029,47.547,-121.997,1700.0,2700.0,2014-10-21,472500.0
2413300810,4.0,2.25,1890.0,7616.0,1.0,0.0,0.0,4,8,1260.0,630.0,1979,0.0,98003,47.3275,-122.329,1890.0,7420.0,2014-09-23,291000.0
6450304260,2.0,1.0,850.0,5250.0,1.0,,0.0,4,7,850.0,0.0,1950,0.0,98133,47.731,-122.342,1440.0,5250.0,2014-07-22,294000.0
2025059204,4.0,2.5,2480.0,12688.0,1.0,0.0,0.0,4,9,1820.0,660.0,1967,0.0,98004,47.6344,-122.205,2910.0,11979.0,2014-07-30,1010000.0
7202290240,3.0,2.5,1690.0,3129.0,2.0,0.0,0.0,3,7,1690.0,0.0,2002,0.0,98053,47.6875,-122.043,1690.0,3129.0,2014-10-17,442500.0
1788700070,2.0,1.0,810.0,8424.0,1.0,0.0,0.0,4,6,810.0,0.0,1959,0.0,98023,47.3286,-122.346,820.0,8424.0,2014-06-27,170000.0
8085400055,4.0,2.5,3980.0,16304.0,1.0,0.0,1.0,3,10,2480.0,1500.0,1968,0.0,98004,47.639,-122.21,3980.0,16304.0,2015-04-28,1580000.0
5700002025,3.0,2.25,2580.0,6000.0,2.0,0.0,0.0,3,8,1780.0,800.0,1925,0.0,98144,47.5778,-122.289,2300.0,5995.0,2015-02-18,665000.0
853600310,5.0,4.5,6085.0,142725.0,3.0,0.0,0.0,3,11,6085.0,0.0,2000,0.0,98014,47.6085,-121.952,4830.0,128457.0,2014-08-28,1610000.0
5332200320,2.0,1.75,2140.0,5000.0,1.0,0.0,0.0,3,7,1000.0,1140.0,1930,19910.0,98112,47.6284,-122.291,2250.0,4000.0,2014-07-14,675000.0
2130701535,2.0,1.75,1360.0,10000.0,1.0,0.0,0.0,3,6,1360.0,0.0,1957,19890.0,98019,47.7421,-121.982,1430.0,10000.0,2015-02-04,279900.0
510002010,4.0,1.5,1800.0,3245.0,1.5,0.0,0.0,4,8,1800.0,0.0,1929,0.0,98103,47.6605,-122.331,1800.0,4275.0,2014-06-30,875000.0
3630110510,3.0,2.5,1920.0,3867.0,2.0,0.0,0.0,3,8,1920.0,0.0,2005,0.0,98029,47.5538,-121.994,2190.0,3841.0,2014-08-04,571000.0
6300000400,3.0,1.0,860.0,5060.0,1.5,0.0,0.0,3,7,860.0,0.0,1927,0.0,98133,47.7062,-122.341,880.0,5060.0,2014-06-17,320000.0
1560920200,3.0,2.5,2340.0,35021.0,1.0,0.0,0.0,3,9,2340.0,0.0,1986,0.0,98038,47.3988,-122.028,2630.0,35190.0,2014-08-26,525000.0
1652500060,8.0,2.75,4040.0,20666.0,1.0,0.0,0.0,4,9,2020.0,2020.0,1962,0.0,98004,47.634,-122.221,3670.0,20500.0,2014-07-11,1650000.0
9368700270,3.0,1.75,1160.0,5082.0,1.0,0.0,0.0,3,6,580.0,580.0,1942,0.0,98178,47.503,-122.262,1730.0,6000.0,2015-04-01,137900.0
2223089053,3.0,2.25,1680.0,57063.0,2.0,0.0,0.0,4,8,1680.0,0.0,1989,0.0,98045,47.4669,-121.765,1910.0,57063.0,2014-06-03,440000.0
9828201920,3.0,1.0,1280.0,3870.0,1.0,0.0,0.0,3,7,640.0,640.0,1945,0.0,98122,47.6163,-122.294,1280.0,4800.0,2015-03-04,360000.0
7334401040,4.0,1.5,1800.0,9576.0,1.0,0.0,0.0,4,7,1800.0,0.0,1977,0.0,98045,47.4664,-121.747,1370.0,9576.0,2015-02-05,271000.0
5152700060,6.0,3.25,4250.0,23326.0,1.0,0.0,3.0,3,10,2150.0,2100.0,1967,0.0,98003,47.34,-122.327,3370.0,15983.0,2014-05-28,465000.0
1460900030,4.0,2.5,2400.0,4596.0,2.0,0.0,0.0,3,8,2400.0,0.0,2004,0.0,98001,47.3358,-122.265,2230.0,4763.0,2014-09-26,280000.0
3626039250,2.0,1.0,940.0,6350.0,1.0,0.0,0.0,4,5,940.0,0.0,1942,0.0,98103,47.698,-122.357,1490.0,6350.0,2015-04-28,283000.0
7199360320,3.0,1.0,1110.0,7208.0,1.0,0.0,0.0,3,7,1110.0,0.0,1980,0.0,98052,47.6979,-122.124,1440.0,7210.0,2015-02-13,411500.0
8731901610,3.0,2.25,2420.0,7548.0,1.0,0.0,0.0,4,8,1370.0,1050.0,1967,0.0,98023,47.3112,-122.376,2150.0,8000.0,2014-09-17,282000.0
6821102317,3.0,2.5,1850.0,1499.0,2.5,0.0,0.0,3,9,1790.0,60.0,2005,0.0,98199,47.6475,-122.396,1770.0,1539.0,2014-12-09,535000.0
3271300955,4.0,2.5,2020.0,4350.0,2.0,0.0,0.0,5,9,1730.0,290.0,1943,0.0,98199,47.6503,-122.41,1620.0,5800.0,2014-07-03,554729.0
3271300955,4.0,2.5,2020.0,4350.0,2.0,0.0,0.0,5,9,1730.0,290.0,1943,0.0,98199,47.6503,-122.41,1620.0,5800.0,2015-02-24,868000.0
2623089135,3.0,2.5,1830.0,65340.0,1.0,0.0,0.0,3,8,1520.0,310.0,1991,0.0,98045,47.4553,-121.75,2100.0,84942.0,2014-06-16,427000.0
2044500152,4.0,1.75,1920.0,6000.0,1.0,,0.0,4,7,960.0,960.0,1954,0.0,98125,47.7137,-122.315,1850.0,7200.0,2014-11-17,455000.0
1725059187,2.0,1.75,1280.0,8500.0,1.0,0.0,0.0,3,7,1280.0,0.0,1953,20100.0,98033,47.6553,-122.19,1950.0,10356.0,2014-10-29,595000.0
6699930260,4.0,2.5,3130.0,5240.0,2.0,0.0,0.0,3,8,3130.0,0.0,2004,0.0,98038,47.3446,-122.042,2470.0,5240.0,2015-03-20,400000.0
3295610200,4.0,2.5,3920.0,12415.0,2.0,0.0,0.0,3,10,3920.0,0.0,1997,0.0,98075,47.5658,-122.032,3639.0,12805.0,2014-06-25,770000.0
1186000125,4.0,2.75,3100.0,3773.0,2.0,0.0,0.0,3,8,2000.0,1100.0,1919,19960.0,98122,47.6158,-122.291,2130.0,3777.0,2014-05-09,742500.0
6065300570,4.0,2.5,3220.0,15600.0,1.0,0.0,0.0,5,9,1680.0,1540.0,1973,0.0,98006,47.5697,-122.182,2990.0,15600.0,2014-06-24,1250000.0
8039900400,3.0,2.0,1670.0,13775.0,1.0,0.0,0.0,3,8,1670.0,0.0,1968,0.0,98045,47.4873,-121.783,2130.0,14500.0,2014-08-12,375000.0
1925059200,4.0,2.5,2700.0,17853.0,2.0,0.0,0.0,4,9,2700.0,0.0,1960,0.0,98004,47.6463,-122.219,3790.0,16672.0,2015-04-07,1560000.0
5729000070,4.0,2.0,5461.0,22880.0,1.0,0.0,0.0,4,9,3265.0,2196.0,1964,0.0,98032,47.3557,-122.29,1940.0,10995.0,2015-01-28,545000.0
98000960,4.0,3.25,4400.0,16625.0,2.0,0.0,0.0,3,11,4400.0,0.0,2003,0.0,98075,47.5868,-121.968,4440.0,15523.0,2014-05-13,1050000.0
1330300451,3.0,1.75,2190.0,8500.0,1.0,0.0,0.0,4,9,2190.0,0.0,1957,0.0,98112,47.64,-122.285,2850.0,8868.0,2014-12-17,1570000.0
4312700340,4.0,1.5,1200.0,11163.0,1.5,0.0,0.0,4,6,1200.0,0.0,1970,0.0,98092,47.3024,-122.106,1200.0,11163.0,2015-03-18,178000.0
3797700030,3.0,1.75,1470.0,10390.0,1.0,0.0,0.0,3,7,1470.0,0.0,1989,0.0,98031,47.4192,-122.201,1770.0,7507.0,2014-10-09,262500.0
452001890,3.0,1.75,1650.0,5000.0,1.5,0.0,0.0,4,8,1650.0,0.0,1900,0.0,98107,47.6743,-122.371,1630.0,5000.0,2015-04-15,730000.0
2927600105,5.0,1.75,1840.0,10453.0,1.0,0.0,2.0,3,8,1360.0,480.0,1948,0.0,98166,47.4508,-122.368,2250.0,11250.0,2014-07-03,395000.0
3298300140,3.0,1.0,1210.0,6650.0,1.0,0.0,0.0,3,6,1210.0,0.0,1959,0.0,98008,47.6214,-122.12,990.0,7590.0,2014-10-24,355000.0
1321700390,3.0,2.5,1870.0,8541.0,2.0,0.0,0.0,3,8,1870.0,0.0,1989,0.0,98023,47.2925,-122.346,2150.0,7789.0,2014-09-08,299990.0
1222069129,4.0,3.25,3890.0,422096.0,1.5,0.0,0.0,3,9,3150.0,740.0,2001,0.0,98038,47.4125,-121.982,2180.0,229996.0,2015-03-27,1130000.0
1081800070,4.0,2.25,2660.0,11200.0,2.0,0.0,0.0,4,8,2660.0,0.0,1972,0.0,98059,47.4722,-122.131,2090.0,11120.0,2014-11-18,425000.0
6414100732,2.0,1.0,1150.0,7552.0,1.0,,0.0,3,7,1150.0,0.0,1951,0.0,98125,47.7215,-122.323,1150.0,7346.0,2015-01-07,349000.0
513000445,4.0,1.75,1740.0,4816.0,1.0,0.0,0.0,5,7,870.0,870.0,1942,0.0,98116,47.5758,-122.382,1210.0,5074.0,2014-11-11,554950.0
6888900060,6.0,3.0,2580.0,8064.0,1.5,0.0,0.0,3,7,1880.0,700.0,1913,0.0,98118,47.5549,-122.287,1510.0,6084.0,2014-11-16,326000.0
7309100270,4.0,1.75,1720.0,6975.0,1.0,0.0,0.0,3,8,1420.0,300.0,1975,0.0,98052,47.6506,-122.121,2210.0,7875.0,2014-06-26,580000.0
2162000260,3.0,2.5,2740.0,18455.0,2.0,0.0,1.0,4,10,1510.0,1230.0,1977,0.0,98040,47.5585,-122.215,2840.0,16438.0,2014-08-27,699000.0
7732000045,3.0,2.75,2610.0,11290.0,1.0,,0.0,3,7,1630.0,980.0,1985,0.0,98033,47.6632,-122.201,2570.0,9125.0,2014-11-25,757000.0
3764800510,3.0,1.75,1400.0,7920.0,1.0,0.0,0.0,3,7,1400.0,0.0,1965,0.0,98034,47.7312,-122.202,1310.0,7876.0,2014-07-23,335000.0
2481600030,3.0,2.0,2570.0,28500.0,1.0,0.0,0.0,3,9,1970.0,600.0,1983,0.0,98052,47.7318,-122.138,3070.0,32400.0,2014-07-01,660000.0
5126310060,4.0,2.75,2830.0,7334.0,2.0,0.0,0.0,3,8,2830.0,0.0,2005,0.0,98059,47.4868,-122.141,2830.0,7378.0,2015-04-17,540000.0
1310700390,5.0,2.25,2630.0,8625.0,2.0,0.0,0.0,3,8,2630.0,0.0,1966,0.0,98032,47.3619,-122.287,1880.0,8670.0,2014-10-10,320000.0
6402710070,3.0,2.5,1580.0,7918.0,2.0,0.0,0.0,3,7,1580.0,0.0,1994,0.0,98055,47.4431,-122.19,1650.0,7916.0,2015-04-21,280000.0
5702450260,3.0,2.0,1540.0,10931.0,1.0,0.0,3.0,3,7,1540.0,0.0,1989,0.0,98045,47.495,-121.776,1570.0,10485.0,2014-07-23,324000.0
3243200310,3.0,1.0,2120.0,7735.0,1.0,0.0,0.0,4,7,1060.0,1060.0,1967,0.0,98059,47.4869,-122.123,1010.0,8570.0,2014-05-20,300000.0
2131200885,3.0,1.75,1830.0,10000.0,2.0,0.0,0.0,4,7,1830.0,0.0,1913,19640.0,98019,47.741,-121.979,1480.0,10000.0,2014-08-28,360000.0
8651480550,3.0,2.5,2260.0,10153.0,2.0,0.0,0.0,3,10,2260.0,0.0,1987,0.0,98074,47.641,-122.068,2740.0,10153.0,2014-06-23,600000.0
3024059036,4.0,1.75,2500.0,92347.0,1.0,0.0,0.0,4,8,1500.0,1000.0,1970,0.0,98040,47.5345,-122.216,3750.0,20267.0,2014-05-30,950000.0
6382500079,3.0,3.25,1830.0,1804.0,3.0,0.0,0.0,3,8,1830.0,0.0,2014,0.0,98117,47.6945,-122.377,1830.0,1804.0,2014-07-09,599950.0
4363700200,4.0,1.0,1190.0,7920.0,1.0,0.0,0.0,3,6,890.0,300.0,1951,0.0,98126,47.5305,-122.371,1140.0,7920.0,2015-03-25,190000.0
3876310860,4.0,1.75,2310.0,9002.0,1.0,0.0,0.0,3,7,1780.0,530.0,1970,0.0,98034,47.731,-122.166,2090.0,8814.0,2015-03-30,350000.0
2391602650,3.0,1.0,1230.0,4600.0,1.5,0.0,0.0,3,7,1230.0,0.0,1929,0.0,98116,47.5616,-122.392,1230.0,4600.0,2015-04-10,522000.0
2597530070,3.0,2.5,2940.0,10809.0,2.0,0.0,0.0,3,10,2940.0,0.0,1992,0.0,98006,47.5418,-122.136,3090.0,10348.0,2015-03-18,850000.0
1314300046,3.0,1.0,1010.0,8800.0,1.0,0.0,0.0,4,7,1010.0,,1954,0.0,98118,47.5483,-122.278,1400.0,4095.0,2014-06-30,308000.0
3693900885,6.0,2.25,2550.0,5000.0,2.0,0.0,0.0,4,7,2550.0,0.0,1907,0.0,98117,47.6785,-122.396,1480.0,5000.0,2014-12-02,1020000.0
6046400465,3.0,1.0,1480.0,5100.0,1.5,0.0,0.0,3,7,1480.0,0.0,1938,19590.0,98103,47.6915,-122.348,1300.0,5100.0,2014-10-28,397500.0
4388000070,3.0,1.75,1460.0,7967.0,1.0,0.0,0.0,3,7,1040.0,420.0,1977,0.0,98023,47.3199,-122.374,1460.0,6835.0,2015-01-27,186000.0
8854000370,5.0,3.0,3110.0,12429.0,1.0,,0.0,3,8,1790.0,1320.0,1977,0.0,98011,47.7463,-122.213,3050.0,11902.0,2014-06-20,436500.0
4459800075,3.0,2.0,2140.0,4923.0,1.0,0.0,0.0,4,8,1070.0,1070.0,1928,0.0,98103,47.6902,-122.339,1470.0,4923.0,2014-06-03,710000.0
7153200160,5.0,3.25,3450.0,6360.0,2.0,0.0,0.0,5,9,1860.0,1590.0,1905,0.0,98122,47.6133,-122.287,2310.0,5000.0,2015-01-14,1380000.0
7752400075,3.0,2.25,1960.0,10682.0,1.0,0.0,0.0,3,7,1960.0,0.0,1957,0.0,98008,47.6319,-122.124,1540.0,10682.0,2015-04-28,450000.0
7604410030,4.0,2.75,1890.0,5240.0,1.0,0.0,0.0,3,7,980.0,910.0,1981,0.0,98106,47.5528,-122.356,1600.0,5240.0,2015-01-21,375000.0
2144800311,2.0,1.0,2080.0,14659.0,1.0,0.0,0.0,3,7,1040.0,1040.0,1960,0.0,98178,47.4858,-122.231,1920.0,15208.0,2014-11-13,315000.0
1705400550,3.0,1.0,1700.0,4165.0,1.5,0.0,0.0,3,7,1700.0,0.0,1918,0.0,98118,47.5569,-122.277,1400.0,4165.0,2015-02-13,467500.0
9485700136,3.0,1.0,1140.0,7316.0,1.0,,0.0,3,6,1140.0,0.0,1959,0.0,98106,47.527,-122.362,1140.0,7440.0,2015-02-27,330000.0
1822039225,3.0,2.5,3136.0,54450.0,1.5,0.0,0.0,5,8,3136.0,0.0,1910,0.0,98070,47.3999,-122.472,2300.0,54450.0,2014-07-25,665000.0
2625059301,4.0,3.25,2590.0,3889.0,3.0,0.0,0.0,3,9,2590.0,0.0,2013,0.0,98007,47.6259,-122.142,2590.0,4062.0,2015-03-24,760000.0
7625702440,3.0,1.75,1480.0,800.0,2.0,0.0,0.0,3,8,1000.0,480.0,2014,0.0,98136,47.5493,-122.387,1480.0,1143.0,2014-12-30,469000.0
9126100487,3.0,3.0,1500.0,1473.0,2.0,0.0,0.0,3,8,1120.0,380.0,2000,0.0,98122,47.6063,-122.305,1720.0,1976.0,2014-08-13,408000.0
7922900030,3.0,2.75,2660.0,10350.0,1.0,0.0,4.0,4,8,1330.0,1330.0,1971,0.0,98008,47.5868,-122.116,2820.0,10043.0,2014-10-03,851000.0
8682292180,2.0,2.0,1350.0,3926.0,1.0,0.0,0.0,3,8,1350.0,0.0,2007,0.0,98053,47.7192,-122.024,1440.0,3926.0,2014-07-25,410000.0
6730700260,2.0,1.0,860.0,10500.0,1.0,0.0,0.0,3,6,860.0,0.0,1943,0.0,98024,47.5662,-121.886,950.0,10500.0,2015-03-13,235000.0
7225000045,2.0,1.0,1000.0,4500.0,1.0,,0.0,3,6,1000.0,0.0,1916,0.0,98055,47.4896,-122.204,980.0,4837.0,2014-08-28,207100.0
4140500055,4.0,2.5,2480.0,16360.0,1.0,0.0,0.0,5,7,1510.0,970.0,1959,0.0,98028,47.7638,-122.265,1770.0,15205.0,2014-06-26,560000.0
2592210370,3.0,2.75,3860.0,12786.0,2.0,0.0,0.0,4,10,3860.0,0.0,1984,0.0,98006,47.549,-122.141,2820.0,14636.0,2014-10-31,903000.0
1337800830,3.0,1.75,2140.0,4800.0,2.0,0.0,0.0,3,8,1690.0,450.0,1905,0.0,98112,47.6311,-122.312,2440.0,4800.0,2015-01-07,998500.0
1951500055,4.0,1.75,1820.0,13600.0,1.5,0.0,0.0,3,7,1120.0,700.0,1959,0.0,98032,47.3743,-122.295,1810.0,11970.0,2014-07-30,268500.0
1136100045,2.0,1.75,2220.0,33000.0,1.0,,0.0,4,8,2220.0,0.0,1970,0.0,98072,47.7403,-122.129,2220.0,33000.0,2014-10-15,494950.0
3860400060,4.0,2.5,2660.0,11200.0,2.0,0.0,0.0,3,9,2660.0,0.0,1999,0.0,98004,47.5894,-122.197,3290.0,11275.0,2014-08-01,1130000.0
1657000070,3.0,2.0,1470.0,12096.0,1.0,0.0,0.0,4,6,1470.0,0.0,1942,0.0,98030,47.3734,-122.193,1470.0,10966.0,2014-11-18,250000.0
1423069129,4.0,1.75,2350.0,54450.0,1.0,0.0,0.0,4,7,1250.0,1100.0,1971,0.0,98027,47.4816,-122.005,2180.0,50529.0,2015-03-20,449000.0
1118001631,3.0,2.25,2980.0,7700.0,1.0,0.0,0.0,3,9,2530.0,450.0,1964,0.0,98112,47.6336,-122.29,3020.0,8234.0,2015-01-12,1230000.0
7399200240,4.0,2.0,1870.0,7700.0,1.0,0.0,0.0,3,8,1870.0,0.0,1966,0.0,98055,47.4619,-122.196,2270.0,8580.0,2015-03-17,325000.0
4037000160,5.0,3.0,2430.0,8000.0,1.0,0.0,0.0,4,7,1370.0,1060.0,1957,0.0,98008,47.603,-122.12,1770.0,8000.0,2014-06-15,506000.0
8562740370,4.0,2.5,2790.0,6538.0,2.0,,0.0,3,9,2790.0,0.0,2003,0.0,98027,47.5349,-122.066,2990.0,6538.0,2015-03-25,751000.0
9407001620,3.0,2.5,1370.0,22326.0,2.0,0.0,0.0,3,7,1370.0,0.0,1993,0.0,98045,47.4469,-121.775,1580.0,10920.0,2014-08-12,280000.0
2481620310,4.0,2.25,4470.0,60373.0,2.0,0.0,0.0,3,11,4470.0,0.0,1988,0.0,98072,47.7289,-122.127,3210.0,40450.0,2014-05-14,1120000.0
7511200350,3.0,1.75,2040.0,81021.0,1.0,0.0,0.0,3,8,2040.0,0.0,1980,0.0,98053,47.6536,-122.045,2260.0,39280.0,2014-09-19,580000.0
4039100350,4.0,2.25,2340.0,5300.0,1.0,0.0,0.0,5,8,1700.0,640.0,1963,0.0,98008,47.6202,-122.112,1890.0,8250.0,2015-04-23,665000.0
808300270,4.0,2.5,2520.0,8515.0,2.0,0.0,0.0,3,7,2520.0,0.0,1999,0.0,98019,47.7233,-121.959,2130.0,6930.0,2014-05-27,450000.0
3023059012,4.0,1.0,1710.0,117176.0,1.5,0.0,0.0,4,6,1710.0,0.0,1942,0.0,98055,47.4497,-122.212,1940.0,12223.0,2014-09-10,389900.0
4039300810,3.0,1.0,1200.0,5252.0,1.0,0.0,0.0,3,7,1200.0,0.0,1962,0.0,98007,47.6075,-122.134,1800.0,7920.0,2014-11-17,427000.0
8849300320,3.0,1.75,1330.0,12618.0,1.0,0.0,3.0,3,7,1330.0,0.0,1983,0.0,98188,47.4403,-122.271,1870.0,8429.0,2015-04-16,265000.0
272000320,3.0,1.5,1310.0,2996.0,2.0,0.0,0.0,3,7,1310.0,0.0,1998,0.0,98144,47.5879,-122.299,1310.0,2997.0,2014-11-05,398000.0
1180002470,6.0,3.5,3020.0,4500.0,2.0,0.0,0.0,3,7,3020.0,0.0,1941,19920.0,98178,47.498,-122.225,900.0,6000.0,2014-11-04,354000.0
1330290160,4.0,2.5,2260.0,6086.0,2.0,0.0,0.0,3,8,2260.0,0.0,1999,0.0,98030,47.3642,-122.174,2260.0,6218.0,2015-04-13,339950.0
6392000570,2.0,1.0,790.0,4000.0,1.0,0.0,0.0,3,6,790.0,0.0,1948,0.0,98115,47.6844,-122.289,990.0,5000.0,2014-11-12,399000.0
8835200160,2.0,2.0,970.0,5000.0,1.0,0.0,0.0,3,7,970.0,0.0,1983,0.0,98034,47.7223,-122.16,1540.0,5000.0,2014-10-10,325000.0
868000575,3.0,2.0,2250.0,8000.0,1.0,0.0,2.0,4,9,2250.0,0.0,1955,0.0,98177,47.7077,-122.378,2880.0,10960.0,2014-08-19,998800.0
597000550,4.0,2.5,1530.0,2248.0,1.5,0.0,0.0,3,7,1530.0,0.0,1914,0.0,98144,47.5766,-122.309,1340.0,3700.0,2014-09-19,350000.0
6669000070,4.0,1.75,1780.0,11436.0,1.0,0.0,0.0,5,9,1780.0,0.0,1967,0.0,98004,47.6273,-122.194,2100.0,12052.0,2014-08-05,1000000.0
7202340860,3.0,2.5,2120.0,5277.0,2.0,0.0,0.0,3,7,2120.0,0.0,2005,0.0,98053,47.6811,-122.034,2370.0,5257.0,2015-03-18,561000.0
6141100320,2.0,1.0,1500.0,6685.0,1.0,,0.0,3,7,1190.0,310.0,1926,0.0,98133,47.7186,-122.354,1420.0,6561.0,2014-07-07,245000.0
6141100320,2.0,1.0,1500.0,6685.0,1.0,,0.0,3,7,1190.0,310.0,1926,0.0,98133,47.7186,-122.354,1420.0,6561.0,2015-02-13,570000.0
6815100370,4.0,3.0,2390.0,4000.0,1.5,0.0,0.0,5,8,1460.0,930.0,1931,0.0,98103,47.6857,-122.331,1670.0,4000.0,2014-10-30,845000.0
5636010560,4.0,2.5,2390.0,9600.0,2.0,0.0,0.0,3,7,2390.0,0.0,1996,0.0,98010,47.3289,-122.001,1900.0,9603.0,2014-09-29,314500.0
2592200030,3.0,1.75,2920.0,9370.0,1.0,,0.0,4,8,1620.0,1300.0,1981,0.0,98006,47.5491,-122.151,2890.0,9609.0,2014-06-18,650000.0
1823059159,2.0,1.0,850.0,5000.0,1.0,0.0,0.0,3,5,850.0,0.0,1907,0.0,98055,47.4874,-122.207,910.0,4815.0,2015-05-06,298000.0
2254501620,2.0,1.0,930.0,3200.0,1.0,0.0,0.0,3,7,930.0,0.0,1904,0.0,98122,47.609,-122.314,1690.0,3840.0,2015-04-09,500000.0
9275700765,4.0,2.5,3340.0,12248.0,2.0,0.0,1.0,3,9,2470.0,870.0,1998,0.0,98126,47.5858,-122.379,2110.0,5679.0,2014-06-10,870000.0
7454000875,2.0,1.0,710.0,6732.0,1.0,0.0,0.0,5,6,710.0,0.0,1942,0.0,98126,47.5151,-122.372,710.0,6720.0,2015-04-06,299000.0
7434500127,3.0,2.25,2240.0,6450.0,1.0,0.0,0.0,3,7,1440.0,800.0,1979,0.0,98125,47.7034,-122.315,1390.0,6450.0,2014-08-12,527000.0
646500070,3.0,1.0,1060.0,7638.0,1.0,0.0,0.0,5,7,1060.0,0.0,1966,0.0,98007,47.5941,-122.142,1470.0,8097.0,2014-11-06,420000.0
9432900560,3.0,2.5,2360.0,8764.0,2.0,0.0,0.0,3,8,2360.0,0.0,1991,0.0,98022,47.2114,-122.009,2360.0,8746.0,2015-02-12,290000.0
5154700060,4.0,2.75,3520.0,19200.0,1.0,1.0,4.0,4,9,1950.0,1570.0,1951,0.0,98136,47.525,-122.393,2450.0,7000.0,2014-10-15,1660000.0
3395300260,3.0,1.75,1730.0,9334.0,1.0,0.0,0.0,3,8,1220.0,510.0,1977,0.0,98052,47.6478,-122.113,2020.0,10000.0,2014-08-15,499990.0
2113700510,3.0,1.75,1170.0,4000.0,1.0,0.0,0.0,3,6,720.0,450.0,1943,20130.0,98106,47.5306,-122.354,1130.0,4000.0,2014-10-27,315000.0
4053200566,4.0,2.25,3680.0,26266.0,2.0,0.0,0.0,4,9,3680.0,0.0,1981,0.0,98042,47.3219,-122.085,2340.0,19939.0,2014-10-20,425000.0
7214720400,3.0,2.5,2900.0,46609.0,2.0,0.0,0.0,3,9,2900.0,0.0,1987,0.0,98077,47.7731,-122.086,2570.0,42188.0,2015-02-17,630000.0
3211210200,3.0,1.75,1290.0,7205.0,1.5,0.0,0.0,3,7,1290.0,0.0,1971,0.0,98034,47.7329,-122.237,1340.0,7214.0,2014-11-18,365000.0
7010700810,4.0,2.75,2010.0,7000.0,2.0,0.0,0.0,5,8,2010.0,0.0,1901,0.0,98199,47.6607,-122.396,1420.0,4400.0,2014-11-06,774000.0
3971700390,3.0,1.5,1490.0,12186.0,1.0,0.0,0.0,4,7,1490.0,0.0,1950,0.0,98155,47.7739,-122.322,1180.0,14285.0,2015-04-06,368888.0
9406550060,4.0,2.5,1930.0,7862.0,2.0,0.0,0.0,3,7,1930.0,0.0,1994,0.0,98038,47.3644,-122.04,1640.0,9145.0,2014-10-02,339500.0
414100045,4.0,1.75,2240.0,7500.0,1.0,0.0,0.0,4,7,1120.0,1120.0,1956,0.0,98133,47.7466,-122.34,1440.0,7500.0,2014-09-23,344950.0
4276400030,3.0,2.0,2320.0,17688.0,1.0,0.0,0.0,3,8,2320.0,0.0,1952,19940.0,98166,47.4519,-122.363,1610.0,14482.0,2014-11-12,450000.0
9433000060,4.0,2.75,2990.0,6626.0,2.0,0.0,0.0,3,9,2990.0,0.0,2014,0.0,98052,47.7107,-122.11,2910.0,5533.0,2014-11-18,814950.0
7885800160,4.0,2.5,2200.0,5730.0,2.0,0.0,0.0,3,8,2200.0,0.0,2003,0.0,98042,47.3482,-122.153,2200.0,5772.0,2014-09-05,299900.0
2473101070,3.0,2.0,1500.0,7828.0,1.0,0.0,0.0,4,7,1500.0,0.0,1967,0.0,98058,47.4484,-122.158,1500.0,7700.0,2015-02-27,315000.0
3701000060,3.0,1.75,3860.0,9000.0,1.0,0.0,2.0,3,9,1930.0,1930.0,1970,0.0,98155,47.7431,-122.29,2960.0,9000.0,2014-12-16,880000.0
8651441290,3.0,1.5,1430.0,5200.0,1.0,0.0,0.0,4,7,1030.0,400.0,1977,0.0,98042,47.3644,-122.094,1190.0,5200.0,2014-12-29,195000.0
255400060,5.0,2.75,3750.0,8279.0,2.0,0.0,0.0,3,9,3750.0,0.0,2001,0.0,98074,47.6039,-122.06,3450.0,8279.0,2014-12-08,910000.0
8567450140,5.0,2.5,3100.0,10189.0,2.0,0.0,0.0,3,8,3100.0,0.0,2002,0.0,98019,47.738,-121.965,2840.0,10189.0,2014-08-27,540000.0
2517000140,3.0,2.5,1870.0,5874.0,2.0,0.0,0.0,3,7,1870.0,0.0,2005,0.0,98042,47.3992,-122.163,2090.0,4060.0,2014-05-16,306000.0
1938400520,4.0,2.25,2040.0,7600.0,1.0,0.0,0.0,4,8,1580.0,460.0,1978,0.0,98023,47.3169,-122.365,2130.0,7200.0,2014-10-16,272000.0
3179100055,5.0,3.5,3700.0,8504.0,2.0,,0.0,3,8,2750.0,950.0,1950,20140.0,98105,47.669,-122.275,2370.0,6246.0,2014-12-09,1300000.0
1924069105,3.0,1.75,3150.0,9258.0,1.0,0.0,1.0,3,8,2370.0,780.0,1970,0.0,98027,47.5571,-122.08,2740.0,10274.0,2014-10-17,450000.0
704450070,3.0,2.5,1990.0,12793.0,2.0,0.0,0.0,3,8,1990.0,0.0,1993,0.0,98028,47.7347,-122.226,2290.0,9035.0,2014-07-07,450000.0
2881700046,4.0,1.0,1740.0,11075.0,1.5,0.0,0.0,3,7,1740.0,,1965,0.0,98133,47.7458,-122.334,1580.0,7684.0,2014-06-10,310000.0
8955800045,2.0,2.25,2080.0,11285.0,1.0,0.0,0.0,4,8,1180.0,900.0,1954,0.0,98042,47.3628,-122.147,2590.0,13048.0,2015-05-12,530000.0
3816300105,4.0,2.5,2060.0,10125.0,2.0,0.0,0.0,4,7,1560.0,500.0,1979,0.0,98028,47.764,-122.262,1760.0,9876.0,2015-01-12,435000.0
6649900030,3.0,2.0,1590.0,11222.0,1.0,0.0,0.0,4,7,1590.0,0.0,1948,0.0,98177,47.7762,-122.367,2160.0,16300.0,2015-05-05,485000.0
1912100885,3.0,1.5,1760.0,4000.0,2.0,0.0,0.0,3,8,1760.0,0.0,1922,0.0,98102,47.6401,-122.32,1760.0,4000.0,2014-07-02,690000.0
9542840570,4.0,2.5,1620.0,4000.0,2.0,0.0,0.0,3,7,1620.0,0.0,2008,0.0,98038,47.3661,-122.02,1580.0,3780.0,2015-04-01,305000.0
2473381070,3.0,1.75,1210.0,7000.0,1.0,0.0,0.0,3,7,1210.0,0.0,1975,0.0,98058,47.4572,-122.169,1670.0,7000.0,2014-11-05,300000.0
7137950350,4.0,3.0,2040.0,5050.0,1.0,0.0,0.0,3,8,1490.0,550.0,1993,0.0,98092,47.3266,-122.175,2020.0,6118.0,2015-01-22,289950.0
1088800060,3.0,2.5,2270.0,9600.0,2.0,0.0,0.0,3,9,2270.0,0.0,1990,0.0,98011,47.7388,-122.206,2580.0,9617.0,2014-11-05,575000.0
4054530260,4.0,4.5,6640.0,53330.0,2.0,0.0,0.0,3,12,6640.0,0.0,1993,0.0,98077,47.7283,-122.046,4620.0,68625.0,2014-06-27,1820000.0
248000240,3.0,1.5,1060.0,9600.0,1.0,0.0,0.0,4,7,1060.0,0.0,1962,0.0,98023,47.3229,-122.348,1440.0,9600.0,2014-07-15,219000.0
3995700435,4.0,3.0,1940.0,8170.0,1.0,0.0,0.0,4,7,1940.0,0.0,1948,0.0,98155,47.7381,-122.302,1310.0,8169.0,2014-07-02,265000.0
9287800135,5.0,3.25,3070.0,5000.0,2.0,0.0,0.0,3,9,2050.0,1020.0,2006,0.0,98103,47.6742,-122.356,2070.0,5000.0,2014-07-14,1110000.0
4337000070,3.0,1.0,930.0,7590.0,1.0,0.0,0.0,3,6,820.0,110.0,1943,0.0,98166,47.4802,-122.335,1220.0,7590.0,2015-03-09,200000.0
8859000045,4.0,2.75,2180.0,8480.0,1.0,0.0,3.0,4,7,1210.0,970.0,1959,0.0,98146,47.4961,-122.366,2240.0,8497.0,2015-04-24,545000.0
8856920550,3.0,2.5,2130.0,8404.0,2.0,0.0,0.0,3,8,2130.0,0.0,1991,0.0,98058,47.4623,-122.13,2130.0,8404.0,2015-03-19,378000.0
5705500075,2.0,1.75,800.0,4800.0,1.0,0.0,0.0,4,6,800.0,0.0,1922,0.0,98136,47.5559,-122.396,1090.0,5000.0,2015-03-26,388000.0
6163901433,4.0,2.25,2200.0,8384.0,1.0,0.0,0.0,3,7,1250.0,950.0,1959,0.0,98155,47.753,-122.317,1750.0,8384.0,2014-11-26,425000.0
475000004,2.0,1.5,1130.0,746.0,2.0,0.0,0.0,3,8,1030.0,100.0,2009,0.0,98107,47.6684,-122.363,1520.0,1519.0,2014-07-07,536000.0
7936500172,3.0,2.5,1970.0,23180.0,1.0,1.0,4.0,3,8,1100.0,870.0,1937,19980.0,98136,47.5495,-122.398,3030.0,34689.0,2014-05-28,1180000.0
2770604080,3.0,2.5,1680.0,1620.0,2.0,0.0,0.0,3,9,1120.0,560.0,2014,0.0,98119,47.6425,-122.374,1610.0,1618.0,2015-03-24,629950.0
5101408599,4.0,1.75,1470.0,5350.0,1.0,0.0,0.0,3,7,980.0,490.0,1955,0.0,98125,47.7048,-122.315,1970.0,6138.0,2014-06-11,465000.0
1226059105,4.0,2.25,2390.0,40510.0,1.0,0.0,0.0,4,8,2390.0,0.0,1969,0.0,98072,47.7566,-122.113,3200.0,36989.0,2014-08-27,545000.0
3211700045,4.0,2.5,2300.0,11165.0,2.0,0.0,0.0,4,8,2300.0,0.0,1979,0.0,98008,47.5794,-122.118,2170.0,11165.0,2015-01-28,592000.0
8567300270,4.0,2.0,2280.0,43692.0,1.0,0.0,0.0,3,7,1140.0,1140.0,1957,19840.0,98038,47.4067,-122.03,2580.0,37938.0,2014-08-18,446000.0
6021503655,3.0,2.5,1330.0,816.0,3.0,,0.0,3,8,1330.0,0.0,2004,0.0,98117,47.6836,-122.387,1330.0,1113.0,2014-07-16,375000.0
7202331160,5.0,2.5,2640.0,7096.0,2.0,0.0,0.0,3,7,2640.0,0.0,2003,0.0,98053,47.6827,-122.038,2640.0,4850.0,2014-06-16,632500.0
2763710060,4.0,1.75,2430.0,9747.0,1.0,,0.0,3,8,1780.0,650.0,1974,0.0,98155,47.7687,-122.276,2340.0,10296.0,2014-08-08,459950.0
3211270160,4.0,2.5,2470.0,35073.0,2.0,,0.0,3,9,2470.0,0.0,1989,0.0,98092,47.3064,-122.108,2990.0,35259.0,2014-06-12,485000.0
3365900106,3.0,1.0,1440.0,11330.0,1.0,0.0,0.0,3,7,1440.0,0.0,1965,0.0,98168,47.4742,-122.265,1580.0,10100.0,2015-01-15,255000.0
1761300340,3.0,2.0,1320.0,7200.0,1.0,0.0,0.0,5,7,1320.0,0.0,1975,0.0,98031,47.3947,-122.174,1540.0,7200.0,2014-06-10,251750.0
2909300240,3.0,2.5,2810.0,6300.0,2.0,0.0,0.0,3,8,2810.0,0.0,2001,0.0,98074,47.6077,-122.02,2860.0,6630.0,2015-05-01,725000.0
476000324,3.0,3.25,1370.0,1194.0,3.0,0.0,0.0,3,8,1370.0,0.0,2005,0.0,98107,47.6704,-122.391,1320.0,1217.0,2014-10-16,460000.0
2141200030,3.0,2.5,2000.0,6341.0,1.0,0.0,0.0,5,8,1040.0,960.0,1981,0.0,98116,47.5639,-122.401,2030.0,6341.0,2014-08-28,625000.0
9557300560,3.0,1.75,1980.0,6760.0,1.0,0.0,0.0,4,8,1980.0,0.0,1973,0.0,98008,47.6398,-122.113,2120.0,7280.0,2014-05-08,530000.0
2612000200,3.0,2.5,2050.0,8172.0,2.0,0.0,0.0,3,8,2050.0,0.0,2002,0.0,98168,47.4808,-122.28,2140.0,5664.0,2015-04-27,394950.0
6002400030,4.0,1.75,2320.0,9240.0,1.0,0.0,0.0,3,7,1160.0,1160.0,1959,20140.0,98178,47.4909,-122.257,2130.0,7320.0,2014-08-14,324950.0
6064800060,3.0,2.25,1960.0,1985.0,2.0,0.0,0.0,3,7,1750.0,210.0,2003,0.0,98118,47.5417,-122.289,1760.0,1985.0,2015-05-06,330000.0
8091410390,4.0,1.75,1910.0,8171.0,1.0,0.0,0.0,3,7,1910.0,0.0,1986,0.0,98030,47.35,-122.168,1910.0,7542.0,2015-02-17,220000.0
1786830060,3.0,3.25,2030.0,11070.0,2.0,0.0,0.0,4,8,2030.0,0.0,1980,0.0,98052,47.6478,-122.117,2450.0,11070.0,2014-07-07,685000.0
7277100055,3.0,2.25,2210.0,7680.0,1.0,0.0,2.0,3,8,1730.0,480.0,1972,0.0,98177,47.7729,-122.389,2390.0,7680.0,2015-02-24,500000.0
3392500060,4.0,2.75,2610.0,9426.0,1.0,,0.0,3,7,1360.0,1250.0,1965,0.0,98188,47.4435,-122.279,1600.0,9426.0,2014-09-04,368000.0
3897100640,3.0,2.25,2520.0,7975.0,2.0,0.0,0.0,4,9,1550.0,970.0,1990,0.0,98033,47.6704,-122.183,2520.0,9900.0,2014-11-03,825000.0
7942602080,6.0,1.75,1840.0,2774.0,1.0,0.0,0.0,3,7,1060.0,780.0,1900,0.0,98122,47.6041,-122.31,1680.0,4292.0,2014-06-16,660000.0
2787311480,3.0,1.75,1570.0,7416.0,1.0,0.0,0.0,4,7,1570.0,0.0,1971,0.0,98031,47.4117,-122.174,1900.0,7416.0,2014-09-29,253000.0
5467200055,4.0,2.75,2400.0,19923.0,1.0,0.0,0.0,5,7,1320.0,1080.0,1953,0.0,98042,47.3616,-122.144,2470.0,10736.0,2015-03-07,392500.0
7277100510,3.0,1.75,1930.0,5400.0,2.0,0.0,2.0,3,9,1930.0,0.0,1978,0.0,98177,47.77,-122.391,2100.0,6840.0,2015-02-14,605000.0
2525300200,3.0,1.0,1160.0,10384.0,1.0,0.0,0.0,4,6,1160.0,0.0,1969,0.0,98038,47.3634,-122.027,1200.0,9880.0,2014-05-15,215000.0
7732500270,4.0,2.5,2820.0,15000.0,2.0,0.0,0.0,4,9,2820.0,0.0,1985,0.0,98052,47.7255,-122.101,2440.0,15000.0,2014-09-25,650000.0
5700001920,4.0,2.0,3060.0,8000.0,2.0,0.0,0.0,4,8,2040.0,1020.0,1922,0.0,98144,47.5795,-122.29,2730.0,5800.0,2015-02-19,877500.0
5560000640,3.0,1.0,1320.0,8450.0,1.0,0.0,0.0,3,6,880.0,440.0,1961,0.0,98023,47.3278,-122.337,1320.0,8450.0,2014-06-19,232500.0
2781250560,2.0,2.0,1200.0,3624.0,2.0,0.0,0.0,3,6,1200.0,0.0,2003,0.0,98038,47.349,-122.025,1360.0,2693.0,2014-12-02,234000.0
1122059037,3.0,1.75,1560.0,104108.0,1.0,0.0,0.0,3,7,1250.0,310.0,1970,0.0,98042,47.4016,-122.131,2000.0,110957.0,2015-04-13,380000.0
5515600163,5.0,2.25,3070.0,64033.0,1.0,0.0,0.0,3,9,2730.0,340.0,1983,0.0,98001,47.3238,-122.292,1560.0,28260.0,2014-09-16,420000.0
8807300570,3.0,1.0,1040.0,9600.0,1.0,0.0,0.0,3,7,1040.0,0.0,1978,0.0,98053,47.6738,-122.063,1370.0,10889.0,2014-12-29,399950.0
9412700550,3.0,2.5,1990.0,8991.0,1.0,0.0,0.0,3,7,1570.0,420.0,1969,0.0,98042,47.3939,-122.164,1920.0,8991.0,2014-05-21,256750.0
9202600060,3.0,2.5,1690.0,9626.0,2.0,0.0,0.0,3,8,1690.0,0.0,1984,0.0,98027,47.5647,-122.092,1860.0,8958.0,2014-06-02,535000.0
8857320030,3.0,2.0,1810.0,2738.0,2.0,0.0,0.0,4,9,1810.0,0.0,1979,0.0,98008,47.6112,-122.115,1760.0,2754.0,2014-11-07,515000.0
685000160,4.0,1.75,2520.0,8442.0,1.0,,0.0,4,7,1640.0,880.0,1953,0.0,98004,47.6317,-122.205,2110.0,8442.0,2015-02-12,770000.0
8001100030,3.0,2.5,1570.0,5113.0,1.0,0.0,0.0,3,7,1090.0,480.0,1996,0.0,98001,47.3327,-122.29,1570.0,5150.0,2015-01-02,256000.0
9144100126,3.0,1.0,1680.0,8910.0,1.0,0.0,0.0,4,7,1680.0,0.0,1940,0.0,98117,47.7011,-122.375,1620.0,7182.0,2014-08-21,489900.0
7149410060,3.0,1.5,1250.0,7200.0,1.0,0.0,0.0,4,7,1250.0,0.0,1978,0.0,98032,47.3678,-122.282,1250.0,7560.0,2014-08-20,165000.0
3388000640,3.0,1.5,1280.0,7742.0,1.0,0.0,0.0,4,7,1280.0,0.0,1962,0.0,98031,47.3947,-122.197,1450.0,8316.0,2015-03-18,220000.0
1321700030,4.0,2.5,4620.0,20793.0,2.0,0.0,0.0,4,11,4620.0,0.0,1991,0.0,98023,47.2929,-122.342,3640.0,20793.0,2014-06-24,575000.0
6662400105,3.0,2.5,1580.0,5725.0,2.0,,0.0,3,7,1580.0,0.0,2004,0.0,98072,47.7611,-122.161,1510.0,5725.0,2014-10-30,375000.0
3971700903,3.0,1.75,1650.0,7145.0,2.0,0.0,0.0,5,8,1300.0,350.0,1977,0.0,98155,47.7733,-122.324,1760.0,7206.0,2015-01-22,422250.0
6804600260,3.0,1.75,1660.0,9600.0,1.0,0.0,0.0,3,8,1380.0,,1981,0.0,98011,47.7601,-122.167,2030.0,9500.0,2014-06-03,420000.0
8078460520,4.0,2.5,2410.0,7140.0,2.0,0.0,0.0,3,8,2410.0,0.0,1993,0.0,98074,47.6329,-122.021,2350.0,7140.0,2014-09-23,608000.0
2436700800,3.0,2.25,1720.0,4000.0,1.5,0.0,0.0,4,7,1450.0,270.0,1921,0.0,98105,47.6683,-122.286,1410.0,4000.0,2014-05-16,620000.0
2592210510,3.0,2.5,3120.0,12406.0,2.0,0.0,2.0,3,9,1940.0,1180.0,1983,0.0,98006,47.5507,-122.141,3240.0,13141.0,2015-02-17,850000.0
9414610320,4.0,2.5,2680.0,9928.0,1.0,0.0,0.0,4,8,1340.0,1340.0,1974,0.0,98027,47.5219,-122.052,2180.0,10478.0,2015-01-16,463000.0
7567600030,5.0,1.75,2640.0,13290.0,1.0,1.0,4.0,4,8,1400.0,1240.0,1954,0.0,98178,47.5022,-122.223,2400.0,11942.0,2015-01-27,750000.0
624110810,3.0,3.25,3730.0,13264.0,2.0,0.0,0.0,3,9,3730.0,0.0,1989,0.0,98077,47.7246,-122.059,3730.0,14933.0,2015-03-25,1070000.0
4123800400,3.0,2.0,1700.0,6498.0,1.0,0.0,0.0,3,7,1700.0,0.0,1986,0.0,98038,47.3781,-122.044,1700.0,6654.0,2014-09-09,290000.0
9424400105,4.0,1.75,2280.0,5959.0,1.0,0.0,0.0,3,7,1250.0,1030.0,1947,0.0,98116,47.5655,-122.395,1640.0,5911.0,2014-07-10,525000.0
7941130140,3.0,2.25,1220.0,2980.0,2.0,0.0,0.0,3,7,1220.0,0.0,1986,0.0,98034,47.7151,-122.203,1220.0,2140.0,2015-02-17,319000.0
1568100295,6.0,4.5,3500.0,8504.0,2.0,0.0,0.0,3,7,3500.0,0.0,1980,0.0,98155,47.7349,-122.295,1550.0,8460.0,2015-02-02,592500.0
6683000295,3.0,2.5,2010.0,14298.0,2.0,0.0,0.0,3,7,2010.0,0.0,1977,0.0,98070,47.5069,-122.472,2010.0,14298.0,2014-05-13,350000.0
5710610520,3.0,1.75,2130.0,9775.0,1.0,0.0,0.0,4,8,1430.0,700.0,1973,0.0,98027,47.5326,-122.049,2130.0,11250.0,2015-02-26,454900.0
1565900390,4.0,2.25,1800.0,9018.0,2.0,0.0,0.0,3,7,1800.0,0.0,1992,0.0,98022,47.2126,-121.984,1670.0,9380.0,2015-04-15,272000.0
6608500260,3.0,1.0,1070.0,10125.0,1.0,0.0,0.0,3,7,1070.0,0.0,1961,0.0,98033,47.7012,-122.167,1540.0,10200.0,2014-07-16,357500.0
7338401230,3.0,1.75,1020.0,5000.0,1.0,0.0,0.0,5,6,1020.0,0.0,1954,0.0,98118,47.5332,-122.29,1360.0,5000.0,2014-08-28,285000.0
7212660520,4.0,2.0,1600.0,6861.0,1.0,0.0,0.0,3,7,1600.0,0.0,1994,0.0,98003,47.2701,-122.313,1870.0,7455.0,2015-03-26,280000.0
8901001290,4.0,1.5,1380.0,7800.0,1.0,0.0,0.0,3,7,1080.0,300.0,1928,0.0,98125,47.7093,-122.306,1770.0,7503.0,2014-09-03,477000.0
3345100030,3.0,2.25,3270.0,168000.0,2.0,0.0,0.0,4,10,3270.0,0.0,1982,0.0,98056,47.5197,-122.191,3220.0,7963.0,2014-07-22,750000.0
7986401275,4.0,2.5,2100.0,3125.0,2.0,0.0,2.0,3,7,1400.0,700.0,1907,0.0,98107,47.6634,-122.358,2060.0,5040.0,2014-11-19,595000.0
3047700045,3.0,2.25,2110.0,2850.0,3.0,0.0,0.0,3,8,2110.0,0.0,2001,0.0,98103,47.6915,-122.339,1340.0,5001.0,2014-07-17,525000.0
1422029117,3.0,1.75,1640.0,53400.0,1.0,0.0,0.0,4,7,1640.0,0.0,1966,0.0,98070,47.3944,-122.506,1850.0,380279.0,2014-07-11,319000.0
104530240,3.0,2.0,1320.0,5665.0,1.0,0.0,0.0,3,7,1320.0,0.0,1986,0.0,98023,47.3096,-122.357,1336.0,7080.0,2014-08-27,225000.0
8718500260,4.0,2.5,2420.0,10603.0,1.0,0.0,0.0,5,7,1210.0,1210.0,1958,0.0,98028,47.7397,-122.259,1750.0,10800.0,2014-07-23,485000.0
3735901040,3.0,1.0,1390.0,4814.0,1.5,0.0,0.0,3,6,1390.0,0.0,1908,0.0,98115,47.6881,-122.32,1730.0,3990.0,2014-07-03,341000.0
3448002180,3.0,3.25,2320.0,6744.0,2.0,0.0,0.0,3,9,1930.0,390.0,2014,0.0,98125,47.7132,-122.293,1700.0,6744.0,2015-01-16,674000.0
5126300960,3.0,2.5,2170.0,8169.0,2.0,0.0,0.0,3,8,2170.0,0.0,2003,0.0,98059,47.4833,-122.139,2240.0,6733.0,2015-01-27,442250.0
1774220400,4.0,2.25,2710.0,38180.0,2.0,0.0,0.0,4,8,2710.0,0.0,1977,0.0,98077,47.77,-122.097,2590.0,38180.0,2014-05-13,591000.0
8648100030,3.0,2.0,1450.0,8928.0,1.0,0.0,0.0,3,7,1450.0,0.0,1998,0.0,98042,47.3637,-122.075,2050.0,8523.0,2014-11-13,276000.0
7940710070,3.0,2.5,1370.0,4400.0,1.0,0.0,0.0,3,8,1370.0,0.0,1988,0.0,98034,47.7139,-122.203,1630.0,4400.0,2014-08-22,394000.0
1518000070,3.0,2.5,1810.0,3192.0,1.0,0.0,0.0,3,7,1070.0,740.0,2001,0.0,98019,47.7364,-121.969,1740.0,3720.0,2014-11-19,355000.0
3832500260,3.0,2.5,1420.0,14850.0,1.0,0.0,0.0,4,7,1020.0,400.0,1963,0.0,98032,47.3661,-122.29,2060.0,8800.0,2014-05-09,260000.0
1139600270,3.0,2.75,2090.0,9620.0,1.0,0.0,0.0,3,8,1340.0,750.0,1987,0.0,98023,47.2741,-122.337,2150.0,9660.0,2014-07-01,300000.0
1139600270,3.0,2.75,2090.0,9620.0,1.0,0.0,0.0,3,8,1340.0,750.0,1987,0.0,98023,47.2741,-122.337,2150.0,9660.0,2015-03-24,310000.0
1099610830,3.0,1.0,1330.0,6900.0,1.0,0.0,0.0,3,7,1330.0,0.0,1976,0.0,98023,47.3033,-122.381,1530.0,7000.0,2014-12-02,209000.0
5647000060,3.0,2.0,1330.0,7419.0,1.0,0.0,0.0,3,7,1330.0,0.0,1985,0.0,98034,47.7322,-122.236,1330.0,7297.0,2014-12-11,344950.0
3352402272,5.0,2.0,1910.0,7200.0,1.0,0.0,0.0,4,6,1110.0,800.0,1951,0.0,98178,47.4975,-122.261,1150.0,5948.0,2014-06-11,230000.0
6669020640,3.0,1.75,2310.0,7680.0,1.0,0.0,0.0,4,8,1410.0,900.0,1978,0.0,98032,47.3743,-122.285,2080.0,7680.0,2015-04-24,336950.0
6154900070,3.0,2.75,2500.0,7378.0,1.0,0.0,0.0,5,7,1390.0,1110.0,1948,0.0,98177,47.7032,-122.37,2040.0,7140.0,2014-06-11,700000.0
1545802080,3.0,2.0,1310.0,7332.0,1.0,,0.0,3,7,1310.0,0.0,1987,0.0,98038,47.3597,-122.051,1530.0,7362.0,2014-09-04,230000.0
8161020060,4.0,2.5,2040.0,21781.0,2.0,0.0,0.0,3,8,2040.0,0.0,1994,0.0,98014,47.6458,-121.904,2410.0,21781.0,2014-06-20,443500.0
8161020060,4.0,2.5,2040.0,21781.0,2.0,0.0,0.0,3,8,2040.0,0.0,1994,0.0,98014,47.6458,-121.904,2410.0,21781.0,2015-04-14,471000.0
443000060,3.0,2.25,2400.0,16301.0,1.0,0.0,0.0,3,8,1400.0,1000.0,1962,0.0,98115,47.6901,-122.282,1720.0,9828.0,2014-12-10,595000.0
4172100200,3.0,1.0,1400.0,4914.0,1.5,0.0,0.0,3,7,1400.0,0.0,1929,0.0,98117,47.681,-122.364,1400.0,3744.0,2014-11-21,470000.0
7309100070,4.0,1.75,1700.0,7800.0,1.0,0.0,0.0,4,8,1700.0,0.0,1975,0.0,98052,47.651,-122.119,2430.0,8342.0,2014-12-12,600000.0
191100672,4.0,3.75,3160.0,9525.0,2.5,0.0,0.0,3,10,3160.0,0.0,1997,0.0,98040,47.5623,-122.221,2400.0,9525.0,2014-05-27,1380000.0
2125400160,3.0,1.75,1340.0,13241.0,1.0,0.0,2.0,3,7,1340.0,0.0,1985,0.0,98034,47.7268,-122.213,2090.0,9704.0,2014-11-14,427800.0
259800060,4.0,2.0,1470.0,8395.0,1.0,0.0,0.0,4,7,1470.0,0.0,1965,0.0,98008,47.631,-122.117,1760.0,7976.0,2014-06-06,445000.0
4402700125,3.0,1.75,1790.0,7679.0,1.0,0.0,0.0,4,7,1790.0,0.0,1953,0.0,98133,47.7442,-122.338,1560.0,7680.0,2014-07-16,382000.0
7504180070,3.0,1.5,1560.0,20251.0,1.0,0.0,0.0,5,7,1200.0,360.0,1989,0.0,98074,47.619,-122.054,1560.0,19119.0,2014-11-11,577000.0
2723069129,3.0,2.5,2620.0,108464.0,2.0,,0.0,4,8,2620.0,0.0,1990,0.0,98038,47.4583,-122.036,3190.0,105850.0,2015-05-06,427000.0
3210400060,3.0,1.0,1580.0,8206.0,1.0,0.0,0.0,3,7,1100.0,,1962,0.0,98198,47.3676,-122.312,1600.0,8196.0,2014-12-24,255000.0
8658301535,3.0,1.0,1090.0,10000.0,1.0,0.0,0.0,3,6,1090.0,0.0,1961,0.0,98014,47.6503,-121.911,1040.0,7500.0,2014-07-21,240000.0
8923100125,5.0,3.25,3240.0,6551.0,1.5,0.0,4.0,4,9,2500.0,740.0,1939,0.0,98115,47.6792,-122.273,2740.0,9300.0,2014-06-20,1230000.0
5592900105,4.0,1.75,2520.0,7200.0,1.0,0.0,2.0,5,7,1260.0,1260.0,1955,0.0,98056,47.4835,-122.192,2360.0,7300.0,2015-02-13,435000.0
8964800695,3.0,1.75,2230.0,13529.0,1.0,0.0,0.0,3,9,2230.0,0.0,1949,0.0,98004,47.6204,-122.217,2230.0,11900.0,2015-03-27,1450000.0
5104510860,4.0,3.0,2430.0,5502.0,2.0,0.0,0.0,3,8,2430.0,0.0,2002,0.0,98038,47.356,-122.014,2000.0,5702.0,2015-05-06,425000.0
1090000075,2.0,1.0,1020.0,4200.0,1.0,0.0,0.0,5,6,1020.0,0.0,1923,0.0,98136,47.5319,-122.391,1660.0,4200.0,2014-12-16,393000.0
1446800181,4.0,1.0,1810.0,7500.0,1.0,0.0,0.0,2,7,1410.0,400.0,1959,0.0,98168,47.4935,-122.333,1250.0,6255.0,2014-06-20,264950.0
1829300520,4.0,2.5,3460.0,9699.0,2.0,0.0,0.0,3,10,3460.0,0.0,1987,0.0,98074,47.637,-122.04,3140.0,10631.0,2015-04-12,746500.0
3992700070,3.0,1.0,2020.0,8100.0,1.0,0.0,0.0,3,7,1170.0,850.0,1956,0.0,98125,47.7136,-122.288,1480.0,7620.0,2014-11-24,450000.0
2472950160,3.0,2.0,1410.0,7466.0,1.0,0.0,0.0,3,7,1410.0,0.0,1983,0.0,98058,47.427,-122.147,1410.0,7610.0,2014-06-17,229950.0
3468800310,2.0,1.0,750.0,4000.0,1.0,0.0,0.0,2,6,750.0,0.0,1933,0.0,98108,47.54,-122.32,1160.0,4000.0,2015-01-13,425000.0
6613000935,4.0,2.5,5300.0,26211.0,2.0,1.0,2.0,2,10,4570.0,730.0,1923,0.0,98105,47.661,-122.269,3890.0,19281.0,2014-05-13,2560000.0
4054530240,4.0,3.5,4380.0,66613.0,1.5,0.0,0.0,3,11,4380.0,0.0,1993,0.0,98077,47.7279,-122.048,4010.0,70109.0,2015-04-27,1400000.0
2600040160,3.0,2.25,2290.0,9047.0,2.0,0.0,0.0,4,8,2290.0,0.0,1984,0.0,98006,47.5545,-122.163,2120.0,9275.0,2014-10-31,753000.0
4229900140,2.0,1.0,720.0,5750.0,1.0,0.0,0.0,2,6,720.0,0.0,1943,0.0,98136,47.5535,-122.393,980.0,6125.0,2014-10-06,310000.0
1005000240,2.0,1.0,1200.0,6014.0,1.0,0.0,0.0,4,6,600.0,600.0,1949,0.0,98118,47.5357,-122.28,1270.0,4652.0,2014-12-19,395000.0
4188000240,3.0,2.5,2620.0,28703.0,1.0,,0.0,3,10,2620.0,0.0,1985,0.0,98052,47.7238,-122.114,2950.0,30290.0,2014-12-11,725000.0
1562100340,4.0,3.0,2120.0,7650.0,2.0,0.0,0.0,3,8,2120.0,0.0,1964,0.0,98007,47.6214,-122.14,2260.0,7885.0,2014-08-28,295000.0
7941600390,3.0,1.75,1580.0,8820.0,1.0,0.0,0.0,4,7,1580.0,0.0,1967,0.0,98003,47.317,-122.325,1280.0,8500.0,2014-06-23,225000.0
2655500241,3.0,3.25,4160.0,35153.0,3.0,0.0,2.0,3,12,3690.0,470.0,2001,0.0,98040,47.5749,-122.214,3290.0,11533.0,2014-08-14,1700000.0
8651720060,3.0,2.25,1830.0,8831.0,1.0,0.0,0.0,3,7,1460.0,370.0,1979,0.0,98034,47.7286,-122.215,2330.0,8064.0,2015-02-02,431000.0
2621750350,3.0,2.5,2000.0,8057.0,1.0,0.0,0.0,3,8,1360.0,640.0,1998,0.0,98042,47.3724,-122.107,2530.0,8964.0,2015-03-26,358500.0
2397101375,2.0,1.0,980.0,3600.0,1.0,0.0,0.0,3,6,980.0,0.0,1907,0.0,98119,47.6366,-122.365,1690.0,3600.0,2015-04-28,595000.0
808300200,4.0,2.5,3040.0,20682.0,2.0,0.0,0.0,3,7,3040.0,0.0,2000,0.0,98019,47.7245,-121.959,2670.0,9742.0,2015-03-19,468000.0
8645500370,4.0,1.0,1740.0,8100.0,1.0,0.0,0.0,4,7,1020.0,720.0,1962,0.0,98058,47.467,-122.185,1600.0,8949.0,2014-12-03,260000.0
5668500045,3.0,2.0,1450.0,7300.0,1.5,0.0,0.0,5,7,1450.0,0.0,1955,0.0,98133,47.7517,-122.342,1660.0,9069.0,2014-09-17,375000.0
6679000370,3.0,2.5,1560.0,4200.0,2.0,0.0,0.0,3,7,1560.0,0.0,2003,0.0,98038,47.3838,-122.026,1560.0,4200.0,2014-05-25,295000.0
8699800070,4.0,2.5,2050.0,8909.0,1.0,0.0,2.0,4,8,1690.0,360.0,1986,0.0,98198,47.398,-122.31,2190.0,8912.0,2014-07-31,403900.0
9500900060,3.0,1.75,1760.0,12823.0,1.0,0.0,0.0,4,7,1460.0,300.0,1956,0.0,98002,47.2868,-122.21,1450.0,10800.0,2014-07-22,269950.0
2255500060,3.0,3.5,1740.0,1975.0,2.0,0.0,3.0,3,8,1310.0,430.0,1998,0.0,98122,47.6085,-122.311,1740.0,1975.0,2015-02-18,640000.0
5071500140,3.0,1.0,910.0,8789.0,1.0,0.0,0.0,3,7,910.0,0.0,1966,0.0,98148,47.4345,-122.326,1160.0,8789.0,2014-06-27,221000.0
3546000070,3.0,1.75,1700.0,7532.0,1.0,0.0,0.0,3,7,1700.0,0.0,1987,0.0,98030,47.355,-122.176,1690.0,7405.0,2014-06-17,255000.0
9478500570,4.0,2.5,2620.0,4469.0,2.0,0.0,0.0,3,7,2620.0,0.0,2008,0.0,98042,47.3663,-122.115,2250.0,4500.0,2014-06-23,300000.0
2473440070,3.0,2.25,1500.0,7410.0,1.0,0.0,0.0,4,7,1500.0,0.0,1973,0.0,98058,47.4597,-122.162,1750.0,7990.0,2015-03-20,270000.0
952001710,4.0,1.75,1630.0,5750.0,1.0,0.0,0.0,3,7,1160.0,470.0,1947,0.0,98116,47.5674,-122.384,1640.0,5750.0,2015-03-03,575000.0
7905400160,3.0,1.5,1370.0,9800.0,1.0,0.0,0.0,5,7,1370.0,0.0,1968,0.0,98001,47.3068,-122.27,1370.0,9800.0,2015-02-11,246900.0
6852700520,2.0,2.5,1390.0,1132.0,2.0,0.0,0.0,3,8,1130.0,260.0,2006,0.0,98102,47.6228,-122.319,1400.0,1237.0,2015-04-06,635000.0
625100004,3.0,2.0,1540.0,67756.0,1.0,0.0,0.0,3,7,1540.0,0.0,1900,19730.0,98077,47.721,-122.078,2060.0,67756.0,2015-03-17,450000.0
6600400370,3.0,1.0,1190.0,7500.0,1.0,0.0,0.0,5,7,1190.0,0.0,1968,0.0,98042,47.3248,-122.142,1200.0,9750.0,2014-09-10,215000.0
2025770310,3.0,3.5,4500.0,21870.0,2.0,0.0,0.0,3,10,4500.0,0.0,2004,0.0,98092,47.3043,-122.159,4670.0,23058.0,2014-06-11,785000.0
2126049290,4.0,3.0,2370.0,8154.0,1.0,0.0,0.0,3,7,1380.0,990.0,1977,0.0,98125,47.7258,-122.306,2100.0,8148.0,2015-02-20,522500.0
1843200350,2.0,1.5,1360.0,1934.0,2.0,0.0,0.0,4,7,1360.0,0.0,1978,0.0,98092,47.2857,-122.189,1360.0,1898.0,2014-07-22,150000.0
3750600566,2.0,1.75,870.0,18537.0,1.0,0.0,0.0,4,6,870.0,0.0,1946,0.0,98001,47.275,-122.278,1300.0,22800.0,2014-12-15,199950.0
3761100045,4.0,4.25,4850.0,12445.0,2.0,1.0,4.0,5,10,3850.0,1000.0,1989,0.0,98034,47.7011,-122.244,3350.0,12210.0,2014-06-18,3000000.0
7937600262,3.0,2.0,3110.0,44967.0,2.0,0.0,0.0,3,9,3020.0,90.0,1999,0.0,98058,47.4343,-122.082,2150.0,44967.0,2014-07-10,379900.0
3629921000,4.0,2.5,3700.0,7051.0,2.0,0.0,0.0,3,11,3700.0,0.0,2006,0.0,98029,47.5427,-121.995,3580.0,6175.0,2014-11-21,950000.0
7519000335,6.0,2.75,3500.0,5150.0,2.0,0.0,0.0,5,8,2430.0,1070.0,1909,0.0,98117,47.6842,-122.363,1430.0,3860.0,2014-12-03,865000.0
5459000240,3.0,1.75,1670.0,9600.0,1.0,0.0,0.0,5,8,1670.0,0.0,1961,0.0,98040,47.5754,-122.233,1900.0,9600.0,2014-06-04,785000.0
9835801000,3.0,2.25,1640.0,8400.0,1.0,0.0,0.0,3,8,1180.0,460.0,1968,0.0,98032,47.3733,-122.289,1600.0,8120.0,2014-06-25,245700.0
1102001274,3.0,2.25,3400.0,12825.0,1.0,0.0,1.0,3,9,3400.0,0.0,1961,0.0,98118,47.5435,-122.26,2510.0,11574.0,2015-04-15,951000.0
7950303290,3.0,1.75,2060.0,3500.0,1.0,0.0,0.0,5,7,1030.0,1030.0,1951,0.0,98118,47.5635,-122.282,1110.0,6000.0,2015-04-02,499950.0
7968460240,3.0,1.75,1330.0,36537.0,1.0,0.0,0.0,4,7,1330.0,0.0,1989,0.0,98092,47.3126,-122.129,1650.0,35100.0,2015-02-11,257000.0
9827700105,3.0,2.0,2330.0,3600.0,1.5,0.0,0.0,4,7,1580.0,750.0,1900,0.0,98122,47.6025,-122.303,1750.0,3600.0,2014-09-17,549000.0
3536900030,3.0,2.75,3040.0,21052.0,2.0,0.0,0.0,4,10,3040.0,0.0,1980,0.0,98004,47.638,-122.225,2950.0,21052.0,2015-02-09,1600000.0
328000160,5.0,3.75,3700.0,7920.0,3.0,0.0,4.0,3,9,2900.0,800.0,1983,0.0,98115,47.6865,-122.266,2860.0,6360.0,2014-12-11,1400000.0
6909700340,3.0,2.0,1990.0,3000.0,1.5,0.0,2.0,5,8,1430.0,560.0,1927,0.0,98144,47.5891,-122.293,1780.0,5000.0,2014-08-20,619000.0
829000160,5.0,3.0,2020.0,5917.0,1.0,0.0,0.0,3,7,1220.0,800.0,1993,0.0,98108,47.5482,-122.294,2130.0,5529.0,2014-10-09,311000.0
4077800376,5.0,2.25,2980.0,7781.0,1.0,0.0,0.0,3,9,1580.0,1400.0,1960,0.0,98125,47.7048,-122.279,2310.0,7781.0,2014-07-01,600000.0
6154500030,4.0,3.5,3990.0,5267.0,2.0,0.0,0.0,3,10,3990.0,0.0,2008,0.0,98006,47.5641,-122.124,3230.0,6481.0,2014-06-26,1080000.0
9828202325,2.0,1.0,790.0,6600.0,1.0,0.0,0.0,3,6,790.0,0.0,1949,0.0,98122,47.6149,-122.293,1520.0,4400.0,2014-06-19,436000.0
795002190,2.0,1.0,1060.0,8000.0,1.0,0.0,0.0,3,6,1060.0,0.0,1941,0.0,98168,47.5088,-122.333,1390.0,8000.0,2014-07-15,205000.0
226059065,3.0,2.25,2260.0,54014.0,1.0,0.0,0.0,3,7,1450.0,810.0,1962,0.0,98072,47.7657,-122.131,2140.0,44431.0,2014-09-03,514000.0
8682280270,2.0,2.5,1900.0,2983.0,2.0,0.0,0.0,3,8,1900.0,0.0,2006,0.0,98053,47.7029,-122.015,1510.0,3876.0,2014-09-03,530000.0
7695370160,5.0,2.5,3361.0,6983.0,2.0,0.0,0.0,3,10,3361.0,0.0,2006,0.0,98092,47.3427,-122.169,3112.0,6920.0,2014-08-11,511000.0
3025300226,4.0,1.75,3550.0,19865.0,2.0,0.0,0.0,3,9,3550.0,0.0,1962,20020.0,98039,47.6236,-122.235,3000.0,19862.0,2014-05-15,2100000.0
241900160,5.0,2.5,2740.0,5460.0,2.0,0.0,0.0,3,8,2740.0,0.0,2005,0.0,98031,47.4042,-122.204,2900.0,5971.0,2015-03-10,370000.0
2461900550,4.0,1.75,2040.0,6000.0,1.0,0.0,0.0,5,7,1020.0,1020.0,1943,0.0,98136,47.5507,-122.383,1440.0,6000.0,2014-12-16,500000.0
9206700060,4.0,2.5,4070.0,129808.0,2.0,0.0,0.0,3,10,4070.0,0.0,1998,0.0,98038,47.4433,-122.016,4070.0,102366.0,2014-11-05,710000.0
1997200060,1.0,1.0,720.0,5196.0,1.0,0.0,0.0,3,7,720.0,0.0,1911,0.0,98103,47.6928,-122.337,1580.0,5762.0,2014-09-08,270000.0
5468700105,3.0,1.75,2000.0,8400.0,1.5,0.0,0.0,4,8,2000.0,0.0,1959,0.0,98133,47.7535,-122.334,2000.0,8400.0,2014-08-05,415000.0
5078400160,5.0,4.5,4400.0,15580.0,2.0,0.0,0.0,3,11,3390.0,1010.0,2003,0.0,98004,47.6232,-122.207,2150.0,14249.0,2014-06-05,1800000.0
6603000030,3.0,1.75,1300.0,8976.0,1.0,0.0,0.0,3,7,1300.0,0.0,1967,0.0,98003,47.3357,-122.305,1430.0,9750.0,2014-12-17,236000.0
8598200070,2.0,2.5,1420.0,2229.0,2.0,,0.0,3,7,1420.0,0.0,2004,0.0,98059,47.4871,-122.165,1500.0,2230.0,2014-12-08,278000.0
5101402435,3.0,2.25,1540.0,5338.0,1.0,0.0,0.0,5,7,770.0,770.0,1954,0.0,98115,47.6942,-122.304,1680.0,6525.0,2014-06-03,312000.0
5101402435,3.0,2.25,1540.0,5338.0,1.0,0.0,0.0,5,7,770.0,770.0,1954,0.0,98115,47.6942,-122.304,1680.0,6525.0,2015-03-04,539000.0
8820902400,3.0,3.0,2360.0,2750.0,2.0,0.0,1.0,3,7,1780.0,580.0,1983,0.0,98125,47.7142,-122.281,1970.0,5800.0,2014-09-10,498000.0
1246700251,4.0,3.0,3720.0,29043.0,2.0,,0.0,3,9,3720.0,0.0,1991,0.0,98033,47.6907,-122.161,1610.0,23000.0,2014-05-27,857000.0
5315101716,3.0,1.75,1690.0,13500.0,1.0,0.0,0.0,4,7,1690.0,0.0,1978,0.0,98040,47.5897,-122.233,1950.0,10500.0,2015-02-25,780000.0
5035300570,3.0,2.0,2300.0,5000.0,1.0,0.0,0.0,4,8,1150.0,1150.0,1938,0.0,98199,47.6521,-122.413,2300.0,5000.0,2014-09-23,650000.0
4123400310,4.0,1.75,1650.0,7088.0,1.0,0.0,0.0,3,8,1650.0,0.0,1973,0.0,98027,47.5688,-122.087,1850.0,7523.0,2015-04-09,559500.0
4058802255,2.0,1.0,990.0,6448.0,1.0,0.0,0.0,3,7,990.0,0.0,1948,0.0,98178,47.5031,-122.245,1130.0,7200.0,2014-07-24,219950.0
2141330560,4.0,2.25,2130.0,8410.0,2.0,0.0,0.0,4,8,2130.0,,1977,0.0,98006,47.5589,-122.128,2170.0,8400.0,2014-07-25,671500.0
2725069121,4.0,2.5,3320.0,52707.0,2.0,0.0,0.0,3,10,3320.0,0.0,1999,0.0,98074,47.6247,-122.016,3040.0,54450.0,2014-09-03,813000.0
7682200340,3.0,2.25,1960.0,8875.0,1.0,0.0,0.0,3,7,1290.0,670.0,1965,0.0,98003,47.3344,-122.301,1890.0,8700.0,2014-07-28,182000.0
9518100059,2.0,1.0,770.0,2500.0,1.0,0.0,0.0,3,6,770.0,0.0,1913,19600.0,98072,47.7534,-122.172,1500.0,8286.0,2014-08-22,203700.0
1861400060,4.0,1.75,2010.0,3600.0,1.5,0.0,0.0,3,7,2010.0,0.0,1902,0.0,98119,47.6337,-122.371,2010.0,3600.0,2014-05-05,740000.0
2223059053,2.0,1.0,800.0,17965.0,1.0,0.0,0.0,4,5,800.0,,1942,0.0,98058,47.4693,-122.161,1500.0,8925.0,2015-03-11,230000.0
421049114,3.0,1.0,910.0,11117.0,1.0,0.0,0.0,3,7,910.0,0.0,1955,0.0,98003,47.3432,-122.309,1490.0,8416.0,2014-10-09,128000.0
6703100140,3.0,1.0,1200.0,6628.0,1.0,0.0,0.0,4,7,1200.0,0.0,1952,0.0,98155,47.7367,-122.319,1330.0,6768.0,2014-08-22,345000.0
6127010890,4.0,2.5,3570.0,6246.0,2.0,0.0,0.0,3,7,3570.0,0.0,2005,0.0,98075,47.5927,-122.006,2260.0,5231.0,2015-04-27,663000.0
8898700960,3.0,2.5,1820.0,8085.0,2.0,0.0,0.0,3,7,1820.0,0.0,1983,0.0,98055,47.4575,-122.204,1860.0,8625.0,2014-06-20,329950.0
486000597,3.0,2.25,2930.0,7005.0,3.0,0.0,2.0,3,9,2670.0,260.0,1999,0.0,98117,47.6763,-122.404,2450.0,6460.0,2014-08-11,1050000.0
7175300045,3.0,1.75,1480.0,4050.0,1.0,0.0,0.0,3,7,870.0,610.0,1926,0.0,98115,47.681,-122.304,1350.0,4500.0,2014-11-12,402300.0
3073500045,4.0,2.5,3305.0,16164.0,1.5,0.0,0.0,5,7,2245.0,1060.0,1922,19560.0,98133,47.7563,-122.338,1620.0,8883.0,2014-05-07,492000.0
2407900550,4.0,2.5,2230.0,5000.0,1.0,0.0,0.0,3,7,1650.0,580.0,2006,0.0,98059,47.4799,-122.129,2090.0,4637.0,2015-05-07,448000.0
5379802650,3.0,1.0,1560.0,7800.0,1.0,0.0,0.0,3,7,1560.0,0.0,1955,0.0,98188,47.4549,-122.287,1468.0,9375.0,2015-02-25,273000.0
4364700990,3.0,1.0,1030.0,7200.0,1.0,0.0,0.0,3,6,880.0,150.0,1948,0.0,98126,47.5255,-122.376,1030.0,7200.0,2014-10-03,335000.0
2158900140,3.0,3.75,2380.0,3600.0,1.5,,0.0,3,7,1690.0,690.0,1927,0.0,98112,47.6374,-122.307,1990.0,3520.0,2014-09-05,695000.0
3235100075,3.0,1.0,1010.0,7903.0,1.0,0.0,0.0,3,6,1010.0,0.0,1948,0.0,98155,47.766,-122.32,1010.0,7903.0,2015-05-03,279000.0
2887701940,2.0,1.75,2060.0,2700.0,1.0,0.0,0.0,3,7,1030.0,1030.0,1929,0.0,98115,47.6856,-122.312,1390.0,2700.0,2014-12-05,485000.0
7399200510,4.0,2.5,2370.0,10580.0,2.0,0.0,0.0,3,8,2370.0,0.0,1966,0.0,98055,47.464,-122.192,1590.0,8584.0,2014-08-12,383000.0
3578600045,4.0,2.5,2242.0,37451.0,2.0,0.0,0.0,3,8,2242.0,0.0,1995,0.0,98028,47.7443,-122.228,2242.0,13125.0,2014-12-16,490000.0
9406500310,2.0,1.5,1078.0,1263.0,2.0,0.0,0.0,3,7,1078.0,0.0,1990,0.0,98028,47.7532,-122.244,1078.0,1263.0,2014-11-19,240000.0
1560100135,2.0,1.0,890.0,7250.0,1.0,0.0,0.0,3,7,890.0,0.0,1943,0.0,98125,47.7118,-122.314,900.0,7000.0,2015-02-24,285000.0
1326069094,3.0,1.5,2700.0,24539.0,2.0,0.0,0.0,3,7,2120.0,580.0,1977,20140.0,98019,47.7348,-121.984,1830.0,11000.0,2015-02-25,524950.0
3396830310,4.0,2.5,2450.0,27081.0,2.0,0.0,0.0,3,8,2450.0,0.0,1985,0.0,98052,47.7177,-122.104,2630.0,12025.0,2015-04-07,729000.0
4040400340,3.0,1.75,1420.0,8250.0,1.0,0.0,0.0,4,7,1420.0,0.0,1960,0.0,98007,47.6112,-122.133,2020.0,8250.0,2014-09-05,460000.0
7234601221,3.0,1.5,1280.0,2114.0,1.5,,0.0,3,8,1280.0,0.0,1904,0.0,98122,47.6174,-122.308,1540.0,1456.0,2014-10-14,687500.0
6065301040,5.0,2.75,2910.0,15118.0,1.0,,0.0,5,9,1780.0,1130.0,1972,0.0,98006,47.5696,-122.183,2880.0,15253.0,2014-08-14,1170000.0
2600010390,4.0,2.25,2430.0,10050.0,2.0,0.0,0.0,4,8,2430.0,0.0,1979,0.0,98006,47.5563,-122.163,2390.0,10250.0,2014-10-15,825000.0
6679000560,2.0,2.5,1860.0,6359.0,2.0,0.0,0.0,3,7,1860.0,0.0,2003,0.0,98038,47.3847,-122.029,1860.0,6359.0,2014-07-29,314950.0
6743700335,3.0,2.0,1800.0,12669.0,1.0,0.0,0.0,3,7,1800.0,0.0,1956,19900.0,98033,47.6935,-122.173,1970.0,9775.0,2014-06-04,470000.0
2207000060,3.0,1.5,1960.0,8815.0,1.0,0.0,0.0,4,7,1020.0,940.0,1958,0.0,98006,47.5765,-122.159,1760.0,9534.0,2014-08-18,500000.0
1900000060,3.0,1.5,1550.0,7260.0,1.5,0.0,0.0,2,6,1550.0,0.0,1925,0.0,98166,47.4693,-122.349,1190.0,7620.0,2014-11-17,313000.0
1232001480,2.0,1.0,840.0,3840.0,1.0,0.0,0.0,4,7,840.0,0.0,1926,0.0,98117,47.684,-122.378,1310.0,3840.0,2014-07-10,445000.0
9835800320,4.0,1.75,2080.0,8750.0,1.0,0.0,0.0,4,8,1330.0,750.0,1967,0.0,98032,47.3749,-122.291,1790.0,8750.0,2014-08-28,300000.0
9285800055,4.0,2.5,2210.0,5077.0,1.5,0.0,0.0,4,8,1480.0,730.0,1912,0.0,98126,47.5719,-122.377,1740.0,5000.0,2014-10-14,619500.0
3438500677,3.0,1.5,1210.0,5240.0,1.0,0.0,0.0,4,7,610.0,,1983,0.0,98106,47.5524,-122.356,1560.0,5240.0,2014-06-13,305000.0
3879901290,3.0,2.5,1350.0,941.0,3.0,0.0,0.0,3,9,1350.0,0.0,2007,0.0,98119,47.6265,-122.364,1640.0,1369.0,2015-04-01,874000.0
3905040060,3.0,2.0,1860.0,5146.0,2.0,0.0,0.0,3,8,1860.0,0.0,1991,0.0,98029,47.5706,-121.999,1950.0,5146.0,2015-03-13,477500.0
9530101290,3.0,2.0,1940.0,4500.0,1.0,,3.0,3,7,1090.0,850.0,1926,0.0,98107,47.6659,-122.359,1700.0,4500.0,2014-11-10,700000.0
5104532030,4.0,3.5,3400.0,5222.0,2.0,,0.0,3,9,3400.0,0.0,2005,0.0,98038,47.3559,-122.0,3190.0,5326.0,2015-03-06,515000.0
6411600045,4.0,2.5,2240.0,9385.0,2.0,0.0,0.0,3,8,2240.0,0.0,1991,0.0,98133,47.7125,-122.332,2010.0,9000.0,2014-10-16,590000.0
1796360990,3.0,1.75,1170.0,8239.0,1.0,0.0,0.0,3,7,1170.0,0.0,1981,0.0,98042,47.3679,-122.088,1180.0,7866.0,2014-07-01,205000.0
9264911550,3.0,3.25,3130.0,9302.0,2.0,0.0,0.0,3,8,2190.0,940.0,1987,0.0,98023,47.3078,-122.338,2350.0,7949.0,2014-10-22,310000.0
7715800310,2.0,2.25,1510.0,7280.0,2.0,0.0,0.0,3,7,1510.0,0.0,1987,0.0,98074,47.6264,-122.058,1510.0,8120.0,2014-08-21,442500.0
3407700012,4.0,3.5,3740.0,41458.0,2.0,0.0,2.0,3,11,3740.0,0.0,2000,0.0,98072,47.7375,-122.139,3750.0,38325.0,2014-11-06,1080000.0
2322069116,4.0,2.5,2690.0,46609.0,2.0,,0.0,3,8,2690.0,0.0,1980,0.0,98038,47.3843,-122.006,1500.0,34800.0,2014-08-25,530000.0
4058800875,4.0,1.75,1760.0,6204.0,1.0,,2.0,4,7,1180.0,580.0,1950,0.0,98178,47.5045,-122.24,1990.0,6240.0,2014-06-24,343500.0
8113101070,4.0,1.75,2180.0,4066.0,1.5,0.0,0.0,3,6,1270.0,910.0,1911,0.0,98118,47.5487,-122.277,1400.0,1343.0,2015-04-23,334900.0
9512501370,4.0,1.75,1560.0,9000.0,1.0,0.0,0.0,5,7,1560.0,0.0,1969,0.0,98052,47.6707,-122.149,1510.0,8848.0,2014-11-05,544300.0
3670500465,3.0,2.5,1780.0,4050.0,2.0,0.0,0.0,3,7,1780.0,0.0,2001,0.0,98155,47.7346,-122.308,1571.0,4976.0,2014-05-26,370000.0
8856950310,3.0,1.75,1260.0,6908.0,1.0,0.0,0.0,3,7,1260.0,0.0,1994,0.0,98038,47.385,-122.031,1810.0,7159.0,2014-05-24,245000.0
4315700505,4.0,1.75,1570.0,3250.0,1.5,0.0,0.0,5,8,1570.0,0.0,1928,0.0,98136,47.5405,-122.393,1570.0,5720.0,2015-02-10,535000.0
3046200125,2.0,1.0,740.0,6550.0,1.0,,0.0,4,5,740.0,0.0,1946,0.0,98168,47.4807,-122.332,1080.0,8515.0,2015-04-06,202000.0
2922701420,4.0,2.25,2020.0,4960.0,2.0,0.0,0.0,3,7,1710.0,310.0,1938,0.0,98117,47.6867,-122.369,1590.0,4550.0,2014-11-18,490000.0
6430500238,4.0,1.5,1500.0,3075.0,2.0,0.0,0.0,5,7,1420.0,80.0,1929,0.0,98103,47.6893,-122.35,1480.0,3774.0,2014-12-16,651500.0
6031400071,4.0,2.5,1670.0,8056.0,1.0,,0.0,3,7,1170.0,500.0,1961,0.0,98168,47.4884,-122.319,1360.0,8056.0,2015-01-14,270000.0
1854750030,3.0,3.5,3620.0,8072.0,2.0,0.0,0.0,3,10,2920.0,700.0,1999,0.0,98006,47.5646,-122.127,3680.0,9624.0,2015-04-07,1160000.0
7950302121,2.0,1.5,1010.0,1309.0,2.0,0.0,0.0,3,7,860.0,150.0,2007,0.0,98118,47.5659,-122.286,1190.0,3060.0,2014-07-16,289000.0
1421069117,3.0,1.5,1460.0,13503.0,1.0,0.0,0.0,4,6,1460.0,0.0,1977,0.0,98010,47.3119,-122.015,1460.0,13394.0,2015-04-17,240000.0
1370803510,3.0,1.75,1790.0,6117.0,1.0,0.0,2.0,3,8,1350.0,440.0,1940,0.0,98199,47.6366,-122.401,1960.0,5554.0,2014-05-15,790000.0
1559900140,3.0,2.25,1760.0,9621.0,2.0,,0.0,3,7,1760.0,0.0,1995,0.0,98019,47.7466,-121.979,1810.0,6589.0,2014-12-22,350000.0
2734100738,3.0,3.5,1790.0,1682.0,2.0,0.0,0.0,3,7,1480.0,310.0,2006,0.0,98108,47.542,-122.321,1150.0,4000.0,2014-10-29,246950.0
7007700030,3.0,1.0,1050.0,6000.0,1.0,0.0,0.0,3,7,1050.0,0.0,1952,0.0,98116,47.5709,-122.401,1720.0,6000.0,2015-01-05,400000.0
7702020030,4.0,2.5,2590.0,6394.0,2.0,0.0,0.0,3,8,2590.0,0.0,2003,0.0,98028,47.7599,-122.233,2500.0,5328.0,2015-02-25,533000.0
1795500060,3.0,1.0,1040.0,8645.0,1.0,0.0,0.0,4,7,1040.0,0.0,1962,0.0,98042,47.3631,-122.116,1290.0,8645.0,2014-10-21,198400.0
3303860030,4.0,2.5,4060.0,8547.0,2.0,0.0,0.0,3,9,2790.0,1270.0,2007,0.0,98038,47.3694,-122.056,2810.0,8313.0,2014-10-29,495000.0
7701960990,4.0,2.5,3190.0,14565.0,2.0,0.0,0.0,3,11,3190.0,0.0,1990,0.0,98077,47.713,-122.072,3420.0,20475.0,2014-06-16,862000.0
7701960990,4.0,2.5,3190.0,14565.0,2.0,0.0,0.0,3,11,3190.0,0.0,1990,0.0,98077,47.713,-122.072,3420.0,20475.0,2014-08-19,870000.0
5453700060,4.0,1.75,2180.0,9726.0,1.0,0.0,0.0,4,9,2180.0,0.0,1966,0.0,98040,47.5359,-122.233,2560.0,10244.0,2015-02-24,875000.0
2143700935,6.0,3.5,2120.0,5840.0,2.0,,0.0,5,7,2120.0,0.0,1979,0.0,98055,47.4788,-122.227,1860.0,8000.0,2014-09-03,317000.0
9485300560,4.0,2.75,2110.0,6838.0,2.0,0.0,0.0,4,8,2110.0,0.0,1991,0.0,98031,47.3877,-122.171,2100.0,7280.0,2014-07-25,325000.0
3693900135,2.0,1.5,1210.0,5000.0,1.5,0.0,0.0,5,6,1210.0,0.0,1907,0.0,98117,47.6793,-122.397,1570.0,5000.0,2014-09-20,615000.0
7212650990,4.0,2.5,2410.0,7846.0,2.0,0.0,0.0,3,8,2410.0,0.0,1992,0.0,98003,47.2641,-122.312,2380.0,7914.0,2014-07-21,334950.0
1245001659,3.0,2.5,1980.0,7807.0,2.0,0.0,0.0,4,9,1980.0,0.0,1989,0.0,98033,47.6884,-122.204,1590.0,7579.0,2014-08-21,775000.0
6071300550,4.0,2.5,2370.0,9135.0,1.0,0.0,0.0,4,8,1600.0,770.0,1967,0.0,98006,47.5564,-122.177,2050.0,9468.0,2014-08-22,600000.0
4083306620,3.0,1.75,1720.0,2218.0,1.5,0.0,0.0,3,7,1270.0,450.0,1931,20030.0,98103,47.649,-122.335,1130.0,1600.0,2014-07-28,565000.0
8122100392,2.0,1.0,750.0,5026.0,1.0,0.0,0.0,4,6,750.0,0.0,1942,0.0,98126,47.5368,-122.374,1260.0,5040.0,2014-10-28,292500.0
5418500800,3.0,2.25,2510.0,10418.0,1.0,,0.0,3,8,1810.0,700.0,1968,0.0,98115,47.7003,-122.285,2510.0,9435.0,2015-04-29,825000.0
2421059036,3.0,2.5,2577.0,156816.0,2.0,0.0,0.0,3,8,2577.0,0.0,2000,0.0,98092,47.2935,-122.108,2090.0,156816.0,2015-04-15,495000.0
952000310,3.0,1.5,1540.0,4773.0,2.0,0.0,0.0,3,8,1540.0,0.0,1941,20090.0,98126,47.5678,-122.378,1540.0,5750.0,2014-05-20,525000.0
5694501195,1.0,1.0,720.0,2500.0,1.0,0.0,0.0,3,7,720.0,0.0,1910,0.0,98103,47.6597,-122.345,1520.0,3750.0,2015-05-11,438600.0
2872900390,3.0,2.25,1810.0,8158.0,1.0,0.0,0.0,3,8,1450.0,360.0,1984,0.0,98074,47.6258,-122.038,1740.0,9532.0,2014-08-14,507000.0
1502400140,3.0,1.75,1380.0,8400.0,1.0,,0.0,3,7,1380.0,0.0,1967,0.0,98003,47.3117,-122.321,1540.0,8400.0,2015-04-29,275900.0
3860900003,4.0,2.5,2570.0,6251.0,2.0,0.0,0.0,3,9,2570.0,0.0,2000,0.0,98004,47.593,-122.197,2570.0,9588.0,2014-06-17,1170000.0
1180003435,4.0,1.75,1690.0,6000.0,1.0,0.0,0.0,3,7,1690.0,0.0,1957,0.0,98178,47.497,-122.227,1350.0,6000.0,2014-12-09,275000.0
6430000070,3.0,0.75,1420.0,3060.0,1.0,0.0,0.0,4,7,860.0,560.0,1923,0.0,98103,47.6872,-122.346,1350.0,4000.0,2014-10-27,355000.0
5530000030,4.0,2.0,2130.0,9579.0,1.0,,0.0,4,7,1250.0,880.0,1968,0.0,98001,47.3069,-122.271,1590.0,9800.0,2015-01-26,233000.0
5700000465,3.0,2.5,3000.0,5000.0,1.5,0.0,0.0,4,7,2110.0,,1918,0.0,98144,47.5781,-122.293,1970.0,5000.0,2014-09-04,666000.0
3211100570,4.0,2.5,2150.0,9000.0,1.0,,0.0,4,7,1360.0,790.0,1979,0.0,98059,47.4785,-122.16,1620.0,8400.0,2014-08-11,317500.0
9536601331,4.0,2.0,2280.0,10319.0,1.0,0.0,3.0,4,8,1270.0,1010.0,1989,0.0,98198,47.3594,-122.322,2280.0,9767.0,2014-07-22,420000.0
985000955,4.0,2.0,1560.0,8800.0,2.0,,0.0,5,6,1560.0,0.0,1942,19670.0,98168,47.4927,-122.312,1480.0,10000.0,2015-03-12,290000.0
323059208,3.0,2.0,1880.0,10758.0,1.0,0.0,0.0,5,6,940.0,940.0,1952,0.0,98059,47.5091,-122.144,2060.0,21000.0,2014-06-03,320000.0
4221270350,3.0,2.5,2320.0,5284.0,2.0,0.0,0.0,3,8,2320.0,0.0,2004,0.0,98075,47.591,-122.017,2320.0,4383.0,2015-03-23,650000.0
3768000030,3.0,1.75,1010.0,7171.0,1.0,0.0,0.0,4,7,1010.0,0.0,1967,0.0,98034,47.7317,-122.231,1250.0,7560.0,2014-07-14,325000.0
7211401610,3.0,1.0,1120.0,5000.0,1.0,0.0,0.0,3,6,1120.0,0.0,1917,0.0,98146,47.5109,-122.357,1050.0,5000.0,2014-08-20,165000.0
9542000340,3.0,1.75,1560.0,16194.0,1.0,0.0,0.0,3,8,1560.0,0.0,1961,0.0,98005,47.5966,-122.175,2430.0,16193.0,2014-08-07,500000.0
2426049078,4.0,1.5,1860.0,12197.0,1.0,0.0,0.0,3,7,1860.0,0.0,1964,0.0,98034,47.729,-122.235,1510.0,11761.0,2014-07-16,443000.0
5438000160,3.0,1.5,1150.0,8686.0,1.0,0.0,0.0,4,7,1150.0,0.0,1963,0.0,98055,47.4417,-122.194,1760.0,8798.0,2014-06-09,213400.0
259600890,4.0,1.75,1920.0,9380.0,1.0,0.0,0.0,3,7,1920.0,0.0,1964,0.0,98008,47.6344,-122.118,1580.0,8580.0,2014-10-02,480000.0
8732190200,4.0,2.25,2490.0,7233.0,1.0,0.0,0.0,3,8,1460.0,1030.0,1978,0.0,98023,47.3115,-122.396,2000.0,8000.0,2015-01-15,275000.0
3395040200,3.0,2.5,1460.0,3044.0,2.0,0.0,0.0,3,7,1460.0,0.0,2000,0.0,98108,47.544,-122.296,1490.0,3044.0,2014-07-09,299880.0
6362900171,3.0,3.5,1820.0,1501.0,2.0,0.0,0.0,3,8,1430.0,390.0,2014,0.0,98144,47.596,-122.298,1550.0,1501.0,2014-05-27,499950.0
2154500060,5.0,3.0,4290.0,17100.0,1.0,0.0,3.0,3,9,2480.0,1810.0,1972,20070.0,98040,47.5473,-122.211,3550.0,16988.0,2014-12-03,1710000.0
5706200370,4.0,2.75,2230.0,9460.0,1.0,0.0,0.0,5,7,1480.0,750.0,1960,0.0,98027,47.5246,-122.044,1760.0,10878.0,2014-08-06,550000.0
1402950240,4.0,2.5,2070.0,7476.0,2.0,0.0,0.0,3,8,2070.0,0.0,2003,0.0,98092,47.3352,-122.189,2430.0,5500.0,2014-06-02,300000.0
4141800030,3.0,1.75,2480.0,4000.0,1.0,0.0,0.0,3,8,1240.0,1240.0,1948,20140.0,98122,47.615,-122.288,2450.0,4000.0,2014-10-14,920000.0
3426049284,4.0,3.25,4110.0,15929.0,2.0,1.0,4.0,3,12,2720.0,1390.0,2001,0.0,98115,47.6934,-122.271,2640.0,15929.0,2014-08-19,2300000.0
3658700510,4.0,2.75,2290.0,3060.0,1.5,0.0,0.0,5,7,1550.0,740.0,1928,0.0,98115,47.6793,-122.316,1460.0,3060.0,2014-07-24,620000.0
2220069196,3.0,1.0,1220.0,20400.0,1.0,0.0,0.0,5,6,1220.0,0.0,1959,0.0,98022,47.2063,-122.023,1640.0,53578.0,2014-08-11,253500.0
5700004485,4.0,2.75,2620.0,13777.0,1.5,0.0,2.0,4,9,1720.0,900.0,1926,0.0,98144,47.58,-122.285,3530.0,9287.0,2014-05-20,978000.0
1328320350,4.0,2.5,3190.0,9856.0,2.0,0.0,0.0,3,8,3190.0,0.0,1979,0.0,98058,47.4445,-122.126,2260.0,7996.0,2014-12-02,387500.0
3432500310,3.0,1.0,850.0,6906.0,1.0,0.0,0.0,3,6,850.0,0.0,1948,0.0,98155,47.7441,-122.314,1150.0,6907.0,2014-06-24,325000.0
9274200318,3.0,2.5,1740.0,1308.0,3.0,0.0,0.0,3,8,1740.0,0.0,2008,0.0,98116,47.5892,-122.387,1740.0,1280.0,2015-04-10,568000.0
3034200550,4.0,2.5,2140.0,7754.0,2.0,0.0,0.0,3,8,2140.0,0.0,1996,0.0,98133,47.7173,-122.338,1690.0,7775.0,2014-09-22,525000.0
2078500350,3.0,2.5,2070.0,12708.0,2.0,0.0,0.0,3,8,2070.0,0.0,1996,0.0,98056,47.5295,-122.18,2620.0,9617.0,2014-06-04,560000.0
7203101290,3.0,2.5,1680.0,4075.0,2.0,,0.0,3,7,1680.0,0.0,2008,0.0,98053,47.6964,-122.024,1710.0,4075.0,2014-10-20,394000.0
9287801455,2.0,1.0,1000.0,4956.0,1.0,0.0,2.0,4,7,1000.0,0.0,1916,0.0,98107,47.6753,-122.36,1830.0,4959.0,2014-10-28,484950.0
9472200060,3.0,2.75,3340.0,12690.0,1.0,0.0,0.0,3,10,2550.0,790.0,1956,19880.0,98105,47.6665,-122.27,3340.0,9480.0,2014-11-05,1300000.0
869700060,3.0,2.5,1260.0,2767.0,2.0,0.0,0.0,3,8,1260.0,0.0,1999,0.0,98059,47.4914,-122.155,1310.0,2767.0,2014-07-29,315000.0
4298100060,4.0,2.25,2430.0,32496.0,1.0,0.0,0.0,3,9,2430.0,0.0,1993,0.0,98077,47.7642,-122.048,2750.0,35506.0,2014-05-09,590000.0
7211402105,1.0,1.0,560.0,5700.0,1.0,0.0,0.0,3,5,560.0,0.0,1947,0.0,98146,47.511,-122.359,1120.0,5000.0,2014-11-26,106000.0
7135520260,3.0,2.5,3380.0,9528.0,2.0,0.0,0.0,3,10,3380.0,0.0,1994,0.0,98059,47.5275,-122.148,3630.0,14089.0,2014-11-18,751000.0
9222400565,2.0,1.0,1100.0,3500.0,1.0,0.0,0.0,5,7,1100.0,0.0,1908,0.0,98115,47.6741,-122.323,2050.0,4000.0,2014-10-17,474000.0
7116500125,2.0,2.0,1700.0,3171.0,1.0,0.0,0.0,5,5,850.0,850.0,1927,0.0,98002,47.3025,-122.224,1380.0,5906.0,2014-05-28,189000.0
7202290320,3.0,2.5,1600.0,3172.0,2.0,0.0,0.0,3,7,1600.0,0.0,2002,0.0,98053,47.6868,-122.042,1690.0,3698.0,2014-10-24,440500.0
9808630260,3.0,2.5,2605.0,2216.0,2.0,,2.0,4,9,2090.0,515.0,1979,0.0,98033,47.6529,-122.202,2605.0,1979.0,2015-03-18,1020000.0
8682310310,2.0,2.0,1850.0,4667.0,1.0,0.0,0.0,3,8,1850.0,0.0,2010,0.0,98053,47.7101,-122.014,1860.0,6008.0,2015-05-11,589000.0
4137000700,3.0,2.25,1830.0,7651.0,2.0,0.0,0.0,3,8,1830.0,0.0,1986,0.0,98092,47.2642,-122.219,2160.0,8442.0,2014-08-29,273000.0
5119400075,3.0,3.25,3050.0,18892.0,1.0,1.0,4.0,4,8,1650.0,1400.0,1962,0.0,98198,47.3881,-122.326,1170.0,70973.0,2014-06-20,950000.0
8857100060,2.0,1.5,1240.0,1055.0,2.0,0.0,0.0,3,8,1200.0,40.0,1967,0.0,98008,47.6104,-122.112,1410.0,1340.0,2014-11-10,277700.0
3329510200,3.0,2.25,2100.0,8163.0,2.0,0.0,0.0,3,7,2100.0,0.0,1984,0.0,98001,47.3336,-122.269,1410.0,7515.0,2014-11-24,299900.0
7789200070,3.0,1.0,1250.0,15603.0,1.0,0.0,0.0,4,7,1250.0,0.0,1959,0.0,98056,47.5093,-122.172,1720.0,10220.0,2014-06-03,235000.0
6140600049,2.0,2.0,1230.0,4800.0,2.0,0.0,0.0,3,7,1230.0,0.0,1952,20040.0,98133,47.7145,-122.35,1560.0,7200.0,2015-05-06,464000.0
9324320030,3.0,1.75,1690.0,9826.0,1.0,0.0,0.0,4,7,1690.0,0.0,1988,0.0,98023,47.314,-122.365,1980.0,9826.0,2015-03-17,281000.0
2555900030,3.0,1.0,1520.0,8870.0,1.5,0.0,0.0,4,7,1520.0,0.0,1951,0.0,98155,47.7638,-122.317,1520.0,7800.0,2014-11-07,320000.0
8662500350,4.0,2.0,1890.0,6302.0,2.0,0.0,0.0,3,7,1890.0,0.0,1997,0.0,98030,47.3846,-122.205,1690.0,5369.0,2014-06-20,282000.0
7856601040,4.0,1.75,1990.0,8900.0,1.0,0.0,0.0,4,8,1990.0,0.0,1972,0.0,98006,47.5639,-122.149,2620.0,8925.0,2015-02-20,745000.0
109200390,3.0,1.75,1480.0,3900.0,1.0,0.0,0.0,4,7,1480.0,0.0,1980,0.0,98023,47.2977,-122.367,1830.0,6956.0,2014-08-20,245000.0
109200390,3.0,1.75,1480.0,3900.0,1.0,0.0,0.0,4,7,1480.0,0.0,1980,0.0,98023,47.2977,-122.367,1830.0,6956.0,2014-10-20,250000.0
6870300060,3.0,2.5,2120.0,2374.0,2.0,0.0,0.0,3,8,1770.0,350.0,2005,0.0,98052,47.674,-122.142,2480.0,3043.0,2014-09-22,470000.0
2734100732,3.0,3.5,1480.0,1077.0,2.0,0.0,0.0,3,7,1300.0,180.0,2007,0.0,98109,47.5421,-122.322,1140.0,2003.0,2014-10-15,216650.0
7201900370,3.0,1.0,1250.0,8412.0,1.0,0.0,0.0,4,7,1250.0,0.0,1975,0.0,98052,47.7012,-122.131,1840.0,8976.0,2015-05-05,440000.0
3904960700,4.0,2.5,2010.0,7972.0,2.0,0.0,0.0,4,8,2010.0,0.0,1989,0.0,98029,47.5782,-122.018,2100.0,8511.0,2014-06-13,590000.0
2225059240,5.0,2.5,3150.0,35283.0,1.0,0.0,0.0,3,10,1800.0,1350.0,1975,0.0,98005,47.6368,-122.157,3280.0,35283.0,2014-10-28,935000.0
4397650160,3.0,3.5,3010.0,5717.0,2.0,0.0,0.0,3,10,3010.0,0.0,2000,0.0,98007,47.5943,-122.15,2780.0,5138.0,2014-09-22,848000.0
3629860060,5.0,4.25,3920.0,5823.0,2.0,0.0,0.0,3,9,3000.0,920.0,2000,0.0,98029,47.5492,-122.008,3000.0,5297.0,2015-03-12,827500.0
4083305085,6.0,3.0,2880.0,3192.0,2.0,0.0,0.0,4,8,2180.0,700.0,1919,0.0,98103,47.6506,-122.332,1870.0,4533.0,2014-05-20,1130000.0
518500700,2.0,2.25,2550.0,5663.0,1.0,0.0,0.0,3,10,1720.0,830.0,2011,0.0,98056,47.5304,-122.202,2560.0,3828.0,2014-05-07,630000.0
3580900260,5.0,1.0,1120.0,9022.0,1.5,0.0,0.0,4,7,1120.0,0.0,1962,0.0,98034,47.7296,-122.24,1310.0,7500.0,2014-05-05,340000.0
1974300060,4.0,2.75,3140.0,10918.0,1.0,0.0,0.0,3,8,1900.0,1240.0,1968,19860.0,98034,47.7086,-122.243,3170.0,10918.0,2014-09-23,570000.0
624069035,4.0,4.0,4130.0,5575.0,2.0,1.0,4.0,4,10,2860.0,1270.0,1993,0.0,98075,47.5968,-122.083,2980.0,5575.0,2014-12-09,2750000.0
5152980070,4.0,2.5,2990.0,9614.0,1.0,0.0,2.0,4,9,1740.0,1250.0,1976,0.0,98003,47.3424,-122.329,3370.0,12085.0,2015-01-02,514500.0
2624039114,2.0,1.0,1120.0,12625.0,1.0,0.0,3.0,3,7,1120.0,0.0,1940,0.0,98136,47.5397,-122.385,1880.0,6828.0,2015-04-13,360000.0
4337000200,4.0,1.5,1570.0,8775.0,1.0,0.0,0.0,3,7,1570.0,0.0,1943,0.0,98166,47.4789,-122.335,980.0,8775.0,2014-12-17,228900.0
7203100550,3.0,2.75,2210.0,4000.0,2.0,0.0,0.0,3,8,2210.0,0.0,2008,0.0,98053,47.6954,-122.017,2230.0,4674.0,2014-06-25,660000.0
2782100260,4.0,2.5,2390.0,5800.0,2.0,0.0,0.0,3,9,2390.0,0.0,2000,0.0,98075,47.5965,-122.038,2590.0,6507.0,2015-03-03,647000.0
1737320060,3.0,1.75,1520.0,8625.0,1.0,0.0,0.0,3,8,1520.0,0.0,1976,0.0,98011,47.7687,-122.223,2080.0,9200.0,2014-06-10,366000.0
7972604001,5.0,1.75,1830.0,7986.0,1.0,0.0,0.0,4,7,1060.0,770.0,1962,0.0,98106,47.5208,-122.35,1410.0,7260.0,2014-07-18,354000.0
2719100240,4.0,3.5,2640.0,5900.0,2.0,0.0,2.0,3,8,2640.0,,1937,19980.0,98136,47.5421,-122.383,1700.0,5900.0,2014-05-19,850000.0
3904990570,3.0,2.5,1740.0,5782.0,2.0,0.0,0.0,4,8,1740.0,0.0,1989,0.0,98029,47.5783,-122.001,2080.0,5782.0,2014-05-24,496700.0
7399000350,3.0,2.0,1550.0,8300.0,1.0,0.0,0.0,4,8,1550.0,0.0,1965,0.0,98055,47.4654,-122.195,1860.0,8000.0,2014-11-04,300000.0
6400700189,3.0,1.0,1040.0,8075.0,1.0,0.0,0.0,4,7,1040.0,0.0,1961,0.0,98033,47.6701,-122.176,1450.0,8075.0,2014-10-17,390000.0
4305200070,3.0,2.25,1640.0,7200.0,2.0,,0.0,4,8,1640.0,0.0,1985,0.0,98007,47.5948,-122.153,1830.0,8372.0,2014-05-19,350000.0
4305200070,3.0,2.25,1640.0,7200.0,2.0,,0.0,4,8,1640.0,0.0,1985,0.0,98007,47.5948,-122.153,1830.0,8372.0,2014-09-22,561000.0
2201500240,3.0,1.75,1260.0,10065.0,1.0,0.0,0.0,3,7,1260.0,0.0,1954,20140.0,98006,47.5727,-122.138,1320.0,10278.0,2014-07-30,475000.0
3277800729,3.0,1.5,1170.0,1174.0,2.0,0.0,0.0,3,7,840.0,330.0,2007,0.0,98126,47.5459,-122.376,1170.0,2537.0,2014-10-16,275000.0
2525310320,3.0,1.75,1590.0,13500.0,1.0,0.0,0.0,4,7,1090.0,500.0,1980,0.0,98038,47.3621,-122.031,1540.0,10375.0,2014-10-28,290000.0
2215901840,3.0,2.5,1750.0,6725.0,1.0,0.0,0.0,3,7,1330.0,420.0,1993,0.0,98038,47.352,-122.058,1670.0,7744.0,2015-02-11,199000.0
1796700160,4.0,2.5,1770.0,4338.0,2.0,0.0,0.0,3,7,1770.0,0.0,2001,0.0,98042,47.3672,-122.099,1770.0,6606.0,2015-03-24,279900.0
4218400671,4.0,2.25,3530.0,5500.0,2.0,,0.0,3,8,2860.0,670.0,1940,0.0,98105,47.6618,-122.273,2840.0,5500.0,2015-05-05,1660000.0
6415100350,3.0,2.5,2160.0,10200.0,1.0,0.0,0.0,3,7,1360.0,800.0,1978,0.0,98133,47.7295,-122.331,2010.0,7850.0,2015-04-13,405000.0
7504020400,4.0,2.25,2360.0,15860.0,1.0,0.0,0.0,3,9,2360.0,0.0,1977,0.0,98074,47.6307,-122.051,2650.0,11798.0,2015-01-27,615000.0
8732190070,3.0,1.75,1980.0,12543.0,1.0,,0.0,3,8,1180.0,800.0,1978,0.0,98023,47.3104,-122.394,2090.0,8539.0,2014-10-02,268000.0
2826049200,4.0,1.5,1620.0,5444.0,1.5,0.0,0.0,3,8,1620.0,0.0,1955,0.0,98125,47.7065,-122.297,1620.0,6912.0,2014-08-25,451000.0
8682292190,2.0,2.75,2700.0,9854.0,1.0,0.0,0.0,3,9,2700.0,0.0,2012,0.0,98053,47.7187,-122.024,1440.0,4168.0,2014-12-15,850000.0
2524049250,5.0,2.25,3270.0,16553.0,2.0,0.0,2.0,5,9,2470.0,800.0,1968,0.0,98040,47.5428,-122.236,3690.0,17916.0,2014-09-21,1180000.0
7972603385,2.0,1.0,870.0,6150.0,1.0,0.0,0.0,3,6,870.0,0.0,1941,0.0,98106,47.5256,-122.347,1120.0,6150.0,2014-05-16,245000.0
4454800060,2.0,1.75,840.0,3340.0,1.0,0.0,0.0,3,6,700.0,140.0,1912,0.0,98107,47.6692,-122.359,1700.0,3980.0,2014-06-26,450000.0
8910500226,3.0,3.5,1340.0,1168.0,2.0,0.0,2.0,3,8,1080.0,260.0,2002,0.0,98133,47.711,-122.356,1650.0,1378.0,2015-04-09,370350.0
1972202505,3.0,2.5,1540.0,1256.0,3.0,0.0,0.0,3,8,1540.0,,2004,0.0,98103,47.6498,-122.346,1500.0,1350.0,2014-07-29,543000.0
6303400520,2.0,2.0,1650.0,8975.0,1.0,0.0,0.0,5,6,1650.0,0.0,1942,0.0,98146,47.5073,-122.36,1260.0,8668.0,2015-01-27,265000.0
7852020340,3.0,2.5,2630.0,4611.0,2.0,0.0,0.0,3,8,2630.0,0.0,2001,0.0,98065,47.5322,-121.868,2220.0,5250.0,2015-03-25,497000.0
3824100041,4.0,2.25,1880.0,9727.0,1.0,0.0,0.0,3,7,1100.0,780.0,1979,0.0,98028,47.7731,-122.257,1790.0,10274.0,2015-04-12,419000.0
3904990260,4.0,2.5,1980.0,4500.0,2.0,0.0,0.0,3,8,1980.0,0.0,1989,0.0,98029,47.579,-122.001,1770.0,4595.0,2014-07-24,545800.0
204000140,3.0,1.0,1500.0,10730.0,1.0,,0.0,3,7,1000.0,500.0,1977,0.0,98053,47.6385,-121.966,1570.0,12210.0,2015-04-03,403000.0
6083000071,3.0,2.0,1230.0,8235.0,1.5,0.0,0.0,3,6,1230.0,0.0,1959,0.0,98168,47.4853,-122.304,1080.0,10281.0,2014-11-10,195000.0
6819100111,4.0,2.5,2520.0,2600.0,2.0,0.0,0.0,5,8,1670.0,850.0,1925,0.0,98119,47.6434,-122.358,2290.0,3600.0,2014-12-11,1130000.0
7806210400,5.0,1.75,1970.0,8925.0,1.0,0.0,0.0,5,7,1170.0,800.0,1977,0.0,98002,47.2925,-122.196,1910.0,8025.0,2014-09-29,255000.0
4375700055,2.0,1.5,1520.0,8040.0,1.0,0.0,0.0,5,7,1520.0,0.0,1951,0.0,98125,47.7131,-122.306,1440.0,8040.0,2014-06-27,500000.0
207500012,4.0,2.75,2600.0,5390.0,1.0,,0.0,4,8,1300.0,1300.0,1960,0.0,98199,47.6382,-122.397,2550.0,5600.0,2014-05-05,855000.0
2731600045,4.0,2.0,2290.0,9200.0,1.5,0.0,0.0,3,7,2290.0,0.0,1920,0.0,98166,47.4678,-122.363,2140.0,9200.0,2015-01-07,390000.0
1953400570,3.0,2.0,1979.0,8470.0,1.0,0.0,2.0,4,7,1329.0,650.0,1956,0.0,98198,47.3912,-122.301,1650.0,8591.0,2015-03-24,339000.0
2883200139,4.0,3.5,2170.0,3672.0,2.0,0.0,0.0,3,9,2170.0,0.0,1905,19890.0,98115,47.6828,-122.329,1950.0,3450.0,2015-03-06,1330000.0
3345100251,4.0,1.5,1820.0,17918.0,1.0,0.0,0.0,4,8,1190.0,,1962,0.0,98056,47.521,-122.179,1890.0,15241.0,2015-02-17,429900.0
1387301740,3.0,1.5,1200.0,8560.0,1.0,,0.0,4,7,1200.0,0.0,1975,0.0,98011,47.7392,-122.194,1550.0,7800.0,2014-09-25,370900.0
3214200070,3.0,1.0,1210.0,7636.0,1.0,0.0,0.0,4,7,1210.0,0.0,1952,0.0,98118,47.5377,-122.266,1530.0,5900.0,2015-04-29,457500.0
1937300193,4.0,2.5,1970.0,2601.0,2.0,0.0,0.0,3,7,1440.0,530.0,1999,0.0,98144,47.5949,-122.308,1760.0,3025.0,2015-02-27,499000.0
2821049082,2.0,1.0,1040.0,11500.0,1.0,0.0,0.0,5,7,1040.0,0.0,1947,0.0,98003,47.2791,-122.3,1300.0,11954.0,2015-02-12,225000.0
2207500200,3.0,1.75,1920.0,4000.0,1.0,0.0,0.0,3,7,1070.0,850.0,1950,0.0,98102,47.6392,-122.318,2280.0,4000.0,2014-09-15,615000.0
9528104286,2.0,1.5,1020.0,1146.0,3.0,0.0,0.0,3,7,1020.0,0.0,2001,0.0,98115,47.6774,-122.325,1138.0,1156.0,2015-01-13,455000.0
8901001170,3.0,1.0,1660.0,7500.0,1.0,0.0,0.0,4,7,1060.0,600.0,1940,0.0,98125,47.7105,-122.306,1450.0,7500.0,2014-05-14,458000.0
3260200200,3.0,2.25,1670.0,7416.0,1.0,0.0,0.0,4,7,1220.0,450.0,1974,0.0,98005,47.6028,-122.172,1710.0,7416.0,2014-10-30,580000.0
1853080640,5.0,4.5,3810.0,8019.0,2.0,0.0,0.0,3,10,3810.0,0.0,2008,0.0,98074,47.5915,-122.058,3390.0,7713.0,2014-05-14,966000.0
986000045,4.0,1.75,2020.0,10332.0,1.0,0.0,0.0,3,7,1010.0,1010.0,1954,0.0,98168,47.5059,-122.303,2240.0,8379.0,2014-10-07,240000.0
4322200105,1.0,1.0,420.0,3298.0,1.0,0.0,0.0,4,4,420.0,0.0,1949,0.0,98136,47.5375,-122.391,1460.0,4975.0,2015-03-31,229050.0
1453600681,3.0,2.25,1390.0,1407.0,3.0,0.0,0.0,3,7,1390.0,0.0,2004,0.0,98125,47.7227,-122.296,1390.0,1628.0,2015-02-23,328500.0
3365900041,3.0,1.5,2010.0,10100.0,1.0,0.0,0.0,4,7,1110.0,900.0,1964,0.0,98168,47.4738,-122.266,1900.0,10100.0,2015-01-21,319000.0
9294300070,4.0,2.0,1820.0,5000.0,1.5,0.0,1.0,3,7,1640.0,180.0,1945,0.0,98115,47.6815,-122.269,2060.0,5000.0,2014-05-02,650000.0
5096300140,3.0,2.5,1630.0,1971.0,2.0,0.0,0.0,3,8,1630.0,0.0,1996,0.0,98177,47.7753,-122.375,1630.0,3451.0,2015-02-17,398500.0
985001275,1.0,1.0,800.0,16306.0,1.0,,0.0,2,6,680.0,120.0,1931,0.0,98168,47.4916,-122.308,1270.0,8666.0,2014-06-20,250000.0
6669200370,3.0,2.0,2270.0,11989.0,1.0,0.0,0.0,4,9,2270.0,,1968,0.0,98040,47.5434,-122.229,2880.0,12439.0,2014-06-26,815000.0
3885806840,3.0,2.75,2290.0,5002.0,2.0,,0.0,4,9,1950.0,340.0,1995,0.0,98033,47.6811,-122.207,2290.0,5100.0,2015-03-16,1070000.0
2025079037,3.0,2.25,2750.0,219542.0,2.0,0.0,0.0,3,7,1870.0,880.0,1981,0.0,98014,47.6367,-121.948,2430.0,219542.0,2014-10-01,510000.0
3812400202,2.0,1.75,590.0,6138.0,1.0,0.0,0.0,2,5,590.0,0.0,1947,0.0,98118,47.545,-122.278,1360.0,7112.0,2014-11-14,156000.0
4136880140,4.0,2.75,2570.0,7264.0,2.0,0.0,0.0,3,8,1720.0,850.0,1998,0.0,98092,47.258,-122.208,2420.0,7911.0,2014-05-22,254500.0
258500059,3.0,2.5,2050.0,15020.0,1.0,0.0,2.0,3,9,1600.0,450.0,1960,0.0,98177,47.759,-122.371,2930.0,15050.0,2014-07-21,760000.0
8016250140,3.0,2.5,1610.0,6732.0,2.0,0.0,0.0,3,7,1610.0,0.0,1994,0.0,98030,47.3658,-122.172,1680.0,7414.0,2015-05-06,210000.0
5153100030,3.0,2.5,2140.0,7715.0,2.0,0.0,0.0,3,7,2140.0,,1991,0.0,98198,47.384,-122.322,1990.0,7628.0,2014-08-25,349950.0
1377800135,3.0,2.0,1730.0,6784.0,2.5,0.0,0.0,4,7,1730.0,0.0,1942,0.0,98199,47.6462,-122.403,1210.0,6784.0,2015-04-02,676000.0
7549800045,4.0,3.5,2440.0,3052.0,2.0,0.0,0.0,3,8,1940.0,500.0,2006,0.0,98108,47.555,-122.309,2390.0,4600.0,2015-01-02,475000.0
3179101070,4.0,2.75,3220.0,4392.0,1.5,0.0,0.0,4,9,2320.0,900.0,1931,0.0,98105,47.6713,-122.276,2310.0,5795.0,2014-06-30,880000.0
629800520,4.0,3.25,4330.0,26162.0,2.0,0.0,0.0,3,11,4330.0,0.0,1997,0.0,98074,47.6009,-122.011,5110.0,26319.0,2014-09-03,1210000.0
7129302800,3.0,1.5,1780.0,5000.0,1.0,0.0,4.0,4,7,1030.0,750.0,1958,0.0,98118,47.5168,-122.256,1780.0,7500.0,2014-12-12,420000.0
2450000320,3.0,1.0,1230.0,8114.0,1.0,0.0,0.0,4,7,1230.0,0.0,1951,0.0,98004,47.5822,-122.196,2220.0,8114.0,2014-05-23,607000.0
6804600990,4.0,1.75,2160.0,19283.0,2.0,0.0,0.0,3,8,2160.0,0.0,1981,0.0,98011,47.7603,-122.169,1990.0,9744.0,2014-11-24,475000.0
3389900800,2.0,1.75,1400.0,2500.0,1.0,0.0,0.0,5,7,710.0,690.0,1916,0.0,98116,47.5628,-122.391,1250.0,5700.0,2014-10-22,395000.0
524059208,4.0,1.75,1900.0,10454.0,1.0,0.0,0.0,4,7,1180.0,720.0,1954,0.0,98004,47.5933,-122.195,2060.0,11325.0,2015-02-20,650000.0
1523069128,5.0,2.75,2910.0,85377.0,1.0,0.0,0.0,4,8,1510.0,1400.0,1966,0.0,98027,47.48,-122.03,2160.0,66120.0,2015-03-31,625000.0
5701700640,3.0,3.0,2960.0,42159.0,2.0,0.0,0.0,3,10,2960.0,0.0,1995,0.0,98052,47.7183,-122.1,2640.0,25209.0,2014-07-29,849000.0
4077800247,3.0,1.5,2010.0,9480.0,1.0,0.0,0.0,3,8,1570.0,440.0,1951,0.0,98125,47.7102,-122.281,1920.0,8791.0,2014-06-10,429950.0
3629860160,3.0,2.5,3760.0,5260.0,2.0,0.0,0.0,3,9,3230.0,530.0,2002,0.0,98029,47.5489,-122.007,3080.0,5312.0,2014-10-28,825000.0
2877102180,2.0,1.0,1020.0,5000.0,1.0,0.0,0.0,4,7,1020.0,0.0,1916,0.0,98117,47.6781,-122.363,1480.0,5000.0,2014-08-29,505000.0
7203101610,2.0,1.0,1290.0,2828.0,2.0,0.0,0.0,3,7,1290.0,0.0,2008,0.0,98053,47.6968,-122.025,1290.0,2628.0,2014-05-12,265000.0
3342100685,3.0,1.0,890.0,8400.0,1.0,0.0,0.0,4,6,890.0,0.0,1954,0.0,98056,47.5168,-122.204,1850.0,5565.0,2014-06-25,283000.0
3575301550,3.0,2.75,1620.0,7500.0,1.0,0.0,0.0,5,7,1140.0,480.0,1979,0.0,98074,47.6175,-122.065,1900.0,7500.0,2015-04-07,560000.0
1829300260,4.0,2.5,3360.0,13636.0,2.0,,0.0,3,10,3360.0,0.0,1987,0.0,98074,47.6373,-122.042,2980.0,10615.0,2014-11-13,765000.0
6071000030,5.0,2.75,2930.0,31411.0,1.0,0.0,0.0,4,9,1520.0,1410.0,1975,0.0,98006,47.5576,-122.186,3070.0,12378.0,2014-07-22,610000.0
4099100260,3.0,2.5,2940.0,4799.0,1.0,0.0,0.0,3,9,1710.0,1230.0,1996,0.0,98033,47.6681,-122.184,2540.0,4616.0,2014-09-03,589000.0
3365900520,3.0,1.0,1080.0,8580.0,1.5,0.0,0.0,3,6,1080.0,0.0,1900,0.0,98168,47.4716,-122.262,1800.0,12672.0,2014-06-18,192500.0
8964800890,3.0,3.25,4560.0,13363.0,1.0,,4.0,3,11,2760.0,1800.0,1995,0.0,98004,47.6205,-122.214,4060.0,13362.0,2015-01-09,3200000.0
7977200055,3.0,1.0,1010.0,6120.0,1.0,0.0,0.0,3,7,860.0,150.0,1940,0.0,98115,47.6861,-122.296,1930.0,6120.0,2015-02-13,550000.0
7589700106,2.0,1.5,1790.0,3760.0,1.5,0.0,0.0,4,8,1280.0,510.0,1928,0.0,98117,47.6871,-122.373,1540.0,5080.0,2014-10-14,460000.0
9324300030,4.0,2.25,2060.0,11385.0,1.0,0.0,0.0,4,7,1200.0,860.0,1962,0.0,98023,47.314,-122.363,2110.0,11385.0,2014-07-03,264500.0
5347200070,3.0,1.0,1150.0,2496.0,1.0,0.0,0.0,3,6,1010.0,140.0,1947,0.0,98126,47.5194,-122.376,1340.0,1203.0,2015-04-27,339000.0
2771600550,4.0,3.5,4030.0,4200.0,3.0,0.0,0.0,3,9,4030.0,0.0,1992,0.0,98199,47.6416,-122.386,2130.0,5000.0,2014-11-12,950000.0
5456000135,3.0,1.75,2020.0,9718.0,1.0,0.0,0.0,3,8,2020.0,0.0,1956,0.0,98040,47.574,-122.21,2370.0,8604.0,2014-08-22,677500.0
629811360,4.0,2.5,2740.0,8120.0,2.0,0.0,0.0,3,9,2740.0,0.0,1999,0.0,98074,47.6123,-122.006,2780.0,8344.0,2014-12-05,690000.0
1354600160,4.0,2.25,1930.0,7452.0,1.0,0.0,0.0,3,7,1430.0,500.0,1984,0.0,98031,47.4098,-122.189,1714.0,7200.0,2014-05-09,312000.0
8566100160,5.0,1.75,2500.0,11617.0,1.0,0.0,0.0,4,9,1560.0,940.0,1966,0.0,98040,47.5361,-122.217,3370.0,11617.0,2014-10-22,840000.0
5104520550,3.0,3.5,2080.0,5100.0,2.0,0.0,0.0,3,8,2080.0,0.0,2004,0.0,98038,47.35,-122.005,2080.0,5100.0,2014-07-01,357500.0
2819100140,3.0,1.5,1460.0,6480.0,1.0,0.0,2.0,4,7,980.0,480.0,1940,0.0,98117,47.6962,-122.397,2180.0,6912.0,2015-04-27,675000.0
7298020140,3.0,2.75,3290.0,11441.0,2.0,0.0,0.0,4,10,3290.0,0.0,1988,0.0,98023,47.3052,-122.34,2600.0,12070.0,2014-10-21,515000.0
8929000140,4.0,2.5,1540.0,1860.0,2.0,0.0,0.0,3,8,1540.0,0.0,2014,0.0,98029,47.5521,-121.999,1210.0,1090.0,2014-06-23,491234.0
9407600070,3.0,2.0,1310.0,6265.0,1.0,,0.0,3,7,1310.0,0.0,1988,0.0,98038,47.3893,-122.051,1100.0,6360.0,2015-03-19,290000.0
2896000510,4.0,2.5,2120.0,7820.0,1.0,,0.0,3,8,1280.0,840.0,1975,0.0,98052,47.6743,-122.145,2350.0,8605.0,2014-08-21,490000.0
1938000140,4.0,2.0,2920.0,10424.0,1.0,0.0,0.0,5,8,1520.0,1400.0,1964,0.0,98005,47.5876,-122.172,2360.0,10696.0,2015-04-28,810000.0
4331000400,3.0,1.5,1150.0,13200.0,1.0,0.0,0.0,3,7,1150.0,0.0,1956,0.0,98166,47.4752,-122.345,1220.0,13066.0,2015-02-20,252000.0
4031700030,3.0,2.5,2380.0,9719.0,2.0,0.0,0.0,3,8,2380.0,0.0,2001,0.0,98001,47.2932,-122.283,2830.0,11505.0,2015-04-10,299999.0
1722800860,3.0,2.75,2220.0,5000.0,2.0,0.0,0.0,3,7,2220.0,0.0,1993,0.0,98108,47.5515,-122.324,960.0,5000.0,2015-03-09,400000.0
2491200955,5.0,2.0,3020.0,6000.0,1.5,0.0,0.0,5,7,1860.0,1160.0,1925,0.0,98126,47.5207,-122.378,1380.0,6000.0,2014-12-29,530000.0
2013802030,3.0,2.0,2460.0,53882.0,1.0,1.0,4.0,3,7,2460.0,0.0,1955,0.0,98198,47.3811,-122.325,2660.0,32625.0,2014-09-11,357000.0
1923300135,3.0,1.75,1820.0,5555.0,1.0,0.0,0.0,4,7,1030.0,790.0,1939,0.0,98103,47.6867,-122.352,1420.0,4000.0,2015-03-10,365000.0
2391600335,4.0,2.5,2620.0,5060.0,2.0,0.0,0.0,3,9,2620.0,0.0,2005,0.0,98116,47.5634,-122.394,900.0,5060.0,2015-02-03,804000.0
2425039017,3.0,2.0,1750.0,2640.0,1.0,0.0,0.0,3,8,1010.0,740.0,1914,20050.0,98119,47.6419,-122.368,1750.0,4560.0,2014-09-04,808250.0
6752600320,4.0,2.5,2020.0,7289.0,2.0,0.0,0.0,3,7,2020.0,0.0,1994,0.0,98031,47.401,-122.171,2090.0,7259.0,2015-05-14,360000.0
193300140,3.0,1.75,1240.0,10956.0,1.0,0.0,0.0,3,6,1240.0,0.0,1987,0.0,98042,47.3705,-122.15,1240.0,8137.0,2014-10-23,240000.0
5651010320,2.0,2.0,1380.0,5840.0,1.0,0.0,0.0,3,7,1380.0,0.0,1988,0.0,98011,47.7732,-122.172,1810.0,5035.0,2014-07-22,335000.0
243000045,3.0,1.75,1920.0,8775.0,1.0,0.0,0.0,3,7,1920.0,0.0,1953,0.0,98166,47.4544,-122.351,1560.0,8100.0,2014-08-29,380000.0
1558100398,3.0,1.75,1680.0,250470.0,1.0,0.0,0.0,4,7,1070.0,610.0,1940,0.0,98019,47.7624,-121.93,1680.0,360000.0,2014-05-15,350000.0
4204400339,3.0,1.0,1400.0,7955.0,1.0,,0.0,3,7,1400.0,0.0,1964,0.0,98055,47.4848,-122.221,1160.0,14959.0,2014-09-25,194000.0
9567800140,3.0,1.0,1240.0,7194.0,1.0,0.0,0.0,3,6,1090.0,150.0,1936,0.0,98011,47.7636,-122.202,2090.0,8514.0,2015-03-25,310000.0
4046500140,3.0,1.75,1410.0,15134.0,1.0,0.0,0.0,3,7,1410.0,0.0,1980,0.0,98014,47.6931,-121.921,1770.0,15337.0,2015-02-09,315000.0
2115510160,3.0,1.75,1440.0,8050.0,1.0,0.0,0.0,3,8,1440.0,0.0,1985,0.0,98023,47.3187,-122.39,1790.0,7488.0,2014-12-08,258950.0
9828702518,2.0,2.25,1230.0,932.0,2.0,,0.0,3,8,1020.0,210.0,2004,0.0,98112,47.6192,-122.301,1230.0,1064.0,2014-06-17,479000.0
3888100117,5.0,1.5,1550.0,9750.0,1.0,0.0,0.0,4,7,1550.0,0.0,1966,0.0,98033,47.6811,-122.169,1970.0,9750.0,2014-11-10,510000.0
1775900140,3.0,2.0,1760.0,6875.0,1.0,0.0,0.0,4,8,1760.0,0.0,1967,0.0,98072,47.74,-122.093,1670.0,13650.0,2014-07-09,400000.0
6645950070,4.0,3.5,5000.0,38012.0,2.0,,0.0,3,11,3610.0,1390.0,2004,0.0,98029,47.554,-122.036,3850.0,18054.0,2015-04-01,1450000.0
6840701160,5.0,2.0,2140.0,5000.0,1.5,0.0,0.0,4,7,2020.0,120.0,1913,0.0,98122,47.6044,-122.299,1810.0,4400.0,2014-10-29,680000.0
1336800240,6.0,3.0,3510.0,5760.0,2.5,0.0,0.0,4,10,3510.0,0.0,1906,0.0,98112,47.6263,-122.312,3450.0,5760.0,2014-05-08,1750000.0
3830200140,3.0,1.75,2010.0,9417.0,1.0,0.0,0.0,4,8,1500.0,510.0,1967,0.0,98030,47.373,-122.185,1200.0,8250.0,2014-08-04,335000.0
2473510260,5.0,2.5,3390.0,9760.0,1.0,0.0,0.0,5,8,1750.0,,1978,0.0,98058,47.4462,-122.137,2360.0,9600.0,2014-06-23,460000.0
5056500260,4.0,2.25,2160.0,8119.0,1.0,0.0,0.0,3,8,1080.0,1080.0,1966,0.0,98006,47.5443,-122.177,1850.0,9000.0,2014-05-02,440000.0
8682280260,2.0,2.0,1300.0,2983.0,1.0,0.0,0.0,3,8,1300.0,0.0,2006,0.0,98053,47.703,-122.015,1510.0,3876.0,2015-03-26,412250.0
7338000800,3.0,1.5,1280.0,4031.0,2.0,0.0,0.0,4,6,1280.0,0.0,1985,0.0,98002,47.3342,-122.215,1150.0,4500.0,2014-11-20,185000.0
3260701160,3.0,2.0,1840.0,8140.0,1.0,0.0,0.0,4,7,1040.0,800.0,1975,0.0,98003,47.3106,-122.325,1600.0,6720.0,2015-04-07,286500.0
3793500510,4.0,2.5,3200.0,6691.0,2.0,0.0,0.0,3,7,3200.0,0.0,2002,0.0,98038,47.367,-122.031,2610.0,6510.0,2015-05-02,422000.0
9485950340,3.0,2.25,2800.0,35362.0,2.0,0.0,0.0,3,9,2800.0,0.0,1985,0.0,98042,47.3507,-122.089,2800.0,37058.0,2015-03-19,408000.0
2011400662,2.0,1.0,1390.0,19988.0,1.0,0.0,2.0,4,7,1390.0,0.0,1949,0.0,98198,47.3985,-122.321,2580.0,10490.0,2014-10-27,306500.0
6699940320,4.0,2.5,2600.0,5188.0,2.0,0.0,0.0,3,8,2600.0,0.0,2005,0.0,98038,47.3451,-122.04,2610.0,5188.0,2015-04-13,359900.0
6134500070,3.0,2.5,1960.0,6058.0,2.0,0.0,0.0,3,8,1960.0,0.0,2002,0.0,98053,47.6319,-122.007,2480.0,6656.0,2014-07-09,560000.0
8807810890,3.0,1.0,1250.0,21303.0,1.0,,0.0,3,6,1250.0,0.0,1970,0.0,98053,47.6625,-122.059,1250.0,17920.0,2014-08-27,259875.0
8807810890,3.0,1.0,1250.0,21303.0,1.0,,0.0,3,6,1250.0,0.0,1970,0.0,98053,47.6625,-122.059,1250.0,17920.0,2014-11-05,385000.0
6453300055,1.0,1.0,550.0,16345.0,1.0,0.0,0.0,3,4,550.0,0.0,1945,0.0,98106,47.5181,-122.339,1100.0,9240.0,2014-10-07,188000.0
1118001820,4.0,3.25,2500.0,5801.0,1.5,0.0,0.0,3,8,1960.0,540.0,1926,0.0,98112,47.632,-122.29,3670.0,7350.0,2014-06-15,1140000.0
8570900023,3.0,1.0,1250.0,10094.0,1.0,,0.0,4,6,1250.0,0.0,1927,0.0,98045,47.4987,-121.781,1300.0,10094.0,2014-10-10,255000.0
629000510,4.0,2.75,3020.0,8622.0,2.0,0.0,0.0,3,9,3020.0,0.0,1976,20030.0,98004,47.5866,-122.201,3060.0,14303.0,2014-07-30,1190000.0
2028701000,4.0,1.75,1640.0,4240.0,1.0,0.0,0.0,5,7,920.0,720.0,1921,0.0,98117,47.6766,-122.368,1300.0,4240.0,2014-05-29,635200.0
7147400045,3.0,1.75,1870.0,8250.0,2.0,0.0,0.0,3,7,1870.0,0.0,1956,19790.0,98188,47.445,-122.285,1350.0,8714.0,2015-04-28,355000.0
3180100023,3.0,2.5,1760.0,1755.0,3.5,0.0,0.0,3,8,1760.0,0.0,1998,0.0,98105,47.6688,-122.279,1700.0,1721.0,2015-01-30,544000.0
1032000079,3.0,1.5,1320.0,3145.0,2.0,0.0,0.0,3,7,1320.0,0.0,1998,0.0,98144,47.5909,-122.297,1320.0,3002.0,2015-04-22,402000.0
7010700860,4.0,1.5,1430.0,4163.0,1.5,,0.0,3,7,1430.0,0.0,1910,0.0,98199,47.6606,-122.397,1500.0,4000.0,2014-12-26,575000.0
5547500070,3.0,1.75,1580.0,9705.0,1.0,0.0,0.0,4,7,1580.0,0.0,1977,0.0,98042,47.3819,-122.09,1580.0,9942.0,2014-07-24,216000.0
7237501040,4.0,3.5,4170.0,9748.0,2.0,0.0,0.0,3,11,4170.0,,2004,0.0,98059,47.528,-122.132,4560.0,10589.0,2014-06-17,1200000.0
7284900030,4.0,3.25,3090.0,6744.0,2.0,0.0,4.0,3,9,3090.0,0.0,1923,20150.0,98177,47.768,-122.388,2020.0,6656.0,2014-05-22,850000.0
3277801646,3.0,2.0,1020.0,1204.0,2.0,0.0,0.0,3,7,720.0,300.0,2004,0.0,98126,47.5445,-122.376,1360.0,1506.0,2014-05-16,238000.0
8722101370,4.0,1.75,2180.0,4431.0,1.5,,0.0,3,8,2020.0,160.0,1912,0.0,98112,47.636,-122.302,1890.0,4400.0,2015-04-13,625000.0
2436200200,5.0,3.25,3350.0,4000.0,2.0,0.0,0.0,4,8,2510.0,840.0,1997,0.0,98105,47.6645,-122.291,1620.0,4000.0,2014-07-01,1110000.0
2716600273,3.0,2.5,2510.0,5503.0,2.0,0.0,2.0,3,9,2510.0,,1995,0.0,98136,47.5419,-122.383,1790.0,6099.0,2014-05-28,820000.0
1795700030,3.0,2.5,1880.0,5290.0,1.0,0.0,0.0,3,8,1250.0,630.0,1974,0.0,98108,47.5401,-122.3,2030.0,5092.0,2014-12-01,355000.0
9421500160,4.0,1.5,1810.0,7998.0,1.0,0.0,0.0,3,8,1210.0,600.0,1960,0.0,98125,47.726,-122.297,1830.0,7763.0,2015-03-03,495000.0
4139910030,5.0,2.5,4170.0,33310.0,2.0,0.0,0.0,4,11,4170.0,0.0,1991,0.0,98006,47.5455,-122.126,4670.0,37960.0,2015-03-02,1300000.0
3080000030,3.0,2.5,2230.0,4000.0,2.0,0.0,0.0,3,7,2230.0,0.0,1954,0.0,98144,47.5801,-122.306,1310.0,4000.0,2014-05-05,398750.0
2568200070,4.0,2.5,3650.0,7784.0,2.0,0.0,0.0,3,9,3650.0,0.0,2006,0.0,98052,47.7066,-122.101,3150.0,6442.0,2014-07-16,835000.0
1546600565,6.0,2.75,2830.0,10579.0,1.0,,0.0,4,8,1430.0,1400.0,1967,0.0,98005,47.636,-122.171,2060.0,10745.0,2014-10-02,705000.0
9187200045,4.0,1.5,2120.0,5000.0,2.0,0.0,0.0,4,8,2120.0,0.0,1900,0.0,98122,47.6024,-122.296,1830.0,5000.0,2015-05-04,625000.0
8078450340,4.0,2.5,2090.0,6926.0,2.0,0.0,0.0,3,8,2090.0,0.0,1990,0.0,98074,47.6339,-122.022,2000.0,7151.0,2015-02-11,550000.0
9297301535,3.0,1.5,2600.0,5085.0,1.0,0.0,0.0,4,7,1400.0,1200.0,1940,0.0,98126,47.5659,-122.376,1320.0,4000.0,2014-05-29,540000.0
6431000196,2.0,1.0,830.0,2820.0,1.0,0.0,0.0,4,7,830.0,0.0,1920,0.0,98103,47.689,-122.347,1460.0,3150.0,2014-06-04,519000.0
9406520260,4.0,2.5,1975.0,8734.0,2.0,0.0,0.0,3,7,1975.0,0.0,1996,0.0,98038,47.363,-122.034,1975.0,8538.0,2015-01-28,311000.0
9510900140,4.0,2.5,1900.0,7000.0,1.0,0.0,0.0,2,7,1420.0,480.0,1968,0.0,98023,47.3092,-122.376,1600.0,7600.0,2015-04-06,305000.0
7932600140,4.0,2.75,2640.0,35070.0,1.5,0.0,0.0,3,8,2640.0,0.0,1963,0.0,98058,47.4242,-122.181,2520.0,34986.0,2014-07-03,395000.0
7864500140,4.0,1.5,1610.0,6923.0,1.0,0.0,0.0,3,6,1010.0,600.0,1969,0.0,98198,47.3747,-122.306,1320.0,7684.0,2014-11-07,275000.0
3629960550,3.0,3.25,1770.0,1863.0,2.0,0.0,0.0,3,8,1430.0,340.0,2003,0.0,98029,47.5478,-122.005,1410.0,1375.0,2014-08-07,450000.0
2239000016,2.0,1.0,1070.0,6000.0,1.0,0.0,0.0,3,7,1070.0,0.0,1955,0.0,98133,47.7307,-122.332,1490.0,7622.0,2014-09-11,324000.0
1069000070,5.0,3.25,4590.0,12793.0,2.0,0.0,2.0,5,11,3590.0,1000.0,1928,0.0,98199,47.6453,-122.41,2920.0,8609.0,2015-04-15,2800000.0
1972201550,4.0,1.0,1540.0,2452.0,1.5,0.0,0.0,4,7,1540.0,0.0,1906,0.0,98103,47.6522,-122.348,1290.0,3360.0,2014-07-16,565000.0
5469000140,4.0,1.75,1590.0,7920.0,2.0,,0.0,4,7,1590.0,0.0,1960,0.0,98133,47.7456,-122.336,1720.0,7998.0,2014-07-07,373000.0
7871500685,2.0,2.0,1170.0,1890.0,1.5,,1.0,4,8,1170.0,0.0,1927,0.0,98119,47.6402,-122.371,2160.0,4000.0,2014-07-08,613000.0
7214820200,4.0,2.25,2880.0,9996.0,1.0,,0.0,4,8,1920.0,960.0,1981,0.0,98072,47.7584,-122.143,2410.0,10584.0,2014-11-07,614000.0
6072300800,4.0,1.75,2510.0,8989.0,1.0,0.0,0.0,4,8,1680.0,830.0,1964,0.0,98006,47.5569,-122.172,2510.0,8931.0,2015-05-05,595000.0
6817801040,2.0,1.0,1280.0,12086.0,1.0,0.0,0.0,3,7,850.0,430.0,1983,0.0,98074,47.634,-122.033,1280.0,10452.0,2014-08-21,440000.0
6117500160,3.0,1.5,1570.0,12412.0,1.0,0.0,3.0,3,8,1570.0,0.0,1954,0.0,98166,47.438,-122.349,2130.0,12412.0,2015-03-17,425000.0
5100401516,2.0,1.0,740.0,6380.0,1.0,0.0,0.0,3,6,740.0,0.0,1912,0.0,98115,47.6929,-122.318,1800.0,6380.0,2014-09-25,407000.0
6751100125,3.0,1.5,1740.0,9038.0,1.0,0.0,0.0,4,7,1740.0,0.0,1955,0.0,98007,47.5897,-122.136,1390.0,9770.0,2014-08-25,472000.0
2771602420,3.0,2.5,1180.0,1262.0,3.0,0.0,0.0,3,8,1180.0,0.0,2010,0.0,98119,47.6381,-122.375,1180.0,2632.0,2014-06-17,472000.0
3585900045,5.0,2.75,2960.0,28300.0,1.0,0.0,3.0,4,9,2160.0,800.0,1959,0.0,98177,47.7606,-122.37,2940.0,23250.0,2014-10-22,1250000.0
2492200055,3.0,1.75,1880.0,5752.0,1.0,0.0,0.0,4,7,940.0,940.0,1945,0.0,98126,47.5354,-122.378,1110.0,5201.0,2014-07-08,412000.0
461004730,3.0,1.0,1150.0,5000.0,1.0,0.0,0.0,3,8,1150.0,0.0,1959,20150.0,98117,47.6805,-122.369,1160.0,5000.0,2015-04-06,717000.0
4038000055,3.0,1.0,1320.0,7076.0,1.0,,0.0,4,7,1320.0,0.0,1959,0.0,98008,47.6131,-122.123,1510.0,9000.0,2014-08-12,425000.0
4338800685,4.0,2.0,1640.0,7200.0,1.0,0.0,0.0,5,6,820.0,820.0,1944,0.0,98166,47.4791,-122.347,1640.0,8200.0,2014-08-19,299999.0
2215901230,3.0,2.0,1470.0,7694.0,1.0,0.0,0.0,4,7,1470.0,0.0,1992,0.0,98038,47.3539,-122.054,1580.0,7480.0,2015-05-07,254000.0
2730000270,3.0,1.0,900.0,10511.0,1.0,0.0,0.0,4,6,900.0,0.0,1961,0.0,98001,47.2883,-122.272,1460.0,10643.0,2015-02-12,178500.0
2397100560,3.0,1.75,1510.0,3600.0,1.0,0.0,0.0,5,8,1230.0,280.0,1910,0.0,98119,47.6387,-122.363,1300.0,3600.0,2014-11-21,800000.0
5100403754,3.0,1.0,1440.0,5623.0,1.0,0.0,0.0,4,6,720.0,720.0,1922,0.0,98115,47.696,-122.319,1280.0,5623.0,2014-09-11,420000.0
5634500891,2.0,1.0,1380.0,9251.0,1.0,0.0,0.0,3,7,1380.0,0.0,1940,0.0,98028,47.7486,-122.249,1870.0,12158.0,2015-03-12,319900.0
3834000004,2.0,1.5,1150.0,7552.0,1.0,0.0,1.0,3,7,1150.0,0.0,1944,0.0,98125,47.7298,-122.286,1910.0,8145.0,2015-03-02,350000.0
5569700075,6.0,2.75,3610.0,17580.0,1.0,0.0,4.0,5,9,2070.0,1540.0,1959,0.0,98075,47.5739,-122.069,2890.0,14060.0,2014-05-28,968000.0
476000338,3.0,2.0,1250.0,1306.0,3.0,0.0,0.0,3,7,1250.0,0.0,2000,0.0,98107,47.6705,-122.39,1320.0,1306.0,2015-02-25,491000.0
3299610260,3.0,2.5,3510.0,9824.0,2.0,0.0,0.0,3,9,3510.0,0.0,2002,0.0,98075,47.5635,-122.032,3510.0,10588.0,2015-04-21,948000.0
4441300075,3.0,2.5,2260.0,9577.0,2.0,0.0,0.0,3,8,1700.0,560.0,1925,20040.0,98117,47.6928,-122.399,1740.0,10240.0,2014-09-24,900000.0
1796200140,3.0,1.75,2840.0,9800.0,1.0,0.0,0.0,4,7,1420.0,1420.0,1977,0.0,98042,47.3516,-122.119,1650.0,9590.0,2015-03-09,270000.0
5029451230,3.0,1.5,1430.0,7347.0,1.0,0.0,0.0,3,7,820.0,610.0,1980,0.0,98023,47.2927,-122.369,1430.0,8723.0,2014-06-17,198000.0
2523039282,2.0,1.0,1420.0,21158.0,1.0,0.0,0.0,3,7,1420.0,0.0,1953,0.0,98166,47.4594,-122.359,1220.0,8625.0,2014-11-21,250000.0
3629971290,4.0,2.5,2120.0,3720.0,2.0,0.0,0.0,3,8,2120.0,0.0,2004,0.0,98029,47.5526,-121.994,2170.0,3720.0,2014-07-30,615000.0
8078350520,3.0,2.5,2080.0,7749.0,2.0,0.0,0.0,3,8,2080.0,0.0,1988,0.0,98029,47.5723,-122.021,2210.0,7471.0,2014-09-16,550000.0
3395380200,2.0,2.5,1370.0,3438.0,2.0,,0.0,3,7,1370.0,0.0,1987,0.0,98188,47.4606,-122.283,1370.0,2308.0,2014-10-17,190000.0
1687910200,4.0,2.25,1900.0,11171.0,1.0,,0.0,3,8,1280.0,620.0,1984,0.0,98006,47.561,-122.126,2330.0,9934.0,2014-10-07,629000.0
3818700016,3.0,1.75,1660.0,8301.0,1.0,0.0,0.0,5,7,1660.0,0.0,1955,0.0,98028,47.7647,-122.263,1660.0,9489.0,2014-10-07,434000.0
9842300036,3.0,1.0,1310.0,4163.0,1.0,0.0,0.0,4,7,1310.0,0.0,1964,0.0,98126,47.5301,-122.381,1120.0,4166.0,2014-10-08,415885.0
4206901550,3.0,2.5,1840.0,3035.0,1.0,0.0,0.0,3,7,920.0,,1926,0.0,98105,47.6557,-122.327,1780.0,4000.0,2014-06-02,550000.0
3878900681,1.0,0.75,1040.0,6034.0,1.0,0.0,1.0,3,7,580.0,460.0,1991,0.0,98178,47.5078,-122.251,1560.0,5650.0,2015-01-21,272000.0
2195700270,3.0,2.5,2610.0,35000.0,2.0,0.0,0.0,3,10,2610.0,0.0,1988,0.0,98072,47.7377,-122.101,3060.0,35427.0,2014-06-27,665000.0
2824059128,3.0,2.0,1990.0,7405.0,1.0,0.0,0.0,5,7,1990.0,0.0,1971,0.0,98006,47.5421,-122.172,2120.0,6462.0,2014-10-09,510000.0
7635801370,3.0,2.0,3080.0,17700.0,1.0,0.0,0.0,4,8,1740.0,1340.0,1965,0.0,98166,47.4695,-122.366,2100.0,15100.0,2014-09-04,530000.0
1775910270,3.0,1.0,1200.0,16000.0,1.0,0.0,0.0,3,7,1200.0,0.0,1970,0.0,98072,47.7452,-122.101,1960.0,15500.0,2014-10-20,355000.0
5245400030,4.0,1.0,1250.0,9102.0,1.0,0.0,0.0,3,7,1250.0,0.0,1955,0.0,98148,47.4258,-122.327,1260.0,9180.0,2015-02-23,255000.0
2600400030,4.0,2.75,2640.0,9000.0,2.0,,0.0,3,10,2640.0,0.0,1990,0.0,98052,47.6481,-122.125,2980.0,9137.0,2014-07-24,790000.0
3860900111,5.0,1.75,1790.0,9335.0,2.0,0.0,0.0,5,8,1790.0,0.0,1952,0.0,98004,47.5945,-122.201,1840.0,9612.0,2014-12-02,695000.0
9558800030,2.0,2.0,1140.0,8400.0,1.0,0.0,0.0,2,7,1140.0,0.0,1954,0.0,98148,47.4351,-122.335,1130.0,9375.0,2014-11-07,255000.0
255000270,3.0,2.25,1790.0,5794.0,1.5,0.0,0.0,3,7,1380.0,410.0,1985,0.0,98072,47.7477,-122.171,2140.0,7769.0,2014-07-23,410000.0
3526039074,4.0,2.75,1910.0,16532.0,1.0,,0.0,4,7,1420.0,490.0,1940,0.0,98117,47.6952,-122.39,2300.0,8250.0,2014-06-25,650000.0
4083304355,4.0,1.75,1530.0,3615.0,1.5,0.0,0.0,4,7,1530.0,0.0,1913,0.0,98103,47.6529,-122.334,1650.0,4200.0,2015-03-18,675000.0
6840701610,2.0,2.5,1050.0,1029.0,2.0,0.0,0.0,3,8,950.0,100.0,2007,0.0,98122,47.6018,-122.299,1350.0,3600.0,2014-07-01,332888.0
2212200270,3.0,1.75,1730.0,6900.0,1.0,0.0,0.0,4,7,1130.0,600.0,1976,0.0,98031,47.3915,-122.188,1950.0,7200.0,2015-02-20,300000.0
2203500140,4.0,1.5,1100.0,11824.0,1.0,0.0,0.0,4,7,1100.0,0.0,1954,0.0,98006,47.5704,-122.141,1380.0,11796.0,2014-08-01,320000.0
9353301070,5.0,2.25,2100.0,10726.0,1.0,,0.0,4,7,1050.0,1050.0,1963,0.0,98059,47.4922,-122.134,2100.0,10726.0,2015-05-08,342500.0
1326059185,4.0,2.5,2800.0,72309.0,2.0,0.0,0.0,3,9,2800.0,0.0,1992,0.0,98072,47.7432,-122.112,2280.0,36420.0,2015-03-20,752875.0
46100350,5.0,3.5,5000.0,26540.0,2.0,0.0,3.0,3,10,3410.0,1590.0,2008,0.0,98040,47.5665,-122.21,3360.0,17398.0,2014-06-30,1730000.0
7987400316,1.0,0.5,880.0,1642.0,1.0,0.0,0.0,3,6,500.0,380.0,1910,0.0,98126,47.5732,-122.372,1410.0,2992.0,2014-08-14,255000.0
3971702325,3.0,2.5,1470.0,9337.0,2.0,0.0,0.0,3,7,1470.0,0.0,1991,0.0,98155,47.7651,-122.323,1360.0,8684.0,2014-11-03,244000.0
7419500200,5.0,3.25,3950.0,11438.0,2.0,0.0,2.0,3,10,3430.0,520.0,2006,0.0,98033,47.6898,-122.189,2070.0,10751.0,2015-04-01,1420000.0
923049468,3.0,1.0,980.0,12812.0,1.0,0.0,0.0,3,7,980.0,0.0,1956,0.0,98168,47.4892,-122.306,1430.0,8986.0,2014-11-10,218000.0
5589300435,4.0,1.0,2180.0,10617.0,1.5,0.0,0.0,3,7,2180.0,0.0,1950,0.0,98155,47.7522,-122.307,1360.0,9519.0,2014-12-03,359000.0
3303990030,4.0,2.75,3040.0,13559.0,2.0,0.0,0.0,3,11,3040.0,0.0,2003,0.0,98059,47.522,-122.149,3830.0,12202.0,2014-10-27,840000.0
2926069083,5.0,3.75,4130.0,226076.0,2.0,,0.0,3,9,3170.0,960.0,1985,0.0,98077,47.715,-122.065,4130.0,55321.0,2014-05-07,900000.0
3622059157,4.0,1.75,1850.0,65340.0,1.5,0.0,0.0,4,7,1850.0,0.0,1972,0.0,98042,47.3468,-122.11,1750.0,40946.0,2014-10-09,205000.0
5466350160,3.0,2.5,1600.0,7295.0,2.0,0.0,0.0,2,7,1600.0,0.0,1993,0.0,98042,47.3904,-122.165,1410.0,9000.0,2015-01-21,205000.0
4174600262,2.0,1.5,2070.0,5432.0,2.0,0.0,0.0,3,7,1370.0,700.0,1951,0.0,98108,47.5571,-122.299,2070.0,5505.0,2015-04-08,500000.0
9477940390,4.0,2.5,3180.0,5405.0,2.0,0.0,0.0,3,7,3180.0,0.0,2001,0.0,98059,47.4905,-122.14,2610.0,5403.0,2015-01-09,510000.0
1126069045,6.0,4.25,6900.0,244716.0,2.0,0.0,0.0,4,9,4820.0,2080.0,2002,0.0,98077,47.7506,-122.012,4170.0,266587.0,2014-06-20,1140000.0
6096500105,4.0,2.25,2640.0,3000.0,2.0,0.0,0.0,3,7,2080.0,560.0,1908,0.0,98109,47.6313,-122.344,1910.0,3000.0,2015-04-30,1550000.0
2923069037,3.0,1.5,1920.0,61014.0,1.0,0.0,0.0,3,6,1920.0,0.0,1953,0.0,98038,47.4446,-122.074,1616.0,61014.0,2014-07-21,210000.0
5649300160,3.0,1.75,2030.0,32565.0,1.0,,0.0,3,8,1600.0,430.0,1981,0.0,98052,47.7112,-122.098,2910.0,34190.0,2014-12-09,597500.0
3121059036,2.0,1.0,1140.0,101529.0,1.5,0.0,0.0,3,6,1140.0,0.0,1932,0.0,98092,47.2592,-122.228,1580.0,101529.0,2014-10-29,400000.0
6136900045,3.0,1.0,1660.0,6992.0,1.0,0.0,0.0,5,7,1260.0,400.0,1952,0.0,98155,47.7576,-122.318,1390.0,7359.0,2014-08-21,412000.0
2426039247,2.0,1.5,1390.0,1756.0,3.0,0.0,0.0,3,7,1390.0,0.0,2005,0.0,98133,47.7274,-122.357,1340.0,1756.0,2015-03-25,299950.0
8818400340,4.0,3.0,2490.0,4325.0,1.5,0.0,0.0,3,8,1690.0,800.0,1922,20030.0,98105,47.6628,-122.326,1960.0,4284.0,2015-04-23,1080000.0
7429000240,4.0,2.5,2550.0,8824.0,2.0,0.0,0.0,3,9,2550.0,0.0,1990,0.0,98031,47.3979,-122.212,2630.0,11237.0,2014-11-18,422500.0
3888100030,3.0,2.0,1270.0,10227.0,1.0,0.0,0.0,4,6,1270.0,0.0,1968,0.0,98033,47.6876,-122.168,1470.0,9750.0,2014-07-14,410000.0
5699000070,4.0,3.25,2980.0,7000.0,2.0,0.0,3.0,3,10,2140.0,840.0,1900,20140.0,98144,47.5933,-122.292,2200.0,4800.0,2014-05-28,1400000.0
8731982470,3.0,2.0,1470.0,8000.0,1.0,0.0,0.0,4,8,1470.0,0.0,1974,0.0,98023,47.3191,-122.385,1980.0,8000.0,2014-07-15,245000.0
6899990200,4.0,3.0,3550.0,12327.0,1.5,0.0,0.0,4,10,2180.0,1370.0,1990,0.0,98011,47.7533,-122.205,3170.0,12937.0,2014-07-02,720000.0
4154300505,2.0,1.0,780.0,7200.0,1.0,0.0,0.0,2,6,780.0,0.0,1935,0.0,98118,47.5609,-122.279,1750.0,7200.0,2014-10-24,315000.0
9268710140,2.0,2.5,1390.0,1302.0,2.0,0.0,0.0,3,7,1390.0,0.0,1987,0.0,98003,47.3081,-122.329,1390.0,2052.0,2015-02-24,191950.0
9290860140,4.0,2.5,2440.0,5001.0,2.0,0.0,0.0,3,8,2440.0,0.0,2005,0.0,98056,47.5108,-122.193,2260.0,5001.0,2014-09-23,455000.0
5708500270,3.0,1.5,1260.0,3135.0,1.5,0.0,0.0,3,8,1260.0,0.0,1931,0.0,98116,47.5755,-122.388,1700.0,4180.0,2014-05-16,523000.0
16000200,3.0,2.25,1640.0,4420.0,2.0,0.0,0.0,4,7,1640.0,0.0,1918,0.0,98002,47.311,-122.21,1230.0,6632.0,2014-10-24,250000.0
1352300520,3.0,3.0,1670.0,4120.0,1.5,0.0,0.0,3,7,1140.0,530.0,1929,20120.0,98055,47.4881,-122.199,1010.0,4120.0,2015-01-13,294000.0
5207200160,3.0,2.25,2380.0,6000.0,1.0,0.0,0.0,3,8,2040.0,340.0,1961,0.0,98115,47.6955,-122.275,1680.0,7200.0,2014-10-10,490000.0
9284800844,4.0,1.0,1030.0,5750.0,1.0,,0.0,3,7,1030.0,0.0,1971,0.0,98126,47.553,-122.37,1250.0,5750.0,2014-09-16,310000.0
5602000105,3.0,1.5,1560.0,10489.0,1.0,0.0,0.0,5,7,1560.0,0.0,1961,0.0,98022,47.2048,-121.999,1400.0,10489.0,2014-07-21,265000.0
3585220340,4.0,1.75,1640.0,10500.0,1.0,0.0,0.0,4,7,1010.0,630.0,1968,0.0,98052,47.6933,-122.116,1680.0,7650.0,2014-08-11,402000.0
220069083,2.0,2.5,2200.0,188200.0,1.0,0.0,3.0,3,8,2200.0,0.0,2007,0.0,98022,47.2458,-122.002,2700.0,84942.0,2014-05-09,705000.0
5104531290,4.0,2.5,3190.0,7941.0,2.0,,0.0,3,10,3190.0,0.0,2005,0.0,98038,47.353,-122.002,3190.0,7255.0,2014-11-24,589450.0
8125200273,3.0,1.5,1200.0,8404.0,1.0,0.0,0.0,3,7,1200.0,,1964,0.0,98188,47.4482,-122.269,2120.0,12000.0,2014-12-23,219950.0
3176600105,3.0,2.25,2250.0,5301.0,2.0,0.0,0.0,4,8,1510.0,740.0,1975,0.0,98115,47.6741,-122.271,2240.0,7200.0,2014-08-13,750000.0
6821101275,2.0,1.75,1960.0,6000.0,1.0,0.0,0.0,4,7,980.0,980.0,1904,0.0,98199,47.6531,-122.401,1650.0,6000.0,2014-08-21,478000.0
5379802090,3.0,1.0,1250.0,7015.0,1.0,0.0,0.0,3,7,1250.0,0.0,1958,0.0,98188,47.4548,-122.29,1510.0,11460.0,2014-07-14,170000.0
3211240320,4.0,2.25,2640.0,31941.0,1.0,,0.0,4,9,2640.0,0.0,1986,0.0,98092,47.3099,-122.116,2780.0,35365.0,2014-06-12,489950.0
486000520,2.0,2.25,2460.0,16940.0,1.5,0.0,4.0,4,9,1930.0,530.0,1936,0.0,98117,47.6792,-122.404,2260.0,6851.0,2014-06-06,1370000.0
705710640,3.0,2.5,1700.0,7000.0,2.0,0.0,0.0,3,7,1700.0,0.0,1996,0.0,98038,47.3798,-122.025,1950.0,7000.0,2015-03-02,319950.0
2185000685,2.0,1.0,840.0,4200.0,1.0,0.0,0.0,3,5,840.0,0.0,1938,0.0,98108,47.5292,-122.316,830.0,5000.0,2014-11-24,208417.0
7518502030,4.0,2.0,1900.0,5100.0,1.0,0.0,0.0,3,6,950.0,950.0,1914,19730.0,98117,47.6767,-122.38,1230.0,5100.0,2014-11-17,410000.0
4078300024,4.0,2.75,2160.0,4205.0,1.0,0.0,3.0,3,7,1080.0,1080.0,1969,0.0,98125,47.7081,-122.276,2450.0,6014.0,2014-07-25,590000.0
6071400710,3.0,1.75,1610.0,10229.0,1.0,0.0,0.0,5,8,1610.0,0.0,1961,0.0,98006,47.553,-122.174,2270.0,8800.0,2015-04-29,648000.0
4136950200,3.0,2.5,1720.0,6194.0,2.0,,0.0,3,8,1720.0,0.0,1998,0.0,98092,47.2624,-122.221,1720.0,6211.0,2014-06-27,255000.0
9527300200,4.0,2.75,2190.0,3267.0,2.0,0.0,0.0,3,8,2190.0,0.0,2004,0.0,98072,47.7751,-122.168,2190.0,3619.0,2014-08-25,465000.0
6071000310,4.0,1.75,3020.0,10714.0,1.0,0.0,0.0,5,8,1510.0,1510.0,1958,0.0,98006,47.56,-122.181,2230.0,14400.0,2015-01-28,622000.0
9183702220,3.0,1.75,1980.0,9800.0,1.0,0.0,0.0,3,7,1980.0,0.0,1991,0.0,98030,47.3745,-122.224,1630.0,7650.0,2014-09-15,306000.0
369000045,3.0,2.5,1880.0,5500.0,2.0,0.0,0.0,4,7,1880.0,0.0,1947,20070.0,98199,47.657,-122.393,1230.0,5500.0,2014-10-10,617000.0
2826049117,3.0,1.75,1610.0,6480.0,1.0,0.0,0.0,4,7,1610.0,0.0,1947,0.0,98125,47.7137,-122.307,1230.0,8040.0,2014-05-28,438750.0
811000055,4.0,3.0,3260.0,4500.0,2.0,0.0,0.0,3,9,2300.0,960.0,1930,20140.0,98109,47.6314,-122.353,2410.0,4995.0,2014-09-25,1280000.0
7154200070,5.0,3.25,3970.0,8029.0,2.0,0.0,2.0,3,9,2970.0,1000.0,1979,0.0,98177,47.7764,-122.385,2520.0,8214.0,2014-11-24,995000.0
2303900045,4.0,2.5,4570.0,74487.0,2.0,0.0,4.0,5,12,4570.0,0.0,1948,19850.0,98177,47.7282,-122.372,3810.0,74487.0,2014-06-23,1580000.0
1254200045,5.0,2.75,2620.0,5500.0,1.5,0.0,0.0,3,7,1710.0,910.0,1911,0.0,98117,47.6806,-122.388,1790.0,5500.0,2015-04-22,635000.0
8731730710,3.0,1.0,1180.0,9000.0,1.0,0.0,0.0,4,7,1180.0,0.0,1970,0.0,98031,47.39,-122.166,1290.0,8316.0,2014-07-28,215000.0
9528104109,3.0,2.5,1365.0,1090.0,3.0,0.0,0.0,3,7,1315.0,50.0,2003,0.0,98115,47.6776,-122.324,1360.0,1124.0,2014-10-27,530000.0
3298700012,2.0,1.0,720.0,4125.0,1.0,0.0,0.0,4,6,720.0,0.0,1943,0.0,98106,47.5245,-122.354,1000.0,6100.0,2015-03-20,295000.0
7967700570,3.0,2.25,1350.0,6775.0,1.0,0.0,0.0,3,7,930.0,420.0,1981,0.0,98032,47.3593,-122.289,1460.0,7210.0,2015-03-02,245000.0
1402200140,6.0,2.5,3060.0,17112.0,1.0,0.0,0.0,4,8,1530.0,,1967,0.0,98058,47.4379,-122.146,2690.0,16038.0,2015-01-05,400000.0
3797300140,3.0,2.75,1850.0,8820.0,2.0,0.0,0.0,4,8,1850.0,0.0,1993,0.0,98022,47.1928,-122.01,1850.0,8651.0,2014-07-21,303000.0
2481200140,3.0,1.75,1320.0,9675.0,1.5,0.0,0.0,4,7,1320.0,0.0,1970,0.0,98024,47.5695,-121.902,1160.0,9675.0,2014-10-15,330000.0
3582900310,3.0,1.75,1990.0,13000.0,2.0,0.0,3.0,3,9,1990.0,0.0,1980,0.0,98028,47.7439,-122.262,2880.0,11340.0,2015-03-04,700000.0
1352300990,1.0,1.0,610.0,4400.0,1.0,0.0,0.0,3,5,610.0,0.0,1922,0.0,98055,47.4865,-122.197,1090.0,4930.0,2014-08-26,126000.0
1525059074,4.0,1.0,2500.0,35802.0,1.5,0.0,0.0,3,7,2500.0,0.0,1955,0.0,98005,47.6488,-122.153,2880.0,40510.0,2014-07-23,850000.0
3876000710,3.0,2.0,1440.0,7425.0,1.0,0.0,0.0,4,7,1440.0,0.0,1965,0.0,98034,47.7243,-122.185,1800.0,8344.0,2014-12-18,405000.0
1994200260,6.0,4.5,2750.0,4400.0,2.0,0.0,0.0,3,8,1770.0,980.0,1987,0.0,98103,47.6883,-122.335,1860.0,4400.0,2014-08-19,869900.0
1121000058,3.0,1.75,1790.0,6775.0,1.0,0.0,2.0,3,8,1790.0,0.0,1951,0.0,98126,47.5412,-122.377,1310.0,6028.0,2015-03-31,485000.0
1407300012,2.0,2.0,1050.0,1173.0,2.0,0.0,0.0,3,8,720.0,330.0,2004,0.0,98122,47.6181,-122.302,1340.0,1317.0,2015-01-28,400000.0
1565930070,3.0,2.5,1780.0,4650.0,2.0,0.0,0.0,3,7,1780.0,0.0,2011,0.0,98038,47.386,-122.047,3050.0,3848.0,2014-09-11,299950.0
3574900030,4.0,2.5,2200.0,9099.0,2.0,0.0,0.0,3,8,2200.0,0.0,1994,0.0,98034,47.733,-122.225,2270.0,8900.0,2015-03-27,585000.0
5100401441,4.0,2.0,1720.0,5413.0,2.0,0.0,0.0,3,7,1470.0,250.0,1938,19800.0,98115,47.6929,-122.321,1510.0,5413.0,2015-05-06,495000.0
3629940160,5.0,4.5,5840.0,17168.0,2.0,0.0,0.0,3,12,4570.0,1270.0,2006,0.0,98029,47.5457,-121.991,4850.0,15017.0,2015-03-11,2200000.0
7715800390,3.0,2.25,1520.0,14080.0,2.0,0.0,0.0,3,7,1520.0,0.0,1984,0.0,98074,47.6273,-122.059,1530.0,9758.0,2014-11-10,447000.0
1682000160,3.0,1.0,1320.0,9239.0,1.0,0.0,0.0,4,7,1320.0,0.0,1968,0.0,98092,47.312,-122.183,1320.0,8415.0,2015-04-17,206000.0
952007055,3.0,1.0,1070.0,4600.0,1.0,0.0,0.0,3,7,950.0,120.0,1930,0.0,98116,47.5627,-122.383,1090.0,4600.0,2014-10-21,500000.0
3790700070,4.0,2.5,1990.0,5511.0,2.0,0.0,0.0,3,8,1990.0,0.0,1994,0.0,98030,47.3585,-122.191,1850.0,6031.0,2014-11-21,302500.0
3134100023,4.0,4.25,4980.0,13000.0,2.0,0.0,3.0,3,9,3080.0,1900.0,1982,0.0,98052,47.6406,-122.101,2840.0,11308.0,2014-11-25,1250000.0
1862400292,2.0,1.0,890.0,5423.0,1.0,0.0,0.0,3,6,890.0,0.0,1946,0.0,98117,47.6966,-122.368,1690.0,5993.0,2014-07-23,391000.0
4123800270,3.0,2.0,1440.0,5457.0,2.0,0.0,0.0,3,7,1440.0,0.0,1986,0.0,98038,47.3784,-122.046,1480.0,6286.0,2014-07-10,250000.0
3448700070,4.0,2.5,2440.0,5350.0,2.0,,0.0,3,7,2440.0,0.0,2003,0.0,98059,47.4891,-122.149,2440.0,5090.0,2014-07-23,435000.0
9133600135,4.0,2.25,1800.0,14722.0,1.0,0.0,0.0,3,7,1440.0,360.0,1962,0.0,98055,47.4874,-122.223,2400.0,10000.0,2015-02-11,160000.0
6163901913,5.0,3.0,2260.0,6508.0,1.0,0.0,0.0,3,7,1330.0,930.0,2003,0.0,98155,47.7508,-122.322,1940.0,9450.0,2014-07-22,451000.0
1446403305,2.0,1.0,810.0,7158.0,1.0,,0.0,5,6,810.0,0.0,1944,0.0,98168,47.4882,-122.325,1090.0,7158.0,2014-05-05,206000.0
59000445,4.0,2.75,2240.0,5400.0,2.0,,0.0,4,7,1540.0,700.0,1940,0.0,98116,47.5785,-122.402,1830.0,5000.0,2014-09-23,590000.0
7510700030,3.0,2.5,4560.0,17622.0,2.0,0.0,0.0,4,9,3800.0,,1986,0.0,98074,47.621,-122.03,2360.0,15000.0,2014-05-15,695000.0
1722059222,3.0,1.5,1550.0,40752.0,1.0,,0.0,5,7,1550.0,0.0,1954,0.0,98031,47.394,-122.202,1550.0,8000.0,2014-11-20,350000.0
8127700132,5.0,3.5,3180.0,4628.0,2.0,0.0,0.0,3,10,2420.0,760.0,2001,0.0,98199,47.6423,-122.394,2060.0,4640.0,2015-03-26,1240000.0
1774000030,6.0,2.25,2950.0,11200.0,1.0,0.0,0.0,4,7,1700.0,1250.0,1970,0.0,98072,47.7476,-122.087,1790.0,11200.0,2015-03-30,395000.0
4058800135,5.0,3.0,2190.0,9652.0,2.0,0.0,0.0,3,7,2190.0,0.0,1999,0.0,98178,47.5049,-122.239,1440.0,6710.0,2015-04-05,419000.0
8682281600,2.0,2.0,1570.0,4665.0,1.0,0.0,0.0,3,8,1570.0,0.0,2006,0.0,98053,47.709,-122.017,2165.0,6262.0,2014-07-08,592350.0
8562740520,5.0,3.25,3420.0,5669.0,2.0,0.0,0.0,3,9,2620.0,800.0,2003,0.0,98027,47.5366,-122.067,3310.0,6006.0,2014-08-06,855000.0
3982700125,4.0,2.5,2420.0,7200.0,2.0,0.0,0.0,3,9,2420.0,0.0,1991,0.0,98033,47.6893,-122.197,2650.0,7800.0,2014-12-30,771000.0
1120069036,3.0,2.25,1570.0,43350.0,1.0,,3.0,4,7,1570.0,0.0,1967,0.0,98022,47.2377,-122.016,1570.0,220849.0,2014-12-18,325000.0
3592500800,5.0,3.25,3680.0,6060.0,2.0,0.0,0.0,5,9,2630.0,1050.0,1925,0.0,98112,47.6341,-122.304,3050.0,5850.0,2014-10-18,1850000.0
7905200310,4.0,1.75,1910.0,6731.0,1.0,,0.0,4,7,1210.0,700.0,1953,0.0,98116,47.5693,-122.391,1780.0,6350.0,2014-07-29,545000.0
7577700136,3.0,1.75,1780.0,5175.0,1.0,0.0,0.0,4,7,990.0,790.0,1927,0.0,98116,47.5696,-122.386,1780.0,5175.0,2015-02-26,615000.0
2629600016,2.0,1.0,2160.0,7439.0,1.0,0.0,0.0,4,6,1300.0,860.0,1953,0.0,98115,47.6981,-122.286,1680.0,7439.0,2015-04-10,625500.0
9262800002,3.0,1.5,1460.0,15000.0,1.0,0.0,0.0,3,7,1460.0,0.0,1966,0.0,98001,47.3182,-122.271,1510.0,15000.0,2014-07-08,232000.0
2892700041,3.0,1.5,1370.0,7439.0,1.0,,0.0,4,6,1370.0,0.0,1963,0.0,98055,47.4499,-122.189,2350.0,3370.0,2014-07-14,168000.0
2892700041,3.0,1.5,1370.0,7439.0,1.0,,0.0,4,6,1370.0,0.0,1963,0.0,98055,47.4499,-122.189,2350.0,3370.0,2015-01-28,238000.0
4136950070,3.0,2.5,1500.0,7401.0,2.0,0.0,0.0,3,8,1500.0,0.0,1998,0.0,98092,47.2625,-122.221,1720.0,7171.0,2015-04-14,260000.0
2354300550,3.0,1.75,1210.0,7500.0,1.0,0.0,0.0,3,7,1210.0,0.0,1951,0.0,98027,47.5294,-122.033,1250.0,6000.0,2015-03-02,460000.0
7740100260,3.0,2.5,2850.0,11535.0,1.0,0.0,1.0,3,8,1680.0,1170.0,1952,20080.0,98155,47.748,-122.288,2670.0,9942.0,2014-08-25,900000.0
6163901352,3.0,1.0,1090.0,8280.0,1.0,0.0,0.0,3,6,1090.0,0.0,1947,20060.0,98155,47.7562,-122.318,1060.0,7609.0,2014-10-21,289950.0
2025700200,3.0,1.75,1450.0,5858.0,1.0,0.0,0.0,4,7,1450.0,0.0,1991,0.0,98038,47.3482,-122.037,1520.0,6573.0,2015-02-20,265000.0
1775801090,4.0,2.25,1820.0,20349.0,1.0,0.0,0.0,5,8,1340.0,480.0,1977,0.0,98072,47.7415,-122.096,1270.0,12800.0,2014-05-30,465000.0
1138000070,3.0,1.5,1320.0,7201.0,1.0,0.0,0.0,3,7,1320.0,0.0,1971,0.0,98034,47.7126,-122.211,1380.0,7201.0,2014-11-13,370000.0
1823049046,2.0,1.5,1670.0,9880.0,1.0,0.0,0.0,4,7,1670.0,0.0,1941,19630.0,98146,47.4864,-122.348,1670.0,9807.0,2014-08-06,240000.0
7227801580,4.0,2.0,1440.0,5911.0,1.0,0.0,0.0,5,5,1440.0,0.0,1943,0.0,98056,47.5072,-122.181,1500.0,11089.0,2014-09-17,232000.0
4364700875,3.0,1.0,980.0,7560.0,1.0,0.0,0.0,3,7,980.0,0.0,1951,0.0,98126,47.5256,-122.375,1300.0,7560.0,2014-07-29,237502.0
8127700390,4.0,3.5,4340.0,5500.0,2.0,0.0,0.0,3,10,2850.0,1490.0,2008,0.0,98199,47.6427,-122.397,1290.0,5500.0,2014-12-15,1280000.0
9560500105,4.0,2.25,2860.0,11545.0,1.0,0.0,0.0,4,8,1430.0,1430.0,1966,0.0,98005,47.588,-122.168,2190.0,11396.0,2015-04-24,957000.0
8651411420,3.0,1.5,1140.0,4875.0,1.0,0.0,0.0,5,6,1140.0,0.0,1970,0.0,98042,47.3684,-122.08,980.0,5070.0,2015-03-05,218000.0
1274500240,3.0,1.5,1120.0,8366.0,1.0,0.0,0.0,3,7,1120.0,0.0,1968,0.0,98042,47.3632,-122.11,1260.0,9000.0,2014-08-20,205000.0
3278602190,3.0,3.25,1460.0,1592.0,2.0,0.0,0.0,3,8,1130.0,330.0,2006,0.0,98126,47.5481,-122.374,1560.0,1701.0,2014-06-11,350000.0
873900240,4.0,2.5,2050.0,5787.0,2.0,,0.0,3,7,2050.0,0.0,2002,0.0,98198,47.3527,-122.315,2030.0,6615.0,2014-07-02,256000.0
3834000520,3.0,1.0,1250.0,7654.0,1.0,0.0,0.0,3,7,1000.0,250.0,1952,0.0,98125,47.7289,-122.291,1310.0,7350.0,2014-07-30,275000.0
4224100030,4.0,2.5,2520.0,9604.0,2.0,0.0,0.0,3,9,2520.0,0.0,1990,0.0,98031,47.3893,-122.216,2540.0,9793.0,2015-04-03,372000.0
5710500060,3.0,3.25,2580.0,9825.0,1.5,0.0,1.0,4,9,1760.0,820.0,1978,0.0,98027,47.5314,-122.054,2140.0,10270.0,2015-03-19,688888.0
203101370,2.0,1.0,1200.0,24792.0,2.0,0.0,0.0,2,7,1200.0,0.0,1976,0.0,98053,47.6337,-121.961,2150.0,24792.0,2014-06-30,170000.0
4039300140,5.0,2.25,2140.0,7910.0,1.0,0.0,0.0,3,7,1070.0,1070.0,1962,0.0,98007,47.6071,-122.137,1680.0,8700.0,2014-06-25,530000.0
3629920990,4.0,3.25,3440.0,7661.0,2.0,0.0,0.0,3,11,3440.0,0.0,2006,0.0,98029,47.5429,-121.995,3580.0,6478.0,2014-06-23,905000.0
6882510060,4.0,2.5,1800.0,5070.0,1.0,0.0,0.0,5,7,1080.0,720.0,1979,0.0,98118,47.5303,-122.28,1870.0,5365.0,2014-08-25,365000.0
2597150270,4.0,2.5,1790.0,10584.0,1.0,0.0,0.0,4,7,1290.0,500.0,1981,0.0,98031,47.4061,-122.188,1730.0,9120.0,2015-04-06,312000.0
4365200445,2.0,1.75,1250.0,7680.0,1.0,0.0,0.0,3,7,1250.0,0.0,1922,19680.0,98126,47.5242,-122.371,1250.0,7680.0,2014-08-22,400000.0
6145601819,2.0,2.0,800.0,5765.0,1.0,0.0,0.0,4,6,800.0,0.0,1936,0.0,98133,47.7024,-122.346,1160.0,3844.0,2014-09-12,278750.0
3447000030,3.0,2.0,1410.0,11995.0,1.0,,0.0,4,8,1410.0,0.0,1965,0.0,98006,47.5718,-122.127,2690.0,12650.0,2015-04-01,510000.0
4442800162,2.0,2.25,1330.0,806.0,3.0,0.0,0.0,3,8,1330.0,0.0,2009,0.0,98117,47.6904,-122.395,1320.0,1389.0,2015-04-14,527700.0
1698900075,4.0,2.75,2890.0,4000.0,1.5,0.0,0.0,4,9,2190.0,700.0,1931,0.0,98109,47.6419,-122.351,2280.0,4000.0,2015-04-15,740000.0
9432750070,4.0,2.5,2550.0,17209.0,2.0,0.0,0.0,3,9,2550.0,0.0,1996,0.0,98059,47.4836,-122.136,2840.0,12560.0,2014-08-08,512000.0
3204850140,5.0,2.5,2880.0,8216.0,2.0,0.0,0.0,3,8,2880.0,0.0,2001,0.0,98030,47.3747,-122.185,1960.0,7200.0,2014-11-12,362000.0
1446401550,3.0,1.0,660.0,6600.0,1.0,0.0,0.0,4,5,660.0,0.0,1940,0.0,98168,47.4842,-122.33,1320.0,6600.0,2015-02-06,225000.0
3904901840,3.0,2.25,1470.0,4322.0,2.0,0.0,0.0,3,7,1470.0,0.0,1985,0.0,98029,47.5672,-122.018,1610.0,4322.0,2014-06-30,491500.0
3299200075,4.0,1.75,1700.0,10230.0,1.0,0.0,0.0,3,8,1320.0,380.0,1959,0.0,98133,47.7453,-122.351,2000.0,8006.0,2015-02-04,429950.0
2206500550,3.0,1.0,1040.0,9800.0,1.0,0.0,0.0,4,7,1040.0,0.0,1955,0.0,98006,47.5765,-122.155,1280.0,8880.0,2014-11-17,375000.0
2112700370,2.0,1.0,880.0,4000.0,1.0,0.0,0.0,4,6,880.0,0.0,1916,0.0,98106,47.5331,-122.352,1430.0,4000.0,2014-08-13,199400.0
4397010350,4.0,2.5,2490.0,9346.0,2.0,,2.0,3,9,2490.0,0.0,1996,0.0,98042,47.3831,-122.147,2650.0,9454.0,2015-01-26,364900.0
4364700885,3.0,1.5,1210.0,7560.0,1.0,0.0,0.0,3,7,1210.0,0.0,1941,0.0,98126,47.5255,-122.374,980.0,7560.0,2014-09-12,324950.0
1498301672,5.0,2.0,2080.0,4000.0,1.0,0.0,0.0,4,6,1040.0,1040.0,1909,0.0,98144,47.5858,-122.308,1940.0,6000.0,2015-03-30,467000.0
3992700326,3.0,1.0,1380.0,5400.0,1.0,0.0,0.0,4,7,1380.0,0.0,1954,0.0,98125,47.7134,-122.288,1190.0,6075.0,2014-08-22,380000.0
5438000060,3.0,2.25,1620.0,10850.0,1.0,0.0,0.0,3,7,1620.0,0.0,1966,0.0,98055,47.4437,-122.194,1910.0,10568.0,2014-11-03,250000.0
9550200370,4.0,1.0,1680.0,4021.0,1.5,0.0,0.0,3,7,1680.0,,1921,0.0,98103,47.6663,-122.332,1710.0,4021.0,2014-05-20,700000.0
3977630270,3.0,1.0,1330.0,9620.0,1.0,0.0,0.0,5,6,1330.0,0.0,1976,0.0,98092,47.3174,-122.127,1300.0,10360.0,2014-11-13,206990.0
475001000,3.0,1.75,1730.0,3400.0,1.0,0.0,0.0,5,7,970.0,760.0,1928,0.0,98107,47.6662,-122.364,1640.0,5000.0,2015-04-06,670000.0
3426059050,2.0,1.0,790.0,6969.0,1.0,0.0,0.0,3,6,790.0,0.0,1955,19840.0,98052,47.6978,-122.164,1380.0,12196.0,2014-05-20,315000.0
4137000070,3.0,2.5,2240.0,7500.0,2.0,,0.0,3,8,2240.0,0.0,1985,0.0,98092,47.265,-122.22,2190.0,7506.0,2015-04-10,319950.0
2759500105,3.0,1.5,1500.0,8272.0,1.0,0.0,0.0,4,7,1500.0,0.0,1958,0.0,98177,47.7741,-122.38,1630.0,8270.0,2014-07-30,419000.0
4137010310,3.0,2.0,1800.0,11419.0,1.0,0.0,0.0,3,8,1800.0,0.0,1989,0.0,98092,47.2623,-122.217,2220.0,11406.0,2014-08-22,205000.0
5616000030,4.0,2.5,1980.0,4745.0,2.0,0.0,0.0,3,7,1980.0,0.0,2004,0.0,98038,47.3495,-122.04,1980.0,4878.0,2014-10-23,335000.0
9266700295,3.0,1.75,1340.0,5100.0,1.0,0.0,0.0,3,7,1340.0,0.0,1953,0.0,98103,47.694,-122.348,1550.0,5100.0,2014-10-24,397000.0
9828200187,2.0,1.0,750.0,2020.0,1.0,0.0,0.0,3,7,750.0,0.0,1908,0.0,98122,47.6175,-122.301,1630.0,2383.0,2015-04-29,370000.0
6061400160,4.0,2.25,1790.0,9920.0,1.0,0.0,0.0,4,7,1170.0,620.0,1969,0.0,98059,47.5126,-122.149,1990.0,9648.0,2014-09-18,330000.0
4139420640,4.0,3.5,5490.0,14300.0,1.0,0.0,4.0,3,12,2910.0,2580.0,1996,0.0,98006,47.5511,-122.114,4290.0,13822.0,2014-10-30,1790000.0
4022900197,3.0,2.0,1940.0,16300.0,1.0,0.0,0.0,3,7,1140.0,800.0,1978,0.0,98155,47.774,-122.283,1940.0,11250.0,2014-08-08,399000.0
3221069035,4.0,1.75,2670.0,189486.0,2.0,0.0,4.0,3,8,2670.0,0.0,1972,0.0,98092,47.2585,-122.061,2190.0,218610.0,2014-06-20,400000.0
2591730200,3.0,2.0,1220.0,6404.0,1.0,0.0,0.0,3,7,1220.0,0.0,1994,0.0,98038,47.3523,-122.059,1570.0,7000.0,2014-07-17,249900.0
9165100260,3.0,1.5,1310.0,3880.0,1.0,0.0,0.0,3,7,1090.0,220.0,1956,0.0,98117,47.6821,-122.392,1570.0,3880.0,2014-05-13,717000.0
5201810060,4.0,2.5,1930.0,8336.0,2.0,0.0,0.0,3,8,1930.0,0.0,1995,0.0,98031,47.4016,-122.166,2280.0,7959.0,2014-08-07,319000.0
5499200060,4.0,3.0,2100.0,3800.0,2.0,0.0,0.0,3,8,2100.0,0.0,1972,0.0,98115,47.6807,-122.291,1320.0,3800.0,2015-04-03,635000.0
1568100060,3.0,1.0,1180.0,7573.0,1.0,0.0,0.0,4,7,1180.0,0.0,1977,0.0,98155,47.7372,-122.294,1320.0,7573.0,2014-09-10,355000.0
4139910160,5.0,3.25,4320.0,32840.0,2.0,0.0,0.0,3,12,4320.0,0.0,1990,0.0,98006,47.5461,-122.122,4410.0,33210.0,2015-04-01,1600000.0
6743700060,4.0,1.75,3140.0,12519.0,1.0,,0.0,3,7,2320.0,820.0,1951,0.0,98033,47.6941,-122.173,2240.0,7308.0,2014-07-14,585000.0
7258200060,3.0,2.0,2320.0,7800.0,1.0,0.0,0.0,4,7,1160.0,1160.0,1960,0.0,98168,47.5141,-122.316,1380.0,7800.0,2014-12-29,320000.0
5127000810,3.0,1.75,2110.0,10200.0,2.0,0.0,0.0,4,7,2110.0,0.0,1966,0.0,98059,47.4744,-122.154,1800.0,10200.0,2014-05-14,305495.0
2011400520,4.0,2.0,1790.0,14690.0,1.0,,1.0,4,7,1670.0,120.0,1960,0.0,98198,47.3965,-122.321,2440.0,10664.0,2014-06-19,240000.0
1953400510,5.0,2.5,1740.0,8750.0,1.0,0.0,0.0,4,7,1740.0,0.0,1959,0.0,98198,47.3904,-122.299,1740.0,8750.0,2014-06-23,199950.0
2450500060,4.0,3.25,3820.0,8114.0,2.0,0.0,0.0,3,10,3820.0,0.0,2005,0.0,98004,47.5837,-122.194,2440.0,9195.0,2014-08-26,1620000.0
2623039082,3.0,3.5,2050.0,21744.0,2.0,1.0,4.0,4,9,1750.0,300.0,1930,0.0,98166,47.4536,-122.376,2300.0,12200.0,2015-02-18,770000.0
3204400030,4.0,2.25,1680.0,3179.0,2.0,,0.0,3,8,1680.0,0.0,2002,0.0,98092,47.3258,-122.186,1678.0,3590.0,2014-07-02,255000.0
2473370890,4.0,2.25,1930.0,8925.0,1.0,0.0,0.0,4,8,1930.0,0.0,1974,0.0,98058,47.4501,-122.128,1930.0,8400.0,2014-09-15,289000.0
3343901401,4.0,3.0,3760.0,8804.0,2.0,0.0,0.0,3,8,2470.0,1290.0,2002,0.0,98056,47.5161,-122.191,1960.0,7225.0,2014-07-18,494500.0
4376700030,3.0,2.25,2370.0,9619.0,1.0,,0.0,4,8,1650.0,720.0,1973,0.0,98052,47.6366,-122.099,1960.0,9712.0,2014-06-04,746000.0
1072000400,4.0,3.0,2120.0,13000.0,2.0,0.0,0.0,4,8,2120.0,0.0,1978,0.0,98059,47.4745,-122.141,2180.0,11440.0,2014-10-23,385000.0
2193330030,4.0,2.5,2370.0,10513.0,2.0,0.0,0.0,4,8,2370.0,0.0,1987,0.0,98052,47.6915,-122.099,2110.0,9540.0,2014-11-18,688100.0
4083300070,4.0,2.5,2350.0,3150.0,1.5,0.0,0.0,4,8,1690.0,660.0,1910,0.0,98103,47.6605,-122.335,1750.0,3150.0,2014-05-12,870300.0
2241700075,3.0,1.0,1180.0,8474.0,1.5,0.0,0.0,3,7,1180.0,0.0,1956,0.0,98155,47.7416,-122.327,1180.0,7200.0,2014-10-22,310000.0
9250900111,3.0,2.5,2270.0,5654.0,2.0,0.0,0.0,3,8,2270.0,0.0,1999,0.0,98133,47.7733,-122.351,1770.0,7840.0,2015-03-12,500000.0
9412700160,3.0,2.25,1830.0,7770.0,1.0,0.0,0.0,4,7,1400.0,430.0,1977,0.0,98042,47.3925,-122.161,1960.0,7272.0,2014-08-14,255000.0
1118001360,3.0,2.75,3910.0,7080.0,1.0,0.0,0.0,5,9,1970.0,1940.0,1949,0.0,98112,47.6324,-122.289,3480.0,7370.0,2015-02-18,1480000.0
4383500030,3.0,1.0,890.0,9465.0,1.0,0.0,0.0,3,6,890.0,0.0,1957,0.0,98148,47.4388,-122.328,1590.0,9147.0,2014-09-24,154500.0
2558630060,3.0,2.25,1820.0,8058.0,1.0,0.0,0.0,3,7,1260.0,560.0,1974,0.0,98034,47.7241,-122.168,1850.0,7384.0,2014-05-30,425000.0
1150000400,4.0,2.5,2440.0,7491.0,2.0,0.0,0.0,4,10,2440.0,0.0,1988,0.0,98029,47.561,-122.019,2490.0,8580.0,2014-07-21,700000.0
5244801275,2.0,1.0,1110.0,3943.0,1.0,0.0,0.0,5,6,740.0,370.0,1916,0.0,98109,47.6436,-122.352,1590.0,4311.0,2014-11-21,410500.0
1839920160,3.0,2.0,1870.0,7080.0,1.0,0.0,0.0,4,7,1210.0,660.0,1969,0.0,98034,47.7244,-122.179,1620.0,8000.0,2014-07-14,432000.0
9834200030,3.0,1.5,1240.0,4080.0,1.5,0.0,0.0,3,8,1240.0,0.0,1914,0.0,98144,47.5745,-122.291,1420.0,4080.0,2015-04-14,530000.0
3288200710,3.0,2.0,1560.0,8640.0,1.0,0.0,0.0,5,7,1560.0,0.0,1967,0.0,98034,47.7294,-122.186,1970.0,8625.0,2014-05-27,465000.0
3904980320,3.0,2.5,1910.0,5600.0,2.0,,0.0,3,8,1910.0,0.0,1989,0.0,98029,47.5752,-122.009,1800.0,4928.0,2014-09-23,498688.0
2927600435,3.0,1.0,2200.0,21450.0,1.0,0.0,0.0,4,9,1600.0,600.0,1952,0.0,98166,47.4527,-122.372,1880.0,11250.0,2015-04-02,573500.0
1321740260,4.0,2.75,2530.0,13474.0,2.0,0.0,0.0,4,8,2530.0,0.0,1994,0.0,98023,47.289,-122.344,2490.0,13140.0,2014-10-15,349900.0
7809200055,3.0,1.0,1130.0,12519.0,1.0,0.0,0.0,3,7,1130.0,0.0,1958,0.0,98056,47.4965,-122.176,1460.0,12507.0,2014-06-18,220000.0
3298700671,2.0,1.0,820.0,6771.0,1.0,0.0,0.0,4,6,820.0,0.0,1918,0.0,98106,47.52,-122.354,1000.0,4440.0,2014-07-31,260000.0
1231000640,2.0,1.0,960.0,4000.0,1.0,0.0,0.0,3,6,960.0,0.0,1918,0.0,98118,47.5554,-122.267,1210.0,4000.0,2014-09-11,290000.0
1498303905,4.0,1.5,1980.0,3240.0,1.5,0.0,0.0,4,8,1780.0,200.0,1930,0.0,98144,47.584,-122.294,2250.0,4000.0,2015-04-02,615000.0
7491010060,4.0,3.5,3370.0,5638.0,2.0,0.0,0.0,3,10,2250.0,1120.0,2001,0.0,98034,47.7196,-122.223,3080.0,7200.0,2014-10-22,730000.0
8835800350,4.0,3.25,7420.0,167869.0,2.0,0.0,3.0,3,12,7420.0,0.0,2002,0.0,98045,47.4548,-121.764,5610.0,169549.0,2015-01-12,1950000.0
8856960260,3.0,2.25,1800.0,10500.0,2.0,0.0,0.0,3,7,1800.0,0.0,1995,0.0,98038,47.3879,-122.032,1870.0,8555.0,2014-05-21,332500.0
1088810160,5.0,3.5,3990.0,10120.0,2.0,0.0,0.0,3,9,2820.0,1170.0,1990,0.0,98011,47.741,-122.208,2750.0,9622.0,2014-12-24,650000.0
3931900510,4.0,2.5,4070.0,7800.0,3.0,0.0,0.0,4,8,3390.0,680.0,2002,0.0,98115,47.6838,-122.327,2020.0,6760.0,2014-08-29,1400000.0
9567800435,4.0,1.75,1640.0,7194.0,1.5,0.0,0.0,4,7,1480.0,160.0,1915,0.0,98011,47.7649,-122.205,1440.0,9405.0,2015-05-13,465000.0
2806000560,4.0,3.25,3730.0,11820.0,2.0,0.0,0.0,3,10,2460.0,1270.0,1990,0.0,98029,47.5775,-122.019,3680.0,10667.0,2014-07-22,690000.0
2473101360,3.0,1.75,1220.0,7004.0,1.0,0.0,0.0,5,7,1220.0,0.0,1966,0.0,98058,47.4492,-122.157,1640.0,7210.0,2014-07-11,289900.0
2288900140,3.0,3.5,3490.0,4000.0,2.0,0.0,0.0,3,9,2570.0,920.0,2009,0.0,98112,47.6385,-122.281,1880.0,4000.0,2014-12-18,1620000.0
9320990140,3.0,2.5,1730.0,4286.0,2.0,0.0,0.0,3,7,1730.0,0.0,1999,0.0,98148,47.432,-122.329,1780.0,4343.0,2015-04-22,339950.0
8731982050,4.0,2.75,3430.0,8000.0,1.5,0.0,0.0,4,8,3430.0,0.0,1972,0.0,98023,47.3183,-122.382,2090.0,8000.0,2015-04-23,367999.0
705700240,4.0,2.5,2320.0,10079.0,2.0,0.0,0.0,3,7,2320.0,0.0,1994,0.0,98038,47.3828,-122.026,2010.0,7438.0,2015-02-18,380000.0
4335000030,3.0,1.75,2030.0,17100.0,1.0,0.0,0.0,4,7,2030.0,0.0,1953,0.0,98166,47.451,-122.365,1950.0,14400.0,2014-06-25,440000.0
2806300070,5.0,4.0,4850.0,36450.0,2.0,0.0,0.0,3,10,4850.0,0.0,1977,0.0,98005,47.6426,-122.158,3850.0,35325.0,2014-05-21,975000.0
5631501323,3.0,1.5,1340.0,13560.0,1.0,0.0,0.0,3,7,1340.0,0.0,1968,0.0,98028,47.741,-122.234,1540.0,15000.0,2014-08-05,309500.0
3738900105,3.0,1.0,1130.0,8201.0,1.0,0.0,0.0,5,6,1130.0,0.0,1948,0.0,98155,47.7359,-122.306,1180.0,8203.0,2014-07-23,350000.0
2781270400,2.0,2.0,1180.0,2521.0,2.0,0.0,0.0,3,6,1180.0,0.0,2005,0.0,98038,47.3487,-122.021,1310.0,3003.0,2015-03-16,215000.0
3336001360,2.0,1.0,910.0,6000.0,1.0,0.0,0.0,3,6,910.0,0.0,1943,0.0,98118,47.5253,-122.266,1460.0,5800.0,2014-08-26,254000.0
2464400435,3.0,1.75,1630.0,4275.0,1.5,0.0,3.0,3,7,1630.0,0.0,1908,0.0,98115,47.6851,-122.322,1800.0,4275.0,2015-04-20,567000.0
2025049114,2.0,1.0,710.0,1173.0,2.0,,0.0,4,7,710.0,0.0,1943,0.0,98102,47.6412,-122.329,1370.0,1173.0,2014-05-29,402000.0
1523089012,4.0,1.0,1520.0,80150.0,1.0,0.0,0.0,2,5,1520.0,0.0,1948,0.0,98045,47.4742,-121.769,1740.0,84506.0,2014-11-20,365000.0
7305300695,4.0,2.5,2820.0,8408.0,2.0,0.0,0.0,3,9,2820.0,0.0,2014,0.0,98155,47.7538,-122.325,1300.0,8408.0,2014-05-02,625000.0
9269200340,4.0,1.75,1970.0,5160.0,1.5,0.0,0.0,3,7,1970.0,0.0,1942,0.0,98126,47.534,-122.373,1230.0,4920.0,2015-04-23,432000.0
1402100070,5.0,3.0,2240.0,19090.0,1.0,0.0,0.0,4,8,1700.0,540.0,1968,0.0,98058,47.4416,-122.149,2280.0,20000.0,2014-08-01,335500.0
2998300060,2.0,1.75,1860.0,5940.0,1.0,0.0,2.0,5,8,1020.0,840.0,1956,0.0,98116,47.5751,-122.407,2130.0,5940.0,2014-08-06,672500.0
8113101000,4.0,1.0,1780.0,4310.0,1.5,0.0,0.0,5,6,1780.0,0.0,1919,0.0,98118,47.5486,-122.278,1460.0,4310.0,2014-07-22,336000.0
1388600070,4.0,2.5,1788.0,10183.0,2.0,0.0,0.0,4,7,1788.0,0.0,1990,0.0,98002,47.2883,-122.218,1700.0,6600.0,2014-11-24,294400.0
8944600060,3.0,2.5,1880.0,3054.0,2.0,,0.0,3,8,1880.0,0.0,1988,0.0,98007,47.6091,-122.147,1840.0,3815.0,2015-04-20,541900.0
8860310240,3.0,1.75,2300.0,11400.0,1.0,0.0,0.0,4,8,1520.0,780.0,1977,0.0,98052,47.6884,-122.128,2300.0,10140.0,2014-12-17,505000.0
8016250060,3.0,2.5,1610.0,6176.0,2.0,0.0,0.0,3,7,1610.0,0.0,1994,0.0,98030,47.3657,-122.173,1680.0,7414.0,2014-06-05,255000.0
2061800045,6.0,2.5,2270.0,11970.0,1.0,,0.0,3,7,1470.0,800.0,1964,0.0,98011,47.7722,-122.204,2270.0,10640.0,2015-01-22,435000.0
2652500070,2.0,1.75,1230.0,3600.0,1.5,0.0,0.0,5,7,1230.0,0.0,1925,0.0,98119,47.6423,-122.361,1210.0,4500.0,2014-05-08,636000.0
3622069114,4.0,3.5,3420.0,33106.0,2.0,0.0,0.0,3,9,3420.0,0.0,2004,0.0,98010,47.3554,-121.986,3420.0,36590.0,2014-09-09,655000.0
4438000075,3.0,1.5,1670.0,6988.0,1.0,0.0,0.0,3,7,1370.0,300.0,1953,0.0,98148,47.4283,-122.323,1090.0,7753.0,2015-03-18,280500.0
2776600002,2.0,1.0,1120.0,6141.0,1.0,0.0,0.0,3,7,900.0,220.0,1946,0.0,98117,47.6924,-122.372,1500.0,7529.0,2015-04-22,520000.0
241900060,4.0,2.5,2580.0,5476.0,2.0,0.0,0.0,3,8,2580.0,0.0,2005,0.0,98031,47.4042,-122.205,2900.0,5476.0,2014-06-26,354000.0
5151800045,5.0,2.75,3847.0,17654.0,1.0,0.0,2.0,5,9,2299.0,1548.0,1975,0.0,98003,47.3379,-122.322,2690.0,15344.0,2014-08-22,810000.0
3221059036,4.0,2.5,3630.0,42884.0,1.5,0.0,0.0,3,9,2300.0,1330.0,1979,0.0,98092,47.2617,-122.19,2830.0,80148.0,2014-05-02,400000.0
7504020960,4.0,2.75,3580.0,12000.0,1.0,0.0,0.0,3,10,1840.0,1740.0,1979,0.0,98074,47.6319,-122.05,2910.0,12428.0,2015-01-07,879900.0
1924059319,5.0,4.0,4050.0,11358.0,2.0,0.0,0.0,4,10,2780.0,1270.0,1980,0.0,98040,47.56,-122.225,3120.0,13555.0,2015-03-20,1290000.0
4067600160,3.0,3.5,3240.0,23522.0,2.0,0.0,0.0,3,10,2130.0,1110.0,1992,0.0,98010,47.3388,-122.033,3180.0,23273.0,2015-04-02,902500.0
9828700685,3.0,1.75,1540.0,8400.0,1.5,,0.0,3,7,1540.0,0.0,1902,0.0,98122,47.6187,-122.295,1330.0,4800.0,2015-05-13,900000.0
4307330070,4.0,2.5,2550.0,7200.0,2.0,0.0,2.0,3,7,2550.0,0.0,2003,0.0,98056,47.4793,-122.18,2560.0,5715.0,2014-07-17,419500.0
6822100310,4.0,2.0,2340.0,6000.0,1.0,0.0,0.0,5,8,1270.0,1070.0,1953,0.0,98199,47.6495,-122.401,1600.0,6000.0,2014-11-03,685000.0
3295900520,4.0,2.5,2320.0,4524.0,2.0,0.0,0.0,3,8,2320.0,0.0,2004,0.0,98059,47.4798,-122.136,2330.0,4524.0,2014-11-07,429950.0
1773100310,4.0,2.5,1640.0,6000.0,2.0,0.0,0.0,3,7,1640.0,0.0,2011,0.0,98106,47.559,-122.365,1640.0,4800.0,2015-04-23,464950.0
9407000990,2.0,1.0,910.0,9000.0,1.0,0.0,0.0,4,6,910.0,0.0,1983,0.0,98045,47.4463,-121.771,1410.0,9440.0,2014-10-10,239900.0
1472800160,4.0,3.25,2550.0,11524.0,2.0,0.0,0.0,3,8,2550.0,0.0,1990,0.0,98019,47.7324,-121.963,2370.0,14001.0,2015-02-18,406250.0
7787110370,4.0,2.5,2660.0,8027.0,2.0,0.0,0.0,3,8,2660.0,0.0,1997,0.0,98045,47.4831,-121.781,2480.0,8095.0,2014-10-27,447000.0
3041700570,3.0,2.5,1480.0,14250.0,2.0,0.0,0.0,3,7,1480.0,0.0,1996,0.0,98033,47.6595,-122.186,1660.0,14250.0,2014-06-05,466800.0
3999200310,4.0,2.5,2810.0,11560.0,1.0,0.0,0.0,5,7,1740.0,1070.0,1962,0.0,98008,47.5846,-122.12,1970.0,11560.0,2014-09-17,674000.0
1931300955,1.0,1.0,830.0,3200.0,1.0,0.0,0.0,3,7,830.0,0.0,1924,0.0,98103,47.6557,-122.348,1350.0,2512.0,2014-11-26,525000.0
2591720160,3.0,2.75,3510.0,92347.0,2.0,0.0,0.0,3,10,3510.0,0.0,1990,0.0,98038,47.3735,-122.018,2970.0,37070.0,2015-05-01,674950.0
8691510310,3.0,2.5,2480.0,4950.0,2.0,,0.0,3,7,2480.0,0.0,2004,0.0,98058,47.4389,-122.116,2230.0,5298.0,2015-04-29,374900.0
9831200520,4.0,3.0,3720.0,5000.0,2.5,0.0,0.0,5,9,2720.0,1000.0,1905,0.0,98102,47.6282,-122.322,2610.0,5000.0,2014-10-06,1440000.0
8123710070,3.0,2.25,2150.0,9250.0,2.0,,0.0,3,8,2150.0,0.0,1984,0.0,98052,47.7179,-122.113,2240.0,9266.0,2014-12-05,559500.0
7852170370,3.0,2.5,2370.0,7875.0,2.0,0.0,0.0,3,9,2370.0,0.0,2003,0.0,98065,47.5427,-121.863,2660.0,7752.0,2014-05-16,522500.0
3528000310,5.0,2.5,4310.0,28008.0,2.0,0.0,0.0,3,10,4310.0,0.0,1988,0.0,98053,47.6662,-122.056,3170.0,28559.0,2015-04-27,1130000.0
6403500570,5.0,2.75,2990.0,7420.0,2.0,0.0,0.0,3,8,2990.0,0.0,1996,0.0,98059,47.4944,-122.162,2290.0,7678.0,2014-06-12,498500.0
6021501420,4.0,1.0,1350.0,4000.0,1.5,,0.0,3,8,1350.0,0.0,1930,0.0,98117,47.6885,-122.386,1520.0,4000.0,2014-08-25,571000.0
723069128,2.0,2.0,2370.0,217800.0,1.5,0.0,0.0,3,7,1600.0,770.0,1992,0.0,98027,47.5007,-122.088,2370.0,157687.0,2014-05-14,543000.0
3329530030,3.0,2.0,1410.0,10248.0,1.0,,0.0,3,7,1410.0,0.0,1985,0.0,98001,47.3315,-122.265,2090.0,9414.0,2015-03-04,271920.0
723049326,2.0,1.0,1170.0,8254.0,1.0,0.0,0.0,2,6,1170.0,0.0,1949,0.0,98146,47.497,-122.346,1820.0,8922.0,2014-12-08,104950.0
7215721070,4.0,2.5,1800.0,4500.0,2.0,0.0,0.0,3,8,1800.0,,1999,0.0,98075,47.5998,-122.014,1800.0,4500.0,2014-09-29,485500.0
3179101580,4.0,2.75,3650.0,6982.0,2.0,,2.0,4,9,2530.0,1120.0,1951,20030.0,98115,47.6756,-122.275,3140.0,7894.0,2014-05-28,1210000.0
2025700270,3.0,1.75,1490.0,8357.0,1.0,0.0,0.0,4,7,1490.0,0.0,1993,0.0,98038,47.3473,-122.037,1490.0,7376.0,2015-01-22,260250.0
8691300260,4.0,2.5,3610.0,13292.0,2.0,0.0,0.0,3,10,3610.0,0.0,1996,0.0,98075,47.5868,-121.974,3000.0,10776.0,2015-04-13,875909.0
5112800060,4.0,1.75,2050.0,94525.0,1.0,0.0,0.0,4,7,1250.0,800.0,1959,0.0,98058,47.4492,-122.084,2270.0,47480.0,2014-06-06,455000.0
2112700240,3.0,1.0,1092.0,7500.0,1.5,0.0,0.0,3,6,1092.0,0.0,1918,0.0,98106,47.5321,-122.354,930.0,4000.0,2014-05-20,309000.0
8732190990,4.0,2.25,2010.0,7688.0,1.0,0.0,0.0,3,8,1170.0,840.0,1979,0.0,98023,47.3086,-122.396,1990.0,7688.0,2014-07-09,229000.0
537000416,3.0,2.0,1680.0,7900.0,2.0,0.0,0.0,4,7,1680.0,0.0,1953,0.0,98003,47.3255,-122.305,1250.0,15600.0,2015-04-29,250000.0
3761700251,4.0,2.0,2510.0,38141.0,1.0,0.0,0.0,3,9,2510.0,0.0,1960,0.0,98034,47.7219,-122.258,3180.0,11760.0,2014-05-28,600000.0
625100181,4.0,2.5,2280.0,65836.0,2.0,,0.0,3,8,2280.0,0.0,2004,0.0,98077,47.7237,-122.076,2300.0,97574.0,2014-05-08,535000.0
7202261260,3.0,2.5,2510.0,5186.0,2.0,0.0,0.0,3,7,2510.0,0.0,2001,0.0,98053,47.6895,-122.041,2530.0,5186.0,2014-11-17,571000.0
7856410030,5.0,2.75,3190.0,16920.0,1.0,0.0,3.0,3,9,1690.0,1500.0,1976,0.0,98006,47.5641,-122.16,3100.0,13100.0,2014-05-05,1030000.0
8128600060,4.0,3.25,4690.0,14930.0,2.0,,2.0,3,10,3680.0,1010.0,1995,0.0,98155,47.7718,-122.283,2910.0,13320.0,2014-06-24,600000.0
1775800860,3.0,2.25,1850.0,12000.0,1.0,0.0,0.0,4,7,1300.0,550.0,1977,0.0,98072,47.7408,-122.101,1580.0,12616.0,2015-04-28,469500.0
3303980140,4.0,3.0,4160.0,13170.0,2.0,0.0,0.0,3,11,3040.0,1120.0,2001,0.0,98059,47.5182,-122.149,3780.0,13148.0,2015-04-02,1150000.0
4206901200,4.0,1.5,2220.0,4000.0,1.5,0.0,0.0,3,8,1970.0,250.0,1925,0.0,98105,47.6564,-122.325,1984.0,4000.0,2014-08-25,785000.0
11500240,3.0,2.5,2870.0,13695.0,2.0,0.0,0.0,3,10,2870.0,0.0,1991,0.0,98052,47.6944,-122.102,2840.0,8472.0,2015-04-28,872750.0
6383500295,4.0,2.75,3950.0,10214.0,1.0,0.0,3.0,3,10,2050.0,1900.0,1955,0.0,98117,47.6969,-122.384,3130.0,8608.0,2014-08-15,900000.0
7849202220,2.0,1.75,1740.0,6620.0,1.5,0.0,0.0,3,8,1740.0,0.0,2002,0.0,98065,47.526,-121.828,1560.0,5400.0,2014-07-17,350000.0
2260300060,5.0,3.0,4780.0,20440.0,1.0,0.0,0.0,4,10,3660.0,1120.0,1975,0.0,98039,47.6242,-122.239,4660.0,20440.0,2015-04-10,2580000.0
7701950060,4.0,2.5,3160.0,39960.0,1.0,0.0,0.0,3,10,3160.0,0.0,1980,0.0,98005,47.6418,-122.157,3900.0,36444.0,2014-07-29,940000.0
5153200486,5.0,1.75,1990.0,27810.0,1.0,0.0,0.0,3,7,1990.0,0.0,1955,0.0,98023,47.3325,-122.35,2240.0,20000.0,2014-07-15,185000.0
205000310,4.0,3.5,3920.0,37122.0,2.0,0.0,0.0,3,10,3920.0,0.0,1996,0.0,98053,47.6316,-121.988,2550.0,32647.0,2014-06-24,850000.0
920069053,3.0,1.0,960.0,15273.0,1.0,0.0,0.0,4,7,960.0,0.0,1963,0.0,98022,47.238,-122.039,1930.0,51400.0,2014-09-17,201000.0
6141100445,2.0,1.5,1540.0,6549.0,2.0,0.0,0.0,3,7,1540.0,0.0,1980,0.0,98133,47.7189,-122.353,1470.0,6552.0,2015-01-07,499000.0
8809200070,4.0,2.5,1970.0,5190.0,2.0,0.0,0.0,3,7,1970.0,0.0,2002,0.0,98059,47.515,-122.164,1840.0,5564.0,2015-04-08,315000.0
3905080310,3.0,2.5,1880.0,4668.0,2.0,0.0,0.0,3,8,1880.0,0.0,1993,0.0,98029,47.5666,-121.999,2060.0,4668.0,2014-08-06,509950.0
393000311,3.0,2.75,2000.0,6405.0,1.0,0.0,0.0,3,8,1260.0,740.0,1964,0.0,98178,47.5066,-122.259,2130.0,6510.0,2015-02-25,286300.0
3127200036,3.0,2.5,1990.0,8325.0,2.0,0.0,0.0,4,8,1310.0,680.0,1997,0.0,98034,47.705,-122.201,2450.0,10606.0,2014-07-28,590000.0
123039128,4.0,1.0,1400.0,9384.0,1.5,0.0,0.0,4,6,1400.0,0.0,1948,0.0,98106,47.5166,-122.361,1600.0,8432.0,2014-09-04,325000.0
2896310160,4.0,2.5,3190.0,27806.0,2.0,0.0,0.0,3,9,3190.0,0.0,1997,0.0,98010,47.3425,-122.03,2810.0,28619.0,2014-08-22,625000.0
5272200045,3.0,1.5,1000.0,6914.0,1.0,0.0,0.0,3,7,1000.0,0.0,1947,0.0,98125,47.7144,-122.319,1000.0,6947.0,2014-11-13,378000.0
9211500520,3.0,1.75,1670.0,6900.0,1.0,0.0,0.0,3,7,1170.0,500.0,1978,0.0,98023,47.2975,-122.38,1740.0,7000.0,2014-06-18,239950.0
3589500260,4.0,2.0,2100.0,4500.0,1.0,0.0,0.0,5,7,1060.0,1040.0,1924,0.0,98105,47.6699,-122.317,1920.0,3900.0,2014-11-11,550000.0
3330500335,2.0,1.0,1010.0,6180.0,1.0,0.0,0.0,3,6,1010.0,0.0,1903,0.0,98118,47.5532,-122.28,1560.0,6180.0,2015-04-22,325000.0
9445300045,4.0,2.5,2030.0,3905.0,1.5,0.0,0.0,4,7,1630.0,400.0,1926,0.0,98103,47.6547,-122.34,2000.0,3905.0,2014-06-09,831000.0
114100354,3.0,1.0,1090.0,10296.0,1.0,0.0,0.0,4,6,1090.0,0.0,1950,0.0,98028,47.7743,-122.26,1910.0,10296.0,2014-12-12,249000.0
1775920340,4.0,1.75,2440.0,16730.0,1.0,0.0,0.0,3,7,1390.0,1050.0,1976,0.0,98072,47.7406,-122.11,1390.0,11600.0,2015-01-26,484000.0
8946700140,4.0,3.0,2500.0,6278.0,2.0,0.0,0.0,3,9,2500.0,0.0,2002,0.0,98092,47.3325,-122.168,2700.0,7200.0,2014-11-21,395000.0
8651610240,4.0,2.5,3420.0,7462.0,2.0,0.0,0.0,3,9,3420.0,0.0,2002,0.0,98074,47.6388,-122.064,3080.0,8031.0,2014-11-19,839900.0
1237500105,4.0,2.5,2850.0,11000.0,2.0,0.0,0.0,3,8,2850.0,0.0,1998,0.0,98052,47.6759,-122.161,1720.0,11000.0,2014-11-13,760000.0
9151600106,4.0,1.5,2030.0,3300.0,1.5,0.0,0.0,4,8,1530.0,500.0,1927,0.0,98116,47.5855,-122.383,2610.0,5400.0,2015-05-12,750000.0
1118000340,5.0,3.75,4590.0,11265.0,2.0,0.0,0.0,4,11,3450.0,1140.0,1927,0.0,98112,47.6389,-122.288,3870.0,8996.0,2015-04-08,3000000.0
7853230570,3.0,2.5,2230.0,5800.0,2.0,0.0,0.0,3,7,2230.0,0.0,2004,0.0,98065,47.5308,-121.847,2230.0,6088.0,2014-09-15,440000.0
4353700200,2.0,1.75,1810.0,7523.0,1.0,0.0,0.0,3,8,1170.0,640.0,1962,0.0,98027,47.5695,-122.087,2090.0,7523.0,2014-12-03,501000.0
7228501805,6.0,4.5,4000.0,7500.0,2.0,0.0,0.0,3,7,4000.0,0.0,1978,0.0,98122,47.6146,-122.306,1380.0,6298.0,2014-09-24,739000.0
9541800075,3.0,1.75,1490.0,16200.0,1.0,0.0,0.0,5,8,1490.0,0.0,1958,0.0,98005,47.5919,-122.175,2070.0,16200.0,2014-09-08,685650.0
3425069083,4.0,4.5,4225.0,284011.0,2.0,0.0,0.0,4,11,4225.0,0.0,1985,0.0,98074,47.6118,-122.024,2870.0,14576.0,2014-06-25,1010000.0
7613700270,4.0,1.75,2120.0,4000.0,1.5,0.0,0.0,4,8,1920.0,200.0,1929,0.0,98105,47.6601,-122.275,2300.0,4000.0,2014-09-16,980000.0
6882200140,3.0,1.5,1030.0,7184.0,1.0,0.0,0.0,4,7,1030.0,0.0,1968,0.0,98056,47.5069,-122.189,1330.0,7262.0,2014-09-30,275000.0
2473380400,4.0,1.75,2310.0,8045.0,1.0,0.0,0.0,4,7,1650.0,660.0,1976,0.0,98058,47.4569,-122.165,1790.0,8086.0,2014-05-19,319950.0
3579000370,3.0,2.25,1830.0,7943.0,2.0,0.0,0.0,3,8,1830.0,0.0,1985,0.0,98028,47.7466,-122.249,2100.0,8070.0,2015-03-20,448500.0
2623029078,5.0,2.0,2120.0,137565.0,1.5,0.0,0.0,3,7,2120.0,0.0,1913,0.0,98070,47.4558,-122.507,2120.0,157123.0,2014-06-03,437000.0
3124049196,4.0,1.5,2500.0,9448.0,1.0,0.0,0.0,4,7,1250.0,1250.0,1966,0.0,98106,47.5212,-122.339,1640.0,9490.0,2014-11-07,330000.0
3374500240,3.0,2.5,2470.0,7700.0,2.0,,0.0,4,8,2470.0,0.0,1990,0.0,98031,47.4096,-122.17,2400.0,7700.0,2014-12-17,365000.0
8911000445,2.0,1.0,940.0,7700.0,1.0,0.0,0.0,4,6,940.0,0.0,1916,0.0,98133,47.7067,-122.354,1290.0,7375.0,2014-11-12,329000.0
1066100260,5.0,2.75,3260.0,11700.0,1.0,0.0,0.0,3,8,1630.0,1630.0,1964,0.0,98008,47.6169,-122.104,2860.0,11700.0,2014-06-20,681500.0
7205850030,3.0,2.25,1660.0,10140.0,1.0,0.0,0.0,4,8,1370.0,290.0,1980,0.0,98052,47.6889,-122.128,2100.0,10125.0,2014-05-09,566000.0
1330910370,4.0,3.0,4370.0,217882.0,2.0,0.0,0.0,3,10,4370.0,0.0,1984,0.0,98053,47.6573,-122.034,2430.0,35096.0,2014-10-20,897500.0
11520370,3.0,2.5,2620.0,9112.0,2.0,0.0,0.0,3,9,2620.0,0.0,1995,0.0,98052,47.6972,-122.116,2620.0,9067.0,2014-12-29,738000.0
3327000070,3.0,1.75,1500.0,7800.0,1.0,0.0,0.0,3,7,1500.0,0.0,1968,0.0,98092,47.3141,-122.192,1490.0,7800.0,2015-04-20,185000.0
2594200350,2.0,1.0,910.0,7200.0,1.0,0.0,1.0,4,7,830.0,80.0,1936,0.0,98136,47.5145,-122.39,1700.0,7200.0,2015-03-04,445000.0
2724049185,3.0,1.75,1430.0,4920.0,1.0,0.0,0.0,2,6,1430.0,0.0,1957,0.0,98118,47.5388,-122.275,1550.0,5646.0,2015-03-25,175000.0
3123800125,2.0,1.0,900.0,8556.0,1.0,0.0,0.0,3,6,760.0,140.0,1941,0.0,98136,47.5148,-122.386,1500.0,8556.0,2014-11-21,315000.0
3298200320,4.0,1.75,1250.0,7400.0,1.0,0.0,0.0,5,6,1250.0,0.0,1959,0.0,98008,47.62,-122.12,990.0,7600.0,2014-06-24,445000.0
2068000270,5.0,3.0,3850.0,14990.0,1.0,0.0,0.0,4,9,2290.0,1560.0,1964,0.0,98004,47.6425,-122.218,3010.0,15001.0,2014-08-05,1400000.0
7732500700,4.0,2.5,3450.0,35100.0,2.0,0.0,0.0,3,10,3450.0,0.0,1987,0.0,98052,47.7302,-122.106,3110.0,35894.0,2014-11-26,832500.0
7851990240,4.0,3.5,3950.0,12320.0,2.0,0.0,0.0,3,10,3950.0,0.0,2001,0.0,98065,47.5414,-121.869,3920.0,11086.0,2014-07-17,771150.0
3423049269,4.0,1.5,1950.0,12559.0,1.5,0.0,0.0,3,6,1950.0,0.0,1939,0.0,98188,47.4364,-122.282,1950.0,9178.0,2014-05-13,225000.0
7852150200,3.0,2.5,1700.0,6396.0,2.0,0.0,0.0,3,7,1700.0,0.0,2003,0.0,98065,47.5333,-121.87,1700.0,4444.0,2014-09-23,389950.0
7853230270,3.0,2.5,2370.0,6082.0,2.0,0.0,0.0,3,7,2370.0,0.0,2004,0.0,98065,47.5288,-121.846,2690.0,6152.0,2014-08-04,435000.0
1965200075,3.0,1.75,1600.0,2538.0,2.0,0.0,0.0,3,7,1600.0,,1929,0.0,98102,47.6447,-122.327,1660.0,1750.0,2015-03-16,845000.0
1959700445,4.0,1.75,4060.0,5500.0,2.0,0.0,0.0,5,9,2660.0,1400.0,1924,0.0,98102,47.6437,-122.321,3320.0,5500.0,2014-07-25,1300000.0
1250200765,3.0,2.25,1322.0,1796.0,2.0,0.0,0.0,3,8,1087.0,235.0,2005,0.0,98144,47.5976,-122.298,1690.0,2025.0,2014-07-14,350000.0
3275300270,3.0,1.75,1140.0,10400.0,1.0,0.0,0.0,4,7,1140.0,0.0,1983,0.0,98003,47.2598,-122.311,1280.0,9800.0,2014-07-08,250000.0
7548300751,2.0,1.5,1280.0,2096.0,2.0,0.0,0.0,3,7,1080.0,200.0,2007,0.0,98144,47.5872,-122.308,1340.0,7452.0,2015-04-30,370000.0
9526600260,4.0,2.5,3080.0,4553.0,2.5,0.0,0.0,3,8,3080.0,0.0,2008,0.0,98052,47.7066,-122.112,2750.0,4929.0,2014-07-29,750000.0
2880100240,2.0,1.75,1210.0,3000.0,1.0,0.0,0.0,5,7,910.0,300.0,1906,0.0,98117,47.6789,-122.365,1260.0,3000.0,2014-08-25,439950.0
5253300320,4.0,1.75,1950.0,10219.0,1.0,0.0,0.0,3,7,1950.0,0.0,1962,0.0,98133,47.7492,-122.336,1500.0,9099.0,2014-11-03,395000.0
2291400566,4.0,1.0,1450.0,6820.0,1.5,0.0,0.0,3,6,1450.0,0.0,1947,0.0,98133,47.7061,-122.347,1450.0,6820.0,2014-08-07,375000.0
103400160,3.0,2.25,1590.0,7748.0,2.0,0.0,0.0,4,7,1590.0,0.0,1991,0.0,98003,47.2857,-122.3,1590.0,7606.0,2014-05-15,263000.0
1951600240,3.0,1.0,1240.0,9198.0,1.5,0.0,0.0,4,7,1240.0,0.0,1959,0.0,98032,47.37,-122.297,1170.0,8970.0,2014-12-08,185000.0
224069129,3.0,1.0,1440.0,54315.0,1.0,0.0,0.0,3,7,790.0,650.0,1974,0.0,98075,47.591,-122.01,2690.0,40518.0,2015-02-25,500000.0
5608000860,4.0,2.5,3470.0,10045.0,2.0,0.0,0.0,3,10,3470.0,0.0,1993,0.0,98027,47.554,-122.095,4370.0,12359.0,2014-09-26,920000.0
424069271,7.0,3.75,5100.0,21802.0,2.0,,0.0,3,10,3640.0,1460.0,2001,0.0,98075,47.595,-122.04,3350.0,10005.0,2014-10-24,936000.0
8964800390,3.0,1.75,2430.0,12757.0,1.0,0.0,2.0,4,8,1340.0,1090.0,1952,0.0,98004,47.6201,-122.209,2930.0,12450.0,2014-05-08,1500000.0
7533800885,3.0,2.25,2420.0,7200.0,1.0,0.0,0.0,3,8,1420.0,1000.0,1948,0.0,98115,47.6867,-122.275,2500.0,7200.0,2014-10-27,1100000.0
2312400200,3.0,2.5,1510.0,10875.0,1.0,0.0,0.0,3,7,1150.0,360.0,1990,0.0,98003,47.3482,-122.3,1810.0,9916.0,2015-01-02,247000.0
3226049267,3.0,1.0,1200.0,5525.0,1.0,0.0,0.0,2,7,1200.0,0.0,1947,0.0,98115,47.6981,-122.325,1580.0,7200.0,2015-04-25,289500.0
7852130640,3.0,2.5,2240.0,6396.0,2.0,0.0,0.0,3,7,2240.0,0.0,2002,0.0,98065,47.5356,-121.881,2610.0,5128.0,2014-06-02,432500.0
9530101535,3.0,1.75,1870.0,4320.0,1.0,0.0,0.0,4,7,970.0,900.0,1920,0.0,98103,47.6663,-122.357,1810.0,3900.0,2015-03-27,680000.0
6822100030,3.0,1.0,1110.0,6000.0,1.5,0.0,0.0,5,7,1110.0,0.0,1932,0.0,98199,47.6496,-122.403,1420.0,6000.0,2014-05-28,589000.0
1090000036,4.0,2.0,3210.0,8400.0,1.5,0.0,0.0,5,7,2040.0,1170.0,1914,0.0,98136,47.5322,-122.391,2540.0,6458.0,2014-12-23,756450.0
6619910260,3.0,1.75,2090.0,8910.0,1.0,0.0,0.0,3,8,1230.0,860.0,1975,0.0,98034,47.7149,-122.222,2310.0,10695.0,2015-04-07,536650.0
342000036,3.0,2.25,1320.0,1800.0,2.0,0.0,0.0,3,7,1320.0,0.0,1994,0.0,98122,47.6081,-122.289,2010.0,4500.0,2014-07-02,540000.0
3448002267,3.0,1.75,1340.0,3850.0,1.0,0.0,0.0,4,7,1340.0,0.0,1960,0.0,98125,47.7134,-122.292,1540.0,7645.0,2015-04-28,385000.0
7974200765,3.0,1.0,1020.0,6120.0,1.0,0.0,0.0,3,7,1020.0,0.0,1941,0.0,98115,47.6787,-122.285,2370.0,6695.0,2014-09-02,485000.0
7230400400,3.0,2.0,1220.0,17652.0,1.0,0.0,0.0,4,7,1220.0,0.0,1980,0.0,98059,47.4712,-122.1,1990.0,17652.0,2014-09-26,240000.0
7230400400,3.0,2.0,1220.0,17652.0,1.0,0.0,0.0,4,7,1220.0,0.0,1980,0.0,98059,47.4712,-122.1,1990.0,17652.0,2015-03-26,415500.0
2028700575,3.0,2.0,1390.0,2688.0,1.5,0.0,0.0,5,7,1390.0,0.0,1915,0.0,98117,47.6783,-122.366,1440.0,2900.0,2014-11-13,550000.0
4232400400,4.0,2.0,2970.0,5400.0,2.5,0.0,0.0,4,9,2970.0,,1900,0.0,98112,47.6235,-122.309,2500.0,5040.0,2014-09-29,1260000.0
792500260,2.0,2.0,1440.0,213008.0,2.0,0.0,0.0,4,7,1440.0,0.0,1990,0.0,98070,47.3604,-122.457,1630.0,161172.0,2014-07-15,430000.0
2493200370,2.0,1.75,1550.0,4257.0,1.0,0.0,3.0,3,7,830.0,720.0,1953,0.0,98136,47.5274,-122.384,1920.0,5100.0,2014-11-12,415000.0
844001052,4.0,2.5,1904.0,8200.0,2.0,0.0,0.0,5,7,1904.0,0.0,1999,0.0,98010,47.3107,-122.001,1560.0,12426.0,2015-01-28,365000.0
7696610240,4.0,1.5,1400.0,8500.0,2.0,0.0,0.0,3,7,1400.0,0.0,1975,0.0,98001,47.3314,-122.275,1580.0,7650.0,2014-12-10,257000.0
3630110370,3.0,2.5,2140.0,3821.0,2.0,0.0,0.0,3,8,2140.0,0.0,2005,0.0,98029,47.5541,-121.995,2860.0,3841.0,2014-06-24,420000.0
1217000270,3.0,1.75,1320.0,9450.0,1.0,0.0,0.0,5,7,1320.0,0.0,1943,0.0,98166,47.4557,-122.348,1320.0,8315.0,2014-09-16,338995.0
9441300030,3.0,1.75,2620.0,8280.0,1.0,0.0,0.0,4,7,1330.0,1290.0,1948,0.0,98177,47.7235,-122.359,1530.0,8160.0,2015-04-10,615000.0
2991000160,4.0,0.5,2300.0,5570.0,2.0,0.0,0.0,3,8,2300.0,,1996,0.0,98092,47.3285,-122.168,1820.0,6371.0,2014-12-12,312500.0
6641020160,4.0,2.5,2000.0,5684.0,2.0,0.0,0.0,3,8,2000.0,0.0,1996,0.0,98028,47.7443,-122.22,2210.0,7066.0,2014-05-06,513000.0
2998300075,4.0,2.75,2960.0,5040.0,2.0,0.0,3.0,3,9,2210.0,750.0,1952,0.0,98116,47.5747,-122.408,2270.0,5500.0,2015-01-27,857500.0
5456000570,3.0,2.75,2700.0,22343.0,1.5,0.0,1.0,4,10,2700.0,0.0,1977,0.0,98040,47.5706,-122.209,3390.0,15682.0,2014-12-30,1060000.0
7784400070,3.0,1.75,1740.0,9500.0,1.0,0.0,3.0,4,8,1150.0,590.0,1958,0.0,98146,47.4919,-122.365,2110.0,9450.0,2014-07-22,585000.0
2781250400,2.0,2.5,1770.0,4950.0,1.0,0.0,0.0,3,7,1770.0,0.0,2003,0.0,98038,47.3497,-122.025,1770.0,4500.0,2014-10-08,350500.0
3821400200,3.0,2.0,1290.0,9312.0,1.0,0.0,0.0,3,7,1290.0,0.0,1947,0.0,98168,47.4811,-122.325,1650.0,7300.0,2014-10-06,215000.0
3580900200,4.0,2.0,1450.0,8400.0,1.5,0.0,0.0,4,7,1450.0,0.0,1962,0.0,98034,47.7285,-122.24,1450.0,7440.0,2014-06-17,440000.0
5466750140,3.0,2.25,1420.0,7800.0,1.0,,0.0,4,7,1130.0,290.0,1985,0.0,98042,47.3598,-122.157,1460.0,7800.0,2015-04-27,270000.0
8122100160,3.0,0.75,1330.0,7020.0,1.0,0.0,0.0,5,7,1330.0,0.0,1924,0.0,98126,47.5377,-122.376,1410.0,5802.0,2014-10-23,385000.0
9523102447,3.0,1.75,1760.0,4125.0,1.5,0.0,3.0,4,7,1760.0,0.0,1927,0.0,98103,47.6748,-122.352,1760.0,4000.0,2014-11-17,688500.0
7234601525,3.0,1.75,2010.0,4905.0,1.0,0.0,0.0,5,7,1230.0,780.0,1912,0.0,98122,47.6105,-122.309,2210.0,1834.0,2014-05-19,700000.0
6071300160,5.0,2.0,2560.0,14467.0,1.0,0.0,0.0,3,8,1280.0,1280.0,1960,0.0,98006,47.5547,-122.178,2200.0,10267.0,2014-08-22,585000.0
8044200200,2.0,1.5,1260.0,2625.0,2.0,0.0,0.0,4,7,1260.0,0.0,1983,0.0,98052,47.6747,-122.151,1260.0,2625.0,2015-02-26,401000.0
8563050350,4.0,2.25,2420.0,7725.0,1.0,0.0,0.0,4,8,1890.0,530.0,1972,0.0,98052,47.6287,-122.093,1740.0,7944.0,2015-03-06,655000.0
1282300105,3.0,1.0,1010.0,5400.0,1.0,0.0,0.0,3,6,1010.0,0.0,1959,0.0,98144,47.5746,-122.293,960.0,5400.0,2014-06-04,317000.0
3374300030,4.0,2.5,1770.0,8155.0,1.5,0.0,0.0,4,6,1770.0,0.0,1970,0.0,98034,47.719,-122.173,1460.0,7360.0,2015-05-05,500000.0
9232900075,2.0,1.0,890.0,6350.0,1.0,0.0,0.0,3,6,890.0,0.0,1943,0.0,98103,47.6975,-122.357,1490.0,6350.0,2014-10-21,314963.0
952000640,3.0,1.5,1670.0,5060.0,2.0,0.0,2.0,5,7,1670.0,0.0,1925,0.0,98126,47.5671,-122.379,1670.0,5118.0,2014-10-27,715000.0
7334600030,3.0,2.25,1360.0,9600.0,2.0,0.0,0.0,3,7,1360.0,0.0,1992,0.0,98045,47.4687,-121.749,1200.0,10400.0,2014-10-14,280000.0
200500700,3.0,2.5,2120.0,9736.0,2.0,0.0,0.0,3,9,2120.0,0.0,1988,0.0,98011,47.7374,-122.219,2490.0,8763.0,2014-06-12,531000.0
11200400,3.0,2.5,1910.0,4488.0,2.0,0.0,0.0,3,8,1910.0,,1998,0.0,98007,47.6176,-122.14,1530.0,3696.0,2014-09-23,617000.0
1139000135,4.0,1.0,1480.0,7560.0,1.5,0.0,0.0,3,7,1480.0,0.0,1940,0.0,98177,47.7079,-122.358,1480.0,7560.0,2014-10-09,440000.0
7468900270,3.0,1.0,1090.0,10114.0,1.0,0.0,0.0,4,7,1090.0,0.0,1955,0.0,98002,47.2975,-122.223,1380.0,7800.0,2014-07-29,140000.0
1036400200,4.0,1.75,1670.0,13125.0,1.0,0.0,0.0,5,8,1670.0,0.0,1973,0.0,98052,47.6315,-122.101,2360.0,12500.0,2015-02-13,661000.0
1036400200,4.0,1.75,1670.0,13125.0,1.0,0.0,0.0,5,8,1670.0,0.0,1973,0.0,98052,47.6315,-122.101,2360.0,12500.0,2015-04-29,697000.0
3622900200,5.0,2.75,3650.0,13297.0,2.0,0.0,0.0,5,9,2750.0,900.0,1969,0.0,98040,47.5497,-122.228,2900.0,11568.0,2014-06-27,1200000.0
6884800262,4.0,2.0,1970.0,3515.0,1.0,0.0,0.0,5,8,1030.0,940.0,1969,0.0,98115,47.6873,-122.314,1650.0,4275.0,2014-09-20,535000.0
7950302255,2.0,2.0,1320.0,3060.0,1.5,0.0,0.0,4,6,1320.0,0.0,1910,0.0,98118,47.5643,-122.284,1410.0,3264.0,2015-03-24,404500.0
3524039196,3.0,1.0,1710.0,5110.0,1.0,0.0,0.0,3,7,1100.0,610.0,1954,0.0,98126,47.5256,-122.379,1310.0,5110.0,2014-11-12,396500.0
2064800830,3.0,2.25,1740.0,9488.0,1.0,0.0,0.0,4,8,1180.0,560.0,1977,0.0,98056,47.5339,-122.174,1880.0,8615.0,2015-03-20,450000.0
1861400116,3.0,3.25,2200.0,2400.0,2.0,0.0,0.0,3,8,1740.0,460.0,1988,0.0,98119,47.6325,-122.371,2200.0,3600.0,2015-01-16,605000.0
7129302685,3.0,2.0,2010.0,4320.0,2.0,0.0,2.0,3,9,2010.0,0.0,1999,0.0,98118,47.5153,-122.256,1640.0,5225.0,2014-09-11,699000.0
4046600070,3.0,3.0,3910.0,19023.0,2.0,0.0,0.0,3,11,3910.0,0.0,1985,0.0,98014,47.6953,-121.914,1860.0,15001.0,2014-06-19,805000.0
8655900162,1.0,0.75,470.0,15000.0,1.0,0.0,0.0,3,4,470.0,0.0,1947,0.0,98014,47.6554,-121.908,1730.0,22500.0,2015-02-19,156000.0
2193310320,4.0,2.5,2330.0,7064.0,1.0,0.0,0.0,4,8,1780.0,550.0,1984,0.0,98052,47.6955,-122.097,1740.0,8075.0,2015-03-06,595000.0
5417600200,3.0,1.75,1930.0,7200.0,1.5,0.0,0.0,3,6,1930.0,0.0,1929,0.0,98065,47.5263,-121.809,1350.0,9000.0,2014-07-28,285000.0
4178900070,4.0,2.5,3270.0,6055.0,2.0,0.0,0.0,3,9,3270.0,0.0,2007,0.0,98056,47.5374,-122.192,2740.0,7367.0,2015-03-25,725000.0
2115720070,3.0,2.5,1650.0,5000.0,2.0,0.0,0.0,3,8,1650.0,0.0,1985,0.0,98023,47.3206,-122.394,1720.0,5000.0,2014-11-25,216300.0
3211100990,4.0,2.75,2220.0,8450.0,1.0,,0.0,4,7,1260.0,960.0,1983,0.0,98059,47.4804,-122.157,1580.0,8450.0,2014-10-20,410000.0
5288200260,2.0,1.75,2470.0,4600.0,1.0,0.0,3.0,4,7,1140.0,1330.0,1916,0.0,98126,47.5599,-122.378,1790.0,5175.0,2014-09-03,597000.0
1771110070,3.0,1.0,1300.0,9300.0,1.0,0.0,0.0,4,7,1300.0,0.0,1977,0.0,98077,47.7562,-122.073,1300.0,10064.0,2015-02-18,325000.0
274000070,5.0,2.75,2530.0,9375.0,1.0,0.0,0.0,5,7,1530.0,1000.0,1966,0.0,98030,47.3738,-122.214,2250.0,8200.0,2015-04-01,355000.0
2816900030,3.0,1.5,2400.0,8215.0,1.0,0.0,0.0,3,7,1200.0,1200.0,1961,0.0,98146,47.5001,-122.338,1460.0,8217.0,2014-12-18,338000.0
304100070,4.0,2.25,1500.0,5393.0,2.0,0.0,0.0,3,7,1500.0,0.0,1999,0.0,98001,47.3378,-122.263,1700.0,5917.0,2014-11-18,210000.0
3876200350,4.0,1.75,1700.0,9000.0,1.0,0.0,0.0,3,7,1700.0,0.0,1967,0.0,98034,47.7308,-122.18,1930.0,7818.0,2014-08-14,423000.0
7806210070,4.0,1.5,2120.0,8554.0,1.0,0.0,0.0,4,7,1170.0,950.0,1977,0.0,98002,47.2933,-122.195,1790.0,8554.0,2015-02-11,249500.0
5437600140,4.0,2.5,2240.0,5105.0,2.0,0.0,0.0,4,8,2240.0,0.0,2002,0.0,98042,47.3922,-122.165,1920.0,5288.0,2015-01-10,325000.0
1796360370,3.0,1.75,1540.0,8223.0,1.0,0.0,0.0,4,7,1070.0,470.0,1987,0.0,98042,47.3666,-122.089,1240.0,8113.0,2015-03-25,257000.0
1428001160,3.0,1.75,1890.0,100623.0,1.0,0.0,3.0,3,8,1890.0,0.0,1978,0.0,98053,47.6454,-121.978,2110.0,50529.0,2015-04-20,550000.0
1233100260,3.0,1.0,1260.0,9638.0,2.0,,0.0,4,7,1260.0,0.0,1920,0.0,98033,47.6773,-122.178,1760.0,7822.0,2014-11-14,490000.0
8835220200,2.0,1.5,1160.0,3838.0,2.0,,0.0,3,7,1160.0,0.0,1983,0.0,98034,47.7255,-122.164,1410.0,3780.0,2015-02-02,299000.0
2023039045,2.0,1.0,1300.0,39639.0,1.0,,0.0,4,6,1300.0,0.0,1960,0.0,98070,47.466,-122.452,1880.0,98881.0,2014-11-03,295000.0
7504400400,4.0,2.5,3220.0,14463.0,2.0,0.0,0.0,3,8,3220.0,0.0,1978,0.0,98074,47.6261,-122.047,2550.0,12109.0,2014-10-29,630000.0
1432900310,4.0,1.5,2020.0,8474.0,1.0,0.0,0.0,5,7,1010.0,1010.0,1962,0.0,98058,47.4579,-122.17,1720.0,8166.0,2015-04-24,320000.0
9541600295,4.0,2.5,2990.0,8640.0,1.0,0.0,0.0,5,8,2100.0,890.0,1959,0.0,98005,47.5932,-122.172,2270.0,8800.0,2015-04-24,1110000.0
2914700310,4.0,1.0,1420.0,6458.0,1.0,0.0,0.0,4,7,1420.0,0.0,1953,0.0,98117,47.6988,-122.358,1670.0,6350.0,2014-09-22,398000.0
7972604355,3.0,1.0,1020.0,7874.0,1.0,0.0,0.0,3,7,1020.0,0.0,1956,0.0,98106,47.5175,-122.346,1290.0,7320.0,2014-05-21,218000.0
2423069084,4.0,2.75,2400.0,104108.0,2.0,0.0,0.0,3,8,2400.0,0.0,1988,0.0,98027,47.4686,-121.989,2270.0,54450.0,2015-03-03,590000.0
8655000070,5.0,3.0,3640.0,8239.0,2.0,0.0,3.0,3,10,2540.0,1100.0,1982,0.0,98008,47.5842,-122.111,3330.0,10643.0,2014-06-01,1600000.0
8165501620,2.0,2.25,1550.0,1824.0,2.0,,0.0,3,8,1550.0,0.0,2007,0.0,98106,47.5396,-122.368,1460.0,1826.0,2014-12-18,348500.0
8682281480,2.0,2.0,1870.0,4751.0,1.0,0.0,0.0,3,8,1870.0,0.0,2006,0.0,98053,47.7082,-122.015,2170.0,5580.0,2014-07-25,592500.0
1137610140,3.0,2.5,2340.0,5957.0,2.0,0.0,0.0,3,8,2340.0,0.0,1995,0.0,98028,47.7347,-122.236,2340.0,6604.0,2014-06-10,505000.0
4232900310,5.0,4.25,3350.0,3600.0,2.0,0.0,0.0,3,10,2260.0,1090.0,2014,0.0,98119,47.6351,-122.364,1810.0,3600.0,2014-10-29,1430000.0
324000370,3.0,1.0,1710.0,5000.0,1.0,0.0,0.0,5,7,1140.0,570.0,1921,0.0,98116,47.5719,-122.385,1670.0,4000.0,2014-07-21,502000.0
3822200036,2.0,2.0,1180.0,9265.0,1.0,0.0,0.0,3,7,1180.0,0.0,1940,0.0,98125,47.7252,-122.297,460.0,18000.0,2014-06-24,257500.0
3876100310,3.0,1.5,1600.0,7500.0,1.0,0.0,0.0,3,7,1600.0,0.0,1966,0.0,98034,47.721,-122.182,1700.0,7500.0,2014-07-11,405000.0
8024201525,3.0,1.75,1300.0,5111.0,1.0,0.0,0.0,4,7,1300.0,0.0,1959,0.0,98115,47.7005,-122.314,1370.0,5111.0,2015-03-17,427000.0
4024101670,3.0,1.5,1040.0,9997.0,1.0,0.0,0.0,4,7,1040.0,0.0,1955,0.0,98155,47.7583,-122.302,1040.0,8699.0,2014-12-04,290000.0
3124049171,3.0,1.0,1220.0,7695.0,1.0,0.0,0.0,3,7,1220.0,0.0,1954,0.0,98106,47.5191,-122.339,1210.0,7412.0,2015-03-24,222000.0
2310100240,3.0,2.5,2240.0,6097.0,2.0,,0.0,3,8,2240.0,0.0,2002,0.0,98038,47.3503,-122.042,2240.0,5574.0,2014-12-18,315000.0
8021700030,3.0,1.5,1420.0,4500.0,1.0,0.0,0.0,3,7,1420.0,0.0,1959,0.0,98103,47.694,-122.332,1540.0,6375.0,2014-06-04,371000.0
3861500340,3.0,1.75,1580.0,6620.0,1.0,0.0,0.0,3,7,1580.0,0.0,1988,0.0,98003,47.2798,-122.303,1580.0,8137.0,2014-06-26,279900.0
1823069046,3.0,1.5,2390.0,23522.0,1.0,0.0,0.0,2,7,1890.0,500.0,1938,19680.0,98059,47.4754,-122.09,2430.0,23958.0,2015-04-20,250000.0
6070500055,4.0,2.25,2260.0,29930.0,2.0,,0.0,4,8,1400.0,860.0,1977,0.0,98006,47.5689,-122.126,2770.0,29930.0,2014-05-06,599000.0
520069032,3.0,1.75,1890.0,93218.0,1.0,0.0,0.0,4,7,1890.0,0.0,1964,0.0,98092,47.2568,-122.07,1690.0,172062.0,2014-07-16,267300.0
4154303655,2.0,1.75,1830.0,7200.0,1.0,0.0,2.0,4,7,1070.0,760.0,1949,0.0,98118,47.5592,-122.273,1570.0,6000.0,2014-12-11,585000.0
3876800710,3.0,1.75,1000.0,8268.0,1.0,0.0,0.0,3,6,1000.0,0.0,1969,0.0,98072,47.7417,-122.172,1220.0,7800.0,2015-04-14,350000.0
259000240,3.0,1.75,2180.0,7700.0,1.0,0.0,0.0,3,8,1480.0,700.0,1961,0.0,98177,47.7594,-122.361,2180.0,7604.0,2014-06-17,506000.0
1822069041,6.0,2.0,2320.0,210830.0,2.0,,0.0,4,8,2320.0,0.0,1962,0.0,98058,47.398,-122.081,2540.0,217800.0,2014-11-13,400000.0
7520000695,3.0,1.0,840.0,4495.0,1.0,0.0,0.0,3,6,840.0,0.0,1921,0.0,98146,47.496,-122.349,1260.0,7434.0,2014-11-04,151100.0
7520000695,3.0,1.0,840.0,4495.0,1.0,0.0,0.0,3,6,840.0,0.0,1921,0.0,98146,47.496,-122.349,1260.0,7434.0,2015-04-21,251000.0
2141330700,4.0,2.25,2350.0,8140.0,1.0,0.0,0.0,4,8,1430.0,920.0,1977,0.0,98006,47.5579,-122.129,2640.0,8700.0,2014-05-22,555000.0
3123039082,3.0,1.75,2040.0,273556.0,1.0,0.0,0.0,3,7,2040.0,0.0,1997,0.0,98070,47.4361,-122.469,1790.0,273556.0,2014-10-06,467500.0
7215420370,4.0,2.5,2370.0,30378.0,2.0,0.0,0.0,3,8,2370.0,0.0,1996,0.0,98042,47.3389,-122.066,2870.0,34834.0,2015-04-07,479000.0
1311000270,5.0,2.0,1590.0,9350.0,1.0,0.0,0.0,5,7,1060.0,530.0,1962,0.0,98001,47.3398,-122.286,1460.0,8210.0,2015-04-16,247000.0
7334500800,3.0,1.0,1380.0,10875.0,1.0,0.0,0.0,3,7,1380.0,0.0,1977,0.0,98045,47.4653,-121.745,1040.0,10875.0,2015-01-23,299500.0
2832100270,4.0,1.5,1940.0,8970.0,1.5,0.0,0.0,3,7,1270.0,670.0,1980,0.0,98125,47.7297,-122.326,1960.0,8470.0,2015-05-07,306888.0
3022079094,4.0,2.5,3320.0,244807.0,2.0,0.0,0.0,3,9,3320.0,0.0,2001,0.0,98010,47.3637,-121.955,2530.0,217800.0,2014-10-06,675000.0
2436200320,2.0,1.0,1090.0,5265.0,1.5,0.0,0.0,4,7,1090.0,0.0,1947,0.0,98105,47.6638,-122.292,2080.0,4000.0,2015-04-21,577000.0
1042500013,3.0,1.5,1650.0,9936.0,1.0,0.0,0.0,3,7,1090.0,560.0,1967,0.0,98003,47.3285,-122.328,1560.0,9890.0,2014-05-20,219950.0
3897100060,3.0,1.5,1110.0,5500.0,1.0,0.0,0.0,3,6,1110.0,0.0,1940,0.0,98033,47.6717,-122.184,1670.0,6600.0,2014-07-23,375000.0
3188100105,4.0,2.5,2110.0,6820.0,1.0,0.0,0.0,5,7,1530.0,580.0,1942,0.0,98115,47.6882,-122.306,1420.0,6431.0,2014-11-07,650000.0
2767604170,3.0,3.0,1850.0,5000.0,1.5,,0.0,2,6,1850.0,0.0,1900,0.0,98107,47.6711,-122.386,1360.0,2500.0,2015-04-06,975000.0
1773100765,1.0,1.0,600.0,3720.0,1.0,0.0,0.0,3,6,600.0,0.0,1920,0.0,98106,47.5558,-122.363,1480.0,4800.0,2015-04-29,229000.0
1211000070,5.0,2.5,2760.0,4000.0,1.5,0.0,0.0,3,8,1730.0,1030.0,1926,20140.0,98122,47.6074,-122.299,1680.0,4000.0,2014-09-21,575000.0
8920100041,4.0,1.75,2970.0,14880.0,1.0,0.0,4.0,5,9,1560.0,1410.0,1962,0.0,98075,47.5907,-122.086,3310.0,13388.0,2015-04-28,815000.0
126059225,3.0,1.75,2300.0,43560.0,1.0,0.0,0.0,4,7,1350.0,950.0,1979,0.0,98077,47.7716,-122.101,2320.0,57000.0,2014-08-06,525000.0
9286100320,3.0,2.5,2030.0,2805.0,2.0,0.0,0.0,3,8,1720.0,310.0,2001,0.0,98027,47.5305,-122.047,1670.0,2898.0,2014-06-06,471000.0
4449800681,4.0,1.75,2160.0,4333.0,1.0,0.0,0.0,4,8,1260.0,900.0,1942,0.0,98117,47.6893,-122.388,1670.0,4426.0,2014-06-23,450000.0
5505700030,3.0,2.0,1650.0,6150.0,2.0,0.0,0.0,4,7,1650.0,0.0,1926,19930.0,98116,47.5713,-122.394,1280.0,6150.0,2014-05-28,590000.0
3260590070,4.0,2.5,3140.0,7260.0,2.0,0.0,0.0,3,8,2200.0,940.0,2004,0.0,98006,47.5664,-122.124,2860.0,8186.0,2014-08-01,744000.0
3211240370,4.0,2.25,2690.0,36114.0,2.0,0.0,0.0,4,9,2690.0,0.0,1986,0.0,98092,47.3106,-122.116,2570.0,35091.0,2014-12-01,460000.0
8142000060,5.0,2.5,1940.0,9389.0,1.0,0.0,0.0,4,7,1290.0,650.0,1960,0.0,98155,47.7438,-122.328,1810.0,9390.0,2015-03-13,299000.0
5595900316,4.0,1.0,1220.0,5120.0,1.5,0.0,0.0,5,6,1220.0,0.0,1940,0.0,98022,47.205,-121.996,1540.0,7670.0,2015-01-29,231000.0
4312700200,3.0,1.0,1300.0,9600.0,1.0,0.0,0.0,4,6,1300.0,0.0,1975,0.0,98092,47.3037,-122.107,1150.0,10222.0,2014-08-20,195000.0
9407001600,3.0,1.75,1660.0,11500.0,1.0,0.0,0.0,3,7,1130.0,530.0,1979,0.0,98045,47.4473,-121.774,1250.0,11000.0,2015-04-23,305000.0
5700001895,4.0,1.5,3390.0,6200.0,2.0,,0.0,4,8,2530.0,860.0,1916,0.0,98144,47.58,-122.29,3080.0,6000.0,2015-03-02,895000.0
1424200070,4.0,1.5,2310.0,13300.0,1.0,0.0,0.0,3,7,1890.0,420.0,1950,0.0,98004,47.6232,-122.21,2840.0,12744.0,2014-05-07,1110000.0
1708400370,2.0,1.0,950.0,7954.0,1.0,0.0,0.0,4,7,950.0,0.0,1941,0.0,98108,47.557,-122.306,1180.0,6828.0,2014-06-26,339000.0
5457801925,4.0,3.75,2400.0,3520.0,1.0,0.0,0.0,3,7,1370.0,1030.0,1924,0.0,98109,47.6295,-122.346,2230.0,1419.0,2015-04-11,885000.0
2895600350,3.0,1.0,1780.0,5236.0,1.5,0.0,0.0,5,6,1050.0,730.0,1944,0.0,98146,47.5119,-122.386,1260.0,5320.0,2014-11-03,375000.0
4036801070,4.0,1.5,1280.0,7400.0,1.0,,0.0,3,7,1280.0,0.0,1958,0.0,98008,47.6023,-122.123,1310.0,7400.0,2014-08-04,367400.0
976000879,4.0,2.0,1930.0,5398.0,1.0,0.0,0.0,3,7,1430.0,500.0,1953,0.0,98119,47.646,-122.363,1910.0,4902.0,2015-04-24,700000.0
7923100400,5.0,2.25,2560.0,10360.0,1.0,0.0,0.0,4,8,1870.0,690.0,1966,0.0,98008,47.5819,-122.126,2070.0,7875.0,2015-01-30,667000.0
7129304200,2.0,1.0,920.0,5250.0,1.0,0.0,0.0,4,6,920.0,0.0,1906,0.0,98118,47.5177,-122.266,1210.0,5250.0,2014-12-22,200000.0
2225069062,3.0,2.5,1900.0,18414.0,2.0,0.0,0.0,3,8,1900.0,0.0,1971,20070.0,98074,47.6326,-122.015,2900.0,39921.0,2015-04-15,552775.0
3343903240,3.0,2.0,2270.0,148975.0,1.0,,0.0,4,6,1270.0,1000.0,1900,19800.0,98056,47.5092,-122.195,2210.0,17388.0,2014-07-22,452000.0
5095401360,3.0,2.5,2080.0,16050.0,1.0,0.0,0.0,5,8,1360.0,720.0,1978,0.0,98059,47.4694,-122.069,1790.0,14550.0,2014-11-21,418000.0
2547200160,3.0,1.75,1460.0,10128.0,1.0,0.0,0.0,3,8,1460.0,0.0,1968,20000.0,98033,47.6709,-122.167,2240.0,10154.0,2015-02-12,601500.0
124069032,3.0,1.75,1670.0,39639.0,1.0,0.0,0.0,4,8,1670.0,0.0,1976,19920.0,98075,47.5929,-121.989,2330.0,30492.0,2014-05-05,600000.0
7300400320,4.0,2.5,2810.0,6481.0,2.0,0.0,0.0,3,9,2810.0,0.0,1998,0.0,98092,47.333,-122.172,2660.0,6958.0,2015-04-24,340000.0
7212660560,3.0,2.5,2370.0,6752.0,2.0,0.0,0.0,3,8,2370.0,0.0,1994,0.0,98003,47.2703,-122.312,1870.0,7455.0,2014-08-26,310000.0
3343902650,2.0,1.75,1700.0,18000.0,1.0,0.0,0.0,3,8,1700.0,0.0,1972,0.0,98056,47.5066,-122.194,1700.0,8225.0,2014-12-17,290000.0
3034200036,2.0,1.0,1630.0,9255.0,1.0,0.0,0.0,3,7,1630.0,0.0,1941,0.0,98133,47.7222,-122.332,1800.0,8000.0,2015-04-24,438000.0
1498303855,4.0,2.75,2930.0,4408.0,1.0,0.0,0.0,5,8,1660.0,1270.0,1939,0.0,98144,47.5841,-122.295,2200.0,4000.0,2015-02-24,718000.0
1446404015,2.0,1.0,860.0,6600.0,1.0,0.0,0.0,5,6,860.0,0.0,1949,0.0,98168,47.4878,-122.324,1030.0,6732.0,2014-06-20,200000.0
5467910140,3.0,2.0,1980.0,12150.0,1.0,0.0,0.0,3,9,1980.0,0.0,1994,0.0,98042,47.3657,-122.152,2200.0,12150.0,2014-05-28,479900.0
2472920800,3.0,2.5,2080.0,7877.0,2.0,0.0,0.0,3,9,2080.0,0.0,1987,0.0,98058,47.4395,-122.151,2550.0,7660.0,2015-04-23,400000.0
7147600070,3.0,1.0,1060.0,10042.0,1.0,0.0,0.0,4,7,1060.0,0.0,1957,0.0,98188,47.4434,-122.283,1130.0,10925.0,2015-03-23,219950.0
3820350140,3.0,2.5,1590.0,3381.0,2.0,0.0,0.0,3,7,1590.0,0.0,2000,0.0,98019,47.7344,-121.986,1820.0,3383.0,2014-08-27,300000.0
520700125,3.0,2.25,1980.0,8775.0,1.0,0.0,0.0,3,7,1290.0,690.0,1959,0.0,98177,47.7753,-122.359,1550.0,9240.0,2014-08-05,437000.0
3211200140,4.0,2.0,1720.0,7210.0,1.0,0.0,0.0,3,7,860.0,,1971,0.0,98034,47.7307,-122.239,1250.0,7210.0,2014-07-10,350000.0
250000320,4.0,1.75,1350.0,9293.0,1.0,0.0,0.0,4,7,1350.0,0.0,1954,0.0,98004,47.6335,-122.196,1890.0,9293.0,2014-09-29,626000.0
6139800640,3.0,2.5,2080.0,12032.0,2.0,0.0,0.0,3,8,2080.0,0.0,1978,0.0,98077,47.7455,-122.073,2320.0,9900.0,2015-02-24,490000.0
6699000710,3.0,2.5,2090.0,4700.0,2.0,0.0,0.0,3,8,2090.0,0.0,2002,0.0,98042,47.3724,-122.104,2740.0,5040.0,2014-05-20,289000.0
7010700550,3.0,2.5,2030.0,5100.0,2.0,0.0,0.0,3,7,2030.0,0.0,2008,0.0,98199,47.6594,-122.397,1790.0,4380.0,2014-11-14,595000.0
5506500070,3.0,2.25,2680.0,41804.0,1.0,0.0,0.0,3,9,2680.0,0.0,1989,0.0,98045,47.4828,-121.73,2680.0,40866.0,2014-12-11,676000.0
3293700521,3.0,1.75,1820.0,8028.0,1.0,0.0,0.0,3,7,1220.0,600.0,1980,0.0,98133,47.7466,-122.355,1940.0,11100.0,2015-04-14,389000.0
6929604005,3.0,2.0,1300.0,5000.0,1.0,0.0,0.0,4,7,1300.0,0.0,1983,0.0,98198,47.3837,-122.304,1630.0,7500.0,2014-09-15,240000.0
3216900070,4.0,2.5,2210.0,7079.0,2.0,0.0,0.0,3,8,2210.0,0.0,1993,0.0,98031,47.4206,-122.183,1970.0,7000.0,2014-06-17,382500.0
7922800160,3.0,2.0,1400.0,7293.0,1.0,0.0,0.0,4,7,1400.0,0.0,1963,0.0,98008,47.586,-122.12,1600.0,7960.0,2014-05-09,511555.0
6610000320,3.0,1.75,2040.0,4125.0,1.5,0.0,0.0,4,8,1540.0,500.0,1917,0.0,98107,47.6608,-122.359,1620.0,4400.0,2014-09-10,710500.0
5561400140,3.0,2.5,2420.0,49928.0,2.0,0.0,0.0,3,8,1860.0,560.0,1985,0.0,98027,47.463,-122.008,2620.0,37301.0,2014-05-21,429000.0
7686202065,4.0,1.75,1920.0,7500.0,1.0,0.0,0.0,4,7,1920.0,0.0,1962,0.0,98198,47.4222,-122.318,1490.0,8000.0,2014-07-23,170000.0
4107100204,4.0,3.25,3860.0,17820.0,1.0,0.0,4.0,4,10,2630.0,1230.0,1975,0.0,98004,47.6224,-122.215,4590.0,23760.0,2014-08-21,2140000.0
7214810510,5.0,2.75,2760.0,7200.0,1.0,0.0,0.0,3,7,1430.0,1330.0,1979,0.0,98072,47.7563,-122.147,2460.0,8750.0,2015-04-08,480000.0
5350201180,4.0,3.75,3450.0,8395.0,2.0,0.0,4.0,4,10,2640.0,810.0,1993,0.0,98122,47.6134,-122.282,3180.0,5183.0,2014-07-20,1670000.0
8148600055,3.0,1.0,1040.0,6535.0,1.0,0.0,0.0,3,6,1040.0,0.0,1947,0.0,98168,47.4906,-122.306,1100.0,6535.0,2014-05-13,225000.0
226039270,3.0,1.75,2220.0,7224.0,1.0,0.0,2.0,3,8,2040.0,180.0,1975,0.0,98177,47.774,-122.384,2540.0,9990.0,2014-12-01,615000.0
1220069035,4.0,2.5,2470.0,385506.0,2.0,0.0,3.0,3,7,2470.0,0.0,1991,0.0,98022,47.2396,-121.993,1680.0,158994.0,2014-11-20,438950.0
7466900320,3.0,1.75,1300.0,9856.0,1.0,0.0,0.0,4,7,1300.0,0.0,1962,0.0,98003,47.3448,-122.298,1400.0,9600.0,2015-03-04,242000.0
8078430030,3.0,2.5,1960.0,9686.0,1.0,0.0,0.0,3,8,1460.0,500.0,1989,0.0,98074,47.6339,-122.026,1960.0,8254.0,2014-07-16,560000.0
9523100550,3.0,1.5,2040.0,3960.0,2.0,0.0,2.0,5,8,2040.0,0.0,1928,0.0,98103,47.6658,-122.355,1540.0,3400.0,2014-10-03,857500.0
8961970510,4.0,2.5,3030.0,7864.0,2.0,0.0,0.0,3,9,3030.0,0.0,1999,0.0,98074,47.6075,-122.017,2790.0,7034.0,2014-05-06,685000.0
3574800810,4.0,3.0,2260.0,7336.0,2.0,0.0,0.0,4,7,2260.0,0.0,1977,0.0,98034,47.7297,-122.219,2200.0,7724.0,2015-04-03,486000.0
7732410390,3.0,2.5,2670.0,10338.0,2.0,,0.0,3,9,2670.0,0.0,1987,0.0,98007,47.6599,-122.146,2670.0,8866.0,2014-06-05,749000.0
7697870700,3.0,2.5,1520.0,6298.0,2.0,0.0,0.0,3,7,1520.0,0.0,1986,0.0,98030,47.3687,-122.182,1670.0,7207.0,2014-11-14,260000.0
9275702405,3.0,1.75,3610.0,8502.0,1.5,0.0,2.0,3,10,2610.0,1000.0,1930,0.0,98126,47.583,-122.379,2900.0,5016.0,2015-01-14,1020000.0
1370804461,3.0,1.75,1130.0,5111.0,1.0,0.0,0.0,4,7,930.0,200.0,1942,0.0,98199,47.6379,-122.4,1360.0,4424.0,2015-03-10,565000.0
4310702440,3.0,2.0,1480.0,2502.0,2.0,0.0,0.0,3,7,1480.0,0.0,1991,0.0,98103,47.6969,-122.338,1850.0,5000.0,2014-10-14,355000.0
3935900030,5.0,2.0,3540.0,9970.0,2.0,0.0,3.0,3,9,3540.0,0.0,1970,0.0,98125,47.7108,-122.277,2280.0,7195.0,2014-07-30,775000.0
6385800030,4.0,2.25,2100.0,7305.0,1.0,,0.0,4,7,1050.0,1050.0,1963,0.0,98188,47.4676,-122.296,1760.0,7308.0,2015-04-22,335000.0
1193000390,5.0,4.0,3366.0,7800.0,2.5,0.0,2.0,3,8,2966.0,400.0,1937,0.0,98199,47.6466,-122.391,2340.0,6000.0,2014-06-20,1300000.0
8605900060,3.0,1.75,1810.0,3000.0,1.5,0.0,0.0,4,7,1810.0,0.0,1903,0.0,98107,47.6599,-122.363,1140.0,3000.0,2014-06-03,545000.0
3964400160,3.0,1.75,1680.0,4240.0,1.5,0.0,0.0,4,7,1680.0,0.0,1926,0.0,98144,47.5745,-122.311,1460.0,4240.0,2014-11-18,540000.0
1455600045,3.0,1.75,2450.0,9377.0,1.0,0.0,2.0,4,8,1540.0,910.0,1962,0.0,98125,47.7296,-122.284,2520.0,9725.0,2014-09-15,687500.0
4031000520,1.0,2.0,1150.0,9812.0,1.0,0.0,0.0,4,7,1150.0,0.0,1962,0.0,98001,47.2951,-122.284,1200.0,9812.0,2014-07-08,115000.0
4031000520,1.0,2.0,1150.0,9812.0,1.0,0.0,0.0,4,7,1150.0,0.0,1962,0.0,98001,47.2951,-122.284,1200.0,9812.0,2014-11-25,227000.0
3299610240,4.0,2.5,3240.0,7621.0,2.0,0.0,2.0,3,9,3240.0,0.0,2003,0.0,98075,47.5641,-122.032,4610.0,7150.0,2015-04-29,870000.0
1727850350,4.0,2.5,3480.0,12164.0,1.5,0.0,0.0,4,11,3480.0,0.0,1984,0.0,98005,47.6404,-122.171,3960.0,16855.0,2014-11-12,1190000.0
5416510990,4.0,2.5,2800.0,5000.0,2.0,0.0,0.0,3,9,2800.0,0.0,2006,0.0,98038,47.3596,-122.036,2960.0,5092.0,2014-09-10,375000.0
4154303215,3.0,2.75,3240.0,7200.0,1.0,,2.0,3,8,1620.0,1620.0,1960,0.0,98118,47.567,-122.273,2700.0,7200.0,2014-08-28,902000.0
421000465,2.0,1.5,1480.0,7276.0,1.0,0.0,0.0,4,6,940.0,540.0,1978,0.0,98056,47.4942,-122.166,1090.0,6710.0,2014-06-17,269500.0
9164100105,3.0,1.0,1700.0,4750.0,1.5,,0.0,4,6,1200.0,500.0,1909,0.0,98117,47.6819,-122.389,1550.0,4750.0,2015-03-10,570000.0
6300000320,2.0,1.0,1240.0,7590.0,1.0,0.0,0.0,4,7,1040.0,200.0,1939,0.0,98133,47.7061,-122.34,1190.0,5692.0,2014-08-21,359950.0
824059324,4.0,3.5,3720.0,8301.0,2.0,0.0,0.0,3,10,2880.0,840.0,2008,0.0,98004,47.5885,-122.199,2080.0,9676.0,2015-03-25,1450000.0
259900320,3.0,2.5,1910.0,3427.0,2.0,0.0,0.0,3,8,1910.0,0.0,2001,0.0,98052,47.6324,-122.11,2240.0,3720.0,2014-07-17,615000.0
7888200140,4.0,2.0,2120.0,8701.0,1.5,0.0,0.0,4,7,2120.0,0.0,1960,0.0,98198,47.3722,-122.308,1720.0,8527.0,2014-06-04,250000.0
7852130550,4.0,2.5,3020.0,6788.0,2.0,0.0,0.0,3,7,3020.0,0.0,2002,0.0,98065,47.5346,-121.881,2640.0,5325.0,2014-09-16,530000.0
2824089053,3.0,2.0,2250.0,222156.0,1.0,0.0,0.0,3,7,2250.0,0.0,1987,0.0,98065,47.542,-121.792,2110.0,121968.0,2015-01-27,474950.0
3935900350,4.0,2.0,1650.0,6480.0,2.0,0.0,0.0,5,7,1650.0,0.0,1947,0.0,98125,47.7117,-122.286,1650.0,6350.0,2015-02-22,490000.0
5347200162,2.0,1.5,880.0,1157.0,2.0,0.0,0.0,3,7,880.0,0.0,2007,0.0,98126,47.5188,-122.376,1070.0,1203.0,2014-05-28,210000.0
1953400520,3.0,1.0,1860.0,9225.0,1.0,0.0,0.0,3,7,1860.0,0.0,1957,0.0,98198,47.3904,-122.3,1740.0,12204.0,2014-11-14,265500.0
1251200045,5.0,3.25,3840.0,4800.0,3.0,0.0,3.0,3,10,2750.0,1090.0,2008,0.0,98144,47.5929,-122.29,2060.0,4800.0,2014-06-20,1460000.0
1858600012,4.0,2.25,2192.0,12128.0,2.0,0.0,0.0,3,8,2192.0,0.0,2006,0.0,98030,47.3644,-122.2,1914.0,4649.0,2014-06-05,310000.0
4307310400,3.0,2.5,1590.0,4108.0,2.0,0.0,0.0,3,7,1590.0,0.0,2003,0.0,98056,47.4832,-122.181,2160.0,3912.0,2015-04-09,324500.0
6708200320,4.0,4.75,3700.0,11000.0,1.0,0.0,0.0,4,7,1840.0,1860.0,1962,0.0,98028,47.768,-122.251,1720.0,11564.0,2014-09-29,599000.0
1473060030,4.0,2.5,3670.0,9958.0,2.0,0.0,0.0,3,10,3670.0,0.0,2005,0.0,98058,47.4617,-122.159,3300.0,10679.0,2014-07-09,525000.0
6163901382,3.0,1.0,1630.0,10304.0,1.0,,0.0,5,7,1630.0,0.0,1953,0.0,98155,47.7548,-122.317,1480.0,8515.0,2014-05-15,400000.0
617000030,3.0,3.0,4230.0,54977.0,2.0,0.0,3.0,3,9,3780.0,450.0,1951,20000.0,98166,47.4176,-122.343,2880.0,27201.0,2014-12-23,887500.0
2887700875,2.0,1.0,1060.0,3325.0,1.5,0.0,0.0,4,6,770.0,290.0,1932,0.0,98115,47.6896,-122.307,1820.0,4275.0,2014-07-23,344000.0
9465910030,3.0,2.5,2700.0,7434.0,2.0,0.0,0.0,3,9,2700.0,0.0,1991,0.0,98072,47.7434,-122.174,2660.0,8405.0,2014-05-15,525000.0
6918710340,3.0,2.25,2110.0,8000.0,2.0,0.0,0.0,3,8,2110.0,0.0,1975,0.0,98034,47.7311,-122.204,1740.0,7270.0,2014-08-22,385000.0
629810560,4.0,2.5,3720.0,8633.0,2.0,0.0,0.0,3,10,3720.0,0.0,1999,0.0,98074,47.6085,-122.013,3515.0,9660.0,2014-12-17,820000.0
1025039320,4.0,3.5,3440.0,5000.0,2.0,0.0,0.0,3,11,2560.0,880.0,2006,0.0,98199,47.6672,-122.409,3090.0,10241.0,2015-04-27,1310000.0
3575200030,4.0,2.25,2420.0,59800.0,1.0,0.0,0.0,4,8,1350.0,1070.0,1985,0.0,98074,47.6206,-122.056,2160.0,17598.0,2014-07-29,549000.0
3298701070,3.0,1.0,1090.0,6771.0,1.5,0.0,0.0,3,7,1090.0,0.0,1929,0.0,98106,47.5177,-122.353,1230.0,4662.0,2015-02-25,180000.0
7852011040,4.0,2.5,2910.0,5776.0,2.0,,2.0,3,8,2910.0,0.0,1998,0.0,98065,47.5388,-121.87,2550.0,6750.0,2014-05-21,589000.0
1705400350,3.0,1.0,1050.0,5518.0,1.0,0.0,0.0,3,7,1050.0,0.0,1948,0.0,98118,47.5564,-122.278,1490.0,4269.0,2015-01-27,350000.0
7682200320,3.0,2.0,1610.0,7575.0,1.0,0.0,0.0,4,7,1110.0,500.0,1965,0.0,98003,47.334,-122.3,1920.0,8400.0,2015-04-09,197400.0
3814701090,3.0,2.5,1760.0,6477.0,2.0,0.0,0.0,4,8,1760.0,0.0,1986,0.0,98030,47.3731,-122.172,1890.0,6800.0,2014-08-06,267000.0
8099800340,3.0,1.5,1540.0,20281.0,1.0,0.0,0.0,3,7,1540.0,0.0,1977,0.0,98075,47.5817,-122.007,1710.0,21090.0,2014-12-24,480000.0
5418200340,4.0,2.5,2580.0,9450.0,1.0,0.0,0.0,4,8,1660.0,920.0,1959,0.0,98125,47.703,-122.28,2060.0,9450.0,2014-10-13,650000.0
2767601805,2.0,1.0,1370.0,5000.0,1.5,0.0,0.0,3,7,1370.0,0.0,1905,0.0,98107,47.6744,-122.383,1500.0,5000.0,2015-02-13,600000.0
8682280340,2.0,1.75,1440.0,6265.0,1.0,0.0,0.0,3,8,1440.0,0.0,2005,0.0,98053,47.7028,-122.013,1810.0,5209.0,2015-04-30,490000.0
1432900030,3.0,1.0,1410.0,7700.0,1.0,0.0,0.0,3,7,980.0,430.0,1962,0.0,98058,47.4577,-122.171,1510.0,7700.0,2014-11-21,225000.0
1546600125,3.0,2.25,1980.0,10115.0,1.0,0.0,0.0,3,8,1980.0,0.0,1959,0.0,98005,47.6384,-122.174,2800.0,10143.0,2014-07-03,640000.0
7560000070,3.0,3.5,2440.0,3427.0,2.0,0.0,0.0,3,7,1990.0,450.0,2000,0.0,98005,47.589,-122.165,2440.0,2601.0,2014-06-10,710000.0
2130200160,3.0,2.0,1350.0,11805.0,1.0,0.0,0.0,3,7,1350.0,0.0,1986,0.0,98019,47.7313,-121.971,1350.0,14200.0,2014-06-09,325000.0
9238430140,3.0,3.25,3130.0,28001.0,1.0,0.0,0.0,3,9,2210.0,920.0,1985,0.0,98072,47.7741,-122.122,2710.0,34999.0,2014-07-25,595000.0
7116000350,3.0,1.0,880.0,7004.0,1.0,0.0,0.0,3,5,880.0,0.0,1950,0.0,98002,47.3019,-122.216,880.0,7828.0,2014-07-18,128750.0
4039500390,3.0,2.25,1920.0,7300.0,1.0,0.0,0.0,3,7,1240.0,680.0,1961,0.0,98008,47.6078,-122.128,1920.0,7700.0,2014-10-17,465000.0
8031700186,4.0,1.75,2700.0,7625.0,1.0,0.0,0.0,4,8,1450.0,1250.0,1937,0.0,98115,47.6838,-122.323,1760.0,3300.0,2014-07-26,710000.0
7625702505,4.0,2.75,1670.0,6000.0,1.0,0.0,0.0,5,7,840.0,830.0,1917,0.0,98136,47.5496,-122.385,1100.0,6000.0,2015-03-06,605000.0
7511000140,4.0,2.5,3470.0,20445.0,2.0,0.0,0.0,4,10,3470.0,0.0,1963,0.0,98040,47.547,-122.219,3360.0,21950.0,2014-08-08,994000.0
3191000030,3.0,2.25,1820.0,7326.0,2.0,0.0,0.0,3,8,1820.0,0.0,1983,0.0,98034,47.7133,-122.217,2430.0,7696.0,2014-06-19,489950.0
6150700394,3.0,1.5,1310.0,8160.0,1.0,0.0,0.0,3,7,1310.0,0.0,1950,0.0,98133,47.7291,-122.339,1090.0,7560.0,2014-05-06,365000.0
1786640030,3.0,2.0,1790.0,7212.0,1.0,0.0,0.0,4,8,1790.0,0.0,1998,0.0,98042,47.3898,-122.154,2330.0,7212.0,2015-02-02,359950.0
7708200400,4.0,2.5,2460.0,4774.0,2.0,0.0,0.0,3,8,2460.0,0.0,2006,0.0,98059,47.4912,-122.145,2510.0,4399.0,2014-09-29,495000.0
4406000390,3.0,1.5,1060.0,9039.0,1.0,0.0,0.0,3,7,1060.0,0.0,1973,0.0,98058,47.4293,-122.151,1410.0,9515.0,2014-05-21,255000.0
1926059094,3.0,1.75,1340.0,10276.0,1.0,0.0,0.0,4,7,1340.0,0.0,1961,0.0,98034,47.7207,-122.222,2950.0,7987.0,2014-08-12,330000.0
9413500350,3.0,1.75,1480.0,8394.0,1.0,,0.0,4,8,1480.0,0.0,1971,0.0,98052,47.6634,-122.144,1920.0,9184.0,2014-07-07,450000.0
7853240310,4.0,2.5,3500.0,11306.0,2.0,0.0,2.0,3,9,3500.0,0.0,2005,0.0,98065,47.5428,-121.861,3180.0,8028.0,2015-03-18,655000.0
5152800030,4.0,2.75,2910.0,16362.0,1.0,0.0,2.0,4,9,2120.0,790.0,1969,0.0,98003,47.3397,-122.322,2850.0,14904.0,2015-04-21,485000.0
1775950030,4.0,1.75,1940.0,15909.0,1.0,0.0,0.0,3,8,970.0,970.0,1974,0.0,98072,47.7578,-122.094,1940.0,15120.0,2014-08-12,375000.0
4221250320,4.0,2.5,2280.0,4534.0,2.0,0.0,0.0,3,8,2280.0,0.0,2003,0.0,98075,47.5902,-122.018,2246.0,4534.0,2014-10-17,570000.0
6749700117,3.0,2.25,1190.0,1022.0,3.0,0.0,0.0,3,8,1190.0,0.0,1998,0.0,98103,47.6972,-122.349,1210.0,1171.0,2015-04-23,350000.0
290000075,3.0,1.0,1260.0,6000.0,1.0,0.0,3.0,3,7,1260.0,0.0,1951,0.0,98146,47.5058,-122.384,2020.0,6600.0,2015-02-25,550000.0
1842100160,5.0,2.0,2270.0,8652.0,1.0,0.0,0.0,3,7,1150.0,1120.0,1965,0.0,98052,47.6692,-122.151,1950.0,8050.0,2014-07-31,513000.0
4365200055,4.0,2.25,1990.0,7320.0,1.0,0.0,0.0,4,7,1030.0,960.0,1965,0.0,98126,47.5237,-122.376,1320.0,7320.0,2014-12-05,450000.0
3644100030,4.0,1.75,1500.0,1856.0,1.0,0.0,0.0,5,7,750.0,750.0,1901,0.0,98144,47.5917,-122.296,1220.0,1739.0,2015-02-09,432500.0
3220079017,5.0,2.75,2060.0,329903.0,1.5,0.0,3.0,5,7,2060.0,0.0,1989,0.0,98022,47.1776,-121.944,2240.0,220232.0,2015-02-13,432000.0
8121200710,3.0,2.25,1950.0,8892.0,2.0,0.0,0.0,3,8,1950.0,0.0,1983,0.0,98052,47.7213,-122.11,1900.0,8750.0,2015-01-23,480000.0
3574801740,3.0,1.75,1790.0,6980.0,1.0,0.0,0.0,3,7,1330.0,460.0,1980,0.0,98034,47.7311,-122.226,1770.0,8081.0,2014-07-28,402200.0
644000102,3.0,1.0,1520.0,10227.0,1.0,,0.0,4,6,1520.0,0.0,1951,0.0,98004,47.5872,-122.196,2710.0,10912.0,2015-04-13,650000.0
5315100784,4.0,2.5,3240.0,13044.0,2.0,0.0,0.0,4,9,3240.0,0.0,1984,0.0,98040,47.5825,-122.242,2920.0,13044.0,2015-04-24,1200000.0
9578200030,3.0,2.0,2440.0,13250.0,1.0,0.0,0.0,4,8,1440.0,1000.0,1977,0.0,98030,47.375,-122.227,2400.0,10650.0,2014-07-28,312000.0
2313900810,4.0,2.0,2220.0,5821.0,1.5,0.0,0.0,4,7,1380.0,840.0,1916,0.0,98116,47.5723,-122.382,1850.0,5000.0,2015-04-02,610000.0
1623300055,5.0,1.75,2640.0,7722.0,1.5,0.0,0.0,4,7,1650.0,990.0,1915,0.0,98117,47.6802,-122.361,1750.0,4000.0,2015-03-23,823000.0
9191200435,4.0,1.75,1450.0,3750.0,1.0,0.0,0.0,4,7,950.0,500.0,1925,0.0,98105,47.6706,-122.3,1850.0,4000.0,2014-11-13,471000.0
2591020560,3.0,2.25,1550.0,5511.0,2.0,,0.0,3,8,1550.0,0.0,1987,0.0,98033,47.6946,-122.185,1620.0,5511.0,2014-07-02,481015.0
1923000260,5.0,4.5,6200.0,23373.0,3.0,0.0,1.0,4,11,5050.0,1150.0,1988,0.0,98040,47.5632,-122.215,3700.0,14486.0,2014-10-15,1960000.0
2193300390,4.0,3.25,2810.0,11250.0,1.0,0.0,0.0,3,8,1680.0,1130.0,1980,0.0,98052,47.692,-122.099,2110.0,11250.0,2014-09-23,624000.0
7016200030,4.0,2.5,2080.0,7966.0,1.0,0.0,0.0,3,7,1200.0,880.0,1970,0.0,98011,47.7393,-122.181,1920.0,7500.0,2015-03-20,480000.0
727500030,3.0,1.5,1370.0,8671.0,1.0,0.0,0.0,3,7,1370.0,0.0,1955,0.0,98004,47.6217,-122.198,1580.0,8671.0,2014-07-15,815000.0
1651800030,4.0,2.25,2920.0,20400.0,1.0,0.0,0.0,4,11,2920.0,0.0,1966,0.0,98004,47.6237,-122.228,3080.0,20400.0,2014-08-29,1650000.0
623049094,3.0,1.0,1000.0,18513.0,1.0,0.0,0.0,3,6,1000.0,0.0,1940,0.0,98146,47.5118,-122.348,1280.0,8113.0,2014-05-16,180000.0
2538800030,2.0,1.75,1210.0,9750.0,1.0,0.0,0.0,3,7,1210.0,0.0,1984,0.0,98038,47.3438,-122.037,1650.0,9750.0,2015-02-17,156601.0
7714000310,4.0,2.5,2790.0,4650.0,2.0,0.0,0.0,3,8,2790.0,0.0,2004,0.0,98038,47.3557,-122.026,2850.0,4650.0,2014-07-19,374950.0
254000075,2.0,1.5,1660.0,4680.0,1.0,0.0,0.0,5,6,830.0,830.0,1908,0.0,98146,47.5134,-122.388,1930.0,5400.0,2014-05-19,368000.0
1257201375,3.0,2.0,1650.0,3952.0,2.0,0.0,0.0,3,7,1650.0,0.0,1950,0.0,98103,47.6727,-122.33,1210.0,4560.0,2014-12-02,550000.0
8856004582,3.0,1.75,1300.0,6318.0,1.0,0.0,0.0,3,7,1300.0,0.0,1980,0.0,98001,47.2752,-122.251,1150.0,8002.0,2014-07-17,198000.0
3205400240,3.0,1.75,1090.0,7200.0,1.0,0.0,0.0,3,7,1090.0,0.0,1968,0.0,98034,47.7227,-122.179,1240.0,7200.0,2014-05-13,345000.0
3738000070,5.0,2.5,2660.0,6572.0,1.0,0.0,0.0,5,9,1960.0,700.0,1959,0.0,98039,47.6176,-122.223,3960.0,14595.0,2015-03-09,1710000.0
8856001090,3.0,1.0,940.0,10890.0,1.0,0.0,0.0,4,5,940.0,0.0,1909,0.0,98001,47.2763,-122.257,1370.0,10255.0,2015-01-30,185900.0
3224500240,3.0,2.75,2750.0,18029.0,1.0,0.0,2.0,5,9,1810.0,940.0,1978,0.0,98006,47.5617,-122.134,2850.0,10021.0,2014-06-17,950000.0
4139460390,4.0,4.5,3850.0,13551.0,2.0,,2.0,3,10,3000.0,850.0,1998,0.0,98006,47.5522,-122.103,3480.0,10737.0,2014-06-20,995000.0
3531900060,2.0,1.0,860.0,8250.0,1.0,0.0,0.0,3,7,860.0,0.0,1940,0.0,98133,47.7132,-122.334,1780.0,11200.0,2014-08-02,345000.0
4457300135,4.0,2.75,2070.0,10125.0,1.0,0.0,0.0,3,7,1390.0,680.0,1962,0.0,98040,47.5697,-122.219,1850.0,10125.0,2014-11-05,741000.0
8682292090,2.0,2.25,2290.0,9772.0,1.0,0.0,0.0,3,8,2290.0,0.0,2007,0.0,98053,47.7199,-122.025,1810.0,6077.0,2014-07-09,737000.0
7278700069,4.0,2.5,2340.0,6420.0,1.0,,2.0,3,8,1590.0,750.0,1964,0.0,98177,47.7728,-122.386,2110.0,10856.0,2014-05-21,668750.0
5710610800,3.0,1.75,2680.0,8625.0,1.0,0.0,0.0,5,8,1590.0,1090.0,1974,0.0,98027,47.5316,-122.056,2620.0,14275.0,2014-07-02,575000.0
8651443420,4.0,2.0,1710.0,5440.0,1.0,0.0,0.0,5,8,1030.0,680.0,1976,0.0,98042,47.366,-122.093,1620.0,6696.0,2014-10-17,280000.0
7751800070,3.0,1.5,1800.0,10050.0,1.0,0.0,0.0,3,7,1800.0,0.0,1955,0.0,98008,47.6344,-122.126,1610.0,10050.0,2014-08-04,583000.0
2570600140,3.0,2.25,1510.0,9600.0,1.0,0.0,0.0,1,7,1090.0,420.0,1966,0.0,98028,47.7758,-122.238,1870.0,10681.0,2015-01-28,196000.0
1565950260,3.0,2.5,1700.0,7496.0,2.0,0.0,0.0,3,8,1700.0,0.0,1994,0.0,98055,47.432,-122.189,2280.0,7496.0,2014-05-15,349950.0
7550801170,4.0,1.0,1350.0,3333.0,1.5,0.0,0.0,3,7,1350.0,0.0,1912,0.0,98107,47.6727,-122.397,1530.0,5000.0,2014-12-11,429000.0
6648701740,5.0,2.5,2140.0,10320.0,1.0,0.0,0.0,4,7,1330.0,810.0,1967,0.0,98031,47.3927,-122.194,2050.0,8964.0,2015-02-20,270000.0
7529500030,6.0,4.0,2700.0,7416.0,1.0,0.0,0.0,3,7,1350.0,1350.0,1969,0.0,98108,47.5525,-122.3,2260.0,5324.0,2014-09-09,385000.0
9523102420,1.0,1.0,920.0,5000.0,1.0,0.0,3.0,4,7,920.0,0.0,1906,0.0,98103,47.6748,-122.352,1890.0,5000.0,2014-09-22,535000.0
7283900521,3.0,1.75,1500.0,10269.0,1.0,0.0,0.0,3,7,1030.0,470.0,1958,0.0,98133,47.7672,-122.348,2090.0,10269.0,2015-04-20,352500.0
7519001275,3.0,1.75,1510.0,5200.0,1.0,0.0,0.0,4,7,860.0,650.0,1922,0.0,98117,47.6864,-122.365,1650.0,4160.0,2015-03-01,624000.0
1432900350,5.0,1.5,1980.0,7958.0,1.5,0.0,0.0,3,7,1980.0,0.0,1962,0.0,98058,47.4571,-122.17,1510.0,8438.0,2014-12-17,215000.0
1924059248,4.0,3.0,4500.0,21780.0,2.0,0.0,2.0,3,9,3040.0,1460.0,1980,0.0,98040,47.5581,-122.213,3540.0,20473.0,2014-06-02,870000.0
6649500060,4.0,2.5,3220.0,8256.0,2.0,0.0,0.0,3,8,2610.0,610.0,2006,0.0,98059,47.495,-122.155,2500.0,9472.0,2014-07-29,440000.0
2254501342,2.0,1.5,1140.0,1149.0,2.0,0.0,0.0,3,7,940.0,200.0,2001,0.0,98122,47.6124,-122.314,1460.0,1149.0,2015-05-05,518000.0
2025700260,3.0,2.25,1490.0,7589.0,2.0,0.0,0.0,3,7,1490.0,0.0,1993,0.0,98038,47.3474,-122.037,1510.0,6603.0,2015-03-25,259500.0
2386000070,4.0,3.25,4360.0,91158.0,1.0,0.0,0.0,3,10,3360.0,1000.0,1993,0.0,98053,47.6398,-121.985,3540.0,90940.0,2014-10-29,795127.0
2206500105,3.0,1.0,960.0,9000.0,1.0,0.0,0.0,4,7,960.0,0.0,1955,0.0,98006,47.5765,-122.154,1520.0,9000.0,2014-08-18,290000.0
1953400045,4.0,3.0,2253.0,7700.0,2.0,0.0,0.0,3,7,2253.0,0.0,1957,0.0,98198,47.3935,-122.3,1786.0,9052.0,2015-04-23,385000.0
3996900575,2.0,1.0,770.0,6542.0,1.0,0.0,0.0,3,6,770.0,0.0,1948,0.0,98155,47.747,-122.301,1120.0,8149.0,2014-10-07,259950.0
869700350,2.0,2.5,1310.0,2915.0,2.0,0.0,0.0,3,8,1310.0,0.0,1999,0.0,98059,47.4911,-122.154,1310.0,3425.0,2015-04-29,330000.0
7387500335,3.0,1.0,980.0,7480.0,1.0,0.0,0.0,3,6,830.0,150.0,1948,0.0,98106,47.5206,-122.363,1140.0,7480.0,2014-12-19,280000.0
6795100563,4.0,2.5,1820.0,20011.0,2.0,0.0,0.0,3,8,1820.0,0.0,1987,0.0,98075,47.5842,-122.045,2710.0,33915.0,2014-07-01,595000.0
8001470560,4.0,3.75,3980.0,7828.0,2.0,0.0,0.0,3,10,3980.0,0.0,2001,0.0,98074,47.6303,-122.065,3980.0,8910.0,2014-11-17,925900.0
4140100200,3.0,2.25,3010.0,9600.0,2.0,,0.0,3,8,2410.0,600.0,1978,0.0,98028,47.7671,-122.263,2620.0,9660.0,2014-08-08,499000.0
7212650510,4.0,2.5,1830.0,7762.0,2.0,0.0,0.0,3,8,1830.0,0.0,1993,0.0,98003,47.267,-122.31,2109.0,8966.0,2015-04-03,325000.0
686800070,5.0,2.5,2550.0,20875.0,1.0,0.0,0.0,4,9,1610.0,940.0,1953,0.0,98004,47.6336,-122.192,2510.0,21673.0,2014-06-10,895000.0
5126900200,2.0,1.0,800.0,8960.0,1.0,0.0,0.0,4,6,800.0,0.0,1944,0.0,98058,47.4756,-122.174,850.0,8082.0,2015-04-29,162248.0
6329000070,3.0,2.25,2890.0,21480.0,2.0,,4.0,3,8,1790.0,1100.0,1941,19890.0,98146,47.5027,-122.381,2110.0,8107.0,2014-10-15,1070000.0
5430300171,3.0,1.5,1810.0,5080.0,1.0,0.0,0.0,3,7,1030.0,780.0,1958,0.0,98115,47.6819,-122.287,1780.0,7620.0,2014-07-03,430000.0
5430300171,3.0,1.5,1810.0,5080.0,1.0,0.0,0.0,3,7,1030.0,780.0,1958,0.0,98115,47.6819,-122.287,1780.0,7620.0,2015-01-29,615500.0
2742100016,3.0,1.0,940.0,5650.0,1.0,0.0,0.0,3,6,940.0,0.0,1949,0.0,98118,47.5551,-122.292,1180.0,5276.0,2015-04-16,260000.0
1324079082,4.0,2.0,1810.0,42981.0,1.0,0.0,0.0,4,7,1810.0,0.0,1973,0.0,98024,47.5597,-121.85,1980.0,113691.0,2014-11-17,295000.0
1422200496,3.0,1.75,2550.0,6117.0,2.0,0.0,0.0,3,9,1650.0,900.0,1951,20040.0,98122,47.6109,-122.285,2100.0,4967.0,2014-09-24,1190000.0
3754500566,4.0,2.5,2370.0,2971.0,2.0,0.0,2.0,3,9,2080.0,290.0,2008,0.0,98034,47.7064,-122.224,2970.0,7500.0,2014-11-20,749950.0
5132000140,6.0,1.0,1370.0,5080.0,1.5,0.0,0.0,3,6,1120.0,250.0,1931,0.0,98106,47.5238,-122.35,1020.0,5080.0,2014-06-18,175000.0
5132000140,6.0,1.0,1370.0,5080.0,1.5,0.0,0.0,3,6,1120.0,250.0,1931,0.0,98106,47.5238,-122.35,1020.0,5080.0,2015-01-20,415000.0
6131600240,3.0,1.0,1200.0,8316.0,1.0,0.0,0.0,4,6,1200.0,0.0,1953,0.0,98002,47.3231,-122.215,1250.0,8316.0,2014-11-19,190000.0
2768000295,3.0,1.75,2100.0,3264.0,1.5,0.0,0.0,5,7,1350.0,750.0,1912,0.0,98107,47.6702,-122.364,1720.0,3750.0,2015-04-17,625000.0
4046600320,3.0,2.25,2020.0,21010.0,2.0,0.0,0.0,3,7,2020.0,0.0,1995,0.0,98014,47.6988,-121.915,1850.0,18151.0,2014-08-26,420000.0
1598600320,4.0,1.5,1570.0,9210.0,1.0,,2.0,3,7,1400.0,170.0,1965,0.0,98030,47.3864,-122.22,2326.0,9210.0,2015-04-16,339900.0
4140900270,2.0,1.0,1140.0,23030.0,1.0,0.0,0.0,3,8,1140.0,0.0,1980,0.0,98028,47.7637,-122.266,1850.0,14260.0,2015-04-27,160000.0
5104510060,4.0,2.5,1830.0,5331.0,2.0,0.0,0.0,3,7,1830.0,0.0,2002,0.0,98038,47.3557,-122.016,1830.0,5175.0,2014-12-15,353000.0
3578400710,3.0,2.0,1010.0,14183.0,1.0,0.0,0.0,3,8,1010.0,0.0,1982,0.0,98074,47.6232,-122.043,1750.0,11700.0,2015-02-06,390000.0
4036400030,4.0,2.5,1770.0,9858.0,1.0,0.0,2.0,3,8,1770.0,0.0,1971,0.0,98155,47.7382,-122.287,2470.0,9858.0,2015-03-05,675000.0
6084200060,3.0,2.5,2120.0,3757.0,2.0,0.0,0.0,3,7,2120.0,0.0,2006,0.0,98059,47.4787,-122.128,2230.0,4103.0,2015-03-13,400000.0
1251200055,4.0,3.5,3190.0,5040.0,2.0,0.0,3.0,3,10,2160.0,1030.0,2003,0.0,98144,47.5928,-122.29,2390.0,4800.0,2014-06-26,1340000.0
8964800860,4.0,2.5,2780.0,11904.0,1.0,,1.0,5,8,1730.0,1050.0,1951,0.0,98004,47.6209,-122.216,3590.0,13860.0,2015-02-09,1650000.0
9551200270,5.0,3.0,3350.0,9450.0,2.0,0.0,0.0,5,8,2180.0,1170.0,1912,0.0,98103,47.6705,-122.34,2660.0,4500.0,2014-08-25,1000000.0
3226059128,5.0,3.5,3450.0,28324.0,1.0,0.0,0.0,5,8,2350.0,1100.0,1972,0.0,98033,47.6991,-122.196,2640.0,14978.0,2014-06-18,850000.0
3438500798,3.0,1.5,1060.0,6954.0,1.0,0.0,0.0,4,6,1060.0,0.0,1983,0.0,98106,47.5498,-122.355,1560.0,6954.0,2014-07-15,275000.0
9286100200,3.0,2.5,1670.0,2589.0,2.0,0.0,0.0,3,8,1670.0,0.0,2000,0.0,98027,47.5314,-122.047,1670.0,2897.0,2014-08-13,450000.0
5151600390,4.0,1.75,2251.0,12731.0,1.0,0.0,1.0,4,8,1390.0,861.0,1957,0.0,98003,47.3369,-122.32,2520.0,12539.0,2014-11-13,305000.0
4172100240,3.0,2.5,1770.0,3744.0,1.5,0.0,0.0,3,7,1270.0,500.0,1929,0.0,98117,47.6807,-122.364,1400.0,4680.0,2014-09-02,643002.0
5422560830,2.0,1.75,1510.0,4500.0,1.0,0.0,0.0,3,8,1510.0,0.0,1978,0.0,98052,47.6644,-122.13,1740.0,6000.0,2015-04-13,468000.0
5104520640,4.0,2.5,1770.0,5000.0,2.0,,0.0,3,7,1770.0,0.0,2004,0.0,98038,47.3506,-122.006,2080.0,5100.0,2015-02-20,324950.0
8078550320,3.0,2.0,1260.0,7346.0,1.0,0.0,0.0,3,7,1260.0,0.0,1987,0.0,98031,47.4034,-122.176,1460.0,7363.0,2015-03-26,290000.0
8099600160,3.0,2.0,1710.0,10959.0,1.0,0.0,0.0,4,7,1030.0,680.0,1981,0.0,98033,47.697,-122.199,1710.0,10498.0,2015-04-29,488500.0
7287700059,3.0,1.75,2290.0,8234.0,1.0,0.0,0.0,4,7,1250.0,1040.0,1950,0.0,98133,47.7611,-122.351,1660.0,7200.0,2014-08-13,367950.0
8862000075,2.0,1.0,790.0,6555.0,1.0,0.0,0.0,2,6,790.0,0.0,1956,0.0,98146,47.5015,-122.35,1440.0,7601.0,2015-02-20,285000.0
8887001625,3.0,2.75,1820.0,52889.0,2.0,0.0,0.0,3,8,1820.0,0.0,1991,0.0,98070,47.501,-122.463,1820.0,45528.0,2015-04-10,417000.0
9464700340,4.0,2.5,3180.0,31931.0,1.0,,0.0,4,10,2390.0,790.0,1978,0.0,98007,47.6388,-122.149,3180.0,35007.0,2014-07-08,1120000.0
5451300117,4.0,4.0,5280.0,17677.0,2.0,0.0,3.0,3,11,3220.0,2060.0,1978,0.0,98040,47.5323,-122.238,3470.0,17474.0,2015-04-22,1550000.0
587550340,3.0,2.5,3240.0,33151.0,2.0,0.0,2.0,3,10,3240.0,0.0,1995,0.0,98023,47.3256,-122.378,4050.0,24967.0,2014-05-02,604000.0
2591820070,3.0,2.5,2390.0,8102.0,2.0,0.0,0.0,4,8,2390.0,0.0,1986,0.0,98058,47.4378,-122.16,2310.0,8606.0,2015-04-28,380000.0
6679000960,4.0,2.5,2500.0,5264.0,2.0,0.0,0.0,3,7,2500.0,0.0,2003,0.0,98038,47.3853,-122.028,1960.0,5250.0,2014-11-16,336500.0
9138100350,4.0,2.0,2290.0,6000.0,1.5,0.0,3.0,5,7,2290.0,0.0,1900,0.0,98115,47.6807,-122.318,2000.0,3150.0,2015-02-18,685000.0
6065300370,5.0,6.0,7440.0,21540.0,2.0,0.0,0.0,3,12,5550.0,1890.0,2003,0.0,98006,47.5692,-122.189,4740.0,19329.0,2015-05-06,4210000.0
5315100393,3.0,1.0,1600.0,16868.0,1.0,,1.0,3,7,990.0,610.0,1946,0.0,98040,47.5872,-122.241,2600.0,12735.0,2014-12-11,670000.0
5244800695,2.0,1.0,1120.0,2000.0,1.5,0.0,0.0,3,7,1120.0,0.0,1910,0.0,98109,47.6454,-122.354,1500.0,4000.0,2014-06-16,524000.0
3584000400,3.0,1.0,1340.0,10260.0,1.0,0.0,0.0,3,7,1340.0,,1968,0.0,98003,47.3173,-122.317,1250.0,8775.0,2014-12-11,172000.0
6746701090,6.0,2.0,1670.0,3000.0,1.0,,0.0,5,7,900.0,770.0,1911,0.0,98105,47.6637,-122.316,1330.0,1099.0,2014-06-19,680000.0
2421059017,4.0,3.0,2830.0,213879.0,2.0,0.0,0.0,4,8,2830.0,,1987,0.0,98092,47.2925,-122.107,2250.0,213008.0,2014-05-23,549900.0
4053200926,4.0,2.75,2700.0,49428.0,1.0,0.0,0.0,4,9,2700.0,0.0,1988,0.0,98042,47.3168,-122.079,2728.0,85905.0,2014-12-05,357000.0
7899800045,3.0,1.5,910.0,5120.0,1.0,0.0,0.0,3,6,910.0,0.0,1973,0.0,98106,47.5238,-122.356,1410.0,5132.0,2014-08-28,107000.0
7899800045,3.0,1.5,910.0,5120.0,1.0,0.0,0.0,3,6,910.0,0.0,1973,0.0,98106,47.5238,-122.356,1410.0,5132.0,2014-12-02,232900.0
9482700075,4.0,3.5,2370.0,3302.0,2.0,0.0,0.0,3,8,1610.0,760.0,1926,20140.0,98103,47.684,-122.341,2170.0,3800.0,2015-01-12,800000.0
6300000368,2.0,1.5,880.0,1498.0,2.0,0.0,0.0,3,7,880.0,0.0,1999,0.0,98133,47.7063,-122.342,880.0,5060.0,2015-03-27,248500.0
5135000160,3.0,2.5,2050.0,6420.0,1.0,0.0,3.0,3,8,1730.0,320.0,1956,0.0,98116,47.5708,-122.405,2370.0,7620.0,2014-06-12,670000.0
1022069050,3.0,1.75,1180.0,21275.0,1.0,0.0,0.0,4,6,1180.0,0.0,1958,0.0,98038,47.4018,-122.037,1490.0,35100.0,2015-02-27,207000.0
2599000370,3.0,1.0,1070.0,8250.0,1.0,0.0,0.0,3,7,1070.0,0.0,1961,0.0,98092,47.2899,-122.192,1190.0,8250.0,2014-11-03,164000.0
2652500126,2.0,1.0,1380.0,1800.0,2.0,0.0,0.0,3,7,1080.0,300.0,1954,0.0,98119,47.6416,-122.361,1600.0,3600.0,2015-02-17,570500.0
2923500550,3.0,2.25,2680.0,9162.0,1.0,0.0,0.0,3,8,1570.0,1110.0,1978,0.0,98027,47.5683,-122.091,2480.0,8261.0,2014-06-25,599990.0
3760100200,5.0,1.75,2100.0,9599.0,1.0,0.0,0.0,3,7,1060.0,1040.0,1961,0.0,98034,47.7097,-122.216,1680.0,10712.0,2014-10-06,395000.0
1226069045,4.0,3.75,4133.0,361548.0,2.0,0.0,0.0,3,11,4133.0,0.0,2000,0.0,98019,47.7479,-121.972,1970.0,291416.0,2014-08-27,979500.0
3935900232,3.0,1.0,920.0,5546.0,1.0,0.0,0.0,2,6,920.0,,1928,0.0,98125,47.7114,-122.284,1300.0,5546.0,2014-09-29,207000.0
3935900232,3.0,1.0,920.0,5546.0,1.0,0.0,0.0,2,6,920.0,,1928,0.0,98125,47.7114,-122.284,1300.0,5546.0,2015-01-12,237000.0
224069105,2.0,1.0,1750.0,60872.0,1.0,0.0,0.0,4,7,1180.0,570.0,1973,0.0,98075,47.5946,-122.006,2480.0,5425.0,2015-04-10,650100.0
8087800400,4.0,2.5,1950.0,7350.0,1.0,0.0,0.0,3,7,1150.0,800.0,1963,0.0,98052,47.656,-122.134,2050.0,9068.0,2014-12-01,385000.0
723049301,2.0,1.75,1660.0,11437.0,2.0,0.0,0.0,3,7,1660.0,0.0,1958,19920.0,98146,47.4899,-122.339,1290.0,7860.0,2014-08-13,335000.0
4136920030,4.0,1.5,2670.0,10026.0,2.0,0.0,0.0,3,8,2670.0,0.0,1996,0.0,98092,47.2659,-122.215,2420.0,11900.0,2014-05-24,347000.0
7686203385,3.0,1.0,980.0,8000.0,1.0,0.0,0.0,4,6,980.0,0.0,1954,0.0,98198,47.42,-122.317,1240.0,8000.0,2015-03-26,204000.0
7922710520,4.0,2.25,1780.0,10260.0,2.0,0.0,0.0,3,8,1780.0,0.0,1971,0.0,98052,47.6647,-122.142,2360.0,10080.0,2015-05-07,615000.0
824059293,3.0,2.25,2370.0,10890.0,2.0,0.0,0.0,4,7,2370.0,0.0,1980,0.0,98004,47.5827,-122.197,2370.0,9514.0,2014-10-28,943500.0
3959400335,3.0,2.0,1640.0,7333.0,1.0,0.0,0.0,4,7,1020.0,620.0,1941,0.0,98108,47.5636,-122.316,2130.0,4933.0,2015-04-23,560000.0
6072760390,4.0,2.5,2610.0,7254.0,1.0,0.0,0.0,2,8,1610.0,1000.0,1975,0.0,98006,47.5618,-122.176,2250.0,7407.0,2015-04-07,547500.0
2787700030,4.0,1.75,2030.0,7210.0,1.0,0.0,0.0,3,7,1450.0,580.0,1968,0.0,98059,47.5067,-122.164,1750.0,8387.0,2014-10-10,359500.0
6446200060,3.0,2.5,2590.0,35640.0,1.0,0.0,0.0,3,9,2590.0,0.0,1987,0.0,98029,47.5516,-122.03,2590.0,31200.0,2015-04-01,660000.0
1545800710,3.0,1.75,1620.0,7540.0,1.0,0.0,0.0,3,7,1310.0,310.0,1988,0.0,98038,47.3635,-122.052,1580.0,7540.0,2014-05-23,258000.0
3522059196,3.0,1.75,2040.0,22693.0,1.0,,0.0,4,8,2040.0,0.0,1980,0.0,98042,47.3519,-122.14,1950.0,6280.0,2014-06-27,355000.0
4365200186,2.0,1.0,810.0,4800.0,1.0,0.0,0.0,3,7,810.0,0.0,1948,0.0,98126,47.5232,-122.375,1240.0,7740.0,2014-06-06,253500.0
2064800890,3.0,1.0,1270.0,8920.0,1.0,0.0,0.0,5,7,1270.0,0.0,1969,0.0,98056,47.534,-122.172,1590.0,8589.0,2015-04-15,422500.0
9268710390,2.0,2.0,1470.0,2052.0,1.5,0.0,0.0,3,7,1470.0,0.0,1986,0.0,98003,47.3086,-122.328,1470.0,2052.0,2014-11-13,239000.0
2273600260,3.0,2.25,1720.0,8521.0,1.0,0.0,0.0,4,7,1140.0,580.0,1984,0.0,98033,47.6882,-122.184,1530.0,8692.0,2015-04-03,628000.0
9206950200,2.0,2.5,1320.0,1957.0,1.0,,0.0,3,8,660.0,660.0,2004,0.0,98106,47.5364,-122.365,1420.0,2198.0,2015-03-10,352000.0
2291400341,3.0,2.25,1358.0,1196.0,3.0,0.0,0.0,3,7,1358.0,0.0,2007,0.0,98133,47.7052,-122.346,1358.0,1196.0,2015-02-03,311600.0
1311400350,4.0,1.5,2070.0,7245.0,1.0,0.0,0.0,4,7,1060.0,1010.0,1964,0.0,98001,47.3417,-122.281,1450.0,7350.0,2014-10-09,235000.0
191100810,5.0,2.25,2910.0,9525.0,2.0,0.0,0.0,4,9,2910.0,0.0,1968,0.0,98040,47.5633,-122.218,2740.0,9525.0,2014-08-11,870000.0
7895500550,4.0,1.5,1370.0,7904.0,1.0,0.0,0.0,3,7,900.0,470.0,1970,0.0,98001,47.3344,-122.28,1370.0,7900.0,2015-03-19,190848.0
9221400335,4.0,1.75,2340.0,5080.0,1.0,,0.0,5,7,1170.0,1170.0,1924,0.0,98115,47.6746,-122.32,1270.0,3270.0,2014-10-01,570000.0
6087100070,4.0,4.0,2290.0,6250.0,1.5,0.0,0.0,5,7,1690.0,600.0,1940,0.0,98116,47.5824,-122.384,1920.0,4335.0,2014-05-23,661254.0
3052700695,4.0,2.0,1650.0,5000.0,1.0,0.0,0.0,3,7,1650.0,0.0,1955,0.0,98117,47.6781,-122.374,1690.0,2276.0,2014-05-07,575000.0
6150200435,2.0,0.75,650.0,5360.0,1.0,0.0,0.0,4,5,650.0,0.0,1931,0.0,98133,47.7281,-122.335,1110.0,6700.0,2014-05-13,230000.0
5423040140,3.0,2.25,2300.0,9914.0,2.0,0.0,0.0,4,8,2300.0,0.0,1980,0.0,98027,47.5677,-122.086,2240.0,9032.0,2015-04-02,680000.0
123039336,1.0,1.0,620.0,8261.0,1.0,0.0,0.0,3,5,620.0,0.0,1939,0.0,98106,47.5138,-122.364,1180.0,8244.0,2014-06-11,148000.0
123039336,1.0,1.0,620.0,8261.0,1.0,0.0,0.0,3,5,620.0,0.0,1939,0.0,98106,47.5138,-122.364,1180.0,8244.0,2014-12-08,244900.0
1446401290,3.0,1.0,1400.0,6600.0,1.0,0.0,0.0,3,6,1280.0,120.0,1954,0.0,98168,47.4845,-122.331,1730.0,6600.0,2014-10-30,214950.0
8010100135,3.0,1.5,1800.0,6250.0,1.0,0.0,0.0,3,8,1420.0,380.0,1947,0.0,98116,47.5778,-122.389,1800.0,5625.0,2014-10-30,580000.0
8899000140,3.0,1.5,1300.0,7885.0,1.0,0.0,0.0,3,7,1300.0,0.0,1968,0.0,98055,47.4556,-122.209,1840.0,7600.0,2014-08-28,263000.0
2172000570,5.0,2.5,2360.0,11375.0,1.0,0.0,0.0,4,7,1180.0,1180.0,1962,0.0,98178,47.4875,-122.255,1160.0,7800.0,2014-06-24,317000.0
1471701200,4.0,3.0,3320.0,13500.0,1.0,,0.0,3,7,1750.0,1570.0,1963,0.0,98059,47.4596,-122.065,1830.0,13800.0,2014-10-22,302000.0
9808700370,3.0,1.0,1480.0,6978.0,2.0,0.0,0.0,4,8,1480.0,0.0,1949,19850.0,98004,47.6497,-122.217,2660.0,13062.0,2014-06-23,899000.0
904000045,3.0,2.5,2190.0,11394.0,1.0,0.0,0.0,3,8,1550.0,640.0,1956,0.0,98199,47.6685,-122.409,2190.0,9540.0,2014-06-23,1290000.0
7680400140,3.0,3.25,3740.0,136915.0,2.5,0.0,0.0,3,11,3100.0,640.0,1990,0.0,98166,47.4549,-122.363,2400.0,16104.0,2014-06-26,710000.0
3291800140,3.0,1.0,1360.0,9310.0,1.0,0.0,0.0,4,7,1020.0,340.0,1980,0.0,98056,47.4901,-122.185,1480.0,8330.0,2014-11-07,230000.0
3624039074,3.0,1.0,1210.0,5200.0,1.0,0.0,0.0,3,6,1210.0,0.0,1941,0.0,98126,47.531,-122.373,890.0,5200.0,2015-05-04,430000.0
98001070,5.0,4.25,4610.0,13252.0,2.0,0.0,4.0,3,11,4610.0,0.0,2004,0.0,98075,47.5878,-121.969,4400.0,15154.0,2014-08-18,1170000.0
5100402767,3.0,1.0,860.0,6380.0,1.5,0.0,0.0,4,7,860.0,0.0,1927,0.0,98115,47.6942,-122.315,1250.0,6380.0,2014-10-14,397000.0
2826049070,3.0,2.5,2250.0,8300.0,2.0,0.0,0.0,3,8,2250.0,0.0,2003,0.0,98125,47.7174,-122.308,1790.0,7626.0,2015-02-25,595000.0
9414610240,3.0,1.75,2030.0,10089.0,1.0,0.0,0.0,4,8,1330.0,700.0,1976,0.0,98027,47.5217,-122.05,2030.0,9827.0,2015-03-10,485000.0
4019301160,5.0,2.5,3260.0,24300.0,1.5,0.0,1.0,4,8,2310.0,950.0,1950,0.0,98155,47.7587,-122.274,2390.0,32057.0,2014-06-27,755000.0
1217000340,3.0,1.0,1840.0,8100.0,1.0,0.0,0.0,4,7,920.0,920.0,1953,0.0,98166,47.455,-122.35,1250.0,8100.0,2014-06-06,185000.0
1217000340,3.0,1.0,1840.0,8100.0,1.0,0.0,0.0,4,7,920.0,920.0,1953,0.0,98166,47.455,-122.35,1250.0,8100.0,2015-02-19,340000.0
8081650400,4.0,2.75,2000.0,5827.0,2.0,0.0,0.0,3,7,2000.0,0.0,1997,0.0,98038,47.3629,-122.026,1710.0,6929.0,2014-06-24,236000.0
9465910310,4.0,2.5,2810.0,7549.0,2.0,0.0,0.0,3,9,2810.0,0.0,1992,0.0,98072,47.7441,-122.173,2750.0,7642.0,2014-09-19,550000.0
9468200163,3.0,2.0,1780.0,5720.0,1.0,0.0,0.0,5,7,980.0,800.0,1925,0.0,98103,47.6794,-122.351,1620.0,5050.0,2014-07-09,680000.0
305000310,4.0,2.5,2540.0,8706.0,2.0,0.0,0.0,3,9,2540.0,0.0,1997,0.0,98075,47.5855,-122.031,2540.0,6239.0,2015-04-21,630000.0
2624049035,3.0,2.0,2340.0,3477.0,1.0,0.0,1.0,5,7,1170.0,1170.0,1971,0.0,98118,47.54,-122.267,2110.0,6300.0,2014-06-17,560000.0
8098400135,3.0,2.0,1480.0,6600.0,1.0,0.0,2.0,3,7,740.0,740.0,1943,0.0,98146,47.5081,-122.385,1250.0,7300.0,2014-05-13,385000.0
2291400342,3.0,2.25,1358.0,1141.0,3.0,0.0,0.0,3,7,1358.0,0.0,2007,0.0,98133,47.7052,-122.346,1358.0,1196.0,2014-10-22,280000.0
4051110240,3.0,2.5,1750.0,7490.0,1.0,0.0,0.0,4,7,1180.0,570.0,1979,0.0,98042,47.3746,-122.149,1570.0,7490.0,2014-08-25,225000.0
3024059078,4.0,1.75,1830.0,29110.0,2.0,0.0,0.0,3,8,1230.0,600.0,1990,0.0,98040,47.5449,-122.215,3630.0,16488.0,2014-06-05,610000.0
3182100105,3.0,2.0,1170.0,6750.0,1.0,0.0,0.0,5,7,800.0,370.0,1947,0.0,98115,47.6752,-122.281,1330.0,6750.0,2014-12-09,592500.0
6705850140,4.0,2.75,3170.0,7634.0,2.0,,0.0,3,10,3170.0,0.0,1992,0.0,98075,47.5774,-122.054,2940.0,7846.0,2014-10-09,750000.0
8651442440,4.0,1.0,1530.0,4875.0,2.0,0.0,0.0,3,7,1530.0,0.0,1977,0.0,98042,47.3638,-122.091,1470.0,4875.0,2014-10-23,164000.0
3432500765,2.0,1.0,1100.0,8281.0,1.0,0.0,0.0,4,7,1100.0,0.0,1947,0.0,98155,47.7414,-122.315,1510.0,8281.0,2014-06-12,320000.0
3905100310,4.0,2.5,2030.0,3974.0,2.0,,0.0,3,8,2030.0,0.0,1994,0.0,98029,47.5692,-122.006,1780.0,3953.0,2014-06-25,544000.0
1328330510,3.0,1.75,1870.0,7500.0,1.0,0.0,0.0,5,8,1320.0,550.0,1978,0.0,98058,47.4428,-122.134,1870.0,7275.0,2014-09-09,344950.0
4017050260,3.0,2.5,3080.0,12476.0,2.0,0.0,0.0,3,10,3080.0,0.0,1990,0.0,98038,47.3752,-122.029,3130.0,13631.0,2014-06-06,539500.0
2323069053,4.0,1.75,2480.0,60548.0,1.0,0.0,0.0,4,7,1600.0,880.0,1968,0.0,98027,47.4722,-122.001,2390.0,90169.0,2015-04-17,420000.0
4022900951,2.0,1.0,910.0,22725.0,1.0,0.0,0.0,1,6,910.0,0.0,1926,0.0,98155,47.7712,-122.299,2000.0,14566.0,2015-04-02,305000.0
6450304630,2.0,1.0,810.0,5100.0,1.0,,0.0,3,6,810.0,0.0,1955,0.0,98133,47.7317,-122.343,1500.0,5100.0,2014-12-01,229000.0
3303960060,5.0,3.5,3990.0,9938.0,2.0,0.0,0.0,3,11,3990.0,0.0,2001,0.0,98059,47.5198,-122.156,3490.0,11734.0,2014-06-19,1070000.0
993001342,3.0,2.25,1430.0,1383.0,3.0,0.0,0.0,3,8,1430.0,0.0,2005,0.0,98103,47.6917,-122.341,1430.0,1347.0,2014-08-08,397500.0
6743700030,4.0,2.0,2190.0,8402.0,2.0,0.0,0.0,4,6,2190.0,0.0,1928,0.0,98033,47.6944,-122.175,2210.0,7802.0,2015-04-01,540000.0
6696800030,4.0,2.5,2290.0,10186.0,2.0,0.0,0.0,3,8,2290.0,0.0,1985,0.0,98008,47.6353,-122.124,2150.0,10186.0,2014-09-23,650000.0
4114601580,6.0,4.0,3020.0,13237.0,2.0,1.0,4.0,3,8,2840.0,180.0,1942,19830.0,98144,47.5924,-122.287,3680.0,12620.0,2014-07-24,1900000.0
2025079045,2.0,1.75,2260.0,280962.0,2.0,0.0,2.0,3,9,1890.0,370.0,2005,0.0,98014,47.6359,-121.94,2860.0,219542.0,2014-06-23,649000.0
182000350,5.0,2.0,2020.0,67953.0,1.5,0.0,0.0,4,7,1620.0,400.0,1936,0.0,98178,47.4891,-122.263,1270.0,13198.0,2015-03-25,287500.0
8082400136,4.0,2.75,2620.0,4743.0,1.0,0.0,2.0,4,8,1310.0,1310.0,1949,0.0,98117,47.6829,-122.4,1900.0,4764.0,2014-06-26,815000.0
6352600350,2.0,2.5,2830.0,8630.0,2.0,0.0,0.0,3,10,2830.0,0.0,2001,0.0,98074,47.6481,-122.081,3190.0,7515.0,2014-12-09,795000.0
9414610070,3.0,1.75,1700.0,9840.0,1.0,0.0,0.0,4,8,1200.0,500.0,1976,0.0,98027,47.5192,-122.046,2040.0,14169.0,2015-01-30,502775.0
7812801125,2.0,1.0,1110.0,6411.0,1.0,0.0,0.0,3,6,1110.0,0.0,1944,0.0,98178,47.4962,-122.242,1150.0,6504.0,2015-01-12,222900.0
1121039105,4.0,3.0,2150.0,64694.0,1.0,0.0,0.0,3,8,1450.0,700.0,1969,0.0,98023,47.3268,-122.388,2430.0,59612.0,2014-12-03,399950.0
3591000030,4.0,2.5,2650.0,13684.0,2.0,,0.0,3,9,2650.0,0.0,1994,0.0,98052,47.6278,-122.108,2650.0,12032.0,2014-08-23,728000.0
2386000240,5.0,3.5,3870.0,65556.0,2.0,,0.0,3,10,3870.0,0.0,1994,0.0,98053,47.6403,-121.992,4290.0,67019.0,2014-09-29,850000.0
4254000060,4.0,2.75,2530.0,17856.0,2.0,0.0,0.0,3,8,2530.0,0.0,1998,0.0,98019,47.7356,-121.959,2530.0,14640.0,2014-10-02,525000.0
6623400193,3.0,1.0,1450.0,7850.0,1.5,0.0,0.0,5,7,1450.0,,1910,0.0,98055,47.4299,-122.199,1360.0,10400.0,2014-09-03,257000.0
8944550140,3.0,2.5,2200.0,3360.0,2.0,0.0,0.0,3,8,2200.0,0.0,2009,0.0,98118,47.5418,-122.287,2130.0,3423.0,2014-05-19,433500.0
2730500140,4.0,1.75,1890.0,9623.0,1.0,0.0,0.0,4,7,1290.0,600.0,1969,0.0,98001,47.2901,-122.279,1510.0,9711.0,2015-04-23,314950.0
5490210510,3.0,1.75,1530.0,14633.0,1.0,0.0,0.0,3,7,1100.0,430.0,1977,0.0,98052,47.6949,-122.119,1780.0,8100.0,2014-09-22,500000.0
8718500560,3.0,1.5,1590.0,8911.0,1.0,0.0,0.0,3,7,1590.0,0.0,1956,0.0,98028,47.7394,-122.252,1590.0,9625.0,2014-06-27,300000.0
8651520160,4.0,2.5,2690.0,18653.0,2.0,0.0,0.0,3,8,2690.0,0.0,1985,0.0,98074,47.6449,-122.059,2230.0,9744.0,2014-07-07,645000.0
2868900160,3.0,1.0,990.0,10125.0,1.0,0.0,0.0,3,7,990.0,0.0,1972,0.0,98042,47.3422,-122.089,1360.0,10125.0,2014-10-02,222500.0
8062900030,3.0,1.75,1300.0,8099.0,1.0,0.0,0.0,4,7,1080.0,220.0,1976,0.0,98056,47.5026,-122.172,1270.0,8099.0,2014-07-15,275000.0
3336000626,3.0,1.5,1720.0,6570.0,1.5,0.0,0.0,4,8,1720.0,0.0,1909,0.0,98118,47.5284,-122.265,1360.0,6000.0,2015-04-16,498000.0
3226059083,3.0,1.75,2080.0,75794.0,1.0,0.0,0.0,3,7,2080.0,0.0,1958,0.0,98033,47.7018,-122.189,1870.0,11020.0,2014-06-26,800000.0
7212660960,3.0,2.5,1840.0,8234.0,2.0,0.0,0.0,3,8,1840.0,0.0,1994,0.0,98003,47.267,-122.312,1940.0,7601.0,2014-08-14,297000.0
1180007375,5.0,3.5,4010.0,6000.0,2.0,0.0,3.0,3,9,2560.0,1450.0,1997,0.0,98178,47.4928,-122.229,2440.0,6000.0,2015-05-12,625000.0
1150900060,4.0,2.5,3560.0,6187.0,2.0,0.0,0.0,3,9,3560.0,0.0,2003,0.0,98029,47.5593,-122.016,3190.0,6981.0,2014-10-30,770000.0
9528102110,3.0,2.25,1640.0,4635.0,1.5,0.0,0.0,3,8,1540.0,100.0,1930,0.0,98115,47.6793,-122.319,1530.0,4635.0,2014-09-17,517000.0
1172000150,1.0,1.0,530.0,6350.0,1.0,0.0,0.0,5,5,530.0,0.0,1941,0.0,98103,47.6946,-122.357,1200.0,6350.0,2014-08-29,238000.0
1523049115,3.0,1.0,1990.0,15375.0,1.0,0.0,0.0,3,7,1140.0,850.0,1946,0.0,98168,47.4778,-122.288,1160.0,10236.0,2014-10-21,234550.0
4222310410,3.0,2.25,1690.0,7245.0,1.0,0.0,1.0,3,7,1160.0,530.0,1973,0.0,98003,47.3505,-122.305,1690.0,6720.0,2014-09-29,230500.0
2568300210,5.0,2.5,2670.0,16777.0,1.5,0.0,0.0,4,7,1620.0,1050.0,1920,0.0,98125,47.7015,-122.301,1610.0,8227.0,2014-06-28,585000.0
3131201320,4.0,1.75,1930.0,3876.0,1.5,0.0,0.0,5,7,1450.0,480.0,1924,0.0,98105,47.6604,-122.324,1280.0,3825.0,2014-08-22,733000.0
1982201255,2.0,1.0,810.0,3880.0,1.0,0.0,0.0,3,7,810.0,0.0,1952,0.0,98107,47.6631,-122.365,900.0,4365.0,2014-11-14,357950.0
125039025,3.0,1.75,1550.0,3680.0,1.0,0.0,0.0,3,7,1050.0,500.0,1927,0.0,98117,47.6817,-122.36,1560.0,4000.0,2014-06-11,530000.0
5379805121,4.0,2.5,2640.0,10720.0,2.0,0.0,0.0,3,8,2640.0,0.0,1999,0.0,98188,47.4485,-122.278,1680.0,10018.0,2014-12-29,377500.0
7853302520,4.0,2.5,2320.0,10046.0,2.0,0.0,0.0,3,7,2320.0,0.0,2006,0.0,98065,47.5406,-121.887,2320.0,5253.0,2015-02-06,475000.0
1921069101,3.0,1.75,2170.0,73616.0,1.0,0.0,0.0,3,7,2170.0,0.0,2008,0.0,98092,47.2881,-122.086,1710.0,297514.0,2015-05-08,399000.0
9276202160,3.0,2.0,2080.0,5750.0,1.0,0.0,0.0,5,7,1040.0,,1926,0.0,98116,47.5791,-122.392,1710.0,4830.0,2014-11-26,660000.0
4037500230,5.0,2.25,2070.0,10488.0,1.0,0.0,0.0,4,7,1080.0,990.0,1958,0.0,98008,47.6095,-122.122,1740.0,9225.0,2014-10-07,400000.0
1982201345,2.0,1.0,800.0,4850.0,1.0,0.0,0.0,4,7,800.0,0.0,1944,0.0,98107,47.6639,-122.364,1150.0,4365.0,2014-05-02,440000.0
5469500180,4.0,2.25,2040.0,14383.0,1.0,0.0,0.0,4,8,1270.0,770.0,1977,0.0,98042,47.3849,-122.163,2030.0,11500.0,2015-02-06,366400.0
1088810040,4.0,2.5,2830.0,10677.0,2.0,0.0,0.0,3,9,2830.0,0.0,1993,0.0,98011,47.742,-122.208,2970.0,9619.0,2015-03-20,627250.0
2117700085,3.0,1.75,1480.0,7560.0,1.0,0.0,0.0,3,6,1100.0,380.0,1920,19850.0,98117,47.6985,-122.364,1510.0,7250.0,2014-07-30,375950.0
9211500730,3.0,2.25,1810.0,6750.0,1.0,0.0,0.0,3,7,1280.0,530.0,1978,0.0,98023,47.2976,-122.377,1690.0,7770.0,2015-02-18,162000.0
4083801395,3.0,2.75,1970.0,2600.0,2.5,0.0,0.0,3,8,1970.0,0.0,1924,19940.0,98103,47.663,-122.335,1680.0,3120.0,2014-07-24,780000.0
9274201006,4.0,2.5,2650.0,4316.0,1.5,0.0,0.0,3,8,1520.0,1130.0,1905,20130.0,98116,47.5866,-122.389,1690.0,5625.0,2014-05-07,705000.0
7205800040,4.0,2.5,2820.0,15233.0,1.0,,2.0,4,9,1820.0,1000.0,1972,0.0,98003,47.3426,-122.321,2560.0,11998.0,2014-12-23,450000.0
3276180210,3.0,2.75,1400.0,7880.0,1.0,0.0,0.0,3,7,1000.0,400.0,1981,0.0,98056,47.5095,-122.193,1400.0,7279.0,2014-11-17,311000.0
3904900530,3.0,2.5,1580.0,6065.0,2.0,0.0,0.0,3,8,1580.0,0.0,1985,0.0,98029,47.5692,-122.021,1770.0,6700.0,2014-06-13,485000.0
9560800040,3.0,2.5,1800.0,11034.0,2.0,,0.0,4,8,1800.0,0.0,1987,0.0,98072,47.7558,-122.142,1940.0,8900.0,2014-07-16,485000.0
5249801411,5.0,3.75,3360.0,6000.0,2.0,0.0,0.0,3,8,2640.0,720.0,1963,19990.0,98118,47.558,-122.277,1930.0,6000.0,2014-10-10,725000.0
3750603492,3.0,1.0,1510.0,17040.0,1.0,0.0,0.0,4,6,1510.0,,1975,0.0,98001,47.2649,-122.285,1520.0,14000.0,2014-07-15,185000.0
249000180,4.0,4.25,4285.0,9345.0,2.0,0.0,0.0,3,10,4285.0,0.0,2013,0.0,98004,47.6332,-122.199,1570.0,8994.0,2014-12-01,1890000.0
1796370180,3.0,2.25,1610.0,7423.0,2.0,0.0,0.0,4,7,1610.0,0.0,1990,0.0,98042,47.3713,-122.091,1530.0,8102.0,2015-05-08,260000.0
6699940120,4.0,2.5,2470.0,5074.0,2.0,0.0,0.0,3,8,2470.0,0.0,2004,0.0,98038,47.3457,-122.041,2470.0,5078.0,2015-04-30,356000.0
3830210230,3.0,1.0,1200.0,7220.0,1.0,0.0,0.0,3,6,1200.0,0.0,1977,0.0,98030,47.3746,-122.183,1200.0,7200.0,2015-03-19,225205.0
9144100158,3.0,1.0,1260.0,8910.0,1.0,0.0,0.0,4,7,1260.0,0.0,1949,0.0,98117,47.7,-122.375,1560.0,8910.0,2014-12-29,445000.0
3332500636,2.0,1.0,920.0,4095.0,1.0,0.0,0.0,4,6,920.0,0.0,1914,0.0,98118,47.5484,-122.278,1460.0,4945.0,2014-06-05,356000.0
5315100476,5.0,2.75,2540.0,8250.0,1.0,0.0,0.0,4,7,1440.0,1100.0,1953,0.0,98040,47.5875,-122.24,2540.0,11000.0,2014-10-10,760250.0
8682260610,2.0,2.0,1870.0,5143.0,1.0,0.0,0.0,3,8,1870.0,0.0,2005,0.0,98053,47.7142,-122.033,1810.0,5143.0,2015-04-30,572000.0
5700004525,3.0,2.25,3060.0,9950.0,1.5,0.0,2.0,4,9,1810.0,1250.0,1930,0.0,98144,47.579,-122.284,4950.0,10655.0,2014-06-24,970000.0
3303950220,4.0,2.5,1950.0,8628.0,2.0,0.0,0.0,3,8,1950.0,0.0,1994,0.0,98038,47.3817,-122.035,2210.0,9019.0,2014-08-31,348450.0
7399800150,3.0,1.5,1730.0,40250.0,2.0,0.0,0.0,4,8,1730.0,0.0,1983,0.0,98072,47.7499,-122.111,1730.0,36250.0,2014-06-06,535500.0
1454600256,5.0,2.5,2570.0,9600.0,1.0,,2.0,3,8,1620.0,950.0,1956,0.0,98125,47.7216,-122.282,2680.0,9900.0,2014-10-13,710000.0
629000730,3.0,1.75,1490.0,9800.0,1.0,0.0,0.0,4,7,1140.0,350.0,1947,0.0,98004,47.584,-122.198,2310.0,9800.0,2014-05-28,745000.0
7520400040,4.0,2.5,2040.0,8265.0,2.0,0.0,0.0,3,7,2040.0,0.0,1996,0.0,98146,47.4973,-122.341,2160.0,8265.0,2014-06-20,355000.0
2799800180,4.0,2.5,2690.0,5505.0,2.0,0.0,0.0,3,8,2690.0,0.0,2004,0.0,98042,47.3666,-122.119,2690.0,5505.0,2015-03-23,333000.0
2025701530,3.0,2.5,1610.0,6000.0,2.0,0.0,0.0,4,7,1610.0,0.0,1993,0.0,98038,47.349,-122.036,1570.0,6000.0,2014-08-26,282000.0
1794501415,3.0,2.0,2520.0,5400.0,1.5,0.0,0.0,4,8,1410.0,1110.0,1906,0.0,98119,47.6365,-122.361,1960.0,5400.0,2014-05-28,840500.0
4038500330,3.0,1.75,1550.0,8134.0,1.0,0.0,0.0,4,7,1550.0,0.0,1959,0.0,98008,47.6136,-122.121,1360.0,8000.0,2015-04-07,432000.0
9297301065,3.0,1.0,1800.0,4800.0,1.0,0.0,2.0,4,9,900.0,900.0,1927,0.0,98126,47.5672,-122.372,1400.0,4800.0,2014-10-29,625000.0
985000833,3.0,1.0,1170.0,6134.0,1.0,,0.0,4,7,1170.0,0.0,1948,0.0,98168,47.4941,-122.312,1440.0,9823.0,2014-09-10,209977.0
3353400120,2.0,1.0,900.0,13531.0,1.0,0.0,0.0,3,6,900.0,0.0,1979,0.0,98001,47.2616,-122.251,1767.0,8308.0,2014-07-01,174000.0
8860310120,4.0,2.0,2800.0,8540.0,1.0,0.0,0.0,4,8,1730.0,1070.0,1977,0.0,98052,47.6869,-122.126,2470.0,9400.0,2015-04-22,740000.0
9547200790,3.0,1.75,1830.0,4500.0,1.5,0.0,0.0,4,7,1830.0,0.0,1909,0.0,98115,47.676,-122.308,1830.0,4080.0,2014-09-17,518000.0
9136103026,3.0,1.75,1380.0,3225.0,1.0,0.0,0.0,4,7,940.0,440.0,1915,0.0,98103,47.6652,-122.338,1250.0,3750.0,2015-03-05,539000.0
5710600620,3.0,2.75,1990.0,9600.0,1.0,0.0,0.0,3,8,1530.0,460.0,1978,0.0,98027,47.532,-122.05,2170.0,10400.0,2015-04-29,575000.0
6003001999,2.0,1.75,1170.0,976.0,2.0,0.0,0.0,3,9,780.0,390.0,2010,0.0,98102,47.6192,-122.316,1280.0,1183.0,2015-02-09,530000.0
922059020,4.0,1.75,1400.0,54014.0,1.5,0.0,0.0,4,7,1400.0,0.0,1935,0.0,98031,47.4153,-122.184,1910.0,8523.0,2014-07-16,242025.0
644200065,4.0,2.5,2620.0,11200.0,1.0,0.0,0.0,4,8,1770.0,850.0,1962,0.0,98004,47.5876,-122.193,2360.0,11200.0,2015-03-06,1030000.0
6929602390,3.0,1.0,880.0,7500.0,1.0,0.0,0.0,3,7,880.0,0.0,1978,0.0,98198,47.3837,-122.307,880.0,7500.0,2014-08-26,230000.0
7399000230,4.0,2.5,2260.0,7500.0,1.0,0.0,0.0,3,8,1460.0,800.0,1965,0.0,98055,47.4645,-122.196,2260.0,7500.0,2015-01-07,350000.0
3885805300,3.0,1.0,1300.0,11520.0,1.0,0.0,0.0,3,6,1300.0,0.0,1958,0.0,98033,47.6829,-122.195,1440.0,8064.0,2015-04-29,595000.0
200800330,3.0,1.75,1450.0,6829.0,1.0,0.0,0.0,3,8,1450.0,0.0,1983,0.0,98052,47.7222,-122.108,1950.0,7622.0,2014-07-11,440000.0
6819100330,3.0,1.0,1110.0,6000.0,1.0,0.0,0.0,3,7,1110.0,0.0,1904,0.0,98109,47.6461,-122.357,1460.0,6000.0,2015-02-20,550000.0
1338600175,4.0,2.25,1890.0,5940.0,1.0,0.0,1.0,3,9,1470.0,420.0,1963,0.0,98112,47.6316,-122.303,2430.0,5940.0,2014-05-07,940000.0
8728100781,3.0,1.5,1100.0,1751.0,2.0,0.0,0.0,3,8,940.0,160.0,2007,0.0,98144,47.5927,-122.306,1380.0,1751.0,2014-05-16,375000.0
871000515,2.0,1.5,1350.0,4592.0,1.0,0.0,0.0,3,7,1070.0,280.0,1939,0.0,98199,47.6511,-122.405,1610.0,5102.0,2014-12-05,567500.0
6446200175,3.0,2.5,3020.0,50800.0,1.0,0.0,0.0,5,8,1510.0,1510.0,1968,0.0,98029,47.5529,-122.026,2400.0,27135.0,2014-09-16,735000.0
7889600230,2.0,1.0,730.0,5200.0,1.0,,0.0,3,6,730.0,0.0,1928,0.0,98146,47.4943,-122.337,1220.0,6240.0,2014-10-17,114000.0
2652500210,2.0,1.0,1390.0,3600.0,1.0,0.0,0.0,4,7,1010.0,380.0,1913,0.0,98119,47.6422,-122.36,1590.0,3600.0,2014-08-25,608000.0
7302000210,3.0,1.5,2710.0,47419.0,1.5,0.0,0.0,3,7,2170.0,540.0,1980,0.0,98053,47.6522,-121.966,2130.0,48144.0,2014-11-07,442500.0
6450301530,4.0,2.0,1530.0,5250.0,1.0,0.0,0.0,3,7,1110.0,420.0,1981,0.0,98133,47.7336,-122.339,1100.0,5250.0,2014-10-16,381800.0
7905200230,3.0,2.0,2170.0,3978.0,1.0,0.0,0.0,5,7,1340.0,,1919,0.0,98116,47.571,-122.391,1350.0,4680.0,2014-07-24,330000.0
1049010620,2.0,1.0,790.0,2640.0,1.0,,0.0,3,7,790.0,0.0,1973,0.0,98034,47.7351,-122.178,1310.0,2064.0,2014-05-13,90000.0
9284802825,2.0,1.75,1160.0,8625.0,1.0,,0.0,4,6,1160.0,0.0,1941,0.0,98106,47.5509,-122.366,960.0,5750.0,2014-07-24,312000.0
3782100145,3.0,1.0,1080.0,8100.0,1.0,0.0,0.0,4,7,1080.0,0.0,1955,0.0,98155,47.777,-122.307,1080.0,8100.0,2014-05-12,339000.0
8731951490,3.0,1.75,2190.0,8000.0,1.0,0.0,0.0,4,8,2190.0,0.0,1967,0.0,98023,47.3098,-122.381,1980.0,8000.0,2014-05-07,313000.0
9202650210,3.0,2.5,2030.0,6500.0,2.0,0.0,0.0,3,8,2030.0,0.0,1988,0.0,98027,47.5654,-122.092,2030.0,8485.0,2014-05-07,618080.0
2473450870,3.0,2.25,2480.0,8755.0,2.0,0.0,0.0,3,8,2480.0,0.0,1979,0.0,98058,47.4543,-122.125,2280.0,9940.0,2014-10-06,325000.0
2899200040,4.0,1.0,2240.0,7620.0,1.0,0.0,0.0,3,7,1120.0,1120.0,1966,0.0,98146,47.5089,-122.346,1080.0,7620.0,2014-07-15,242000.0
2644900149,2.0,1.5,1650.0,7311.0,1.0,0.0,0.0,3,7,860.0,790.0,1978,0.0,98133,47.7772,-122.357,1660.0,7255.0,2014-12-18,364000.0
952005000,3.0,1.75,1700.0,5750.0,1.5,0.0,2.0,5,7,1450.0,250.0,1925,0.0,98126,47.5643,-122.38,1700.0,5750.0,2014-08-15,545000.0
7298030210,3.0,2.5,2790.0,16173.0,2.0,,0.0,3,10,2790.0,0.0,1988,0.0,98023,47.3043,-122.343,2890.0,11632.0,2014-12-23,445000.0
3760500730,4.0,2.75,3010.0,10830.0,2.0,0.0,3.0,4,9,3010.0,0.0,1980,0.0,98034,47.7005,-122.232,3010.0,10650.0,2014-07-28,1090000.0
1562000120,4.0,2.5,2550.0,10000.0,1.0,0.0,0.0,3,8,1290.0,1260.0,1964,0.0,98007,47.6208,-122.141,2270.0,8640.0,2014-05-12,660000.0
9290850760,4.0,2.5,2880.0,35610.0,1.0,0.0,0.0,3,10,2880.0,0.0,1989,0.0,98052,47.6911,-122.054,3460.0,35610.0,2014-10-28,845000.0
272000220,4.0,2.0,2090.0,4000.0,1.0,0.0,0.0,3,6,1060.0,1030.0,1907,0.0,98144,47.5893,-122.299,1590.0,4000.0,2014-09-23,417000.0
418000145,2.0,1.0,740.0,5200.0,1.0,0.0,0.0,4,5,740.0,0.0,1952,0.0,98056,47.4934,-122.173,750.0,5200.0,2015-04-28,213800.0
3560800040,2.0,1.75,960.0,6200.0,1.0,0.0,0.0,4,7,960.0,0.0,1946,0.0,98136,47.5551,-122.396,1000.0,6000.0,2014-10-28,400000.0
1139000035,4.0,3.5,2100.0,7560.0,2.0,0.0,0.0,5,8,2100.0,0.0,2005,0.0,98133,47.7076,-122.356,1250.0,7560.0,2015-03-05,759950.0
6681500150,4.0,2.5,2540.0,5930.0,2.0,0.0,0.0,3,9,2540.0,0.0,2003,0.0,98199,47.6451,-122.387,1400.0,4000.0,2015-04-23,990000.0
2330000035,3.0,1.75,1650.0,10250.0,1.0,0.0,0.0,5,8,1650.0,0.0,1963,0.0,98005,47.6118,-122.169,2400.0,10250.0,2014-08-20,710000.0
3095000040,1.0,0.75,770.0,4600.0,1.0,0.0,0.0,4,6,770.0,0.0,1910,0.0,98126,47.5565,-122.377,1550.0,4600.0,2014-10-16,315000.0
3343300065,4.0,2.5,2280.0,14810.0,1.0,0.0,0.0,5,8,1500.0,780.0,1977,0.0,98056,47.5392,-122.186,2690.0,12196.0,2014-09-02,515000.0
375000230,3.0,2.0,1660.0,3729.0,1.0,0.0,0.0,5,7,970.0,690.0,1922,0.0,98116,47.5741,-122.414,1560.0,3729.0,2014-06-26,638000.0
7663700772,4.0,2.0,2020.0,8100.0,1.5,,0.0,4,7,1160.0,860.0,1946,0.0,98125,47.7307,-122.297,1840.0,8680.0,2015-02-18,370000.0
302000065,3.0,1.0,970.0,14850.0,1.0,0.0,0.0,3,7,970.0,,1968,0.0,98001,47.3251,-122.268,1410.0,14850.0,2015-01-29,184000.0
6134500220,3.0,2.5,2480.0,6600.0,2.0,0.0,0.0,3,8,2480.0,0.0,2002,0.0,98053,47.6313,-122.008,2310.0,6656.0,2014-07-28,583800.0
2787700580,3.0,1.0,1250.0,7320.0,1.0,0.0,0.0,3,7,1250.0,0.0,1968,0.0,98059,47.5074,-122.163,1770.0,7320.0,2014-10-28,309500.0
2806300065,4.0,4.0,4430.0,31353.0,2.0,0.0,0.0,3,12,4430.0,0.0,1998,0.0,98005,47.6422,-122.157,3900.0,35237.0,2015-04-22,1960000.0
7866500035,1.0,1.0,740.0,5000.0,1.0,0.0,0.0,3,7,740.0,,1923,0.0,98118,47.5519,-122.292,1400.0,4400.0,2014-08-05,299000.0
7689600360,2.0,1.0,710.0,7200.0,1.0,0.0,0.0,3,6,710.0,,1943,0.0,98178,47.4903,-122.245,960.0,7200.0,2014-06-13,215000.0
3541600210,4.0,2.0,1970.0,10500.0,1.0,0.0,0.0,3,8,1820.0,150.0,1961,0.0,98166,47.479,-122.356,2090.0,12300.0,2014-06-18,410000.0
6821600065,2.0,1.0,820.0,6000.0,1.0,0.0,0.0,3,7,820.0,0.0,1939,0.0,98199,47.6494,-122.395,1630.0,6000.0,2014-10-30,478000.0
7625703405,2.0,1.0,1000.0,6500.0,1.0,,0.0,4,7,1000.0,0.0,1918,0.0,98136,47.5474,-122.388,1280.0,6500.0,2014-09-10,431000.0
6979900360,4.0,2.5,3080.0,35430.0,2.0,0.0,0.0,3,9,3080.0,0.0,1997,0.0,98053,47.6325,-121.97,2640.0,28972.0,2014-07-09,635000.0
6072100790,5.0,2.25,2410.0,12000.0,2.0,0.0,0.0,4,8,2410.0,0.0,1973,0.0,98006,47.5434,-122.175,2080.0,12000.0,2015-04-08,648000.0
4113800410,3.0,2.5,2370.0,11172.0,2.0,0.0,0.0,3,9,2370.0,0.0,1993,0.0,98056,47.5345,-122.179,2550.0,11558.0,2014-06-03,640000.0
4139450760,5.0,4.5,4690.0,6705.0,2.0,0.0,0.0,3,10,3450.0,1240.0,1995,0.0,98006,47.5539,-122.108,4070.0,11505.0,2014-12-15,932808.0
8682220150,2.0,2.0,2280.0,6815.0,1.0,0.0,0.0,3,8,2280.0,0.0,2002,0.0,98053,47.7103,-122.027,2280.0,6750.0,2014-06-06,835000.0
2325039057,2.0,1.75,1530.0,7020.0,1.0,0.0,0.0,3,7,1030.0,500.0,1942,0.0,98199,47.6465,-122.395,2090.0,6600.0,2014-07-28,469775.0
2459900040,5.0,3.5,3610.0,52595.0,2.0,0.0,0.0,4,7,3610.0,0.0,1989,0.0,98014,47.6832,-121.907,1620.0,60112.0,2014-07-17,587000.0
6819100150,3.0,2.0,1740.0,3600.0,1.0,0.0,0.0,5,7,990.0,750.0,1923,0.0,98119,47.6448,-122.358,1250.0,3600.0,2014-07-21,677915.0
7922900040,4.0,3.0,3600.0,9200.0,1.0,0.0,4.0,4,9,2100.0,1500.0,1976,0.0,98008,47.5866,-122.116,2700.0,9775.0,2014-05-22,1080000.0
430000035,4.0,3.0,3130.0,5700.0,1.5,0.0,0.0,3,7,1750.0,1380.0,1953,0.0,98115,47.6811,-122.283,2080.0,5700.0,2014-07-05,671000.0
7853301520,5.0,3.25,3940.0,9780.0,2.0,0.0,0.0,3,9,3940.0,0.0,2007,0.0,98065,47.5435,-121.888,3550.0,8468.0,2014-09-03,695000.0
1623049133,4.0,2.0,2200.0,13320.0,1.0,0.0,0.0,3,6,1100.0,1100.0,1944,0.0,98168,47.481,-122.292,1330.0,6099.0,2014-07-29,205000.0
4024101451,4.0,1.0,1510.0,7200.0,1.5,0.0,0.0,4,7,1510.0,0.0,1955,0.0,98155,47.761,-122.307,1950.0,10656.0,2015-04-30,350000.0
3211100730,3.0,1.75,1560.0,7930.0,2.0,,0.0,4,7,1560.0,0.0,1980,0.0,98059,47.4779,-122.161,1720.0,8073.0,2014-08-04,360000.0
9542840410,4.0,2.25,1870.0,4198.0,2.0,0.0,0.0,3,7,1870.0,0.0,2008,0.0,98038,47.3657,-122.021,1870.0,4184.0,2014-11-08,313999.0
6648500580,3.0,2.25,2070.0,7225.0,1.0,0.0,0.0,3,8,1690.0,380.0,1979,0.0,98042,47.3551,-122.148,2070.0,7400.0,2015-04-21,300000.0
8665900206,2.0,1.75,1660.0,11747.0,1.0,0.0,0.0,3,7,830.0,830.0,1981,0.0,98155,47.7661,-122.306,1900.0,19850.0,2015-04-23,452000.0
3025079003,3.0,2.5,2010.0,57934.0,1.0,0.0,0.0,3,7,2010.0,0.0,1978,0.0,98014,47.6262,-121.96,2040.0,55527.0,2015-03-25,495500.0
2377000040,3.0,1.0,1410.0,40500.0,1.0,0.0,0.0,4,7,1410.0,0.0,1961,0.0,98092,47.3199,-122.1,1570.0,40500.0,2014-12-18,288000.0
9315100210,3.0,1.75,1820.0,7194.0,1.0,0.0,0.0,4,7,1820.0,0.0,1967,0.0,98003,47.3352,-122.307,1420.0,7560.0,2015-02-17,227490.0
4046500720,3.0,2.5,2560.0,16420.0,2.0,0.0,0.0,4,8,2560.0,0.0,1989,0.0,98014,47.6916,-121.916,2120.0,16298.0,2014-11-07,470950.0
8956000120,4.0,2.75,2450.0,4187.0,2.0,0.0,2.0,3,8,2450.0,0.0,2010,0.0,98027,47.5471,-122.016,2320.0,4187.0,2014-06-14,735000.0
2862100366,7.0,2.75,3110.0,4400.0,1.5,0.0,0.0,5,7,2010.0,1100.0,1914,0.0,98105,47.6684,-122.319,1240.0,4280.0,2014-10-15,730000.0
1402660150,3.0,2.5,2210.0,7000.0,2.0,0.0,0.0,4,8,2210.0,0.0,1985,0.0,98058,47.4377,-122.132,2260.0,7224.0,2014-12-03,412000.0
7853310450,4.0,2.5,2630.0,6326.0,2.0,,0.0,3,9,2630.0,0.0,2008,0.0,98065,47.5222,-121.874,3240.0,6229.0,2014-06-06,589500.0
3812400455,7.0,1.0,2350.0,8636.0,1.0,0.0,0.0,3,7,1550.0,800.0,1962,0.0,98118,47.5432,-122.277,1500.0,7366.0,2014-11-04,291000.0
269000970,5.0,3.75,4450.0,7680.0,2.0,0.0,0.0,3,9,3460.0,990.0,2010,0.0,98199,47.6418,-122.392,2550.0,6400.0,2015-04-02,1300000.0
1788800910,3.0,1.0,1200.0,10458.0,1.0,0.0,0.0,4,6,1200.0,0.0,1961,0.0,98023,47.3262,-122.342,1160.0,9000.0,2014-10-20,190000.0
8820902700,2.0,1.75,1210.0,7733.0,1.0,0.0,0.0,3,6,1210.0,0.0,1904,0.0,98125,47.7148,-122.282,1670.0,7733.0,2015-04-22,456200.0
8945300040,3.0,1.0,1290.0,8470.0,1.0,,0.0,4,7,970.0,320.0,1966,0.0,98023,47.3054,-122.371,1300.0,7350.0,2014-09-19,225000.0
3225069241,3.0,2.5,3490.0,21064.0,1.0,1.0,4.0,3,10,2290.0,1200.0,1968,0.0,98074,47.6092,-122.073,1780.0,15244.0,2015-04-22,2000000.0
7202430150,4.0,2.5,3360.0,15091.0,2.0,0.0,0.0,3,9,3360.0,0.0,1997,0.0,98052,47.6649,-122.135,1930.0,9936.0,2014-07-09,740000.0
2070100040,3.0,1.75,2660.0,5511.0,1.0,0.0,0.0,3,8,1330.0,1330.0,1948,0.0,98108,47.5575,-122.3,2030.0,6111.0,2014-12-01,467000.0
1139000620,2.0,1.0,770.0,7554.0,1.0,0.0,0.0,3,6,770.0,0.0,1946,0.0,98177,47.7057,-122.36,1390.0,7500.0,2014-10-08,385000.0
976000790,3.0,2.5,1800.0,4763.0,2.0,0.0,0.0,3,7,1240.0,560.0,1985,0.0,98119,47.646,-122.362,1790.0,4763.0,2014-10-20,670000.0
6617500085,4.0,2.5,2900.0,5760.0,1.0,0.0,0.0,4,8,1660.0,1240.0,1959,0.0,98118,47.55,-122.272,2250.0,6098.0,2015-04-22,500000.0
6163900971,3.0,2.0,1430.0,6000.0,1.0,0.0,0.0,5,7,1430.0,,1945,0.0,98155,47.7564,-122.316,1630.0,6315.0,2014-06-19,352450.0
7135521530,4.0,2.75,2550.0,7591.0,2.0,0.0,0.0,3,9,2550.0,0.0,1989,0.0,98059,47.5302,-122.147,2670.0,7796.0,2014-10-28,669888.0
4036800925,3.0,2.75,1310.0,7300.0,1.0,0.0,0.0,3,7,1310.0,0.0,1957,0.0,98008,47.6016,-122.123,1310.0,7030.0,2014-06-24,405000.0
6751300065,3.0,1.5,1430.0,8000.0,1.0,0.0,0.0,4,7,1430.0,0.0,1956,0.0,98007,47.5874,-122.136,1450.0,8000.0,2014-05-06,518000.0
7192200040,4.0,1.0,1880.0,6288.0,1.0,0.0,0.0,3,7,1120.0,760.0,1974,0.0,98178,47.5101,-122.259,1880.0,6334.0,2014-10-01,280000.0
3629970610,3.0,2.5,1600.0,2375.0,2.0,0.0,0.0,3,7,1600.0,0.0,2005,0.0,98029,47.5531,-121.996,1830.0,2375.0,2014-07-18,435000.0
3797310230,3.0,2.0,1760.0,9732.0,1.0,0.0,0.0,3,7,1760.0,0.0,1996,0.0,98022,47.1923,-122.014,1910.0,9231.0,2015-05-07,314950.0
2781270210,2.0,2.0,1180.0,3003.0,2.0,0.0,0.0,3,6,1180.0,0.0,2005,0.0,98038,47.3491,-122.02,1310.0,3003.0,2015-02-24,209900.0
1330900230,4.0,2.5,2330.0,31705.0,2.0,0.0,0.0,4,8,2330.0,0.0,1980,0.0,98052,47.6471,-122.03,2460.0,36600.0,2015-04-16,630000.0
8917100206,4.0,1.5,1960.0,12688.0,1.5,0.0,0.0,4,7,1960.0,0.0,1962,0.0,98052,47.6304,-122.097,2050.0,9375.0,2014-07-18,442000.0
1219000120,4.0,1.0,1140.0,13440.0,1.0,,0.0,2,5,1140.0,0.0,1944,0.0,98166,47.4619,-122.344,1450.0,7560.0,2015-04-02,340000.0
522059158,3.0,1.75,1400.0,6956.0,1.0,0.0,0.0,4,7,1400.0,0.0,1957,0.0,98031,47.4233,-122.198,1400.0,9375.0,2014-06-16,230000.0
526059122,5.0,2.25,2710.0,22120.0,1.0,0.0,0.0,3,7,1410.0,1300.0,1955,0.0,98011,47.7642,-122.195,2850.0,12224.0,2014-12-05,495200.0
293620180,4.0,2.5,3510.0,6745.0,2.0,0.0,0.0,3,10,3510.0,0.0,1998,0.0,98075,47.6016,-122.074,3320.0,8370.0,2015-03-31,900000.0
945000410,2.0,1.0,910.0,4600.0,1.0,0.0,0.0,3,5,910.0,0.0,1917,0.0,98117,47.6916,-122.362,1020.0,4600.0,2015-03-13,265000.0
226059106,3.0,1.75,2090.0,65558.0,1.0,0.0,0.0,3,8,1330.0,760.0,1977,0.0,98072,47.7621,-122.127,2450.0,47178.0,2015-01-02,489500.0
4166600610,3.0,2.0,1410.0,44866.0,1.0,0.0,0.0,4,7,1410.0,0.0,1985,0.0,98023,47.3273,-122.37,2950.0,29152.0,2015-05-14,335000.0
8854100220,3.0,3.25,3050.0,12700.0,2.0,,0.0,3,8,2240.0,810.0,1990,0.0,98011,47.7445,-122.214,3050.0,12386.0,2014-12-05,585000.0
5249804655,4.0,2.25,2010.0,7200.0,1.0,0.0,1.0,4,8,1010.0,1000.0,1950,0.0,98118,47.5591,-122.267,2010.0,7200.0,2014-10-17,800000.0
2220069203,4.0,2.25,2120.0,53578.0,2.0,0.0,2.0,4,7,2120.0,0.0,1985,0.0,98022,47.2041,-122.021,2120.0,53578.0,2014-09-08,379500.0
3298200790,3.0,1.0,1270.0,8000.0,1.0,0.0,0.0,4,6,1270.0,0.0,1959,0.0,98008,47.6175,-122.118,1210.0,7875.0,2014-08-12,475000.0
4038400040,3.0,2.0,1670.0,8800.0,1.0,0.0,0.0,4,7,1150.0,520.0,1961,0.0,98008,47.6096,-122.132,2020.0,8250.0,2014-11-24,520000.0
7215730730,4.0,2.5,1800.0,4338.0,2.0,0.0,0.0,3,8,1800.0,0.0,2001,0.0,98075,47.5962,-122.015,1800.0,4507.0,2015-01-28,515000.0
3126049107,2.0,1.0,1640.0,5515.0,1.0,,0.0,4,7,940.0,700.0,1926,0.0,98103,47.6912,-122.334,2054.0,5515.0,2015-05-03,577500.0
3110800040,3.0,2.25,1740.0,9672.0,1.0,0.0,0.0,4,7,1110.0,630.0,1963,0.0,98031,47.4149,-122.181,1640.0,9600.0,2014-07-16,269900.0
2608300035,3.0,1.0,1600.0,5952.0,1.0,0.0,0.0,4,7,1150.0,450.0,1964,0.0,98106,47.5292,-122.362,1460.0,6200.0,2014-05-27,329000.0
7217400650,3.0,1.5,1280.0,1920.0,1.5,0.0,0.0,3,7,1280.0,0.0,1905,19900.0,98122,47.6117,-122.301,1280.0,3150.0,2015-04-24,458500.0
924069106,4.0,2.0,1480.0,11171.0,1.5,0.0,0.0,4,6,1480.0,0.0,1947,0.0,98075,47.5849,-122.051,2790.0,20680.0,2015-03-13,890000.0
2310050040,4.0,2.5,1980.0,7334.0,2.0,,0.0,3,7,1980.0,0.0,2003,0.0,98038,47.3528,-122.041,1850.0,7134.0,2015-04-01,361500.0
7490000040,5.0,3.25,3730.0,10626.0,1.0,0.0,4.0,4,10,3730.0,0.0,1963,0.0,98004,47.624,-122.221,4180.0,19110.0,2014-07-18,2540000.0
6675500133,2.0,1.0,900.0,8374.0,1.0,0.0,0.0,3,7,900.0,0.0,1984,0.0,98034,47.7282,-122.225,1580.0,8965.0,2014-08-22,325000.0
809001520,4.0,3.25,3480.0,6000.0,3.0,0.0,0.0,3,8,3480.0,0.0,2014,0.0,98109,47.6353,-122.353,2200.0,4080.0,2014-11-05,1850000.0
1424200035,4.0,2.0,2840.0,13367.0,1.0,,0.0,3,7,1420.0,1420.0,1952,0.0,98004,47.6237,-122.21,2840.0,12744.0,2014-05-23,945000.0
5641300220,3.0,2.5,2490.0,4244.0,2.0,0.0,0.0,3,9,2490.0,0.0,2005,0.0,98042,47.3705,-122.131,2490.0,4748.0,2014-08-28,370000.0
8682292020,2.0,2.0,1510.0,4908.0,1.0,0.0,0.0,3,8,1510.0,0.0,2006,0.0,98053,47.7196,-122.024,1440.0,3921.0,2014-09-15,450000.0
1604590230,4.0,2.5,2900.0,18303.0,2.0,0.0,0.0,4,10,2900.0,0.0,1994,0.0,98075,47.5981,-122.03,2900.0,18303.0,2015-04-24,800000.0
2856101540,3.0,2.5,2240.0,3825.0,2.0,0.0,0.0,3,7,2240.0,0.0,1995,0.0,98117,47.6786,-122.389,1460.0,5100.0,2014-12-11,676000.0
1336300610,4.0,1.75,2040.0,5000.0,2.0,0.0,0.0,4,9,2040.0,0.0,1921,0.0,98102,47.6279,-122.315,3220.0,5600.0,2015-04-02,1270000.0
3819500065,3.0,1.75,1460.0,7980.0,1.0,0.0,0.0,3,7,1460.0,0.0,1972,0.0,98028,47.7713,-122.265,1920.0,7980.0,2014-10-28,290000.0
2329600040,3.0,1.5,990.0,8925.0,1.0,0.0,0.0,4,7,990.0,0.0,1962,0.0,98003,47.3294,-122.331,1360.0,8625.0,2014-11-18,158000.0
4440900040,4.0,1.75,1970.0,9389.0,1.0,,0.0,5,7,1140.0,830.0,1960,0.0,98133,47.7771,-122.339,1820.0,8135.0,2014-05-05,379950.0
7202260330,4.0,2.5,2660.0,4000.0,2.0,0.0,0.0,3,8,2660.0,0.0,2001,0.0,98053,47.6876,-122.038,2330.0,4517.0,2014-05-09,583000.0
425000230,2.0,1.0,870.0,5700.0,1.0,0.0,0.0,4,6,870.0,0.0,1957,0.0,98056,47.498,-122.17,1020.0,5700.0,2014-12-30,150000.0
5466400530,3.0,2.5,1740.0,6992.0,2.0,0.0,0.0,3,7,1740.0,0.0,1990,0.0,98042,47.3574,-122.158,1260.0,6825.0,2014-07-21,261500.0
6600490220,4.0,2.5,2290.0,3777.0,2.0,0.0,0.0,3,7,2290.0,,2004,0.0,98198,47.3617,-122.308,1480.0,3608.0,2014-10-14,278000.0
2156500220,4.0,2.75,2170.0,7140.0,1.0,0.0,0.0,3,8,1290.0,880.0,1977,0.0,98052,47.691,-122.113,2120.0,7820.0,2014-09-23,555000.0
9438300035,3.0,1.75,2040.0,8173.0,1.0,0.0,0.0,3,7,1470.0,570.0,1958,0.0,98133,47.7439,-122.333,1900.0,8172.0,2014-08-27,355000.0
4036800770,4.0,1.5,1770.0,6650.0,1.0,0.0,0.0,3,7,1770.0,0.0,1958,0.0,98008,47.6011,-122.124,1600.0,7000.0,2014-09-17,375000.0
4006000281,3.0,1.75,2380.0,12681.0,1.0,0.0,0.0,1,6,1380.0,1000.0,1918,0.0,98118,47.5294,-122.279,1720.0,6377.0,2014-07-29,227000.0
619079061,4.0,2.0,2030.0,103672.0,1.0,0.0,0.0,4,7,2030.0,0.0,1969,0.0,98022,47.1647,-121.973,1560.0,325393.0,2014-06-19,335000.0
3586501135,3.0,2.25,2270.0,23900.0,1.0,0.0,0.0,3,9,1820.0,450.0,1975,0.0,98177,47.7506,-122.372,2520.0,28300.0,2014-06-06,680000.0
8819900220,2.0,1.75,1390.0,5025.0,1.5,0.0,0.0,4,8,1390.0,0.0,1928,0.0,98105,47.6701,-122.288,2160.0,5000.0,2015-02-05,686500.0
1775801020,3.0,1.75,1530.0,26642.0,1.0,0.0,0.0,3,7,1180.0,350.0,1988,0.0,98072,47.7422,-122.097,1550.0,13566.0,2014-11-24,410000.0
3758900150,2.0,1.0,1430.0,13300.0,1.5,0.0,0.0,3,6,1230.0,200.0,1921,0.0,98033,47.6996,-122.203,1950.0,11421.0,2014-08-26,425000.0
1954420230,3.0,2.5,2030.0,7549.0,1.0,0.0,0.0,3,8,2030.0,0.0,1988,0.0,98074,47.6187,-122.044,2040.0,7130.0,2015-03-10,562500.0
4307320230,4.0,2.5,2390.0,6976.0,2.0,0.0,0.0,3,7,2390.0,0.0,2003,0.0,98056,47.4807,-122.182,2390.0,6346.0,2014-10-14,345000.0
7856620910,4.0,2.5,2540.0,11500.0,1.0,0.0,0.0,4,8,1640.0,900.0,1979,0.0,98006,47.5609,-122.15,2820.0,9800.0,2015-04-14,627500.0
1624079021,3.0,1.0,1890.0,36300.0,1.0,0.0,0.0,3,7,1890.0,0.0,1962,0.0,98024,47.5719,-121.914,1746.0,54014.0,2015-03-13,355000.0
4123800330,3.0,2.25,1870.0,5876.0,2.0,0.0,0.0,3,7,1870.0,0.0,1986,0.0,98038,47.3779,-122.045,1670.0,6203.0,2015-05-01,335000.0
7186800120,4.0,3.0,1780.0,4228.0,1.0,,0.0,3,7,1780.0,0.0,1953,0.0,98118,47.5488,-122.287,1730.0,5304.0,2015-03-11,350000.0
925069123,3.0,1.0,1610.0,58370.0,1.0,0.0,0.0,3,7,1610.0,0.0,1978,0.0,98053,47.6718,-122.044,2510.0,58127.0,2015-03-18,590000.0
5422420120,3.0,2.0,1420.0,6788.0,2.0,0.0,0.0,3,7,1420.0,0.0,1990,0.0,98023,47.2887,-122.351,1790.0,6607.0,2014-07-17,252000.0
5460500040,5.0,4.0,4440.0,9270.0,1.0,0.0,0.0,5,10,2220.0,2220.0,1968,0.0,98040,47.5708,-122.212,2720.0,9614.0,2015-04-21,1300000.0
5113400264,4.0,2.0,1820.0,5001.0,2.0,0.0,0.0,3,7,1820.0,0.0,1947,0.0,98119,47.6438,-122.373,1440.0,5408.0,2014-11-19,705000.0
1828000230,3.0,2.0,1620.0,8400.0,1.0,0.0,0.0,3,7,1180.0,440.0,1968,0.0,98052,47.6574,-122.128,2120.0,8424.0,2014-07-14,498000.0
6415100331,2.0,1.0,870.0,7227.0,1.0,,0.0,3,7,870.0,0.0,1948,0.0,98133,47.7288,-122.331,1250.0,7252.0,2014-09-21,312500.0
7686205370,4.0,1.75,1830.0,5375.0,1.0,,0.0,2,7,1060.0,770.0,1962,0.0,98198,47.4169,-122.316,1040.0,7500.0,2014-11-24,260000.0
8092501400,3.0,1.5,2290.0,9600.0,1.0,0.0,0.0,4,7,2290.0,0.0,1967,0.0,98042,47.3643,-122.111,1310.0,9600.0,2015-03-18,209950.0
643300210,3.0,1.75,1110.0,10402.0,1.0,0.0,0.0,4,7,1110.0,0.0,1967,0.0,98006,47.5676,-122.177,2050.0,9660.0,2015-02-10,610000.0
7550801225,4.0,1.0,1440.0,7100.0,1.5,0.0,0.0,3,7,1440.0,0.0,1906,0.0,98107,47.6725,-122.396,1490.0,5000.0,2014-06-27,500000.0
4078300040,3.0,3.5,3070.0,7050.0,1.0,0.0,3.0,3,8,1570.0,1500.0,1928,19960.0,98125,47.7076,-122.276,2350.0,5881.0,2015-02-24,850000.0
4036100175,4.0,2.5,2440.0,11700.0,1.0,0.0,0.0,5,8,1480.0,960.0,1961,0.0,98006,47.5606,-122.184,2140.0,10807.0,2015-02-19,689000.0
1036700220,4.0,2.0,2410.0,4680.0,2.0,0.0,0.0,3,9,2410.0,0.0,1974,0.0,98008,47.6234,-122.113,1910.0,4611.0,2014-11-10,470000.0
1644500450,3.0,3.0,2270.0,5175.0,2.0,0.0,0.0,3,9,2130.0,140.0,2002,0.0,98056,47.516,-122.203,2850.0,5661.0,2014-05-07,640000.0
6326000205,4.0,1.75,2340.0,7200.0,1.0,0.0,0.0,3,8,1590.0,750.0,1960,0.0,98146,47.497,-122.369,1970.0,7800.0,2014-08-12,290000.0
3375300150,3.0,2.5,1800.0,9000.0,2.0,0.0,0.0,3,7,1800.0,0.0,1983,0.0,98003,47.3186,-122.331,1670.0,8486.0,2014-12-18,258500.0
2344300220,4.0,3.5,2210.0,7597.0,1.0,0.0,0.0,4,9,1550.0,660.0,1977,20060.0,98004,47.5816,-122.197,2370.0,8811.0,2014-07-14,1100000.0
203101065,3.0,1.75,1820.0,22320.0,1.0,0.0,0.0,3,7,1250.0,570.0,1977,0.0,98053,47.6441,-121.96,2030.0,22320.0,2014-05-28,420000.0
5083100065,3.0,1.0,1190.0,9083.0,1.0,0.0,0.0,3,7,1190.0,0.0,1955,0.0,98198,47.4116,-122.293,1190.0,9450.0,2014-09-16,230000.0
1545804240,3.0,1.5,1400.0,6865.0,1.0,0.0,0.0,4,7,1400.0,0.0,1986,0.0,98038,47.3639,-122.048,1480.0,8125.0,2015-04-02,252000.0
2329720040,3.0,2.5,2600.0,4506.0,2.0,0.0,0.0,3,8,2600.0,0.0,2003,0.0,98028,47.7353,-122.222,2600.0,4658.0,2014-06-30,515000.0
7551300065,2.0,1.0,910.0,4635.0,1.0,0.0,0.0,4,6,910.0,0.0,1905,0.0,98107,47.675,-122.393,1740.0,5000.0,2014-06-09,425000.0
4321200580,3.0,2.5,1760.0,2320.0,2.0,0.0,2.0,3,8,1760.0,0.0,1994,0.0,98126,47.5723,-122.376,1760.0,4698.0,2015-01-25,575000.0
9164100040,2.0,1.0,860.0,5160.0,1.0,0.0,0.0,4,7,860.0,0.0,1909,0.0,98117,47.6823,-122.388,1090.0,5356.0,2014-10-26,390000.0
7922750150,4.0,2.25,2310.0,9800.0,1.0,0.0,0.0,3,8,1780.0,530.0,1968,0.0,98033,47.6657,-122.178,2310.0,9800.0,2014-09-17,561500.0
2804600155,4.0,1.75,2000.0,3728.0,1.5,0.0,0.0,4,9,1820.0,180.0,1926,0.0,98112,47.643,-122.299,1950.0,3728.0,2015-05-07,1350000.0
5101402296,5.0,2.75,2460.0,7830.0,1.0,,0.0,5,9,1490.0,970.0,1955,0.0,98115,47.6938,-122.31,2050.0,7830.0,2014-09-25,835000.0
8019200845,2.0,1.0,1020.0,15000.0,1.5,,0.0,3,6,1020.0,0.0,1933,0.0,98168,47.4956,-122.321,1480.0,14519.0,2015-02-18,245000.0
9286100150,3.0,2.5,1670.0,3980.0,2.0,0.0,0.0,3,8,1670.0,0.0,2000,0.0,98027,47.5317,-122.047,1670.0,2897.0,2014-08-11,475200.0
3727800065,2.0,1.0,790.0,5024.0,1.0,0.0,0.0,4,7,790.0,0.0,1941,0.0,98117,47.6833,-122.395,1330.0,5024.0,2014-11-13,425000.0
7657000085,2.0,1.5,2010.0,7755.0,2.0,0.0,0.0,3,7,2010.0,0.0,1952,0.0,98178,47.4947,-122.233,1360.0,8037.0,2015-02-02,218000.0
7954300120,4.0,2.5,2600.0,6536.0,2.0,0.0,0.0,3,9,2600.0,0.0,1999,0.0,98056,47.5232,-122.191,2640.0,6185.0,2014-08-22,600000.0
686400040,4.0,2.25,1890.0,7210.0,1.0,0.0,0.0,3,8,1890.0,0.0,1967,0.0,98008,47.6342,-122.117,1920.0,7210.0,2015-04-10,545000.0
853200040,5.0,2.5,4600.0,23250.0,1.5,0.0,2.0,3,9,3600.0,1000.0,1918,20030.0,98004,47.623,-122.218,5500.0,20066.0,2015-04-28,2410000.0
7857003046,5.0,3.0,2008.0,5050.0,1.0,0.0,0.0,3,7,1216.0,792.0,1992,0.0,98118,47.5376,-122.292,2040.0,5297.0,2015-05-06,460000.0
5014000085,2.0,1.0,880.0,6413.0,1.0,0.0,0.0,3,7,880.0,0.0,1950,0.0,98116,47.573,-122.395,1360.0,6413.0,2014-06-23,425000.0
2205500355,3.0,1.75,1700.0,8360.0,1.0,,0.0,4,7,850.0,850.0,1955,0.0,98006,47.5766,-122.147,1520.0,8360.0,2014-10-21,455000.0
2595650220,3.0,2.0,1730.0,12821.0,1.0,0.0,0.0,3,8,1730.0,0.0,1994,0.0,98001,47.353,-122.272,1980.0,11336.0,2015-04-21,313100.0
7880010150,4.0,3.5,3910.0,59863.0,2.0,0.0,0.0,4,10,2490.0,1420.0,1987,0.0,98027,47.4846,-122.067,2830.0,37674.0,2014-06-23,780000.0
6386550040,4.0,2.5,2160.0,9682.0,2.0,0.0,0.0,3,8,2160.0,0.0,1999,0.0,98031,47.4106,-122.204,1770.0,9600.0,2014-12-23,345500.0
1355000220,3.0,1.75,1200.0,8034.0,1.0,0.0,0.0,5,7,1200.0,0.0,1975,0.0,98031,47.4135,-122.18,1270.0,7600.0,2015-01-19,243000.0
6619900120,5.0,3.5,3860.0,9600.0,1.0,0.0,3.0,4,8,2660.0,1200.0,1973,0.0,98034,47.7139,-122.223,2440.0,9600.0,2014-12-08,670000.0
2132200230,3.0,1.5,1320.0,7560.0,1.0,,0.0,3,6,840.0,480.0,1983,0.0,98019,47.7451,-121.98,1210.0,7560.0,2015-02-11,325000.0
2988800065,2.0,1.0,1280.0,12500.0,1.0,0.0,0.0,3,7,1060.0,220.0,1951,0.0,98178,47.4833,-122.237,1460.0,17771.0,2014-12-02,281000.0
13001215,3.0,1.0,1100.0,5100.0,1.0,0.0,0.0,4,7,1100.0,0.0,1913,0.0,98108,47.5231,-122.332,1450.0,5100.0,2015-03-05,130000.0
705700530,3.0,2.5,2170.0,9798.0,2.0,0.0,0.0,3,7,2170.0,0.0,1995,0.0,98038,47.3817,-122.023,2020.0,8121.0,2014-07-30,340000.0
7230100120,4.0,2.75,2720.0,51396.0,2.0,0.0,0.0,4,8,2720.0,0.0,1977,0.0,98059,47.4777,-122.1,1960.0,51366.0,2015-02-09,485000.0
9520900230,4.0,2.75,2520.0,6398.0,2.0,0.0,0.0,3,8,2520.0,0.0,2014,0.0,98072,47.7685,-122.159,2520.0,6398.0,2014-12-17,642860.0
9828701085,3.0,1.75,2560.0,4800.0,1.0,0.0,0.0,3,7,1280.0,1280.0,1911,0.0,98112,47.6207,-122.295,1620.0,4800.0,2014-10-03,747000.0
1926049385,4.0,2.5,2650.0,7200.0,2.0,0.0,0.0,3,8,2250.0,400.0,1979,0.0,98133,47.7317,-122.354,2110.0,7269.0,2014-07-29,559950.0
5680000455,4.0,2.75,2870.0,7200.0,2.0,0.0,0.0,3,9,2870.0,0.0,2008,0.0,98108,47.5688,-122.317,2030.0,5400.0,2014-11-17,577288.0
125039021,2.0,1.0,1230.0,2726.0,1.5,0.0,0.0,3,7,880.0,350.0,1920,0.0,98117,47.6815,-122.359,1710.0,3750.0,2014-09-24,575000.0
3241600150,3.0,1.0,1450.0,6000.0,1.0,0.0,0.0,4,7,1450.0,0.0,1953,0.0,98118,47.5238,-122.287,1170.0,6464.0,2014-05-05,287000.0
1245003006,4.0,3.75,3180.0,9889.0,2.0,0.0,0.0,3,9,2500.0,680.0,2012,0.0,98033,47.6853,-122.204,2910.0,8558.0,2014-11-10,1150000.0
2789000120,2.0,1.0,1800.0,8900.0,1.0,0.0,0.0,3,6,900.0,900.0,1945,0.0,98168,47.51,-122.323,2040.0,10450.0,2015-04-24,335000.0
6073300040,4.0,2.25,2020.0,12500.0,2.0,0.0,0.0,2,8,2020.0,0.0,1966,0.0,98056,47.5403,-122.175,1800.0,13175.0,2015-01-06,375000.0
7663700531,2.0,1.0,620.0,14823.0,1.0,0.0,0.0,3,6,620.0,0.0,1926,0.0,98125,47.7322,-122.3,1400.0,7930.0,2015-01-06,325000.0
123059042,3.0,2.25,2190.0,220414.0,1.0,,0.0,4,7,1330.0,860.0,1976,0.0,98059,47.5041,-122.102,2550.0,175982.0,2015-04-23,530000.0
7149400450,4.0,2.25,1980.0,7081.0,1.0,0.0,0.0,3,7,1470.0,510.0,1977,0.0,98032,47.3669,-122.288,1980.0,7081.0,2015-01-12,287000.0
9264911210,5.0,3.0,2970.0,7000.0,1.0,0.0,0.0,3,8,1810.0,1160.0,1979,0.0,98023,47.3079,-122.341,2630.0,8062.0,2015-02-26,320000.0
7853300650,4.0,2.5,2270.0,4400.0,2.0,0.0,0.0,3,7,2270.0,0.0,2006,0.0,98065,47.5381,-121.888,2090.0,4400.0,2014-08-22,425000.0
6383000150,3.0,1.0,1630.0,6009.0,1.0,0.0,3.0,4,8,1630.0,0.0,1954,0.0,98117,47.693,-122.383,2120.0,6009.0,2014-08-06,550000.0
5560000650,3.0,1.0,1520.0,8450.0,1.0,0.0,0.0,2,6,1120.0,400.0,1961,0.0,98023,47.328,-122.337,1320.0,8450.0,2014-12-02,135000.0
5700002020,3.0,1.75,2080.0,5687.0,1.5,0.0,0.0,4,8,2080.0,0.0,1924,0.0,98144,47.5776,-122.289,2300.0,5995.0,2014-07-17,695000.0
2141310540,5.0,2.5,3020.0,9648.0,1.0,0.0,2.0,4,9,1980.0,1040.0,1977,0.0,98006,47.5586,-122.134,2890.0,12598.0,2015-05-06,975000.0
7247000035,4.0,1.75,2180.0,28710.0,1.0,0.0,0.0,3,8,1180.0,1000.0,1950,0.0,98198,47.405,-122.288,2180.0,28710.0,2014-05-20,210000.0
4077800438,4.0,1.75,1780.0,8768.0,1.0,0.0,0.0,4,7,1050.0,730.0,1951,0.0,98125,47.7085,-122.283,1590.0,8100.0,2014-12-31,518000.0
8821900155,3.0,1.0,1370.0,6780.0,2.0,0.0,0.0,3,6,1370.0,0.0,1930,0.0,98125,47.7156,-122.291,1450.0,7214.0,2014-07-09,335500.0
1324039110,4.0,3.5,3050.0,7020.0,2.0,0.0,3.0,3,9,2050.0,1000.0,1984,0.0,98126,47.571,-122.374,2170.0,5900.0,2014-11-26,750000.0
5566100205,3.0,1.75,1490.0,12000.0,1.0,0.0,0.0,4,7,1490.0,0.0,1956,0.0,98006,47.569,-122.175,1630.0,12000.0,2014-12-23,515000.0
7222000209,4.0,2.75,1800.0,5453.0,1.0,0.0,0.0,3,7,1050.0,750.0,2002,0.0,98055,47.4632,-122.209,1820.0,6900.0,2014-05-21,344500.0
7867500021,3.0,1.5,1760.0,6723.0,1.0,0.0,0.0,3,7,1160.0,600.0,1958,0.0,98118,47.5514,-122.266,2080.0,8965.0,2014-06-16,470000.0
8563010540,4.0,1.75,1770.0,9848.0,1.0,0.0,0.0,3,8,1370.0,400.0,1967,0.0,98008,47.6208,-122.099,2040.0,9587.0,2014-09-04,606150.0
7349650120,4.0,2.75,2910.0,7712.0,1.0,0.0,0.0,3,7,1600.0,1310.0,1998,0.0,98002,47.2842,-122.198,2220.0,6649.0,2014-11-20,292000.0
620069061,3.0,2.5,2880.0,426452.0,2.0,0.0,3.0,3,7,2880.0,0.0,1979,0.0,98092,47.2485,-122.101,1460.0,320890.0,2015-05-07,450000.0
9269200540,3.0,1.75,2520.0,5043.0,1.0,0.0,0.0,3,8,1260.0,1260.0,1957,0.0,98126,47.5339,-122.372,1360.0,4920.0,2014-08-19,429000.0
1939000040,4.0,2.5,3190.0,38119.0,2.0,0.0,0.0,3,9,3190.0,0.0,1988,0.0,98053,47.6698,-122.044,2560.0,36280.0,2014-08-20,765000.0
2767603026,2.0,1.0,540.0,2500.0,1.0,0.0,0.0,3,5,540.0,0.0,1905,0.0,98107,47.6729,-122.383,1290.0,5000.0,2015-04-15,425000.0
9477920120,4.0,2.5,3170.0,5340.0,2.0,0.0,0.0,3,7,3170.0,0.0,2000,0.0,98059,47.4911,-122.138,3010.0,5340.0,2015-02-12,505000.0
4037200530,3.0,1.75,1830.0,7371.0,1.0,0.0,0.0,3,7,1830.0,0.0,1957,0.0,98008,47.6059,-122.121,1600.0,7700.0,2015-03-17,544950.0
8150600065,3.0,2.0,1360.0,4840.0,1.5,0.0,0.0,3,8,1360.0,0.0,1936,0.0,98126,47.5487,-122.376,1450.0,4840.0,2014-09-24,382000.0
4046600120,3.0,1.75,1870.0,25157.0,2.0,0.0,0.0,3,7,1870.0,0.0,1978,0.0,98014,47.695,-121.915,1870.0,15391.0,2014-08-28,475000.0
8835220210,3.0,1.5,1370.0,4790.0,2.0,0.0,0.0,4,7,1370.0,0.0,1982,0.0,98034,47.7253,-122.164,1370.0,3799.0,2015-04-17,355000.0
7696300180,4.0,2.5,1700.0,9000.0,1.0,0.0,0.0,5,7,1700.0,0.0,1972,0.0,98034,47.7306,-122.233,1370.0,7592.0,2014-07-03,410000.0
6362900145,4.0,2.0,1960.0,5008.0,1.0,,0.0,3,6,980.0,980.0,1900,0.0,98144,47.5958,-122.299,1175.0,2315.0,2015-02-03,450000.0
7663700968,7.0,4.5,4140.0,9066.0,1.0,0.0,0.0,3,7,2070.0,2070.0,1978,0.0,98125,47.7302,-122.291,1440.0,1865.0,2014-05-28,565000.0
6844700975,2.0,1.0,1290.0,6528.0,1.5,0.0,0.0,4,7,1290.0,0.0,1941,0.0,98115,47.694,-122.29,1670.0,5712.0,2015-04-14,529100.0
7853300720,4.0,2.5,2460.0,6454.0,2.0,0.0,0.0,3,7,2460.0,0.0,2006,0.0,98065,47.5381,-121.89,2320.0,4578.0,2015-02-12,452500.0
4222200210,4.0,2.0,1580.0,8000.0,1.0,0.0,0.0,3,7,1040.0,540.0,1967,0.0,98003,47.3467,-122.304,1550.0,8000.0,2014-05-22,245000.0
7518505040,1.0,1.0,700.0,2550.0,1.0,0.0,0.0,3,6,700.0,0.0,1954,0.0,98117,47.6783,-122.383,1330.0,4110.0,2015-03-30,415000.0
6646200770,4.0,2.5,2410.0,15899.0,2.0,0.0,3.0,3,9,2410.0,0.0,1990,0.0,98074,47.6242,-122.04,2360.0,11412.0,2014-07-24,610000.0
1262700040,4.0,1.75,2180.0,9702.0,1.0,0.0,0.0,5,7,1090.0,1090.0,1962,0.0,98178,47.4973,-122.268,2020.0,9792.0,2014-10-16,363500.0
6811000220,3.0,2.75,1950.0,12630.0,1.0,0.0,0.0,4,8,1230.0,,1969,0.0,98052,47.6301,-122.107,1990.0,12196.0,2015-02-04,510000.0
6979900330,4.0,2.5,2630.0,28298.0,2.0,0.0,0.0,3,8,2630.0,0.0,1996,0.0,98053,47.6314,-121.968,2840.0,26071.0,2015-03-25,650000.0
984200540,4.0,2.5,2050.0,9015.0,2.0,0.0,0.0,4,7,2050.0,0.0,1973,0.0,98058,47.4357,-122.168,1780.0,8820.0,2015-01-14,290000.0
7812800155,3.0,1.0,790.0,6750.0,1.0,,0.0,2,6,790.0,0.0,1944,0.0,98178,47.4984,-122.24,960.0,6298.0,2015-03-18,170000.0
7228500610,2.0,1.0,1070.0,5280.0,1.0,0.0,0.0,3,6,1070.0,0.0,1900,0.0,98122,47.6168,-122.303,1380.0,2370.0,2015-03-30,510000.0
1225069038,7.0,8.0,13540.0,307752.0,3.0,0.0,4.0,3,12,9410.0,4130.0,1999,0.0,98053,47.6675,-121.986,4850.0,217800.0,2014-05-05,2280000.0
5162100650,4.0,2.5,2320.0,7379.0,2.0,0.0,0.0,3,8,2320.0,0.0,1987,0.0,98003,47.3432,-122.316,2230.0,7614.0,2014-09-22,316000.0
3904902510,4.0,2.5,2670.0,13463.0,2.0,0.0,0.0,4,9,2670.0,,1989,0.0,98029,47.5627,-122.018,2560.0,10982.0,2014-05-12,690000.0
418000330,2.0,1.0,700.0,5200.0,1.0,0.0,0.0,5,5,700.0,0.0,1952,0.0,98056,47.4924,-122.174,970.0,5200.0,2014-08-08,199950.0
7689600330,3.0,1.0,860.0,7740.0,1.0,,0.0,3,6,860.0,0.0,1960,0.0,98178,47.4906,-122.244,980.0,7200.0,2014-08-13,207000.0
2473370870,4.0,2.25,3490.0,8400.0,1.5,0.0,0.0,4,8,3490.0,0.0,1976,0.0,98058,47.4513,-122.128,2320.0,8723.0,2015-04-16,449950.0
2023069054,3.0,1.75,1160.0,257875.0,1.0,0.0,0.0,2,7,1160.0,0.0,1980,0.0,98059,47.4655,-122.072,1420.0,15450.0,2015-03-18,361550.0
293800410,4.0,3.5,3650.0,57538.0,2.0,0.0,0.0,3,10,3650.0,0.0,1996,0.0,98077,47.7711,-122.041,3730.0,56257.0,2014-09-24,824000.0
7752000065,3.0,1.75,1550.0,10050.0,1.0,0.0,0.0,5,7,1550.0,0.0,1957,0.0,98008,47.6345,-122.123,1720.0,10050.0,2015-01-06,537000.0
191100870,4.0,2.5,2620.0,9525.0,2.5,0.0,0.0,4,9,2620.0,0.0,1974,0.0,98040,47.5631,-122.219,2580.0,9525.0,2014-08-05,838400.0
5347200220,2.0,1.0,720.0,4758.0,1.0,,0.0,3,6,720.0,0.0,1947,0.0,98126,47.5176,-122.376,990.0,4920.0,2014-09-11,225000.0
7604400150,3.0,2.0,1380.0,5198.0,1.0,0.0,0.0,4,7,1380.0,0.0,1982,0.0,98106,47.5514,-122.357,1320.0,6827.0,2015-04-23,329900.0
3024089057,4.0,1.0,1170.0,34925.0,1.0,0.0,0.0,4,6,1170.0,0.0,1942,0.0,98065,47.5305,-121.841,1610.0,28108.0,2015-01-06,282500.0
2212901010,3.0,1.75,1170.0,11960.0,1.0,0.0,0.0,4,7,1170.0,0.0,1969,0.0,98042,47.3279,-122.136,1230.0,9800.0,2015-04-06,229950.0
6414100482,2.0,1.0,1630.0,12059.0,1.0,0.0,0.0,3,7,1270.0,360.0,1947,0.0,98125,47.7228,-122.314,1660.0,8800.0,2015-03-31,500000.0
9455200329,3.0,1.75,1890.0,6557.0,1.0,0.0,0.0,3,8,1890.0,0.0,1967,0.0,98125,47.7032,-122.286,1920.0,6793.0,2014-11-04,495000.0
9536601996,3.0,1.0,1010.0,9450.0,1.0,0.0,0.0,4,7,1010.0,0.0,1959,0.0,98198,47.3592,-122.315,1240.0,9450.0,2014-06-10,149500.0
1546600230,3.0,2.5,2040.0,10033.0,1.0,,0.0,4,8,1420.0,620.0,1974,0.0,98005,47.6375,-122.173,2260.0,10115.0,2014-08-18,726000.0
8691330330,4.0,2.5,4080.0,10295.0,2.0,,0.0,3,10,4080.0,0.0,1998,0.0,98075,47.5933,-121.982,3470.0,10295.0,2015-04-09,899000.0
7788400065,3.0,1.0,1270.0,8925.0,1.0,0.0,0.0,5,7,1270.0,0.0,1955,0.0,98056,47.5124,-122.165,1270.0,8996.0,2015-03-15,317000.0
2771101251,1.0,1.0,790.0,3000.0,1.0,0.0,0.0,3,6,790.0,0.0,1953,0.0,98199,47.6544,-122.386,1110.0,4100.0,2015-03-26,395000.0
4475000120,4.0,3.0,2580.0,6740.0,2.0,0.0,0.0,3,8,2580.0,0.0,1999,0.0,98058,47.4296,-122.185,2010.0,6740.0,2015-02-02,360000.0
3905120540,4.0,2.5,2290.0,6738.0,2.0,0.0,0.0,3,8,2290.0,0.0,1996,0.0,98029,47.5714,-122.005,2100.0,6261.0,2014-06-18,570000.0
8562890910,4.0,2.5,3490.0,5000.0,2.0,0.0,0.0,3,8,3490.0,0.0,2003,0.0,98042,47.3772,-122.127,2910.0,5025.0,2014-06-19,320000.0
7701700040,3.0,1.75,1510.0,30185.0,1.5,0.0,0.0,3,7,1510.0,0.0,1976,0.0,98058,47.4118,-122.089,1470.0,12465.0,2014-09-25,320000.0
7237300330,5.0,2.5,2400.0,4564.0,2.0,0.0,0.0,3,7,2400.0,0.0,2004,0.0,98042,47.369,-122.126,1880.0,4109.0,2015-03-12,268000.0
7883608693,2.0,1.0,900.0,3400.0,1.0,0.0,0.0,5,6,900.0,0.0,1905,0.0,98108,47.5269,-122.314,940.0,6000.0,2014-06-27,191000.0
4363700304,2.0,1.0,1270.0,7440.0,1.0,0.0,0.0,4,7,910.0,360.0,1949,0.0,98126,47.5285,-122.372,1040.0,7500.0,2014-08-04,400000.0
2768100040,2.0,1.0,1050.0,5000.0,1.0,0.0,0.0,5,7,1050.0,0.0,1907,0.0,98107,47.6699,-122.369,1340.0,5000.0,2014-07-01,515000.0
7853220120,4.0,2.5,2950.0,9010.0,2.0,0.0,0.0,3,9,2950.0,0.0,2004,0.0,98065,47.531,-121.86,3160.0,8813.0,2015-04-16,610000.0
9547204675,2.0,1.75,1850.0,3060.0,1.0,0.0,0.0,3,7,1060.0,790.0,1929,19920.0,98115,47.6821,-122.308,1850.0,4080.0,2014-10-24,538000.0
7852150220,3.0,2.5,1970.0,4036.0,2.0,0.0,0.0,4,7,1970.0,,2003,0.0,98065,47.5335,-121.869,1960.0,5020.0,2014-06-03,432000.0
5089700720,4.0,2.25,2400.0,8592.0,2.0,0.0,0.0,3,8,2400.0,0.0,1978,0.0,98055,47.4383,-122.193,2180.0,8100.0,2015-01-27,335000.0
3705900124,5.0,1.75,2360.0,8642.0,1.5,0.0,0.0,5,7,2060.0,300.0,1926,0.0,98133,47.7617,-122.335,1950.0,8491.0,2015-02-20,302000.0
5425700150,4.0,1.75,1580.0,9382.0,1.0,0.0,0.0,3,7,1080.0,500.0,1963,0.0,98039,47.6353,-122.232,2010.0,9382.0,2014-08-04,787500.0
6141100065,3.0,1.0,1790.0,7055.0,1.0,0.0,0.0,5,8,1520.0,270.0,1937,0.0,98133,47.718,-122.355,1710.0,7055.0,2014-12-18,420000.0
2726079098,3.0,2.5,2840.0,216493.0,2.0,0.0,0.0,3,9,2840.0,0.0,1991,0.0,98014,47.702,-121.892,2820.0,175111.0,2014-09-18,560000.0
3904960150,3.0,2.5,1970.0,6634.0,2.0,0.0,0.0,3,8,1970.0,0.0,1989,0.0,98029,47.5759,-122.012,2090.0,6176.0,2015-04-23,535000.0
3298700156,3.0,2.5,1780.0,6771.0,1.0,,0.0,3,7,1230.0,550.0,1990,0.0,98106,47.5237,-122.353,1780.0,6771.0,2014-06-10,310000.0
5700000180,5.0,2.0,3920.0,5250.0,1.5,0.0,0.0,5,7,2560.0,1360.0,1910,0.0,98144,47.5798,-122.294,1830.0,4240.0,2014-12-08,760000.0
646910620,3.0,1.75,1550.0,1905.0,2.0,0.0,0.0,3,7,1550.0,0.0,2005,0.0,98055,47.4331,-122.195,1550.0,1866.0,2014-09-22,242500.0
2397100975,6.0,3.0,2980.0,7200.0,1.5,0.0,2.0,3,8,2980.0,0.0,1911,0.0,98119,47.6366,-122.362,1720.0,3600.0,2015-02-20,1310000.0
5365200040,3.0,1.0,1270.0,7153.0,1.0,0.0,0.0,5,6,1270.0,0.0,1949,0.0,98055,47.4815,-122.226,1650.0,7153.0,2014-10-16,235000.0
4157600180,4.0,2.25,3040.0,12160.0,1.0,0.0,0.0,4,7,1520.0,1520.0,1963,0.0,98007,47.5911,-122.133,2560.0,12090.0,2015-02-23,598780.0
723099044,3.0,2.5,2075.0,16200.0,2.0,0.0,0.0,3,8,2075.0,,2002,0.0,98045,47.4848,-121.698,2300.0,32379.0,2014-08-07,433200.0
3343300644,2.0,1.0,1110.0,9920.0,1.0,0.0,0.0,5,6,700.0,410.0,1942,0.0,98056,47.5454,-122.192,2830.0,10091.0,2015-05-11,343000.0
2870000040,2.0,1.0,800.0,8125.0,1.0,0.0,0.0,3,6,800.0,0.0,1964,0.0,98033,47.6836,-122.174,2390.0,8125.0,2014-11-10,145000.0
739000035,1.0,1.0,680.0,21727.0,1.0,0.0,0.0,3,5,680.0,0.0,1952,19950.0,98058,47.446,-122.175,1470.0,19406.0,2015-01-16,291970.0
8118600155,3.0,1.0,1680.0,7910.0,1.0,0.0,0.0,3,7,1680.0,0.0,1949,0.0,98146,47.5085,-122.385,1330.0,7910.0,2015-03-18,599950.0
3025059072,4.0,2.5,3910.0,22710.0,1.5,0.0,0.0,3,8,3910.0,0.0,1908,20030.0,98004,47.6295,-122.217,2920.0,16544.0,2014-07-25,1750000.0
524059241,4.0,1.75,2780.0,11000.0,1.0,,0.0,3,9,1560.0,1220.0,1964,0.0,98004,47.595,-122.203,2350.0,11700.0,2015-03-19,870000.0
2215900410,4.0,2.75,2000.0,9083.0,2.0,,0.0,4,7,2000.0,0.0,1992,0.0,98038,47.3511,-122.058,1690.0,7735.0,2015-05-08,323000.0
7215730410,4.0,3.0,3150.0,9703.0,2.0,0.0,0.0,3,9,3150.0,0.0,2001,0.0,98075,47.5962,-122.018,3150.0,8819.0,2014-08-25,727000.0
3751600146,1.0,1.0,1120.0,17332.0,1.0,0.0,0.0,3,7,1120.0,0.0,1988,0.0,98001,47.2972,-122.267,1280.0,17334.0,2014-10-23,166000.0
3461000120,4.0,1.75,1740.0,12204.0,1.0,0.0,0.0,3,7,1270.0,470.0,1961,0.0,98155,47.7675,-122.277,2190.0,12204.0,2015-04-30,450000.0
9238500040,3.0,2.5,2970.0,23100.0,1.0,0.0,0.0,3,7,1510.0,1460.0,1967,0.0,98072,47.7735,-122.133,2390.0,20300.0,2014-06-24,400000.0
9238500040,3.0,2.5,2970.0,23100.0,1.0,0.0,0.0,3,7,1510.0,1460.0,1967,0.0,98072,47.7735,-122.133,2390.0,20300.0,2015-02-10,599000.0
3751604895,3.0,1.0,1150.0,19200.0,1.0,0.0,0.0,4,5,1150.0,0.0,1908,0.0,98001,47.2756,-122.27,1290.0,19200.0,2014-06-05,165000.0
8961800035,2.0,1.0,1190.0,7408.0,1.0,0.0,0.0,3,6,830.0,360.0,1941,0.0,98168,47.5094,-122.31,1140.0,7408.0,2014-06-05,229000.0
1154100205,1.0,1.0,900.0,7500.0,1.0,0.0,0.0,3,5,900.0,0.0,1946,0.0,98155,47.7553,-122.283,1470.0,7500.0,2014-10-13,305000.0
9274203036,3.0,3.25,2950.0,4446.0,2.0,0.0,0.0,3,9,2450.0,500.0,2001,0.0,98116,47.5852,-122.391,1930.0,4255.0,2014-09-15,930000.0
3296000040,3.0,2.5,1990.0,15985.0,1.0,0.0,0.0,3,8,1540.0,450.0,1964,0.0,98007,47.6205,-122.141,2470.0,10125.0,2014-09-23,542000.0
1421069123,3.0,1.0,1020.0,9147.0,1.0,0.0,0.0,4,6,1020.0,0.0,1900,19650.0,98010,47.3127,-122.002,1600.0,9700.0,2014-09-09,214000.0
1245500276,3.0,2.5,2070.0,7200.0,2.0,0.0,0.0,3,8,2070.0,0.0,2001,0.0,98033,47.6946,-122.211,1650.0,8877.0,2014-09-09,718000.0
263000325,3.0,2.5,1430.0,1002.0,3.0,0.0,0.0,3,8,1430.0,0.0,2002,0.0,98103,47.698,-122.349,1430.0,1530.0,2014-06-11,349000.0
8802400644,3.0,2.5,2030.0,8000.0,2.0,0.0,0.0,3,7,2030.0,0.0,1997,0.0,98031,47.4024,-122.216,2290.0,7945.0,2015-05-05,305000.0
9826701345,3.0,2.5,1620.0,2640.0,2.0,0.0,0.0,4,7,1620.0,0.0,1900,19930.0,98122,47.6036,-122.305,1370.0,3840.0,2014-07-15,498000.0
3221059044,4.0,3.5,4220.0,196817.0,2.0,0.0,0.0,3,10,4220.0,0.0,1993,0.0,98092,47.2642,-122.187,2500.0,195395.0,2014-05-23,799950.0
9430110120,3.0,2.5,2300.0,7800.0,2.0,0.0,2.0,3,9,2300.0,0.0,1997,0.0,98052,47.6842,-122.155,2300.0,8187.0,2015-05-05,737000.0
424069275,4.0,3.25,3830.0,10005.0,2.0,0.0,0.0,3,10,3830.0,0.0,2001,0.0,98075,47.5953,-122.039,2555.0,5204.0,2014-12-26,860000.0
9485940330,3.0,2.5,2390.0,34041.0,1.0,0.0,0.0,3,8,1840.0,550.0,1984,0.0,98042,47.3546,-122.081,2460.0,35686.0,2014-07-02,339950.0
2787460120,3.0,2.25,1440.0,7673.0,1.0,0.0,0.0,3,7,940.0,500.0,1982,0.0,98031,47.4034,-122.178,1440.0,8418.0,2014-05-16,249000.0
293000180,2.0,1.0,910.0,5525.0,1.0,0.0,0.0,2,6,910.0,0.0,1910,0.0,98126,47.5322,-122.379,1620.0,5525.0,2015-05-07,370000.0
7785000220,3.0,2.0,1550.0,12262.0,1.0,0.0,0.0,4,7,1550.0,0.0,1964,0.0,98040,47.5755,-122.216,2900.0,12372.0,2014-10-13,725000.0
1523059183,5.0,2.5,2380.0,91476.0,1.0,0.0,0.0,4,8,1580.0,800.0,1976,0.0,98059,47.479,-122.153,1880.0,12870.0,2014-12-05,529000.0
9536601852,4.0,2.75,2060.0,8100.0,1.0,0.0,0.0,4,7,1310.0,750.0,1988,0.0,98198,47.3581,-122.317,1540.0,8100.0,2015-03-17,310000.0
2591800530,4.0,2.25,1880.0,9163.0,2.0,0.0,0.0,3,8,1880.0,0.0,1981,0.0,98058,47.4362,-122.165,1900.0,7980.0,2014-10-27,315000.0
1732800865,4.0,2.5,3470.0,4160.0,2.0,0.0,0.0,3,9,2480.0,990.0,1927,0.0,98119,47.63,-122.363,2280.0,5440.0,2014-10-02,1300000.0
2525000760,3.0,2.0,2360.0,12744.0,2.0,0.0,0.0,5,7,2360.0,0.0,1964,0.0,98059,47.483,-122.164,1650.0,8625.0,2014-11-05,435000.0
428100580,3.0,1.75,1970.0,10800.0,1.0,0.0,0.0,4,7,1300.0,670.0,1979,0.0,98056,47.5107,-122.172,1970.0,8768.0,2014-07-16,350000.0
2143700676,3.0,1.0,1040.0,7800.0,1.0,0.0,0.0,3,7,1040.0,0.0,1948,0.0,98055,47.4804,-122.229,1780.0,8400.0,2014-09-08,240000.0
2313900610,3.0,2.25,1420.0,3750.0,2.0,0.0,0.0,3,7,1420.0,0.0,1987,0.0,98116,47.5725,-122.383,1430.0,4664.0,2015-04-28,410000.0
8946410040,4.0,2.75,2290.0,5249.0,2.0,0.0,0.0,3,7,2290.0,0.0,2003,0.0,98059,47.4916,-122.162,2270.0,4348.0,2014-09-23,430000.0
3275730120,4.0,2.5,1530.0,8375.0,1.0,0.0,0.0,3,7,1020.0,510.0,1974,0.0,98034,47.7174,-122.236,1650.0,9794.0,2014-08-18,446000.0
7334500120,3.0,1.5,1360.0,9760.0,1.5,0.0,0.0,5,7,1360.0,0.0,1984,0.0,98045,47.4648,-121.757,1310.0,11456.0,2014-06-11,240000.0
5561401210,4.0,3.0,3680.0,35736.0,1.5,0.0,0.0,4,8,2320.0,1360.0,1970,0.0,98027,47.4703,-122.015,3210.0,39512.0,2015-01-08,595000.0
8651410330,3.0,1.0,920.0,4770.0,1.0,0.0,0.0,4,6,920.0,0.0,1969,0.0,98042,47.3654,-122.082,920.0,4770.0,2015-03-06,215150.0
4058801325,2.0,1.0,1070.0,5824.0,1.0,0.0,2.0,5,7,1070.0,0.0,1949,0.0,98178,47.507,-122.242,2090.0,7980.0,2014-05-22,319950.0
2817100910,3.0,2.0,1590.0,9912.0,2.0,0.0,0.0,3,8,1590.0,0.0,2000,0.0,98070,47.3731,-122.43,1670.0,9912.0,2014-06-16,385000.0
8647800040,3.0,2.5,1600.0,6700.0,2.0,0.0,0.0,3,8,1600.0,0.0,1991,0.0,98042,47.3618,-122.074,1790.0,7577.0,2015-03-25,280000.0
1138010180,3.0,2.5,1510.0,7300.0,1.0,0.0,0.0,3,7,1040.0,470.0,1974,0.0,98034,47.7153,-122.211,1360.0,7300.0,2015-05-11,399950.0
4014400237,3.0,1.0,1080.0,10500.0,1.0,0.0,0.0,3,7,1080.0,0.0,1967,0.0,98001,47.32,-122.278,1200.0,9607.0,2014-05-23,132500.0
9358000650,2.0,0.75,1330.0,2856.0,1.0,0.0,0.0,4,7,930.0,400.0,1916,0.0,98126,47.5671,-122.37,1330.0,2856.0,2015-04-23,399950.0
6150200180,2.0,1.0,850.0,6800.0,1.0,0.0,0.0,3,7,850.0,0.0,1948,0.0,98133,47.7282,-122.337,870.0,6800.0,2014-07-21,290000.0
8146300180,5.0,2.25,1960.0,8592.0,1.0,0.0,0.0,4,8,1290.0,670.0,1958,0.0,98004,47.6066,-122.192,1720.0,8592.0,2015-05-12,860000.0
2424049029,6.0,4.25,6980.0,15682.0,3.0,0.0,4.0,4,12,5330.0,1650.0,1999,0.0,98040,47.5552,-122.231,3930.0,18367.0,2014-05-29,3100000.0
3352400905,4.0,1.0,1530.0,7200.0,1.5,0.0,0.0,3,7,1400.0,130.0,1948,0.0,98178,47.5015,-122.262,1530.0,7200.0,2014-05-16,245000.0
393000385,3.0,1.5,1320.0,7980.0,1.0,0.0,0.0,3,7,1320.0,0.0,1956,0.0,98178,47.5068,-122.259,2000.0,7700.0,2014-12-15,255000.0
7417100133,4.0,3.0,2320.0,7200.0,2.0,0.0,0.0,3,7,2320.0,0.0,1976,0.0,98155,47.7703,-122.312,2050.0,10000.0,2014-11-13,310000.0
3782100035,3.0,1.0,960.0,8100.0,1.0,0.0,0.0,3,7,960.0,0.0,1955,0.0,98155,47.7763,-122.305,1080.0,8100.0,2014-08-13,299000.0
3905120330,4.0,2.5,2040.0,5508.0,2.0,0.0,0.0,4,8,2040.0,0.0,1996,0.0,98029,47.5719,-122.007,2130.0,5496.0,2014-11-10,575000.0
9310300211,3.0,1.0,1080.0,8214.0,1.0,0.0,0.0,3,7,1080.0,0.0,1944,0.0,98133,47.7401,-122.348,1850.0,13560.0,2014-11-14,284000.0
1868900035,3.0,1.75,2020.0,4800.0,1.0,0.0,0.0,4,8,1090.0,930.0,1926,0.0,98115,47.6726,-122.294,1680.0,4800.0,2015-04-07,840000.0
3574801510,3.0,1.75,1780.0,7567.0,1.0,0.0,0.0,3,7,1290.0,490.0,1980,0.0,98034,47.7314,-122.225,1910.0,8645.0,2014-08-13,442573.0
5102400035,3.0,1.0,1140.0,7028.0,1.0,0.0,0.0,3,8,1140.0,0.0,1931,0.0,98115,47.6948,-122.322,1350.0,6923.0,2014-10-08,560000.0
2810100040,3.0,2.0,1610.0,4160.0,1.0,0.0,0.0,4,7,1010.0,600.0,1917,0.0,98136,47.5421,-122.388,1040.0,4400.0,2014-05-07,485000.0
785000040,4.0,1.75,1440.0,8536.0,1.0,0.0,0.0,4,7,1440.0,0.0,1961,0.0,98033,47.6775,-122.18,1720.0,9748.0,2015-03-18,472500.0
3861470120,4.0,2.75,4270.0,25807.0,2.0,0.0,0.0,3,11,4270.0,0.0,1996,0.0,98004,47.5951,-122.206,3860.0,20723.0,2014-11-26,1610000.0
8813400155,8.0,3.75,3460.0,4600.0,2.0,0.0,0.0,3,7,2860.0,600.0,1987,0.0,98105,47.6617,-122.289,2170.0,3750.0,2014-12-19,808000.0
526059199,3.0,1.75,1890.0,16001.0,1.5,0.0,0.0,4,7,1890.0,0.0,1950,0.0,98011,47.7663,-122.201,1820.0,11450.0,2014-10-22,398000.0
5126300770,3.0,2.5,2240.0,6000.0,2.0,0.0,0.0,3,8,2240.0,0.0,2003,0.0,98059,47.4837,-122.138,2400.0,6000.0,2015-02-17,340000.0
2734100395,2.0,1.0,760.0,4000.0,1.5,0.0,0.0,3,6,760.0,0.0,1910,0.0,98108,47.5462,-122.32,1130.0,4000.0,2015-05-13,380000.0
795000865,3.0,1.0,1020.0,6173.0,1.0,0.0,0.0,3,6,780.0,240.0,1948,0.0,98168,47.5042,-122.329,1330.0,5909.0,2014-09-12,235000.0
3763300040,3.0,1.5,1330.0,9900.0,1.0,0.0,0.0,3,7,1330.0,0.0,1956,0.0,98034,47.7167,-122.233,1940.0,9900.0,2014-10-27,400000.0
1777600880,5.0,2.5,2780.0,12335.0,1.0,0.0,0.0,4,8,1590.0,1190.0,1968,0.0,98006,47.5681,-122.128,2750.0,9930.0,2014-07-11,582000.0
3361401210,2.0,1.0,1070.0,6120.0,1.0,0.0,0.0,3,6,1070.0,0.0,1962,0.0,98168,47.4989,-122.317,1130.0,6120.0,2014-12-31,209000.0
1431600180,5.0,3.0,2660.0,7700.0,1.5,0.0,0.0,4,7,1670.0,990.0,1962,0.0,98058,47.46,-122.174,1610.0,7700.0,2015-04-03,335000.0
7454001120,2.0,1.0,710.0,7120.0,1.0,0.0,0.0,5,6,710.0,0.0,1942,0.0,98146,47.5122,-122.374,1100.0,7020.0,2014-12-12,285950.0
5561100180,5.0,2.25,3340.0,52476.0,2.0,0.0,0.0,4,8,3340.0,0.0,1975,0.0,98027,47.4553,-121.987,2460.0,48351.0,2014-11-07,645000.0
8658303080,2.0,1.0,1160.0,7500.0,1.5,,0.0,4,7,1160.0,0.0,1916,0.0,98014,47.6499,-121.916,1110.0,7500.0,2014-12-23,312000.0
6795100589,3.0,2.25,2840.0,59677.0,1.0,,0.0,3,7,1580.0,1260.0,1967,0.0,98075,47.5828,-122.044,2220.0,31688.0,2014-10-10,663000.0
3345100184,3.0,1.75,2000.0,36000.0,1.0,0.0,0.0,3,6,2000.0,0.0,1946,0.0,98056,47.5217,-122.182,2100.0,9681.0,2014-10-20,443950.0
9284801165,3.0,2.0,1060.0,5750.0,1.0,0.0,0.0,3,7,1060.0,0.0,1981,0.0,98126,47.5523,-122.372,1080.0,5750.0,2014-05-30,315000.0
7229100180,4.0,1.5,1730.0,10396.0,1.0,0.0,0.0,3,7,1730.0,0.0,1964,0.0,98058,47.4497,-122.168,1510.0,10396.0,2015-03-23,302200.0
9808630120,3.0,2.5,2190.0,2658.0,2.0,0.0,3.0,4,9,2190.0,0.0,1979,0.0,98033,47.6528,-122.203,2315.0,2538.0,2015-01-08,770000.0
2473411210,4.0,1.75,1660.0,8160.0,1.0,0.0,0.0,3,8,1660.0,0.0,1974,0.0,98058,47.4483,-122.129,1800.0,7684.0,2015-01-22,374950.0
8029500180,3.0,2.5,2210.0,7557.0,2.0,,0.0,3,9,2210.0,0.0,1989,0.0,98023,47.3079,-122.393,2440.0,8641.0,2014-06-11,330000.0
3438503014,2.0,1.0,870.0,7020.0,1.0,0.0,0.0,4,6,570.0,300.0,1942,0.0,98106,47.5404,-122.352,1730.0,7020.0,2014-10-20,230000.0
5100403882,4.0,2.5,3100.0,7250.0,2.0,0.0,0.0,3,9,3100.0,0.0,2010,0.0,98115,47.6961,-122.316,1240.0,6670.0,2015-04-27,967000.0
6909200401,4.0,2.5,1720.0,3515.0,2.0,0.0,2.0,3,8,1470.0,,2000,0.0,98144,47.591,-122.293,1140.0,2208.0,2014-09-08,536500.0
2113700360,6.0,4.0,3120.0,4240.0,2.0,0.0,2.0,4,7,2090.0,1030.0,1993,0.0,98106,47.5305,-122.353,1460.0,4240.0,2014-06-27,315000.0
2028701075,3.0,1.0,1040.0,4240.0,1.0,0.0,0.0,4,7,860.0,180.0,1924,0.0,98117,47.6768,-122.367,1170.0,4240.0,2014-07-16,626000.0
3755200220,4.0,2.0,1650.0,9305.0,1.0,0.0,0.0,4,6,1650.0,0.0,1960,0.0,98034,47.7183,-122.213,1860.0,7486.0,2014-07-18,334009.0
2767800065,2.0,1.0,1010.0,5000.0,1.0,0.0,0.0,2,7,1010.0,0.0,1924,0.0,98107,47.6715,-122.365,1410.0,5000.0,2015-01-29,429000.0
1136100087,4.0,2.5,4020.0,44431.0,2.0,0.0,0.0,3,10,4020.0,0.0,1987,0.0,98072,47.7467,-122.132,3440.0,52900.0,2015-02-05,818000.0
3422059257,5.0,2.75,2166.0,6342.0,2.0,0.0,0.0,3,8,2166.0,0.0,2013,0.0,98042,47.3461,-122.152,2474.0,5948.0,2014-08-28,326000.0
3438502083,5.0,3.0,1880.0,5000.0,1.0,0.0,0.0,3,7,1100.0,780.0,1997,0.0,98106,47.5453,-122.363,1640.0,5000.0,2014-06-12,310000.0
930000234,4.0,2.0,2260.0,7680.0,1.0,0.0,0.0,4,7,1130.0,1130.0,1947,0.0,98177,47.7193,-122.361,1800.0,7680.0,2015-04-21,525000.0
2475200330,3.0,2.25,2010.0,4400.0,1.5,0.0,0.0,3,7,2010.0,0.0,1986,0.0,98055,47.4735,-122.189,1720.0,4187.0,2015-04-03,350000.0
6352600650,4.0,2.5,3330.0,8897.0,2.0,0.0,0.0,3,10,3330.0,0.0,2001,0.0,98074,47.6484,-122.08,3150.0,7515.0,2015-04-02,936000.0
4415600040,3.0,1.0,1520.0,7200.0,1.0,0.0,0.0,3,7,1030.0,490.0,1954,0.0,98166,47.4527,-122.352,1530.0,7201.0,2014-11-29,226000.0
7974700150,5.0,3.5,3510.0,4798.0,2.0,0.0,0.0,3,10,2700.0,810.0,2008,0.0,98105,47.669,-122.282,1460.0,1684.0,2015-05-01,1250000.0
820079043,3.0,1.75,1580.0,507038.0,1.0,,2.0,4,7,1580.0,0.0,1985,0.0,98022,47.2303,-121.936,2040.0,210394.0,2014-08-19,428000.0
8910500150,3.0,1.5,1460.0,5040.0,1.0,0.0,0.0,3,7,1100.0,360.0,1971,0.0,98133,47.7112,-122.357,2330.0,7560.0,2014-05-29,329932.0
8910500150,3.0,1.5,1460.0,5040.0,1.0,0.0,0.0,3,7,1100.0,360.0,1971,0.0,98133,47.7112,-122.357,2330.0,7560.0,2015-01-20,539000.0
1938400410,3.0,1.75,1650.0,7700.0,1.0,0.0,0.0,4,8,1650.0,0.0,1977,0.0,98023,47.3155,-122.365,2020.0,7700.0,2015-03-10,275000.0
7338200180,4.0,2.5,2660.0,35010.0,2.0,0.0,2.0,3,9,2660.0,0.0,1993,0.0,98045,47.4816,-121.714,2330.0,35448.0,2014-09-10,590000.0
3636800180,4.0,2.5,3510.0,24604.0,2.0,0.0,0.0,3,10,3510.0,0.0,1997,0.0,98053,47.6772,-122.056,3530.0,26673.0,2015-01-23,782000.0
9545240180,4.0,2.5,2120.0,9603.0,2.0,0.0,0.0,3,8,2120.0,0.0,1985,0.0,98027,47.5348,-122.053,1990.0,9611.0,2014-06-16,575000.0
3293700482,3.0,2.25,1780.0,9315.0,2.0,0.0,0.0,3,7,1780.0,0.0,1996,0.0,98133,47.7484,-122.353,1780.0,8545.0,2015-01-14,509000.0
7968000120,4.0,2.5,2000.0,13300.0,1.0,0.0,0.0,4,7,1200.0,800.0,1968,0.0,98001,47.353,-122.294,1800.0,9810.0,2014-05-09,290000.0
7655900062,3.0,1.0,1300.0,9000.0,1.0,0.0,0.0,3,7,1300.0,0.0,1956,0.0,98133,47.7352,-122.337,1500.0,9600.0,2014-07-28,305240.0
4321200970,3.0,2.0,2180.0,4976.0,1.5,0.0,2.0,4,8,1680.0,500.0,1930,0.0,98126,47.573,-122.38,1850.0,5000.0,2014-06-10,555000.0
8645540040,3.0,2.0,1790.0,8228.0,1.0,0.0,0.0,3,7,1390.0,400.0,1980,0.0,98058,47.4658,-122.172,1880.0,8228.0,2014-07-25,317000.0
7504200120,3.0,2.0,1910.0,5040.0,1.5,,0.0,3,8,1910.0,0.0,1971,0.0,98074,47.6312,-122.061,1980.0,4275.0,2014-06-13,430000.0
3867400175,2.0,1.5,1800.0,4144.0,1.0,0.0,4.0,4,7,900.0,900.0,1962,0.0,98116,47.5934,-122.39,2090.0,4173.0,2015-02-24,850000.0
4022906222,3.0,2.25,2620.0,10659.0,1.0,,0.0,3,7,1660.0,960.0,1976,0.0,98155,47.7643,-122.273,1820.0,12071.0,2014-11-26,469000.0
7346600092,2.0,2.0,1440.0,8425.0,1.0,0.0,0.0,4,6,1440.0,0.0,1942,19830.0,98168,47.4831,-122.296,1430.0,12037.0,2014-07-30,327200.0
3222049044,3.0,3.0,2790.0,12523.0,2.0,1.0,4.0,4,8,1600.0,1190.0,1977,0.0,98198,47.3571,-122.324,2990.0,11476.0,2014-06-12,835000.0
1843100580,4.0,2.5,2340.0,13445.0,2.0,0.0,0.0,3,8,2340.0,0.0,1990,0.0,98042,47.374,-122.125,2340.0,11188.0,2014-09-03,360000.0
393000142,4.0,2.5,2070.0,8658.0,2.0,0.0,0.0,3,8,2070.0,0.0,1999,0.0,98178,47.5072,-122.257,2010.0,7215.0,2014-12-11,372000.0
3288200360,3.0,1.0,2160.0,11484.0,1.5,0.0,0.0,4,7,2160.0,0.0,1968,0.0,98034,47.7277,-122.185,2270.0,10080.0,2015-03-26,453000.0
5379800040,2.0,1.75,2090.0,11317.0,1.0,0.0,0.0,5,7,1090.0,1000.0,1931,0.0,98188,47.4594,-122.279,1940.0,11317.0,2014-08-13,275000.0
6843600040,4.0,2.5,2040.0,7260.0,2.0,0.0,0.0,4,7,2040.0,0.0,1963,0.0,98133,47.7399,-122.332,2040.0,7360.0,2014-07-02,475000.0
1091500120,4.0,2.75,1950.0,9720.0,1.0,,0.0,3,7,1400.0,550.0,1986,0.0,98031,47.3969,-122.205,2300.0,10530.0,2015-02-13,310000.0
7148200040,4.0,2.0,1200.0,8460.0,1.0,0.0,0.0,5,7,1200.0,0.0,1957,0.0,98188,47.4413,-122.277,1350.0,8623.0,2015-02-10,173000.0
1623089025,5.0,3.0,2240.0,94960.0,1.0,0.0,0.0,3,6,2240.0,0.0,1985,0.0,98045,47.481,-121.788,1780.0,43400.0,2015-04-03,313500.0
3278600760,3.0,2.5,1360.0,1489.0,2.0,0.0,0.0,3,8,1360.0,0.0,2007,0.0,98126,47.549,-122.372,1360.0,1688.0,2014-07-29,345000.0
1226039054,3.0,1.5,1500.0,10200.0,1.0,,0.0,3,8,1300.0,200.0,1955,0.0,98177,47.7598,-122.359,1950.0,9500.0,2015-03-16,436000.0
798000145,2.0,1.75,1300.0,14500.0,1.0,0.0,0.0,3,6,650.0,,1939,0.0,98168,47.4989,-122.329,1370.0,12986.0,2014-09-24,244500.0
7905400040,3.0,1.75,1140.0,9800.0,1.0,0.0,0.0,4,7,1140.0,0.0,1968,0.0,98001,47.3063,-122.27,1370.0,9800.0,2014-07-11,206000.0
3825310720,4.0,2.5,2930.0,9158.0,2.0,0.0,0.0,3,9,2930.0,0.0,2005,0.0,98052,47.7065,-122.13,3590.0,8065.0,2015-04-21,890000.0
4137000540,4.0,2.25,2140.0,8874.0,2.0,,0.0,3,8,2140.0,0.0,1986,0.0,98092,47.2654,-122.217,2140.0,8789.0,2015-01-22,329950.0
120059044,3.0,1.75,1628.0,286355.0,1.0,0.0,0.0,3,7,1628.0,0.0,1996,0.0,98092,47.2558,-122.122,1490.0,216344.0,2015-02-17,250000.0
420069021,3.0,2.0,1990.0,203861.0,1.0,0.0,0.0,3,7,1990.0,0.0,1949,0.0,98022,47.2507,-122.039,2760.0,217800.0,2014-10-27,246000.0
622100092,3.0,1.75,1950.0,19747.0,1.0,,0.0,3,7,1150.0,800.0,1979,0.0,98072,47.7685,-122.162,2560.0,9674.0,2014-07-16,440000.0
3876312620,4.0,1.75,1910.0,8117.0,1.0,0.0,0.0,3,7,1460.0,450.0,1975,0.0,98072,47.7344,-122.173,1810.0,8100.0,2014-09-24,395000.0
3331001165,3.0,1.0,820.0,5150.0,1.0,0.0,0.0,5,6,820.0,0.0,1918,0.0,98118,47.5514,-122.284,1100.0,5150.0,2014-09-26,305000.0
2019200220,3.0,2.25,1470.0,8682.0,1.0,0.0,0.0,3,7,1160.0,310.0,1985,0.0,98003,47.2729,-122.299,1670.0,8359.0,2014-09-23,160000.0
2019200220,3.0,2.25,1470.0,8682.0,1.0,0.0,0.0,3,7,1160.0,310.0,1985,0.0,98003,47.2729,-122.299,1670.0,8359.0,2015-02-26,269000.0
7956200220,3.0,1.0,1060.0,10023.0,1.0,0.0,0.0,3,6,1060.0,0.0,1962,0.0,98023,47.2869,-122.36,1060.0,10023.0,2014-08-11,169500.0
6632900452,4.0,2.75,3130.0,8920.0,2.0,0.0,0.0,3,8,3130.0,0.0,2014,0.0,98155,47.7397,-122.316,1450.0,9183.0,2014-12-05,690500.0
8165100035,2.0,1.5,1260.0,9693.0,1.0,0.0,0.0,3,7,1260.0,0.0,1957,0.0,98177,47.7775,-122.365,1800.0,9693.0,2014-12-03,245560.0
9264930970,4.0,2.75,2200.0,13498.0,2.0,0.0,0.0,3,8,2200.0,0.0,1987,0.0,98023,47.3148,-122.35,2190.0,11850.0,2015-03-11,345000.0
3344500085,4.0,1.75,2580.0,19607.0,1.0,0.0,2.0,4,8,1290.0,1290.0,1958,0.0,98056,47.5067,-122.197,1970.0,9569.0,2014-10-15,383000.0
3320000222,3.0,2.25,1350.0,944.0,2.0,,0.0,3,8,1050.0,300.0,2007,0.0,98144,47.5997,-122.312,1350.0,1245.0,2014-08-27,388500.0
3375300210,3.0,1.75,1350.0,8548.0,1.0,0.0,0.0,3,7,1350.0,0.0,1985,0.0,98003,47.3179,-122.33,1660.0,8538.0,2014-09-18,250000.0
5469500580,3.0,1.75,2290.0,19000.0,1.0,0.0,0.0,4,9,1650.0,640.0,1973,0.0,98042,47.3837,-122.158,2900.0,13034.0,2015-02-03,455500.0
8146100610,3.0,1.0,1220.0,8573.0,1.0,0.0,0.0,4,7,1220.0,0.0,1954,0.0,98004,47.6088,-122.193,1390.0,8573.0,2014-12-01,672000.0
3223059123,4.0,1.5,2750.0,128502.0,1.0,0.0,0.0,2,7,1500.0,1250.0,1958,0.0,98055,47.4345,-122.198,1470.0,11514.0,2014-06-30,550000.0
2325059101,3.0,1.75,1430.0,12632.0,1.0,0.0,0.0,3,7,1430.0,0.0,1959,0.0,98008,47.6371,-122.123,1750.0,10350.0,2015-05-06,487000.0
9475710040,4.0,2.5,2220.0,6233.0,2.0,0.0,0.0,3,7,2220.0,0.0,2001,0.0,98059,47.4887,-122.15,2220.0,5352.0,2014-08-20,291375.0
9310300175,3.0,1.0,1490.0,15850.0,1.0,0.0,0.0,3,7,1490.0,0.0,1946,0.0,98133,47.7411,-122.347,1950.0,13228.0,2015-03-04,225000.0
8099900040,5.0,3.5,2440.0,10200.0,2.0,0.0,0.0,4,7,2440.0,0.0,1974,0.0,98075,47.5814,-122.003,2000.0,10568.0,2014-11-11,519950.0
3224800120,3.0,2.5,2070.0,8400.0,2.0,0.0,0.0,4,8,2070.0,0.0,1990,0.0,98002,47.3099,-122.206,2070.0,9239.0,2014-08-26,250000.0
4232903265,3.0,1.0,1500.0,2400.0,1.5,,0.0,5,7,1500.0,0.0,1900,0.0,98119,47.6333,-122.362,1780.0,3600.0,2014-09-18,614950.0
8861500065,4.0,2.25,2020.0,10260.0,2.0,0.0,0.0,4,7,2020.0,0.0,1984,0.0,98052,47.6801,-122.114,2020.0,10311.0,2015-01-14,599500.0
3585300365,4.0,1.5,2190.0,13660.0,1.0,0.0,3.0,3,8,2190.0,0.0,1952,0.0,98177,47.7658,-122.37,2520.0,20500.0,2014-09-24,625000.0
8019200360,2.0,1.0,780.0,10064.0,1.0,0.0,0.0,4,7,780.0,0.0,1958,0.0,98168,47.4913,-122.318,1090.0,14750.0,2015-05-06,248500.0
2862100205,5.0,2.0,1220.0,4200.0,1.0,0.0,0.0,4,6,1090.0,130.0,1921,0.0,98105,47.6677,-122.321,1790.0,4200.0,2014-09-30,469950.0
7420100040,3.0,1.5,1840.0,10956.0,1.0,0.0,0.0,4,8,1840.0,0.0,1970,0.0,98033,47.6746,-122.164,1680.0,10950.0,2015-04-22,525000.0
223039229,2.0,2.5,2390.0,6928.0,2.0,0.0,3.0,4,8,1810.0,580.0,1949,19820.0,98146,47.5101,-122.391,2390.0,12852.0,2014-09-02,787500.0
7967950040,4.0,2.5,3710.0,15935.0,1.0,0.0,0.0,3,10,2130.0,1580.0,2005,0.0,98001,47.3528,-122.267,3674.0,17913.0,2015-04-16,485000.0
1443500120,2.0,1.0,750.0,5379.0,1.0,0.0,0.0,3,6,750.0,0.0,1919,0.0,98118,47.5324,-122.272,1030.0,5511.0,2015-04-07,310000.0
3920000040,5.0,2.0,2110.0,7919.0,1.0,0.0,0.0,3,7,1110.0,1000.0,1966,0.0,98118,47.5164,-122.267,1590.0,5250.0,2014-10-10,280000.0
126059021,4.0,1.0,1020.0,42966.0,1.5,0.0,0.0,4,6,1020.0,0.0,1922,0.0,98072,47.7617,-122.11,2250.0,37680.0,2015-04-02,200000.0
8106300970,3.0,2.5,3080.0,7363.0,2.0,0.0,0.0,3,9,3080.0,0.0,2006,0.0,98055,47.4473,-122.205,2860.0,5273.0,2014-10-10,490000.0
9320900610,3.0,1.0,900.0,4770.0,1.0,0.0,0.0,3,6,900.0,0.0,1969,20090.0,98023,47.3038,-122.362,900.0,3480.0,2014-12-31,146000.0
5647900650,5.0,3.0,3720.0,25474.0,2.0,0.0,4.0,3,9,2090.0,1630.0,1986,0.0,98001,47.3296,-122.256,1870.0,14547.0,2014-11-20,500000.0
1432701430,3.0,1.0,940.0,7380.0,1.0,,0.0,3,6,940.0,0.0,1959,0.0,98058,47.4516,-122.175,1210.0,8095.0,2014-09-10,242500.0
6632300477,3.0,1.0,1040.0,7288.0,1.0,0.0,0.0,3,7,1040.0,0.0,1959,0.0,98125,47.7287,-122.311,1160.0,7287.0,2014-10-06,324950.0
9476200150,2.0,1.0,1000.0,7615.0,1.0,0.0,0.0,4,6,1000.0,0.0,1943,0.0,98056,47.49,-122.191,1060.0,8000.0,2015-04-16,231500.0
8029500450,3.0,2.5,2080.0,9827.0,2.0,0.0,0.0,3,8,2080.0,0.0,1989,0.0,98023,47.3058,-122.394,2660.0,9861.0,2014-05-29,300000.0
9510320150,4.0,2.5,2500.0,50595.0,2.0,0.0,0.0,3,9,2500.0,0.0,1997,0.0,98045,47.4736,-121.731,2765.0,33720.0,2014-12-02,545000.0
415100085,3.0,1.0,1050.0,8583.0,1.0,0.0,0.0,5,6,1050.0,0.0,1955,0.0,98133,47.7451,-122.339,1460.0,7351.0,2015-02-17,350000.0
8562850150,3.0,1.75,1620.0,8645.0,1.0,0.0,0.0,3,7,1190.0,430.0,1973,0.0,98052,47.6651,-122.151,2010.0,8645.0,2014-05-23,467100.0
1951600150,3.0,1.0,1610.0,8500.0,1.5,0.0,0.0,3,7,1610.0,0.0,1959,0.0,98032,47.3717,-122.297,1070.0,8750.0,2015-04-08,180000.0
6745700150,4.0,1.5,2130.0,5000.0,2.0,0.0,0.0,4,8,2130.0,0.0,1920,0.0,98144,47.5828,-122.291,2560.0,5000.0,2014-07-10,749000.0
9211520410,3.0,2.5,1460.0,11593.0,2.0,0.0,0.0,3,7,1460.0,0.0,1989,0.0,98023,47.2984,-122.385,1640.0,9703.0,2014-10-09,245000.0
3388000040,5.0,1.0,1600.0,7350.0,1.0,0.0,0.0,5,7,1600.0,0.0,1962,0.0,98031,47.3943,-122.196,1600.0,7725.0,2014-08-19,260000.0
3566800040,3.0,3.0,1730.0,2940.0,3.0,0.0,0.0,3,7,1730.0,0.0,1985,0.0,98117,47.6911,-122.392,1690.0,4410.0,2014-06-07,490000.0
4221250120,4.0,2.5,2280.0,4602.0,2.0,,0.0,3,8,2280.0,0.0,2003,0.0,98075,47.5895,-122.019,2280.0,4193.0,2014-08-27,565000.0
1402600040,4.0,2.25,2430.0,7490.0,2.0,0.0,0.0,3,8,2430.0,0.0,1983,0.0,98058,47.4406,-122.139,2070.0,7469.0,2014-08-25,330000.0
2720000120,3.0,1.0,1380.0,7575.0,1.0,0.0,0.0,4,7,1380.0,0.0,1963,0.0,98056,47.5139,-122.187,1320.0,7600.0,2014-11-04,295000.0
3359500665,3.0,1.5,1790.0,6000.0,1.5,0.0,0.0,4,7,1790.0,0.0,1903,0.0,98115,47.6754,-122.325,1290.0,3500.0,2014-10-09,725000.0
7732650040,4.0,2.5,3370.0,10602.0,2.0,0.0,0.0,3,10,3370.0,0.0,1999,0.0,98007,47.6591,-122.147,2950.0,9949.0,2014-09-03,1140000.0
2874600040,3.0,2.25,2920.0,6300.0,1.0,0.0,0.0,3,8,1710.0,1210.0,1956,0.0,98177,47.7065,-122.37,1940.0,6300.0,2014-08-04,680000.0
6154900065,2.0,1.0,2180.0,9300.0,1.0,0.0,0.0,4,7,1090.0,1090.0,1947,0.0,98177,47.7032,-122.371,1830.0,7378.0,2014-10-30,490000.0
3491300180,3.0,1.75,1480.0,6985.0,1.5,,0.0,4,7,1200.0,280.0,1926,0.0,98117,47.686,-122.374,1480.0,5588.0,2015-04-27,635000.0
619079096,3.0,2.5,2350.0,715690.0,1.5,0.0,0.0,4,9,2350.0,0.0,1979,0.0,98022,47.1622,-121.971,1280.0,325393.0,2015-04-06,750000.0
9264920620,4.0,2.25,2440.0,8098.0,2.0,0.0,0.0,3,8,2440.0,0.0,1983,0.0,98023,47.3126,-122.346,2110.0,7911.0,2014-12-09,330000.0
7899800730,3.0,2.5,1350.0,1189.0,2.0,0.0,0.0,3,7,1080.0,270.0,2007,0.0,98106,47.5218,-122.358,1300.0,1182.0,2015-03-24,270000.0
8944750730,3.0,2.25,1970.0,3716.0,2.0,0.0,0.0,3,7,1970.0,0.0,1997,0.0,98056,47.4907,-122.167,1780.0,3716.0,2014-05-14,340000.0
2922703150,3.0,0.75,1110.0,3960.0,1.0,0.0,0.0,3,7,1110.0,0.0,1951,0.0,98117,47.6834,-122.366,1610.0,5530.0,2015-03-04,413252.0
293610040,4.0,2.75,2950.0,5803.0,2.0,,0.0,3,9,2950.0,0.0,2007,0.0,98028,47.7368,-122.231,2940.0,5803.0,2015-02-10,600000.0
7215720410,5.0,3.0,2970.0,7261.0,2.0,0.0,0.0,3,9,2970.0,0.0,1999,0.0,98075,47.5994,-122.019,2970.0,8437.0,2015-04-15,726888.0
5550300175,2.0,1.0,720.0,6400.0,1.0,0.0,0.0,4,6,720.0,0.0,1943,0.0,98126,47.5286,-122.368,1030.0,6400.0,2014-12-06,285000.0
1588600040,2.0,1.0,770.0,5680.0,1.0,,0.0,4,6,770.0,0.0,1929,0.0,98117,47.6951,-122.366,1170.0,5514.0,2015-02-06,365000.0
7819000040,4.0,2.0,1650.0,7200.0,1.0,0.0,0.0,3,7,1650.0,0.0,1964,0.0,98133,47.7543,-122.344,1410.0,7200.0,2015-03-09,295000.0
1839920180,3.0,2.25,1620.0,7350.0,1.0,0.0,0.0,3,7,1170.0,450.0,1969,0.0,98034,47.7248,-122.179,1800.0,7350.0,2015-03-18,460000.0
2560803085,3.0,1.5,1510.0,10588.0,1.5,0.0,0.0,3,7,1510.0,0.0,1947,0.0,98198,47.3775,-122.319,1360.0,2873.0,2014-09-25,230000.0
6414100133,3.0,1.0,1070.0,6109.0,1.0,0.0,0.0,5,7,1070.0,0.0,1951,0.0,98125,47.7207,-122.32,1170.0,7200.0,2014-05-22,337000.0
164000174,3.0,1.0,1010.0,6300.0,1.0,0.0,0.0,3,7,1010.0,0.0,1957,0.0,98133,47.7304,-122.352,1480.0,7480.0,2014-09-08,300000.0
1118001201,4.0,2.5,3370.0,8402.0,1.0,0.0,0.0,5,10,2240.0,1130.0,1962,0.0,98112,47.6349,-122.29,3190.0,8700.0,2015-01-30,2300000.0
5104510720,4.0,2.5,2000.0,5500.0,2.0,0.0,0.0,3,8,2000.0,0.0,2003,0.0,98038,47.3552,-122.014,2000.0,5512.0,2014-12-10,360000.0
3904910650,3.0,2.5,2060.0,10839.0,2.0,0.0,0.0,3,8,2060.0,0.0,1987,0.0,98029,47.5675,-122.016,2180.0,8126.0,2015-03-16,585000.0
9211500620,3.0,2.25,1740.0,6650.0,1.0,0.0,0.0,3,7,1240.0,500.0,1978,0.0,98023,47.2979,-122.379,1740.0,7000.0,2014-10-08,182700.0
9211500620,3.0,2.25,1740.0,6650.0,1.0,0.0,0.0,3,7,1240.0,500.0,1978,0.0,98023,47.2979,-122.379,1740.0,7000.0,2015-04-28,305000.0
6402710120,3.0,2.5,1880.0,7838.0,2.0,0.0,0.0,3,7,1880.0,0.0,1994,0.0,98055,47.4439,-122.19,1810.0,7915.0,2014-05-05,309950.0
1245001739,3.0,1.0,960.0,12527.0,1.0,0.0,0.0,3,7,960.0,0.0,1972,0.0,98033,47.6891,-122.203,1220.0,7579.0,2015-03-16,550000.0
6817850040,3.0,2.5,3280.0,26413.0,1.0,0.0,3.0,3,11,2670.0,610.0,1985,0.0,98074,47.6395,-122.05,3280.0,25211.0,2014-11-11,825000.0
9839301165,2.0,1.0,1570.0,4400.0,1.5,0.0,0.0,4,8,1570.0,0.0,1914,0.0,98122,47.6112,-122.293,1850.0,4400.0,2014-10-01,998500.0
1854900410,4.0,2.5,2990.0,5342.0,2.0,0.0,0.0,3,8,2990.0,0.0,2004,0.0,98074,47.6124,-122.009,2990.0,5936.0,2014-11-01,644500.0
2787700180,3.0,2.0,1250.0,8636.0,1.0,0.0,0.0,5,7,1250.0,0.0,1968,0.0,98059,47.5066,-122.159,1620.0,7653.0,2015-01-12,320000.0
1843130210,3.0,2.5,1920.0,4803.0,2.0,0.0,0.0,3,7,1920.0,0.0,2005,0.0,98042,47.3745,-122.127,2240.0,5231.0,2014-10-15,266950.0
205000450,4.0,2.5,2470.0,33305.0,2.0,0.0,0.0,3,9,2470.0,0.0,1993,0.0,98053,47.6303,-121.99,2440.0,33305.0,2014-05-14,633100.0
3626039279,2.0,1.0,960.0,6700.0,1.0,0.0,0.0,3,7,960.0,0.0,1951,0.0,98103,47.6955,-122.357,1350.0,6700.0,2014-08-05,395000.0
3126049261,3.0,1.0,940.0,5904.0,1.0,0.0,0.0,3,6,940.0,0.0,1947,0.0,98103,47.699,-122.35,870.0,5728.0,2015-03-16,259250.0
8658303265,3.0,1.0,1260.0,5000.0,1.0,0.0,0.0,4,6,1260.0,0.0,1968,0.0,98014,47.6492,-121.915,1180.0,7500.0,2014-11-06,300000.0
2421059009,3.0,1.75,2280.0,139392.0,1.0,0.0,0.0,3,8,2280.0,0.0,1977,0.0,98092,47.291,-122.118,2280.0,117176.0,2015-02-20,413000.0
3111300040,3.0,2.25,1740.0,8491.0,1.0,0.0,0.0,3,8,1240.0,500.0,1958,0.0,98177,47.7758,-122.379,2080.0,8494.0,2014-08-01,435000.0
1770000330,4.0,2.75,2630.0,15000.0,1.0,0.0,0.0,4,7,1690.0,940.0,1976,0.0,98072,47.7425,-122.089,1800.0,16500.0,2014-10-03,500000.0
4174600264,4.0,1.75,2430.0,5481.0,1.0,0.0,0.0,3,8,1430.0,1000.0,1953,0.0,98108,47.5569,-122.298,2050.0,5508.0,2014-08-01,402000.0
822039025,3.0,2.5,2260.0,251460.0,1.5,,0.0,3,10,2260.0,0.0,1995,0.0,98070,47.4096,-122.449,1610.0,244372.0,2015-05-01,777700.0
9521101065,2.0,1.5,1220.0,5000.0,1.0,0.0,2.0,4,7,1220.0,0.0,1938,0.0,98103,47.6624,-122.348,2090.0,3850.0,2015-03-23,580000.0
3244500158,3.0,1.75,2580.0,40392.0,1.0,0.0,0.0,3,9,1390.0,1190.0,1986,0.0,98072,47.7637,-122.134,2460.0,46173.0,2014-09-08,570000.0
3603000410,2.0,1.0,730.0,6000.0,1.0,0.0,0.0,3,6,730.0,0.0,1950,0.0,98198,47.3832,-122.3,1750.0,7200.0,2014-12-08,174950.0
7548300441,2.0,1.0,760.0,3001.0,1.0,0.0,0.0,3,6,760.0,0.0,1913,0.0,98144,47.5874,-122.311,1750.0,5000.0,2014-05-07,300000.0
3034200142,3.0,1.5,1740.0,6988.0,1.0,0.0,0.0,3,7,1600.0,140.0,1950,0.0,98133,47.7211,-122.33,1650.0,7500.0,2014-09-23,435000.0
8651611590,4.0,2.5,3420.0,8405.0,2.0,0.0,0.0,3,10,3420.0,,2000,0.0,98074,47.6328,-122.064,3230.0,8460.0,2014-05-28,840000.0
2978800120,5.0,2.5,2240.0,7543.0,1.0,,0.0,3,7,1140.0,1100.0,1966,0.0,98177,47.7756,-122.372,2110.0,7408.0,2014-06-18,469000.0
7011200515,4.0,1.75,1920.0,3600.0,2.0,,0.0,4,8,1920.0,0.0,1907,0.0,98119,47.6382,-122.368,1920.0,3600.0,2014-11-12,870000.0
7199340620,4.0,1.75,2020.0,7029.0,1.0,,0.0,4,7,1430.0,590.0,1979,0.0,98052,47.6983,-122.127,1780.0,7200.0,2014-06-04,532000.0
7291700065,4.0,1.5,1880.0,11400.0,1.0,0.0,0.0,3,7,1280.0,600.0,1955,0.0,98177,47.7718,-122.381,1880.0,11400.0,2015-03-26,455000.0
2129700142,3.0,1.0,1010.0,25277.0,1.0,,0.0,5,5,1010.0,0.0,1961,0.0,98019,47.7242,-121.951,1570.0,213879.0,2014-07-31,201000.0
318300040,5.0,3.25,3990.0,13087.0,2.0,0.0,0.0,3,9,2400.0,1590.0,1991,0.0,98042,47.3632,-122.061,2580.0,13633.0,2014-09-23,649000.0
5101400871,2.0,1.75,1390.0,6670.0,1.0,0.0,0.0,3,6,720.0,670.0,1941,0.0,98115,47.6914,-122.308,920.0,6380.0,2015-05-24,445500.0
2561360120,3.0,2.0,1230.0,11502.0,1.0,0.0,0.0,4,7,1230.0,0.0,1984,0.0,98052,47.7017,-122.127,1660.0,11727.0,2014-05-27,475000.0
293800120,4.0,2.5,2940.0,29013.0,2.0,0.0,0.0,3,10,2940.0,0.0,1992,0.0,98077,47.7635,-122.044,3010.0,34071.0,2015-04-30,590000.0
2595300155,4.0,1.5,2190.0,8296.0,2.0,0.0,0.0,3,7,2190.0,0.0,1935,19630.0,98136,47.5158,-122.385,1160.0,8160.0,2015-02-24,565000.0
2853600155,1.0,1.0,640.0,10280.0,1.0,0.0,0.0,2,5,640.0,0.0,1920,0.0,98126,47.5144,-122.368,1090.0,9000.0,2014-09-15,110000.0
4365200555,3.0,2.5,1670.0,7740.0,1.0,0.0,0.0,3,7,1130.0,540.0,1974,0.0,98126,47.5222,-122.37,1220.0,7740.0,2014-12-19,375000.0
2473100790,3.0,1.5,1240.0,8528.0,1.0,0.0,0.0,4,7,1240.0,0.0,1967,0.0,98058,47.4478,-122.157,1570.0,8064.0,2014-07-18,255000.0
8019200925,5.0,1.75,1850.0,14800.0,1.5,0.0,0.0,3,6,1760.0,90.0,1937,0.0,98168,47.4935,-122.321,1250.0,14800.0,2015-04-29,315000.0
6071600450,4.0,2.25,2020.0,8400.0,1.0,0.0,0.0,4,8,1350.0,670.0,1961,0.0,98006,47.5488,-122.171,2060.0,8400.0,2014-11-20,496600.0
5249803036,3.0,1.0,1020.0,4800.0,1.0,0.0,0.0,3,7,1020.0,0.0,1944,0.0,98118,47.5615,-122.272,1400.0,5465.0,2014-07-14,380000.0
3222069151,3.0,1.75,1610.0,22496.0,1.0,0.0,0.0,4,7,1610.0,0.0,1974,0.0,98042,47.3443,-122.073,2050.0,35772.0,2014-11-10,338950.0
5561400610,5.0,3.5,2730.0,42500.0,1.0,0.0,0.0,3,8,1530.0,1200.0,1989,0.0,98027,47.4587,-121.996,3180.0,37970.0,2014-10-19,542500.0
5700000905,5.0,2.5,2840.0,5000.0,1.0,0.0,0.0,4,7,1620.0,1220.0,1913,0.0,98144,47.5817,-122.291,2200.0,5000.0,2014-08-16,739000.0
3362401935,4.0,1.75,1290.0,3060.0,2.0,0.0,0.0,4,7,1290.0,0.0,1906,0.0,98103,47.6798,-122.348,1510.0,4080.0,2014-06-19,549000.0
2893000610,3.0,2.25,1670.0,7881.0,1.0,0.0,0.0,4,7,1190.0,480.0,1977,0.0,98031,47.4105,-122.18,1870.0,7820.0,2014-06-24,252000.0
7856410411,4.0,4.5,3860.0,15246.0,2.0,0.0,4.0,3,11,2940.0,920.0,2004,0.0,98006,47.56,-122.161,3750.0,14790.0,2014-09-22,1700000.0
8156600155,4.0,1.75,2460.0,5100.0,1.5,0.0,0.0,5,7,1450.0,1010.0,1909,0.0,98115,47.6782,-122.3,1560.0,5100.0,2014-06-11,735000.0
2560803248,4.0,2.5,1660.0,8063.0,1.0,0.0,0.0,4,7,1660.0,0.0,1978,0.0,98198,47.3761,-122.32,1060.0,8437.0,2014-07-09,270000.0
1118001215,3.0,2.5,3420.0,8700.0,1.0,0.0,0.0,3,9,2890.0,530.0,1951,0.0,98112,47.6352,-122.29,3370.0,8700.0,2015-02-04,2250000.0
1437500035,2.0,1.0,1010.0,43056.0,1.5,0.0,0.0,3,5,1010.0,0.0,1990,0.0,98014,47.7105,-121.316,830.0,18297.0,2014-10-10,155000.0
2124049229,4.0,2.5,2240.0,5624.0,1.0,0.0,0.0,3,7,1520.0,720.0,1961,0.0,98108,47.5574,-122.308,2240.0,7495.0,2015-03-02,469000.0
7129304225,4.0,2.25,2340.0,5250.0,2.0,0.0,0.0,5,7,2340.0,0.0,1965,0.0,98118,47.5183,-122.266,1540.0,5250.0,2015-01-08,305000.0
7986400180,3.0,1.75,1920.0,4500.0,1.0,0.0,0.0,5,7,960.0,960.0,1924,0.0,98107,47.6645,-122.357,1190.0,4000.0,2014-07-10,675000.0
809001970,3.0,2.5,2460.0,6600.0,1.5,0.0,0.0,4,8,1560.0,900.0,1929,0.0,98109,47.6364,-122.351,2090.0,3400.0,2014-12-31,931000.0
7979900145,3.0,1.0,1470.0,11398.0,1.0,0.0,0.0,3,8,1470.0,0.0,1950,0.0,98155,47.746,-122.296,1710.0,11407.0,2015-02-05,385000.0
3299600040,3.0,2.5,3400.0,12442.0,2.0,0.0,0.0,3,9,3400.0,0.0,2001,0.0,98075,47.5611,-122.032,3250.0,8635.0,2015-02-14,815000.0
8651730580,3.0,2.25,1910.0,8390.0,1.0,0.0,0.0,3,7,1910.0,0.0,1979,0.0,98034,47.73,-122.216,2410.0,8390.0,2015-03-30,531000.0
1250201175,4.0,1.0,1400.0,3600.0,1.0,0.0,0.0,4,6,700.0,700.0,1901,0.0,98144,47.5972,-122.295,1690.0,3600.0,2015-03-23,386500.0
8651510610,3.0,1.75,1520.0,11085.0,1.0,,0.0,3,8,1520.0,0.0,1983,0.0,98074,47.646,-122.068,2310.0,9647.0,2014-06-26,475580.0
7017200120,2.0,1.0,930.0,5077.0,1.0,0.0,0.0,3,6,930.0,0.0,1939,0.0,98133,47.7095,-122.35,1080.0,5803.0,2014-08-20,358000.0
9272201385,5.0,1.0,2340.0,4730.0,2.0,,0.0,3,8,1810.0,530.0,1918,0.0,98116,47.5895,-122.385,2100.0,4970.0,2014-10-22,677500.0
518500210,3.0,2.5,2920.0,3942.0,3.0,0.0,0.0,3,10,2920.0,0.0,2008,0.0,98056,47.531,-122.204,2920.0,3942.0,2014-05-08,868500.0
3260000120,3.0,1.75,1270.0,7350.0,1.0,0.0,0.0,4,7,1270.0,0.0,1967,0.0,98005,47.6046,-122.168,1880.0,7350.0,2015-02-09,599380.0
7504030220,4.0,2.25,2450.0,11960.0,1.0,0.0,0.0,3,10,2450.0,0.0,1979,0.0,98074,47.6351,-122.06,2600.0,11960.0,2014-10-08,712000.0
7972601885,5.0,1.75,1380.0,7620.0,1.0,0.0,0.0,3,7,1180.0,200.0,1955,0.0,98106,47.5279,-122.345,1990.0,7620.0,2015-04-30,350000.0
2331300395,4.0,2.0,2520.0,6000.0,1.0,0.0,0.0,3,8,1400.0,1120.0,1921,20070.0,98103,47.6767,-122.35,1580.0,3720.0,2014-05-10,875000.0
2597710450,3.0,2.25,2290.0,7350.0,2.0,0.0,0.0,3,8,2290.0,0.0,1988,0.0,98058,47.429,-122.162,2170.0,7529.0,2015-03-04,365000.0
8122600145,4.0,2.0,1660.0,6150.0,1.0,0.0,0.0,3,6,850.0,810.0,1945,0.0,98126,47.5371,-122.368,1110.0,6250.0,2014-05-21,452000.0
629000410,3.0,2.75,2800.0,9750.0,1.0,0.0,0.0,5,7,1400.0,1400.0,1957,0.0,98004,47.5862,-122.202,2800.0,9530.0,2015-02-17,915000.0
7202380120,3.0,2.5,1690.0,3068.0,2.0,0.0,0.0,3,7,1690.0,0.0,2005,0.0,98053,47.6763,-122.028,1690.0,3260.0,2015-01-05,482500.0
2926049437,3.0,1.0,1180.0,7200.0,1.5,0.0,0.0,4,7,1180.0,0.0,1949,0.0,98133,47.7121,-122.333,2240.0,7875.0,2014-10-14,425000.0
9550202700,2.0,1.75,1390.0,4160.0,1.0,0.0,0.0,5,6,790.0,600.0,1916,0.0,98105,47.6681,-122.324,1090.0,4160.0,2014-12-11,460000.0
1231000458,4.0,2.0,2320.0,7400.0,1.5,0.0,0.0,5,7,1620.0,700.0,1913,0.0,98118,47.5558,-122.269,1740.0,4000.0,2014-07-20,666570.0
9485930120,3.0,2.25,2270.0,32112.0,1.0,0.0,0.0,4,8,1740.0,530.0,1980,0.0,98042,47.3451,-122.094,2310.0,41606.0,2014-10-14,390000.0
7923100410,4.0,1.75,2640.0,8215.0,1.0,0.0,0.0,4,7,1500.0,1140.0,1966,0.0,98008,47.5819,-122.125,2070.0,7875.0,2014-10-09,650000.0
2571910210,3.0,2.0,1680.0,8487.0,1.0,0.0,0.0,3,7,1680.0,0.0,1993,0.0,98022,47.1959,-122.01,2080.0,8560.0,2014-10-01,305000.0
3395800155,3.0,1.0,990.0,8100.0,1.0,0.0,0.0,3,6,990.0,0.0,1949,0.0,98146,47.4839,-122.341,1210.0,8100.0,2014-08-05,250000.0
9558040230,4.0,2.5,2770.0,4432.0,2.0,0.0,0.0,3,9,2770.0,0.0,2004,0.0,98058,47.4541,-122.117,2770.0,5423.0,2015-04-06,438800.0
7129302185,2.0,1.0,950.0,5650.0,1.0,,0.0,5,6,950.0,0.0,1943,0.0,98118,47.5149,-122.257,1250.0,5650.0,2014-12-15,290000.0
7841300230,4.0,2.0,2160.0,4800.0,2.0,0.0,0.0,4,7,1290.0,870.0,1929,0.0,98055,47.4777,-122.212,1570.0,4800.0,2015-05-01,324950.0
2768300650,3.0,2.5,1650.0,1838.0,2.0,,0.0,4,7,1270.0,380.0,1991,0.0,98107,47.6666,-122.367,1550.0,1558.0,2014-12-01,453000.0
546000865,3.0,1.0,1800.0,4005.0,1.5,0.0,0.0,4,7,1160.0,640.0,1929,0.0,98117,47.6876,-122.38,1240.0,4005.0,2014-09-19,556000.0
7708300150,3.0,2.0,1660.0,11135.0,1.0,0.0,0.0,3,8,1660.0,0.0,1971,0.0,98045,47.4897,-121.787,1660.0,11560.0,2014-11-18,315000.0
3709500180,3.0,2.5,1870.0,5449.0,2.0,0.0,0.0,3,8,1870.0,0.0,2003,0.0,98011,47.7557,-122.22,2000.0,7687.0,2014-05-27,445830.0
9273200145,3.0,3.5,3220.0,3960.0,2.0,,4.0,3,10,2760.0,460.0,1991,0.0,98116,47.5909,-122.384,3080.0,4444.0,2014-10-10,1260000.0
2025700730,3.0,3.0,1850.0,19966.0,1.0,0.0,0.0,4,7,1090.0,760.0,1992,0.0,98038,47.3493,-122.034,1410.0,6715.0,2014-05-02,287200.0
2215500220,4.0,1.5,1580.0,6360.0,1.5,0.0,0.0,3,7,1290.0,290.0,1945,0.0,98115,47.6873,-122.286,1690.0,6360.0,2014-09-23,525000.0
3758900220,4.0,4.25,4590.0,17621.0,2.0,0.0,0.0,3,10,3160.0,1430.0,2003,0.0,98033,47.6973,-122.205,3800.0,12268.0,2014-12-26,1140000.0
7229900925,3.0,1.75,2700.0,18246.0,1.0,0.0,0.0,4,7,1510.0,1190.0,1967,0.0,98059,47.4817,-122.097,1620.0,16986.0,2014-10-10,381000.0
6632900084,3.0,1.75,1020.0,7020.0,1.5,0.0,0.0,4,7,1020.0,0.0,1953,0.0,98155,47.7362,-122.314,1020.0,5871.0,2014-06-06,360000.0
7137300040,5.0,3.5,2950.0,2932.0,3.0,0.0,0.0,3,8,2950.0,0.0,2004,0.0,98144,47.5923,-122.298,1580.0,2047.0,2015-05-04,619000.0
222069029,2.0,1.75,1780.0,224769.0,1.0,0.0,0.0,4,8,1780.0,0.0,1976,0.0,98038,47.4158,-122.002,2060.0,71560.0,2015-02-19,535000.0
7518503685,2.0,1.0,710.0,5100.0,1.0,0.0,0.0,5,7,710.0,0.0,1905,0.0,98117,47.6765,-122.381,1530.0,5100.0,2014-10-09,402000.0
7701930180,4.0,3.5,4300.0,70407.0,2.0,0.0,0.0,3,10,2710.0,1590.0,1992,0.0,98058,47.4472,-122.092,3520.0,26727.0,2014-11-10,600000.0
5072420040,3.0,2.5,2080.0,8690.0,1.0,0.0,0.0,3,8,1430.0,650.0,1974,0.0,98166,47.4424,-122.344,2400.0,9625.0,2014-09-10,549950.0
4058802300,4.0,2.0,2360.0,7440.0,1.0,0.0,0.0,3,7,1180.0,1180.0,1955,0.0,98178,47.5044,-122.245,1680.0,7800.0,2014-08-20,300000.0
5127100210,6.0,2.0,2210.0,9870.0,2.0,,0.0,4,7,2210.0,0.0,1969,19950.0,98059,47.4751,-122.145,1390.0,9912.0,2015-03-25,360000.0
6453300306,7.0,3.25,4340.0,8521.0,2.0,0.0,0.0,3,7,2550.0,1790.0,1986,0.0,98106,47.52,-122.338,1890.0,8951.0,2014-09-10,419000.0
4442800166,3.0,3.0,1320.0,1012.0,3.0,0.0,0.0,3,8,1320.0,0.0,2009,0.0,98117,47.6904,-122.395,1320.0,1536.0,2015-04-07,510000.0
8078490330,3.0,2.5,1980.0,9907.0,2.0,0.0,0.0,3,8,1980.0,0.0,1991,0.0,98022,47.1903,-122.013,2050.0,9907.0,2014-09-16,319950.0
2322069010,5.0,5.0,3960.0,94089.0,2.0,0.0,0.0,3,10,3960.0,0.0,1998,0.0,98038,47.38,-122.011,2240.0,64468.0,2014-10-07,1180000.0
9558021010,4.0,2.5,2130.0,6003.0,2.0,0.0,0.0,3,8,2130.0,0.0,2003,0.0,98058,47.4518,-122.12,1940.0,4529.0,2014-10-03,381000.0
6700390230,3.0,2.5,1720.0,3951.0,2.0,0.0,0.0,3,7,1720.0,0.0,1992,0.0,98031,47.4033,-122.187,1720.0,3605.0,2015-05-05,256900.0
1841400150,5.0,1.0,1790.0,30456.0,1.0,0.0,0.0,4,7,1350.0,440.0,1964,0.0,98030,47.3469,-122.195,2420.0,35647.0,2015-02-19,346000.0
6873000150,2.0,2.25,1390.0,1222.0,3.0,0.0,0.0,3,7,1340.0,50.0,2009,0.0,98052,47.6754,-122.121,1480.0,1369.0,2014-12-08,465000.0
5710500230,3.0,2.0,1900.0,9975.0,1.0,0.0,0.0,3,8,1500.0,400.0,1973,0.0,98027,47.5307,-122.054,2140.0,9825.0,2015-05-06,545000.0
9528102060,2.0,1.75,1640.0,3090.0,1.0,0.0,0.0,4,7,910.0,730.0,1925,0.0,98115,47.679,-122.319,1510.0,4120.0,2014-07-30,516000.0
2490200450,4.0,2.5,2700.0,5100.0,1.0,0.0,0.0,4,8,1440.0,1260.0,1968,0.0,98136,47.5331,-122.384,1880.0,5100.0,2014-06-09,550000.0
4178500580,4.0,2.25,2200.0,7150.0,2.0,0.0,0.0,4,7,2200.0,0.0,1990,0.0,98042,47.3595,-122.089,1740.0,7150.0,2015-05-05,339950.0
4325700085,3.0,1.0,1310.0,8514.0,1.0,0.0,0.0,4,7,1310.0,0.0,1953,0.0,98133,47.7502,-122.353,1310.0,8514.0,2015-03-25,417000.0
5606000120,4.0,2.5,2480.0,5000.0,1.0,0.0,3.0,3,8,1480.0,1000.0,1951,0.0,98105,47.6653,-122.272,2240.0,6071.0,2015-02-25,906000.0
5451220150,4.0,2.25,3010.0,9800.0,2.0,0.0,0.0,4,9,3010.0,0.0,1973,0.0,98040,47.5336,-122.223,2510.0,9800.0,2014-11-12,980000.0
7954300620,4.0,2.5,2450.0,5079.0,2.0,,0.0,3,9,2450.0,0.0,2001,0.0,98056,47.5214,-122.191,2690.0,6675.0,2015-04-13,555000.0
2591010040,2.0,1.75,1250.0,7029.0,1.0,0.0,0.0,4,7,1250.0,0.0,1986,0.0,98033,47.6936,-122.186,1680.0,8470.0,2014-11-10,468000.0
3321079060,3.0,1.75,2610.0,117176.0,1.0,0.0,0.0,3,7,1390.0,1220.0,1981,0.0,98022,47.2585,-121.925,2140.0,142005.0,2014-10-20,378000.0
7229900145,4.0,2.5,2010.0,16020.0,1.5,0.0,0.0,5,8,2010.0,0.0,1962,0.0,98059,47.4821,-122.108,1420.0,16020.0,2014-12-16,430000.0
5710610790,4.0,2.5,3120.0,14300.0,2.0,0.0,0.0,3,9,3120.0,0.0,2003,0.0,98027,47.5318,-122.055,2580.0,10005.0,2014-05-16,730100.0
937000220,4.0,1.5,1370.0,7944.0,1.5,,0.0,3,7,1370.0,0.0,1961,0.0,98198,47.4224,-122.289,1370.0,9181.0,2014-09-04,219000.0
7504001320,3.0,2.5,2420.0,11953.0,1.0,0.0,0.0,3,9,2420.0,0.0,1990,0.0,98074,47.6285,-122.054,2420.0,12215.0,2014-11-21,570000.0
3832710450,4.0,2.75,1500.0,7036.0,1.0,0.0,0.0,3,7,1060.0,440.0,1979,0.0,98032,47.3665,-122.276,1620.0,7200.0,2014-11-19,262500.0
8567450180,5.0,2.5,2630.0,9216.0,2.0,0.0,0.0,3,8,2630.0,0.0,2003,0.0,98019,47.7379,-121.966,2020.0,4980.0,2014-05-29,525000.0
4443801590,2.0,1.0,950.0,3880.0,1.0,0.0,0.0,4,6,950.0,0.0,1919,0.0,98117,47.687,-122.389,1660.0,3880.0,2015-04-02,520000.0
7399200770,3.0,3.0,2680.0,12285.0,1.0,0.0,0.0,4,8,2680.0,0.0,1970,0.0,98055,47.4633,-122.196,2610.0,9558.0,2014-12-09,417400.0
8562740530,4.0,3.25,3680.0,5759.0,2.0,0.0,0.0,3,9,2840.0,840.0,2003,0.0,98027,47.5367,-122.067,3620.0,6006.0,2014-05-12,788000.0
5592900230,3.0,1.0,1270.0,7400.0,1.0,0.0,2.0,4,7,1270.0,0.0,1956,0.0,98056,47.4831,-122.191,1800.0,7400.0,2014-12-24,320000.0
3693900155,6.0,1.0,2330.0,5000.0,1.5,,0.0,4,7,2330.0,0.0,1920,0.0,98117,47.6789,-122.397,1570.0,5000.0,2014-09-05,950000.0
3782100155,3.0,1.0,960.0,8100.0,1.0,,0.0,3,7,960.0,0.0,1955,0.0,98155,47.7766,-122.307,1120.0,8100.0,2014-05-27,255000.0
104550580,4.0,2.5,1990.0,6671.0,2.0,0.0,0.0,3,7,1990.0,0.0,1989,0.0,98023,47.3078,-122.358,1862.0,6566.0,2014-05-20,260000.0
4365200620,3.0,1.0,1450.0,7930.0,1.0,0.0,0.0,4,6,1150.0,300.0,1923,0.0,98126,47.5212,-122.371,1040.0,7740.0,2015-03-12,394000.0
226059161,4.0,2.5,2280.0,27441.0,2.0,0.0,0.0,3,8,2280.0,0.0,1996,0.0,98072,47.7628,-122.123,2350.0,35020.0,2014-12-31,575000.0
5316100220,4.0,2.25,1830.0,7200.0,2.0,0.0,2.0,3,8,1750.0,80.0,1923,0.0,98112,47.6315,-122.282,3100.0,7200.0,2015-03-19,1250000.0
1387300760,3.0,2.25,1650.0,7800.0,1.0,0.0,0.0,3,7,1260.0,390.0,1969,0.0,98011,47.7377,-122.197,1760.0,8268.0,2014-08-04,385000.0
2521059042,5.0,2.75,2720.0,193406.0,1.0,0.0,4.0,4,7,1700.0,1020.0,1968,0.0,98092,47.2838,-122.121,2820.0,248292.0,2014-11-07,456000.0
7974200902,4.0,2.5,1710.0,5000.0,1.0,0.0,0.0,3,8,1110.0,600.0,1979,0.0,98115,47.6772,-122.285,1750.0,5304.0,2015-05-06,637000.0
259600910,5.0,1.5,1420.0,9900.0,1.0,0.0,0.0,3,7,1050.0,370.0,1964,0.0,98008,47.6348,-122.118,1580.0,8075.0,2014-11-10,485000.0
4375700065,3.0,1.75,1440.0,8040.0,1.0,0.0,0.0,3,7,960.0,480.0,1951,0.0,98125,47.7128,-122.306,1500.0,8040.0,2014-05-12,315275.0
2473100330,2.0,1.5,1280.0,8710.0,1.0,0.0,0.0,3,7,1280.0,0.0,1967,0.0,98058,47.4472,-122.16,1520.0,9375.0,2014-09-23,252500.0
1523069095,2.0,1.0,1320.0,24319.0,1.0,0.0,0.0,3,7,1320.0,0.0,1966,0.0,98027,47.4741,-122.015,1430.0,98445.0,2015-03-23,240000.0
5101402428,4.0,2.5,2560.0,12760.0,1.0,0.0,0.0,4,7,1760.0,800.0,1949,0.0,98115,47.6947,-122.303,1760.0,6384.0,2014-11-12,790000.0
1072100085,3.0,1.0,1480.0,7830.0,1.0,0.0,0.0,3,7,1480.0,0.0,1952,0.0,98133,47.7703,-122.336,1450.0,7830.0,2014-05-14,310000.0
9322800230,4.0,2.5,2960.0,20240.0,2.0,0.0,4.0,4,10,2960.0,0.0,1985,0.0,98146,47.5075,-122.389,2500.0,14960.0,2014-12-12,1250000.0
2695600455,2.0,1.0,1160.0,5038.0,1.0,0.0,0.0,5,7,740.0,420.0,1942,0.0,98126,47.5304,-122.38,1160.0,5076.0,2015-01-28,425000.0
8946400210,3.0,2.5,2110.0,4099.0,2.0,0.0,0.0,3,8,2110.0,0.0,2001,0.0,98072,47.7508,-122.17,2110.0,4871.0,2014-06-03,548000.0
1523069197,3.0,2.5,1650.0,14054.0,1.0,0.0,0.0,4,7,1130.0,520.0,1986,0.0,98027,47.4821,-122.017,1940.0,87555.0,2014-05-03,379880.0
8078420230,3.0,2.5,1950.0,9906.0,2.0,0.0,0.0,3,8,1950.0,0.0,1988,0.0,98074,47.6363,-122.025,1860.0,7689.0,2014-05-30,530000.0
2723069052,3.0,2.25,2600.0,220300.0,1.5,0.0,0.0,5,8,2120.0,480.0,1977,0.0,98027,47.4562,-122.016,2760.0,215600.0,2015-04-20,695000.0
9297300395,3.0,1.0,1270.0,4000.0,1.5,0.0,2.0,3,7,1270.0,0.0,1928,0.0,98126,47.5695,-122.376,1560.0,4000.0,2014-05-27,435000.0
1428000970,3.0,1.75,1300.0,62290.0,1.0,0.0,0.0,3,7,1300.0,0.0,1983,0.0,98053,47.6529,-121.979,1850.0,52272.0,2014-05-21,540000.0
1774000720,3.0,2.25,1790.0,10209.0,1.0,0.0,0.0,3,7,1290.0,500.0,1967,0.0,98072,47.7492,-122.086,1840.0,9900.0,2014-06-20,425000.0
2826049106,3.0,2.5,1930.0,7266.0,2.0,0.0,0.0,3,8,1930.0,0.0,2005,0.0,98125,47.7191,-122.309,1930.0,7266.0,2014-07-15,490000.0
2113700205,4.0,1.0,1200.0,6000.0,1.5,0.0,0.0,3,6,1200.0,0.0,1923,0.0,98106,47.5307,-122.352,950.0,4000.0,2014-07-03,220000.0
1036450360,4.0,2.5,2050.0,3784.0,2.0,0.0,0.0,3,8,2050.0,0.0,2001,0.0,98034,47.7189,-122.181,2050.0,3366.0,2015-01-07,540000.0
714000155,3.0,1.0,1710.0,6195.0,1.0,0.0,0.0,3,7,1410.0,300.0,1946,0.0,98105,47.6706,-122.265,1610.0,6195.0,2014-12-22,670000.0
686800065,3.0,1.75,2130.0,20423.0,1.0,0.0,0.0,3,9,2130.0,0.0,1953,0.0,98004,47.6339,-122.192,2370.0,20875.0,2014-11-19,667500.0
5323100120,3.0,3.5,1700.0,2197.0,2.0,0.0,0.0,3,8,1260.0,440.0,2010,0.0,98116,47.5767,-122.41,1360.0,1418.0,2014-09-16,585000.0
8658300455,3.0,1.5,1390.0,12500.0,1.0,0.0,0.0,4,6,1390.0,0.0,1976,0.0,98014,47.6496,-121.908,1390.0,9000.0,2014-11-18,225000.0
2202500150,3.0,1.0,1230.0,9877.0,1.0,0.0,0.0,3,7,1230.0,0.0,1954,0.0,98006,47.5745,-122.136,1240.0,9965.0,2014-08-19,375000.0
258100040,3.0,2.0,1490.0,8847.0,1.0,0.0,0.0,4,7,1490.0,0.0,1967,0.0,98177,47.7639,-122.363,1640.0,7572.0,2014-11-24,335000.0
4027700021,5.0,3.25,2440.0,15815.0,2.0,0.0,0.0,3,8,1990.0,450.0,2014,0.0,98155,47.774,-122.28,2500.0,14201.0,2015-03-11,680000.0
9828701747,3.0,1.0,970.0,4800.0,1.0,0.0,0.0,3,6,970.0,0.0,1950,0.0,98112,47.6212,-122.298,1500.0,2042.0,2015-01-23,600000.0
1523049207,4.0,2.0,1700.0,8043.0,1.0,0.0,0.0,3,7,850.0,850.0,1954,0.0,98168,47.4758,-122.288,1540.0,13260.0,2014-08-05,161000.0
1523049207,4.0,2.0,1700.0,8043.0,1.0,0.0,0.0,3,7,850.0,850.0,1954,0.0,98168,47.4758,-122.288,1540.0,13260.0,2015-01-14,220000.0
2131701075,3.0,1.75,1720.0,5000.0,1.5,0.0,0.0,3,8,1720.0,0.0,1932,20090.0,98019,47.738,-121.983,1410.0,8300.0,2014-12-04,420000.0
1794500870,3.0,1.0,1400.0,2250.0,1.5,0.0,0.0,3,7,1400.0,0.0,1909,0.0,98119,47.6373,-122.358,1630.0,3600.0,2015-03-27,710000.0
6383000790,4.0,2.5,2570.0,7221.0,1.0,0.0,0.0,4,8,1570.0,1000.0,1958,0.0,98117,47.6921,-122.387,2440.0,7274.0,2015-01-22,626000.0
723049448,3.0,1.5,1200.0,8040.0,1.0,0.0,0.0,4,7,1200.0,0.0,1959,0.0,98146,47.4901,-122.341,1450.0,9315.0,2014-07-22,279500.0
5093300325,4.0,3.5,4390.0,11600.0,2.0,0.0,3.0,3,11,3060.0,1330.0,1990,0.0,98040,47.5862,-122.246,3240.0,12000.0,2014-05-23,1610000.0
7547300120,2.0,1.0,1080.0,5000.0,1.0,0.0,0.0,3,7,1080.0,0.0,1954,0.0,98106,47.5682,-122.359,1010.0,5000.0,2014-08-01,325000.0
2473000720,4.0,2.25,1860.0,7980.0,1.0,0.0,0.0,4,8,1860.0,0.0,1966,0.0,98058,47.4524,-122.15,1860.0,8814.0,2014-07-17,380000.0
7697800040,4.0,2.75,2150.0,9820.0,1.0,0.0,0.0,4,8,1220.0,930.0,1979,0.0,98011,47.7758,-122.2,2060.0,9830.0,2014-08-26,470000.0
1442860120,4.0,3.0,2250.0,12142.0,2.0,0.0,0.0,3,8,2250.0,0.0,1986,0.0,98058,47.4338,-122.16,2300.0,9003.0,2014-12-05,363000.0
9542800610,4.0,2.25,2050.0,7700.0,2.0,0.0,0.0,3,7,2050.0,0.0,1977,0.0,98023,47.3009,-122.375,1780.0,7700.0,2015-02-19,245000.0
6003501400,3.0,1.0,1010.0,3520.0,1.0,0.0,0.0,3,7,1010.0,0.0,1902,0.0,98102,47.6208,-122.319,1300.0,1233.0,2015-02-26,525000.0
5493100366,5.0,3.5,5850.0,22885.0,2.0,0.0,2.0,4,11,4670.0,1180.0,1978,0.0,98004,47.606,-122.211,3240.0,19020.0,2014-06-25,1700000.0
6681500205,4.0,2.25,1900.0,5000.0,1.0,0.0,0.0,3,7,1400.0,500.0,1963,0.0,98199,47.6456,-122.387,1710.0,4994.0,2015-05-04,658500.0
2594200230,2.0,1.0,1020.0,8442.0,1.0,0.0,4.0,4,7,920.0,100.0,1941,0.0,98136,47.5145,-122.391,2550.0,10323.0,2015-04-24,680000.0
624110450,4.0,2.0,3390.0,16025.0,2.0,0.0,0.0,4,10,3390.0,0.0,1987,0.0,98077,47.7222,-122.056,3950.0,15277.0,2015-02-25,835000.0
2768100180,4.0,2.5,1990.0,2175.0,2.0,0.0,0.0,3,8,1680.0,310.0,2005,0.0,98107,47.6696,-122.371,1560.0,2087.0,2014-06-06,595000.0
9406700180,4.0,2.5,3190.0,4980.0,2.0,,0.0,3,9,3190.0,0.0,2005,0.0,98038,47.3657,-122.034,2830.0,6720.0,2015-04-16,419000.0
2122059077,2.0,1.0,1210.0,18700.0,1.0,0.0,0.0,4,7,1210.0,0.0,1940,0.0,98042,47.3752,-122.166,2250.0,10048.0,2014-09-15,198900.0
624110610,4.0,3.25,3740.0,12080.0,1.0,,0.0,3,10,2000.0,1740.0,1988,0.0,98077,47.7214,-122.056,4210.0,15277.0,2014-05-15,1090000.0
3575302245,3.0,3.5,2150.0,4368.0,2.0,0.0,0.0,3,8,1610.0,540.0,1998,0.0,98074,47.6213,-122.065,2390.0,16630.0,2015-04-23,500000.0
2287600040,4.0,1.75,2440.0,8100.0,1.0,0.0,0.0,4,9,1620.0,820.0,1960,0.0,98177,47.7201,-122.361,2030.0,8100.0,2014-07-11,575000.0
2026049183,2.0,1.5,1230.0,1516.0,3.0,0.0,0.0,3,8,1230.0,0.0,2000,0.0,98125,47.7265,-122.314,1352.0,1411.0,2015-04-02,324950.0
216500040,3.0,2.5,2740.0,7980.0,2.0,0.0,0.0,4,7,2740.0,0.0,1964,0.0,98168,47.473,-122.3,1470.0,8611.0,2015-02-26,259000.0
6705800040,2.0,2.0,2260.0,9604.0,1.0,0.0,0.0,3,9,2260.0,0.0,1990,0.0,98011,47.7718,-122.208,2260.0,10747.0,2014-05-16,551000.0
9266701115,2.0,1.5,1000.0,5125.0,1.0,0.0,0.0,3,7,1000.0,0.0,1942,19680.0,98103,47.6926,-122.347,1090.0,5100.0,2014-08-08,488000.0
3811000180,4.0,2.25,2350.0,46173.0,2.0,0.0,0.0,4,8,2350.0,0.0,1980,0.0,98053,47.6657,-122.067,2390.0,36567.0,2015-03-05,635000.0
1561900180,3.0,2.5,2300.0,8938.0,2.0,0.0,0.0,3,9,2300.0,0.0,1989,0.0,98031,47.4181,-122.211,2570.0,9694.0,2015-03-11,395000.0
3432500760,3.0,1.0,1440.0,8287.0,1.5,,0.0,4,7,1440.0,0.0,1928,0.0,98155,47.7438,-122.315,1330.0,8285.0,2014-08-18,370000.0
7465900205,4.0,3.0,2780.0,5000.0,1.5,0.0,0.0,5,7,1710.0,1070.0,1919,0.0,98116,47.5721,-122.381,1150.0,5000.0,2014-10-24,675000.0
6629300120,3.0,1.0,1200.0,6825.0,1.0,0.0,0.0,3,7,1200.0,0.0,1954,20130.0,98133,47.7491,-122.353,1470.0,8100.0,2015-04-02,402000.0
3026059011,3.0,2.75,3040.0,24192.0,2.0,0.0,0.0,4,10,3040.0,0.0,1987,0.0,98034,47.7108,-122.225,2770.0,5728.0,2014-08-13,825000.0
822069029,3.0,2.75,2660.0,223027.0,1.0,0.0,0.0,3,8,1330.0,1330.0,1962,0.0,98038,47.4127,-122.071,1560.0,222591.0,2015-02-17,579000.0
9826701490,5.0,2.0,1510.0,3000.0,2.0,0.0,0.0,3,6,1510.0,0.0,1983,0.0,98122,47.6029,-122.304,1610.0,3600.0,2015-02-25,455000.0
4137020360,3.0,2.5,1780.0,6527.0,2.0,0.0,0.0,3,8,1780.0,0.0,1989,0.0,98092,47.2578,-122.217,2040.0,8840.0,2014-07-22,265000.0
1115700040,5.0,2.75,2920.0,9163.0,1.0,0.0,0.0,4,8,1520.0,1400.0,1976,0.0,98006,47.5668,-122.169,2250.0,9163.0,2014-12-01,713500.0
1061400180,3.0,1.0,1550.0,12670.0,1.0,0.0,0.0,4,7,1550.0,0.0,1962,0.0,98056,47.5024,-122.169,1550.0,8880.0,2015-01-06,240000.0
820079081,4.0,3.0,2710.0,217800.0,2.5,0.0,0.0,3,9,2710.0,0.0,2006,0.0,98022,47.2411,-121.932,2710.0,217800.0,2014-09-11,570000.0
2524069072,3.0,1.0,1140.0,27760.0,1.0,0.0,0.0,4,6,1140.0,,1981,0.0,98027,47.5372,-121.972,1690.0,87300.0,2014-06-26,243800.0
9521101520,2.0,1.0,940.0,3864.0,1.0,0.0,0.0,4,8,940.0,0.0,1918,0.0,98103,47.6631,-122.345,1440.0,3956.0,2014-12-12,543000.0
5016002240,3.0,2.25,2160.0,7500.0,2.0,0.0,0.0,3,10,2160.0,0.0,1982,0.0,98112,47.6232,-122.299,1550.0,3839.0,2014-10-08,1010000.0
424069010,4.0,2.25,2470.0,17008.0,2.0,0.0,0.0,4,8,2470.0,0.0,1979,0.0,98075,47.5924,-122.048,2470.0,31798.0,2014-07-21,625000.0
5104540610,4.0,2.5,2800.0,6567.0,2.0,0.0,0.0,3,9,2800.0,0.0,2006,0.0,98038,47.3555,-122.002,3400.0,5900.0,2014-09-25,459950.0
8567300150,4.0,2.75,2420.0,39704.0,1.0,,0.0,3,9,2420.0,0.0,1985,0.0,98038,47.4053,-122.03,2760.0,36303.0,2014-10-31,370000.0
2976800749,4.0,2.0,1460.0,7254.0,1.0,0.0,0.0,3,6,1460.0,0.0,1959,0.0,98178,47.5056,-122.254,1460.0,7236.0,2014-10-31,150000.0
7015200790,3.0,1.5,1820.0,5756.0,1.5,0.0,0.0,3,7,1640.0,180.0,1946,0.0,98119,47.6479,-122.367,1760.0,6169.0,2014-06-24,683500.0
2770604104,3.0,2.5,1520.0,2208.0,2.0,,0.0,3,8,1040.0,480.0,2007,0.0,98119,47.6419,-122.374,1610.0,1618.0,2014-06-04,499950.0
1624049092,2.0,1.0,1320.0,9967.0,1.0,0.0,0.0,3,6,940.0,380.0,1919,0.0,98108,47.5693,-122.296,1970.0,7587.0,2014-06-30,255000.0
8078570410,3.0,2.5,1920.0,7779.0,2.0,0.0,0.0,3,7,1920.0,0.0,1989,0.0,98031,47.4024,-122.171,1960.0,7536.0,2015-03-26,279000.0
7974200456,5.0,3.0,2640.0,5096.0,2.0,0.0,0.0,3,10,2640.0,0.0,2009,0.0,98115,47.6809,-122.288,1610.0,5217.0,2014-12-01,910000.0
752000035,4.0,2.5,2650.0,7945.0,2.0,0.0,0.0,3,9,2650.0,0.0,2006,0.0,98125,47.7113,-122.296,1200.0,7920.0,2014-05-20,699000.0
3262300322,4.0,3.25,3640.0,13530.0,1.0,0.0,0.0,3,9,2570.0,1070.0,1924,20000.0,98039,47.6293,-122.238,2760.0,15000.0,2015-04-08,1650000.0
5412300410,3.0,1.0,1420.0,8800.0,1.0,0.0,0.0,4,6,1090.0,330.0,1981,0.0,98030,47.3746,-122.181,1480.0,8000.0,2015-03-25,248000.0
4013200145,3.0,1.0,1540.0,37950.0,1.0,,0.0,4,7,1090.0,450.0,1959,0.0,98001,47.3259,-122.289,1820.0,24375.0,2014-11-07,429000.0
2623039018,4.0,1.0,1550.0,15239.0,1.5,1.0,4.0,3,6,1370.0,180.0,1930,0.0,98166,47.4502,-122.378,1790.0,22047.0,2014-10-27,685000.0
8122100650,2.0,1.0,730.0,5040.0,1.0,0.0,0.0,3,6,730.0,0.0,1927,0.0,98126,47.5387,-122.374,790.0,5040.0,2014-07-31,316000.0
1005000220,2.0,1.0,2020.0,7540.0,1.0,0.0,0.0,3,7,1010.0,1010.0,1921,0.0,98118,47.5359,-122.28,1270.0,4652.0,2015-03-10,410000.0
1023089096,3.0,1.0,1200.0,15843.0,1.0,,2.0,3,7,1200.0,0.0,1955,0.0,98045,47.4991,-121.779,1410.0,15843.0,2014-08-08,299000.0
1392800035,2.0,1.0,1240.0,6400.0,1.0,0.0,1.0,4,7,1060.0,180.0,1938,0.0,98126,47.5493,-122.377,1240.0,6400.0,2014-06-18,559000.0
1523069072,3.0,2.25,2680.0,100188.0,2.0,0.0,0.0,4,8,1580.0,1100.0,1978,0.0,98027,47.4776,-122.02,2540.0,60548.0,2014-07-23,575000.0
519000043,3.0,2.5,1640.0,3804.0,2.0,0.0,0.0,3,8,1640.0,0.0,1998,0.0,98122,47.6103,-122.3,1440.0,3230.0,2014-07-14,602000.0
475000975,4.0,2.0,1640.0,5000.0,2.0,,0.0,3,7,1640.0,0.0,1907,19830.0,98107,47.6662,-122.365,1240.0,5000.0,2014-05-22,492000.0
4142450040,3.0,2.5,1610.0,5024.0,2.0,0.0,0.0,3,7,1610.0,0.0,2004,0.0,98038,47.3833,-122.043,1790.0,3717.0,2015-03-27,293500.0
2824059043,3.0,2.75,2290.0,14810.0,1.0,0.0,0.0,5,7,1400.0,890.0,1967,0.0,98056,47.5343,-122.185,2540.0,8640.0,2014-07-22,481000.0
8558600085,4.0,2.25,2130.0,8078.0,1.0,0.0,0.0,4,7,1380.0,750.0,1977,0.0,98055,47.4482,-122.209,2300.0,8112.0,2014-05-09,311100.0
8649400410,3.0,1.75,2140.0,13598.0,1.5,0.0,0.0,4,7,1620.0,520.0,1970,0.0,98014,47.7139,-121.321,930.0,10150.0,2015-04-17,375000.0
2523089025,3.0,3.0,4020.0,435600.0,1.5,0.0,2.0,3,10,4020.0,0.0,1999,0.0,98045,47.4418,-121.731,2590.0,283140.0,2015-02-10,1080000.0
9512500720,5.0,2.5,2030.0,8400.0,1.0,0.0,0.0,3,7,1330.0,700.0,1968,0.0,98052,47.6713,-122.152,1920.0,8400.0,2015-04-28,500000.0
2461900760,3.0,1.0,1380.0,6250.0,1.0,0.0,0.0,4,7,1380.0,0.0,1918,0.0,98136,47.5514,-122.385,2270.0,6250.0,2015-04-01,553000.0
2877104196,3.0,2.0,1780.0,1750.0,1.0,0.0,2.0,3,8,1400.0,380.0,1927,20140.0,98103,47.6797,-122.357,1780.0,3750.0,2014-12-06,760000.0
2493200325,4.0,1.5,1440.0,3200.0,1.0,0.0,1.0,4,7,960.0,480.0,1960,0.0,98136,47.5269,-122.383,1650.0,6400.0,2015-05-09,589500.0
5210200410,5.0,2.75,2790.0,20824.0,1.0,0.0,0.0,3,9,1680.0,1110.0,1959,0.0,98115,47.6948,-122.282,2380.0,10465.0,2014-11-14,840000.0
1954700410,4.0,3.0,4190.0,8805.0,2.5,0.0,2.0,5,9,3490.0,700.0,1928,0.0,98112,47.6181,-122.284,3780.0,8558.0,2014-08-01,2550000.0
9253900210,3.0,2.5,3870.0,46609.0,2.0,0.0,3.0,3,9,3870.0,0.0,1997,0.0,98008,47.5966,-122.112,4030.0,17880.0,2014-07-07,1280000.0
984000450,3.0,2.5,1850.0,7875.0,1.0,0.0,0.0,3,7,1250.0,600.0,1968,0.0,98058,47.434,-122.171,1930.0,8062.0,2014-12-01,260000.0
993002247,3.0,2.25,1550.0,1469.0,3.0,0.0,0.0,3,8,1550.0,0.0,2004,0.0,98103,47.6911,-122.341,1520.0,1465.0,2014-07-16,430000.0
7517500610,3.0,2.5,1920.0,1896.0,3.0,0.0,3.0,3,8,1920.0,0.0,2000,0.0,98103,47.6616,-122.356,1670.0,2994.0,2015-03-04,781000.0
3438500981,2.0,1.0,790.0,13170.0,1.0,0.0,0.0,3,6,790.0,,1947,0.0,98106,47.5487,-122.357,970.0,12700.0,2015-03-28,280000.0
2011400021,5.0,2.25,3740.0,32481.0,1.5,0.0,0.0,3,8,2240.0,1500.0,1958,0.0,98198,47.3965,-122.314,2040.0,11398.0,2014-07-01,392000.0
4038100360,3.0,1.5,1340.0,8856.0,1.0,0.0,0.0,4,7,1340.0,0.0,1959,0.0,98008,47.6094,-122.126,1850.0,8740.0,2015-02-10,466200.0
2028700360,3.0,1.75,1620.0,3975.0,1.0,0.0,0.0,5,7,940.0,680.0,1926,0.0,98117,47.6786,-122.368,1320.0,3922.0,2014-05-23,641000.0
9144100035,3.0,1.0,1680.0,8010.0,1.0,0.0,0.0,3,7,840.0,840.0,1951,0.0,98117,47.6993,-122.376,1890.0,8778.0,2015-03-24,350000.0
8665050530,3.0,2.0,1610.0,4364.0,2.0,0.0,0.0,3,8,1610.0,0.0,1996,0.0,98029,47.5672,-122.004,2010.0,4364.0,2015-02-04,450000.0
5425700205,4.0,3.5,4460.0,16953.0,1.0,,0.0,3,9,2550.0,1910.0,1962,0.0,98039,47.6338,-122.232,1980.0,13370.0,2014-05-20,1800000.0
7399100040,3.0,1.5,1200.0,1848.0,2.0,0.0,0.0,3,8,1200.0,0.0,1966,0.0,98055,47.4658,-122.191,1270.0,1848.0,2015-03-09,185000.0
7809200035,2.0,1.0,1250.0,12507.0,1.0,0.0,0.0,5,7,1250.0,0.0,1958,0.0,98056,47.4972,-122.176,1250.0,12498.0,2015-01-23,290000.0
1825069072,3.0,2.5,3630.0,9475.0,2.0,0.0,0.0,3,11,3630.0,0.0,1999,0.0,98074,47.6544,-122.085,3250.0,11605.0,2015-04-30,964000.0
2524049318,4.0,3.0,4260.0,18000.0,2.0,0.0,2.0,3,11,4260.0,0.0,2000,0.0,98040,47.5355,-122.24,3540.0,17015.0,2014-05-28,2000000.0
7527200360,3.0,2.5,2180.0,15693.0,1.0,0.0,0.0,4,8,1850.0,330.0,1979,0.0,98075,47.592,-122.082,2270.0,24000.0,2014-06-11,545000.0
3041700035,3.0,2.25,1760.0,10350.0,1.0,0.0,0.0,4,7,1330.0,430.0,1979,0.0,98033,47.6605,-122.188,2210.0,11337.0,2015-03-12,609950.0
625049318,4.0,2.0,1820.0,7626.0,1.0,0.0,0.0,5,7,990.0,830.0,1941,0.0,98103,47.6878,-122.342,1390.0,5904.0,2014-08-04,605000.0
6071400360,4.0,2.5,2120.0,9163.0,1.0,0.0,0.0,4,8,1450.0,670.0,1961,0.0,98006,47.5551,-122.172,2120.0,9166.0,2014-09-08,550000.0
8127700720,4.0,2.75,2730.0,4268.0,2.0,0.0,1.0,3,9,2730.0,0.0,2009,0.0,98199,47.6397,-122.395,2340.0,5000.0,2015-01-20,905000.0
1402650360,3.0,2.5,2430.0,7613.0,2.0,0.0,0.0,4,8,2430.0,0.0,1986,0.0,98058,47.4383,-122.135,2440.0,8342.0,2014-10-23,384200.0
3277800845,3.0,1.0,1170.0,1105.0,1.0,,0.0,3,7,1170.0,0.0,1965,0.0,98126,47.5448,-122.375,1380.0,1399.0,2014-07-11,370000.0
2771603050,3.0,1.0,2090.0,4000.0,1.5,0.0,2.0,3,8,1890.0,200.0,1931,0.0,98199,47.6393,-122.392,2090.0,4000.0,2014-12-04,717500.0
1068000150,4.0,3.25,3910.0,7500.0,2.0,0.0,2.0,4,11,2550.0,1360.0,1933,0.0,98199,47.6448,-122.409,3070.0,7500.0,2015-05-01,2000000.0
126039213,2.0,1.0,1140.0,15624.0,1.0,0.0,0.0,4,6,1140.0,0.0,1909,0.0,98177,47.7673,-122.367,2110.0,15493.0,2014-12-03,365500.0
7537300210,2.0,1.5,1460.0,5700.0,1.5,0.0,0.0,3,7,1460.0,0.0,1912,0.0,98115,47.6838,-122.312,1780.0,3800.0,2015-01-28,580000.0
764000155,4.0,1.5,2700.0,14760.0,1.5,0.0,0.0,5,9,2700.0,0.0,1940,0.0,98022,47.1996,-122.003,1670.0,7200.0,2014-11-07,415000.0
7454000555,2.0,1.0,670.0,6300.0,1.0,0.0,0.0,4,6,670.0,0.0,1942,0.0,98126,47.5145,-122.374,740.0,6300.0,2015-01-13,272000.0
2215500205,3.0,1.75,1880.0,6360.0,1.0,0.0,0.0,4,7,1040.0,840.0,1945,0.0,98115,47.6878,-122.286,1770.0,6175.0,2014-05-05,600000.0
3013300085,4.0,3.0,1980.0,5352.0,2.5,0.0,0.0,3,8,1980.0,0.0,1941,20050.0,98136,47.532,-122.385,1680.0,5352.0,2014-05-15,744000.0
3760500222,3.0,3.0,2080.0,10521.0,1.5,0.0,0.0,3,9,2080.0,0.0,2004,0.0,98034,47.6987,-122.228,3730.0,11840.0,2014-06-03,830000.0
6145601312,3.0,3.25,1380.0,1225.0,3.0,0.0,0.0,3,7,1380.0,0.0,2000,0.0,98133,47.7035,-122.351,1380.0,1704.0,2014-10-29,322000.0
3750605674,3.0,2.5,1808.0,19200.0,1.0,0.0,0.0,3,8,1808.0,0.0,2005,0.0,98001,47.2598,-122.281,1450.0,14400.0,2014-09-17,270000.0
1001200035,3.0,1.0,1350.0,7973.0,1.5,,0.0,3,7,1350.0,0.0,1954,0.0,98188,47.4323,-122.292,1310.0,7491.0,2015-03-06,272450.0
2768300736,3.0,3.0,1760.0,2114.0,2.0,0.0,0.0,3,7,1400.0,,2008,0.0,98107,47.6666,-122.37,1300.0,1500.0,2015-04-08,605000.0
5255300150,3.0,1.75,1950.0,8325.0,1.0,0.0,0.0,4,7,1950.0,0.0,1962,0.0,98011,47.7685,-122.2,1950.0,8325.0,2015-05-11,510000.0
5015001215,4.0,3.5,3170.0,4000.0,2.0,0.0,0.0,3,10,2340.0,830.0,1999,0.0,98112,47.6265,-122.298,1770.0,4000.0,2015-04-23,1130000.0
4219400580,4.0,2.5,3000.0,7500.0,2.0,,0.0,3,9,3000.0,0.0,1937,19940.0,98105,47.6571,-122.277,2580.0,5000.0,2014-06-12,1690000.0
6151800612,4.0,1.0,1460.0,16638.0,1.0,0.0,0.0,4,6,1460.0,0.0,1975,0.0,98010,47.3431,-122.048,1460.0,16638.0,2015-01-07,162000.0
7893207510,3.0,1.75,1350.0,5850.0,1.0,0.0,0.0,4,7,1050.0,300.0,1973,0.0,98198,47.4225,-122.328,1710.0,7757.0,2015-05-06,337500.0
8899200720,3.0,2.25,1470.0,7857.0,1.0,0.0,0.0,4,7,1180.0,290.0,1973,0.0,98055,47.4547,-122.209,1900.0,7600.0,2015-03-31,312000.0
7167000040,4.0,3.0,3350.0,199253.0,2.0,0.0,0.0,3,10,3350.0,0.0,2004,0.0,98010,47.3602,-121.988,3350.0,183897.0,2014-08-13,740000.0
7167000040,4.0,3.0,3350.0,199253.0,2.0,0.0,0.0,3,10,3350.0,0.0,2004,0.0,98010,47.3602,-121.988,3350.0,183897.0,2015-03-05,700000.0
7771300035,4.0,1.0,1360.0,8136.0,1.0,,0.0,3,7,1360.0,0.0,1948,0.0,98133,47.7366,-122.333,1570.0,8132.0,2014-09-25,328000.0
7967700530,3.0,1.0,1020.0,7538.0,1.0,0.0,0.0,3,7,1020.0,0.0,1981,0.0,98032,47.3587,-122.288,1650.0,7201.0,2015-02-13,241000.0
6669150790,3.0,2.25,1840.0,6750.0,1.0,0.0,0.0,4,7,1270.0,570.0,1980,0.0,98031,47.4075,-122.172,1750.0,7004.0,2014-07-31,265000.0
1921059213,5.0,1.75,2030.0,10200.0,1.0,0.0,0.0,4,7,2030.0,0.0,1958,0.0,98002,47.2867,-122.209,1760.0,11550.0,2015-03-27,246000.0
723049533,4.0,1.75,1490.0,9112.0,1.0,0.0,0.0,3,6,970.0,520.0,1940,0.0,98146,47.4991,-122.345,1650.0,8411.0,2014-09-30,271000.0
797000276,2.0,1.0,2060.0,8398.0,1.0,0.0,0.0,3,7,1260.0,800.0,1962,0.0,98168,47.509,-122.324,1690.0,13495.0,2014-06-25,270000.0
6381500720,4.0,2.0,2240.0,7085.0,1.5,0.0,0.0,3,7,2240.0,0.0,1944,19920.0,98125,47.7309,-122.305,1440.0,7085.0,2014-11-17,395000.0
3812400789,3.0,2.0,1460.0,5715.0,1.0,0.0,0.0,3,7,1460.0,0.0,1957,0.0,98118,47.54,-122.276,1400.0,5715.0,2014-07-31,340000.0
3451000206,3.0,1.75,2140.0,13260.0,1.0,,0.0,3,7,1240.0,900.0,1948,0.0,98146,47.5074,-122.353,1640.0,13260.0,2014-10-16,340000.0
8165501540,2.0,2.25,1420.0,1246.0,2.0,0.0,0.0,3,8,1420.0,0.0,2007,0.0,98106,47.5394,-122.368,1420.0,1826.0,2015-03-06,335000.0
3131201563,2.0,1.0,1060.0,3036.0,1.5,0.0,0.0,4,6,1060.0,0.0,1943,0.0,98105,47.6578,-122.324,1730.0,5535.0,2014-06-25,435000.0
6813600365,4.0,1.75,1760.0,3600.0,1.0,0.0,0.0,5,7,880.0,880.0,1926,0.0,98103,47.6889,-122.33,1500.0,5580.0,2014-10-09,527950.0
1822039138,2.0,2.25,2320.0,18919.0,2.0,,4.0,4,8,2320.0,,1976,0.0,98070,47.3905,-122.462,1610.0,18919.0,2015-02-27,600000.0
4443800555,3.0,1.75,1770.0,3880.0,1.0,0.0,0.0,3,8,1300.0,,1963,0.0,98117,47.6846,-122.392,1430.0,3880.0,2014-07-16,667000.0
627300145,10.0,5.25,4590.0,10920.0,1.0,0.0,2.0,3,9,2500.0,2090.0,2008,0.0,98004,47.5861,-122.113,2730.0,10400.0,2014-08-14,1150000.0
9133600120,3.0,2.5,2040.0,11211.0,2.0,0.0,0.0,3,8,2040.0,0.0,2000,0.0,98055,47.4867,-122.223,1830.0,11964.0,2015-04-08,417000.0
2354300910,4.0,1.75,1260.0,7250.0,1.0,0.0,0.0,3,6,1260.0,0.0,1943,0.0,98027,47.5267,-122.032,1880.0,7250.0,2015-03-10,451000.0
6917700665,2.0,1.0,1650.0,9780.0,1.0,0.0,0.0,3,7,950.0,700.0,1943,0.0,98199,47.6549,-122.394,1650.0,5458.0,2015-02-18,580000.0
7214710210,4.0,2.25,2380.0,36446.0,2.0,0.0,0.0,4,8,2380.0,0.0,1977,0.0,98077,47.7644,-122.072,2790.0,40005.0,2014-12-17,570000.0
2649500155,5.0,3.25,2750.0,7500.0,2.0,0.0,1.0,3,7,2150.0,600.0,1937,0.0,98033,47.6636,-122.203,2750.0,7500.0,2014-06-10,750000.0
3343301385,3.0,2.5,2810.0,7700.0,2.0,,0.0,3,9,2810.0,,2001,0.0,98006,47.5464,-122.191,2910.0,8250.0,2014-05-27,685000.0
1237500720,3.0,2.0,1340.0,9764.0,1.0,0.0,0.0,3,7,1340.0,0.0,1944,0.0,98052,47.6786,-122.161,1310.0,9764.0,2014-12-26,275000.0
1724069043,3.0,2.5,2420.0,43177.0,2.0,0.0,4.0,4,8,1690.0,730.0,1989,0.0,98075,47.569,-122.058,3740.0,8717.0,2014-06-18,739888.0
8682210650,2.0,2.5,2160.0,5581.0,1.0,0.0,0.0,3,8,2160.0,0.0,2002,0.0,98053,47.7017,-122.023,2315.0,5652.0,2014-05-27,715000.0
2025049025,4.0,2.0,2450.0,4400.0,1.0,0.0,0.0,3,7,1450.0,1000.0,1913,19800.0,98102,47.6414,-122.327,1890.0,1386.0,2015-03-25,800000.0
7883605695,3.0,1.5,1870.0,9000.0,1.0,0.0,0.0,3,7,1120.0,750.0,1923,0.0,98108,47.5224,-122.318,1850.0,6000.0,2014-11-24,350000.0
2120069003,3.0,1.0,1000.0,223462.0,1.0,0.0,2.0,4,6,1000.0,0.0,1933,0.0,98022,47.2099,-122.043,1710.0,105850.0,2014-11-24,220000.0
7852130720,3.0,2.5,2240.0,7791.0,2.0,0.0,0.0,3,7,2240.0,0.0,2002,0.0,98065,47.5361,-121.88,2480.0,5018.0,2014-10-09,452500.0
3832060120,4.0,2.5,2200.0,5893.0,2.0,0.0,0.0,3,7,2200.0,0.0,2008,0.0,98042,47.3333,-122.055,2200.0,5757.0,2015-03-16,280000.0
4356200120,1.0,1.0,790.0,12000.0,1.0,0.0,0.0,3,6,790.0,0.0,1918,0.0,98118,47.5146,-122.265,1900.0,6000.0,2014-10-23,248000.0
4073200124,2.0,1.0,890.0,7200.0,1.0,,0.0,3,7,740.0,150.0,1949,0.0,98115,47.6998,-122.278,1290.0,7200.0,2015-04-17,305000.0
2113700790,3.0,1.0,1270.0,4000.0,1.0,0.0,0.0,3,7,1120.0,150.0,1954,0.0,98106,47.5293,-122.354,1220.0,4600.0,2015-03-12,435010.0
9274202620,3.0,1.75,1850.0,2860.0,1.5,0.0,0.0,5,8,1210.0,640.0,1931,0.0,98116,47.5853,-122.39,1660.0,3120.0,2014-07-18,678100.0
2026049124,3.0,2.25,1352.0,1694.0,3.0,0.0,0.0,3,8,1352.0,0.0,2007,0.0,98125,47.7265,-122.315,1439.0,1387.0,2014-05-09,325000.0
1828000760,3.0,2.0,1540.0,8400.0,1.0,0.0,0.0,3,7,1180.0,360.0,1968,0.0,98052,47.6554,-122.129,1550.0,8760.0,2014-07-14,529950.0
6187700175,3.0,1.75,1640.0,8529.0,1.0,0.0,0.0,5,7,1640.0,0.0,1951,0.0,98155,47.7751,-122.32,1730.0,7769.0,2014-12-23,440000.0
6371500040,3.0,1.0,1350.0,4800.0,1.5,0.0,0.0,3,7,1350.0,0.0,1928,0.0,98116,47.5749,-122.412,1360.0,4800.0,2015-03-16,585000.0
8929000040,3.0,2.5,2010.0,2778.0,2.0,0.0,0.0,3,8,1390.0,620.0,2014,0.0,98029,47.5528,-121.999,1540.0,1689.0,2014-08-20,462608.0
2970800145,3.0,1.75,2080.0,5200.0,1.0,0.0,0.0,3,7,1040.0,1040.0,1974,0.0,98166,47.4738,-122.35,1410.0,6550.0,2015-04-07,350500.0
8588000610,3.0,1.0,1040.0,8125.0,1.0,0.0,0.0,3,7,1040.0,0.0,1956,0.0,98003,47.3171,-122.316,1200.0,9375.0,2014-11-10,210000.0
3905080870,3.0,2.5,1890.0,5929.0,2.0,0.0,0.0,3,8,1890.0,0.0,1993,0.0,98029,47.5697,-121.994,2060.0,5775.0,2015-02-06,510000.0
2457200040,3.0,2.25,1810.0,7630.0,1.0,0.0,0.0,4,7,1810.0,0.0,1959,0.0,98056,47.497,-122.18,1830.0,7594.0,2015-05-06,280000.0
3971700580,3.0,1.75,1930.0,14389.0,1.0,0.0,0.0,3,7,1130.0,800.0,1963,19980.0,98155,47.7733,-122.317,1730.0,14378.0,2015-03-03,385000.0
7304300760,3.0,1.0,1010.0,8184.0,1.0,0.0,0.0,4,6,1010.0,0.0,1947,0.0,98155,47.7416,-122.319,1010.0,8184.0,2014-06-25,349000.0
5561720180,3.0,2.25,1740.0,10836.0,1.0,0.0,0.0,3,7,910.0,830.0,1981,0.0,98031,47.3976,-122.166,2090.0,7500.0,2014-08-26,252000.0
1370801565,4.0,2.5,2910.0,8881.0,2.0,,1.0,3,10,1940.0,970.0,1932,0.0,98199,47.6424,-122.411,2540.0,5250.0,2014-10-30,1100000.0
1822350180,3.0,2.25,1330.0,8004.0,2.0,0.0,0.0,3,7,1330.0,0.0,1985,0.0,98034,47.7098,-122.217,1300.0,7971.0,2014-12-11,375000.0
1310900610,4.0,2.25,2210.0,11700.0,2.0,0.0,0.0,4,8,2210.0,0.0,1967,0.0,98032,47.3648,-122.284,2040.0,9000.0,2014-07-14,336000.0
9285800330,3.0,3.75,2670.0,6517.0,2.5,0.0,4.0,4,8,2020.0,650.0,1977,0.0,98126,47.5702,-122.38,2010.0,6073.0,2014-07-02,732000.0
6620400205,2.0,1.0,1000.0,6227.0,1.0,0.0,0.0,3,6,1000.0,0.0,1949,0.0,98168,47.513,-122.333,1240.0,6250.0,2014-08-06,200000.0
1644510040,4.0,2.5,3150.0,7277.0,2.0,0.0,0.0,3,9,3150.0,0.0,2006,0.0,98056,47.5159,-122.202,3030.0,8643.0,2014-05-28,681716.0
6151800606,3.0,1.75,1520.0,12246.0,1.0,0.0,0.0,4,6,1520.0,0.0,1971,0.0,98010,47.3434,-122.049,1460.0,12246.0,2015-02-25,235000.0
5245600120,3.0,1.0,1690.0,13825.0,1.0,0.0,0.0,3,7,1210.0,480.0,1955,0.0,98148,47.4256,-122.322,1190.0,9450.0,2014-10-09,257500.0
8951900065,3.0,1.0,1070.0,9497.0,1.0,0.0,0.0,3,7,1070.0,0.0,1955,0.0,98028,47.7425,-122.23,1710.0,9561.0,2014-09-29,315000.0
226039186,3.0,1.0,910.0,8000.0,1.0,0.0,0.0,4,6,740.0,170.0,1950,0.0,98177,47.7746,-122.378,2090.0,9007.0,2014-05-20,299950.0
3558900450,4.0,2.25,2130.0,8640.0,1.0,0.0,0.0,3,7,1430.0,700.0,1969,0.0,98034,47.7087,-122.198,2120.0,8826.0,2014-07-11,530000.0
3179100790,2.0,1.75,2230.0,6930.0,1.0,0.0,0.0,4,8,1530.0,700.0,1947,0.0,98105,47.6705,-122.277,1970.0,6930.0,2014-09-15,766500.0
9808590210,4.0,2.5,3560.0,11119.0,1.0,0.0,2.0,3,10,2290.0,1270.0,1986,0.0,98004,47.6456,-122.19,3290.0,11385.0,2014-05-13,860000.0
1781500220,3.0,2.5,2590.0,4961.0,2.0,,0.0,3,9,2590.0,0.0,1944,20070.0,98126,47.5271,-122.381,1230.0,4961.0,2015-01-31,690000.0
3126049052,4.0,1.75,2040.0,6348.0,1.0,0.0,0.0,3,7,1020.0,1020.0,1962,0.0,98103,47.6964,-122.336,1770.0,5047.0,2015-03-18,551000.0
8677900120,3.0,2.75,2100.0,20150.0,1.0,0.0,0.0,4,7,2100.0,0.0,1955,0.0,98034,47.7206,-122.248,2100.0,15500.0,2014-11-21,530000.0
5408100035,3.0,1.0,1340.0,7260.0,1.5,0.0,0.0,3,7,1340.0,0.0,1953,0.0,98125,47.7016,-122.295,1830.0,6822.0,2015-04-20,568000.0
3827600040,3.0,2.5,2770.0,10773.0,2.0,0.0,2.0,3,9,2770.0,0.0,1992,0.0,98008,47.5754,-122.12,2530.0,10423.0,2014-05-20,749950.0
7504100910,3.0,2.5,2400.0,12546.0,1.0,0.0,0.0,3,9,2400.0,0.0,1983,0.0,98074,47.6317,-122.041,2940.0,12150.0,2014-10-06,535000.0
2068500210,3.0,1.0,1140.0,9779.0,1.0,,0.0,3,7,1140.0,0.0,1963,0.0,98055,47.424,-122.201,1520.0,9814.0,2015-04-09,234300.0
2172000035,2.0,1.0,930.0,11450.0,1.0,0.0,0.0,3,6,930.0,0.0,1946,0.0,98178,47.4862,-122.264,1150.0,11450.0,2014-08-21,190000.0
4039400410,4.0,1.75,1820.0,6600.0,1.0,0.0,0.0,5,7,1820.0,0.0,1960,0.0,98007,47.606,-122.135,1430.0,8800.0,2014-10-10,525000.0
7519000580,4.0,1.0,1390.0,3708.0,1.5,0.0,0.0,4,7,1390.0,0.0,1926,0.0,98117,47.685,-122.363,1430.0,3708.0,2014-11-06,610000.0
9828702266,3.0,2.5,1480.0,1165.0,3.0,,0.0,3,8,1480.0,0.0,2006,0.0,98144,47.6199,-122.3,1480.0,1231.0,2014-10-03,520000.0
2770602170,2.0,1.0,760.0,6000.0,1.0,0.0,0.0,3,6,760.0,0.0,1942,0.0,98199,47.646,-122.384,1360.0,6000.0,2015-04-22,375000.0
3260100330,3.0,1.75,1580.0,7416.0,1.0,0.0,0.0,3,7,1150.0,430.0,1967,0.0,98005,47.6056,-122.173,1730.0,7416.0,2014-05-28,600000.0
925059219,4.0,2.5,1870.0,16200.0,1.0,0.0,0.0,5,8,1250.0,620.0,1974,0.0,98033,47.6651,-122.174,2000.0,11250.0,2014-10-23,664000.0
1257201010,2.0,1.0,1510.0,4080.0,1.0,0.0,0.0,3,7,1010.0,500.0,1923,0.0,98103,47.6742,-122.329,1660.0,4080.0,2015-05-04,698000.0
476000333,3.0,2.0,1250.0,1306.0,3.0,0.0,0.0,3,7,1250.0,0.0,2001,0.0,98107,47.6705,-122.39,1320.0,1250.0,2014-08-27,418000.0
1721059218,3.0,1.75,2140.0,13068.0,1.0,0.0,0.0,4,7,1460.0,680.0,1974,0.0,98092,47.3099,-122.197,2090.0,17424.0,2014-08-18,271675.0
6400700220,3.0,1.0,1540.0,9028.0,1.0,0.0,0.0,4,6,1540.0,0.0,1968,0.0,98033,47.6698,-122.177,1450.0,9028.0,2015-05-07,450000.0
524069115,3.0,2.25,2950.0,78843.0,1.5,0.0,0.0,3,9,2950.0,0.0,2006,0.0,98075,47.5917,-122.068,3880.0,78843.0,2014-05-09,759000.0
8818900155,6.0,3.0,2020.0,4129.0,1.0,0.0,0.0,3,7,1230.0,790.0,1994,0.0,98105,47.6648,-122.324,2080.0,4080.0,2015-01-15,599950.0
2321300325,4.0,2.75,2820.0,5000.0,1.5,0.0,0.0,3,8,2170.0,650.0,1927,0.0,98199,47.6376,-122.394,1740.0,5000.0,2015-01-22,810000.0
2131200925,3.0,1.75,1660.0,10000.0,1.0,0.0,0.0,3,7,1660.0,0.0,1972,0.0,98019,47.741,-121.978,1770.0,10000.0,2014-07-29,331292.0
3726800220,3.0,1.75,1830.0,2417.0,1.0,0.0,0.0,3,7,930.0,900.0,1919,0.0,98144,47.5723,-122.309,1320.0,3200.0,2015-04-06,348000.0
3488300085,2.0,1.0,720.0,5600.0,1.0,0.0,0.0,4,7,720.0,0.0,1920,0.0,98116,47.5641,-122.391,1330.0,5600.0,2014-09-19,435000.0
6415100297,3.0,2.5,2160.0,9063.0,2.0,0.0,0.0,3,8,2160.0,0.0,1992,0.0,98133,47.7296,-122.333,2160.0,9063.0,2015-02-19,530000.0
9265400210,3.0,1.75,1510.0,9837.0,2.0,0.0,0.0,3,7,1510.0,0.0,1989,0.0,98001,47.2576,-122.255,1470.0,8054.0,2014-09-22,227000.0
2787000040,3.0,1.5,1870.0,42070.0,1.0,0.0,0.0,3,7,1870.0,0.0,1953,0.0,98168,47.509,-122.313,1870.0,19965.0,2014-10-03,285000.0
3425059218,4.0,2.25,2860.0,26136.0,1.0,0.0,0.0,3,8,1640.0,1220.0,1977,0.0,98005,47.6033,-122.158,2670.0,25040.0,2015-03-17,740000.0
1591600676,3.0,1.0,990.0,9145.0,1.5,0.0,0.0,4,6,990.0,0.0,1939,0.0,98146,47.5022,-122.36,1640.0,8320.0,2015-03-11,246000.0
2843200085,3.0,1.0,1910.0,8710.0,1.0,,0.0,3,7,1080.0,830.0,1954,0.0,98168,47.5038,-122.3,1460.0,8944.0,2015-02-17,260000.0
2561320120,3.0,2.0,1350.0,10200.0,1.0,0.0,0.0,3,7,1350.0,0.0,1977,0.0,98074,47.6159,-122.05,1820.0,9600.0,2014-08-11,366000.0
8835400775,4.0,3.25,2557.0,9480.0,2.0,0.0,2.0,3,7,2557.0,0.0,1948,19930.0,98118,47.5449,-122.262,2220.0,8340.0,2014-10-26,594950.0
2767704525,3.0,2.75,2610.0,5000.0,2.0,0.0,0.0,4,7,1710.0,900.0,1946,0.0,98107,47.6729,-122.373,1500.0,5000.0,2015-03-27,608000.0
3343901848,3.0,2.0,1720.0,11875.0,1.0,0.0,0.0,5,6,1720.0,0.0,1905,0.0,98056,47.5068,-122.191,1860.0,7500.0,2015-04-08,313100.0
7137800085,3.0,1.75,1170.0,9085.0,1.0,0.0,0.0,3,7,1170.0,0.0,1967,0.0,98023,47.2808,-122.354,1230.0,9085.0,2014-10-03,185000.0
1443500925,2.0,1.0,1140.0,11480.0,1.0,0.0,0.0,3,6,1140.0,0.0,1907,0.0,98118,47.5328,-122.274,1550.0,8150.0,2015-05-04,455000.0
8731800210,3.0,2.5,2350.0,9051.0,1.0,0.0,0.0,4,8,1570.0,780.0,1966,0.0,98023,47.3126,-122.364,2270.0,8748.0,2014-07-11,235000.0
8155000040,3.0,1.0,1020.0,12289.0,1.0,0.0,0.0,4,7,1020.0,0.0,1967,0.0,98058,47.4235,-122.155,1300.0,9894.0,2014-10-30,230000.0
9279200910,4.0,2.25,2730.0,5000.0,1.0,0.0,0.0,5,7,1460.0,1270.0,1955,0.0,98116,47.5843,-122.393,2010.0,5000.0,2014-11-20,770000.0
7697920150,4.0,2.25,1830.0,7614.0,2.0,,0.0,3,7,1830.0,0.0,1991,0.0,98030,47.3682,-122.179,1860.0,6930.0,2014-10-02,240000.0
7202290620,3.0,2.5,1690.0,3026.0,2.0,0.0,0.0,3,7,1690.0,0.0,2002,0.0,98053,47.6885,-122.043,1650.0,3161.0,2015-02-19,461000.0
5093301285,4.0,2.5,2900.0,10500.0,1.0,0.0,3.0,5,8,1450.0,1450.0,1963,0.0,98040,47.5838,-122.246,2900.0,9201.0,2015-03-27,1580000.0
1524069044,4.0,4.5,6380.0,88714.0,2.0,0.0,0.0,3,12,6380.0,0.0,2006,0.0,98029,47.5592,-122.015,3040.0,7113.0,2014-10-09,1820000.0
7202340450,3.0,2.5,1690.0,4000.0,2.0,0.0,0.0,3,7,1690.0,0.0,2004,0.0,98053,47.6788,-122.034,1690.0,4000.0,2014-11-23,452000.0
3629921120,4.0,2.5,2660.0,5043.0,2.0,0.0,2.0,3,9,2660.0,0.0,2003,0.0,98029,47.5445,-121.996,3010.0,5500.0,2014-10-03,765000.0
524069020,4.0,4.0,4550.0,54013.0,1.0,0.0,1.0,4,9,2300.0,2250.0,1989,0.0,98075,47.5964,-122.077,3540.0,39634.0,2015-04-22,1050000.0
2273600410,3.0,3.0,1530.0,9999.0,1.0,0.0,0.0,4,7,1150.0,380.0,1983,0.0,98033,47.6869,-122.186,1530.0,8556.0,2015-05-05,546000.0
3186600515,3.0,2.5,2070.0,4463.0,1.5,0.0,0.0,5,8,1780.0,290.0,1931,0.0,98115,47.6853,-122.305,2070.0,5000.0,2015-01-22,781000.0
7923000360,4.0,1.75,1880.0,7953.0,1.0,0.0,0.0,4,7,1880.0,0.0,1965,0.0,98008,47.5838,-122.123,1750.0,8591.0,2015-01-20,538000.0
6678900150,4.0,2.5,2240.0,8664.0,1.0,0.0,0.0,5,8,1470.0,770.0,1975,0.0,98033,47.6621,-122.189,2210.0,8860.0,2014-08-19,790000.0
9482700455,4.0,2.75,2540.0,4400.0,1.5,0.0,0.0,5,7,1630.0,910.0,1925,0.0,98103,47.6832,-122.343,1560.0,3920.0,2014-10-21,696500.0
3861500330,3.0,2.0,1370.0,8137.0,1.0,0.0,0.0,4,7,1370.0,0.0,1988,0.0,98003,47.2802,-122.303,1660.0,8840.0,2015-04-30,276000.0
6163901033,2.0,1.0,770.0,8612.0,1.0,0.0,0.0,3,6,770.0,0.0,1953,0.0,98155,47.7547,-122.323,1290.0,8407.0,2014-09-02,269000.0
2426039123,5.0,4.75,7880.0,24250.0,2.0,0.0,2.0,3,13,7880.0,0.0,1996,0.0,98177,47.7334,-122.362,2740.0,10761.0,2015-01-30,2420000.0
624069003,4.0,2.75,2970.0,59677.0,1.0,0.0,2.0,4,8,1610.0,1360.0,1973,0.0,98075,47.5953,-122.08,2930.0,42489.0,2015-01-02,829000.0
7454000145,2.0,1.0,740.0,6840.0,1.0,0.0,0.0,3,6,740.0,0.0,1942,0.0,98126,47.5168,-122.373,740.0,6840.0,2015-03-06,122000.0
4402700230,3.0,1.5,1360.0,7680.0,1.0,0.0,0.0,3,7,1360.0,0.0,1955,0.0,98133,47.7441,-122.337,1630.0,7679.0,2014-08-21,352500.0
1432701510,4.0,2.0,1280.0,7560.0,1.0,,0.0,5,6,1280.0,0.0,1959,0.0,98058,47.45,-122.175,1250.0,7690.0,2014-10-21,249000.0
1115100119,4.0,2.0,1920.0,7803.0,1.0,0.0,0.0,3,7,1080.0,840.0,1962,0.0,98155,47.758,-122.325,1940.0,8147.0,2014-12-08,360000.0
2553300120,3.0,2.0,2020.0,10584.0,1.0,0.0,0.0,3,10,2020.0,0.0,1994,0.0,98075,47.5851,-122.028,3030.0,9870.0,2015-05-04,629500.0
2481630180,4.0,2.25,3310.0,127631.0,2.0,0.0,0.0,5,9,3310.0,0.0,1924,19560.0,98072,47.732,-122.134,3830.0,43959.0,2014-06-25,1140000.0
2525049246,2.0,2.25,2950.0,15593.0,1.0,0.0,0.0,4,8,1560.0,1390.0,1942,19860.0,98039,47.6209,-122.236,2060.0,19855.0,2014-10-17,1550000.0
7236300065,3.0,1.5,1320.0,7695.0,1.0,0.0,0.0,4,7,1320.0,0.0,1959,0.0,98056,47.4908,-122.181,1370.0,8295.0,2014-07-18,275000.0
1854900330,4.0,2.5,3160.0,6961.0,2.0,0.0,0.0,3,8,3160.0,0.0,2005,0.0,98074,47.6125,-122.01,3110.0,5058.0,2014-09-09,697000.0
203101210,2.0,1.0,1640.0,17335.0,1.0,0.0,0.0,3,7,840.0,800.0,1978,0.0,98053,47.6397,-121.953,2440.0,17850.0,2014-05-07,379500.0
622100074,3.0,2.75,2440.0,76531.0,1.0,0.0,0.0,3,10,1640.0,800.0,1980,0.0,98072,47.7672,-122.161,1890.0,10042.0,2014-11-10,720000.0
5014600180,4.0,2.5,3000.0,5548.0,2.0,0.0,0.0,3,9,3000.0,0.0,2006,0.0,98059,47.5399,-122.188,2870.0,5000.0,2014-05-13,675000.0
809002295,5.0,2.5,2810.0,6000.0,2.5,0.0,0.0,3,9,2810.0,0.0,1907,0.0,98109,47.6367,-122.35,2240.0,4800.0,2014-10-29,1170000.0
7533800325,3.0,2.0,2390.0,6888.0,2.0,0.0,1.0,5,8,2390.0,0.0,1939,0.0,98115,47.6839,-122.274,2390.0,7920.0,2014-05-20,1100000.0
5637500180,4.0,1.0,2080.0,3500.0,1.5,0.0,0.0,5,7,1260.0,820.0,1926,0.0,98136,47.5445,-122.383,1380.0,5900.0,2014-06-12,520000.0
3971700981,3.0,1.75,2650.0,7500.0,1.5,0.0,0.0,4,7,1590.0,1060.0,1962,0.0,98155,47.7716,-122.317,1340.0,7500.0,2014-10-03,415000.0
2267000453,3.0,2.5,1060.0,1536.0,2.0,0.0,0.0,3,8,1060.0,0.0,2000,0.0,98117,47.6907,-122.395,1220.0,1316.0,2014-06-27,415000.0
5029000120,3.0,2.25,1940.0,8312.0,1.0,0.0,1.0,4,7,1220.0,720.0,1963,0.0,98166,47.4556,-122.346,2060.0,9503.0,2015-04-07,450000.0
3735900325,2.0,1.0,1080.0,4080.0,1.0,0.0,0.0,3,8,1080.0,0.0,1948,0.0,98115,47.6899,-122.32,1890.0,4080.0,2015-04-27,485000.0
6187100360,3.0,2.25,1700.0,9600.0,2.0,0.0,0.0,3,7,1700.0,0.0,1984,0.0,98042,47.39,-122.158,1930.0,9600.0,2015-04-27,294000.0
7237500530,4.0,3.5,4440.0,10660.0,2.0,0.0,0.0,3,11,4440.0,0.0,2003,0.0,98059,47.5294,-122.137,4390.0,9976.0,2014-07-09,1040000.0
2207500880,3.0,1.0,1580.0,4000.0,2.0,0.0,0.0,3,8,1580.0,0.0,1905,0.0,98102,47.6363,-122.32,2190.0,4000.0,2014-07-28,690000.0
7937900220,5.0,2.75,3630.0,38461.0,2.0,0.0,0.0,3,11,3630.0,0.0,2000,0.0,98058,47.4289,-122.094,4440.0,50378.0,2014-10-09,716500.0
2767603615,2.0,2.25,1290.0,1137.0,3.0,0.0,0.0,3,8,1290.0,0.0,2007,0.0,98107,47.6718,-122.382,1290.0,1332.0,2014-09-03,481000.0
8121100325,4.0,2.75,1960.0,4635.0,1.0,0.0,0.0,4,7,1000.0,960.0,1968,0.0,98118,47.5693,-122.285,1830.0,6180.0,2015-04-19,575000.0
8712100720,3.0,2.0,2090.0,5015.0,1.5,0.0,0.0,5,7,2090.0,0.0,1920,0.0,98112,47.6378,-122.301,1930.0,4250.0,2014-08-15,785000.0
1223059081,3.0,1.75,1960.0,43995.0,1.0,,0.0,3,7,1960.0,0.0,1970,0.0,98059,47.4915,-122.106,1960.0,42253.0,2015-03-25,480000.0
9323610180,3.0,2.25,2120.0,9297.0,2.0,,0.0,4,8,2120.0,0.0,1981,0.0,98006,47.5561,-122.154,2620.0,10352.0,2014-08-19,720000.0
2722059275,3.0,2.75,2290.0,34548.0,2.0,0.0,3.0,4,7,2290.0,0.0,1984,0.0,98042,47.3691,-122.163,399.0,275299.0,2015-05-12,536000.0
1545800205,4.0,2.5,1880.0,7965.0,2.0,0.0,0.0,3,7,1880.0,0.0,2000,0.0,98038,47.3642,-122.052,1570.0,7584.0,2014-06-13,324900.0
4303200555,2.0,1.0,770.0,5160.0,1.0,0.0,0.0,3,6,770.0,0.0,1943,0.0,98106,47.5304,-122.356,920.0,5160.0,2014-08-15,265000.0
2267000730,3.0,2.5,1530.0,3210.0,1.5,0.0,0.0,5,7,1010.0,520.0,1928,0.0,98117,47.6913,-122.393,1330.0,4410.0,2014-07-01,545000.0
1926049154,2.0,1.5,1450.0,27075.0,1.0,0.0,0.0,3,7,1450.0,0.0,1940,0.0,98133,47.7281,-122.353,1890.0,10599.0,2015-01-15,465000.0
3300790540,3.0,2.25,1690.0,7320.0,2.0,0.0,0.0,3,7,1690.0,0.0,1987,0.0,98198,47.3889,-122.316,1520.0,7450.0,2015-01-09,292500.0
2652501215,4.0,1.75,1880.0,3720.0,1.5,,0.0,4,7,1880.0,0.0,1924,0.0,98109,47.6431,-122.356,2090.0,4095.0,2014-07-02,860000.0
2426059124,4.0,3.25,4160.0,47480.0,2.0,0.0,0.0,3,10,4160.0,0.0,1995,0.0,98072,47.7266,-122.115,3400.0,40428.0,2014-12-16,1050000.0
164000237,4.0,2.5,2140.0,7245.0,2.0,,0.0,3,7,2140.0,0.0,2003,0.0,98133,47.729,-122.35,2080.0,7875.0,2014-06-12,495000.0
1453602283,2.0,2.0,1320.0,1462.0,3.0,0.0,0.0,3,7,1320.0,0.0,1997,0.0,98125,47.7223,-122.29,1430.0,1650.0,2015-05-07,342000.0
8081650330,4.0,2.5,2000.0,10051.0,2.0,0.0,0.0,3,7,2000.0,0.0,1997,0.0,98038,47.3625,-122.025,2000.0,6686.0,2014-06-25,320000.0
3797000205,3.0,2.0,1460.0,2610.0,2.0,0.0,0.0,3,8,1460.0,0.0,1987,0.0,98103,47.6864,-122.345,1320.0,3000.0,2014-09-24,444000.0
8921000040,4.0,2.5,3070.0,8086.0,2.0,,0.0,3,10,3070.0,0.0,2005,0.0,98059,47.5399,-122.16,3320.0,10738.0,2014-06-25,804100.0
6791100410,3.0,2.5,1660.0,15000.0,1.0,,0.0,4,7,1660.0,0.0,1970,0.0,98075,47.5803,-122.05,2060.0,15015.0,2014-09-19,432000.0
7224000450,6.0,1.5,1810.0,4838.0,1.5,0.0,0.0,4,5,1050.0,760.0,1905,0.0,98055,47.4874,-122.202,1300.0,4838.0,2014-12-30,230000.0
3303980650,4.0,3.5,3510.0,11200.0,2.0,0.0,0.0,3,11,3510.0,0.0,2001,0.0,98059,47.5193,-122.15,3600.0,12124.0,2014-08-27,935000.0
7589200191,3.0,3.0,2180.0,2650.0,1.5,0.0,0.0,5,8,1410.0,770.0,1930,0.0,98117,47.6891,-122.375,1570.0,4820.0,2014-08-07,634950.0
9547200530,6.0,4.0,3300.0,5720.0,1.0,,0.0,3,8,1960.0,1340.0,1963,0.0,98115,47.676,-122.309,2030.0,4080.0,2015-01-12,780000.0
8635751120,4.0,2.5,2460.0,4200.0,2.0,0.0,0.0,3,8,2460.0,0.0,1998,0.0,98074,47.6031,-122.021,2330.0,4200.0,2014-05-19,611000.0
1982201465,4.0,1.75,1880.0,4175.0,1.5,0.0,0.0,3,7,1090.0,790.0,1944,0.0,98107,47.6646,-122.364,1700.0,3758.0,2014-11-21,475999.0
8648700450,3.0,2.0,2290.0,9450.0,1.0,0.0,0.0,3,9,1670.0,620.0,1979,0.0,98008,47.5692,-122.1,2750.0,11700.0,2014-12-16,565000.0
3586501085,4.0,2.5,2290.0,26720.0,2.0,0.0,0.0,3,8,2290.0,0.0,1977,0.0,98177,47.7502,-122.374,2290.0,26720.0,2014-08-08,630000.0
7701990040,4.0,3.5,3860.0,18334.0,2.0,0.0,0.0,3,10,3120.0,740.0,1996,0.0,98077,47.7095,-122.075,3550.0,18334.0,2014-06-17,840000.0
3420069060,3.0,2.5,2640.0,432036.0,1.5,0.0,3.0,3,10,2640.0,0.0,1996,0.0,98022,47.1795,-122.036,1500.0,560617.0,2014-11-07,790000.0
1822069052,5.0,2.5,2850.0,209523.0,1.0,0.0,0.0,4,7,1930.0,,1925,19680.0,98058,47.3939,-122.089,2220.0,209523.0,2014-07-09,450000.0
4385701285,4.0,3.25,3020.0,4000.0,1.5,0.0,0.0,5,8,1920.0,1100.0,1927,0.0,98112,47.6395,-122.279,2400.0,4000.0,2014-12-23,1270000.0
2810600210,3.0,2.0,1510.0,3760.0,1.0,0.0,0.0,5,7,930.0,580.0,1925,0.0,98136,47.5425,-122.39,1510.0,3760.0,2015-04-22,520000.0
1624049170,4.0,2.0,2410.0,8712.0,1.0,0.0,0.0,3,7,1260.0,1150.0,1958,0.0,98144,47.5729,-122.302,2220.0,6038.0,2014-10-17,446800.0
871001085,3.0,1.0,1470.0,6122.0,1.0,0.0,0.0,3,8,1200.0,270.0,1948,0.0,98199,47.6517,-122.406,2200.0,6122.0,2015-01-29,652000.0
4104500191,3.0,2.75,2890.0,12130.0,2.0,,3.0,4,10,2830.0,60.0,1987,0.0,98033,47.6505,-122.203,2415.0,11538.0,2014-05-22,1170000.0
98030530,4.0,3.25,3490.0,7024.0,2.0,0.0,0.0,3,10,3490.0,0.0,2006,0.0,98075,47.5834,-121.972,3450.0,6866.0,2014-06-10,745000.0
1025049115,3.0,2.25,1270.0,1406.0,2.0,0.0,0.0,3,8,1060.0,210.0,2014,0.0,98105,47.6647,-122.284,1160.0,1327.0,2014-06-25,594000.0
9331800580,2.0,1.0,1000.0,3700.0,1.0,0.0,0.0,3,6,800.0,200.0,1929,0.0,98118,47.552,-122.29,1270.0,5000.0,2015-03-10,257000.0
9826701320,4.0,1.75,1430.0,4096.0,2.0,0.0,0.0,3,7,1430.0,0.0,1900,0.0,98122,47.604,-122.306,1640.0,3377.0,2014-07-01,485000.0
2426049079,3.0,1.0,1060.0,20040.0,1.0,0.0,0.0,3,6,1060.0,0.0,1943,0.0,98034,47.7281,-122.235,1768.0,10800.0,2015-05-06,330000.0
204000175,3.0,2.0,1680.0,8946.0,1.0,0.0,0.0,3,6,940.0,740.0,1996,0.0,98053,47.6379,-121.966,1550.0,11625.0,2014-07-31,381000.0
822039004,2.0,2.0,2280.0,641203.0,2.0,0.0,0.0,3,9,2280.0,0.0,1990,0.0,98070,47.4125,-122.455,2030.0,224334.0,2014-06-13,849900.0
3735900205,4.0,2.5,2450.0,4080.0,1.5,0.0,0.0,4,8,1490.0,960.0,1930,0.0,98115,47.6899,-122.319,2000.0,4080.0,2015-04-02,793000.0
823000174,3.0,2.25,3650.0,5353.0,2.0,0.0,4.0,4,7,2200.0,1450.0,1947,0.0,98144,47.5949,-122.291,1950.0,4970.0,2014-07-28,920000.0
3300701575,2.0,1.0,830.0,4000.0,1.0,0.0,0.0,4,6,830.0,0.0,1947,0.0,98117,47.6909,-122.381,1420.0,4000.0,2015-04-22,455000.0
4128500210,4.0,2.5,3490.0,7494.0,2.0,0.0,3.0,3,11,3490.0,0.0,2000,0.0,98006,47.559,-122.127,3260.0,8437.0,2014-05-13,975000.0
1934800142,2.0,1.5,1050.0,1046.0,2.0,0.0,0.0,3,8,960.0,90.0,2007,0.0,98122,47.6028,-122.309,1470.0,1768.0,2014-12-03,375000.0
1189000205,2.0,2.5,1170.0,1811.0,2.0,0.0,0.0,3,8,1170.0,0.0,2001,0.0,98122,47.6132,-122.297,1250.0,3146.0,2015-03-11,400000.0
4040800120,3.0,1.0,1220.0,7200.0,1.0,0.0,0.0,4,7,1220.0,0.0,1965,0.0,98008,47.6218,-122.116,1320.0,7200.0,2015-02-11,447000.0
1238501099,3.0,1.75,1310.0,8600.0,1.0,0.0,0.0,4,7,1310.0,0.0,1987,0.0,98033,47.686,-122.185,2510.0,8515.0,2014-10-31,470000.0
6705870040,4.0,2.5,3130.0,7582.0,2.0,0.0,0.0,3,8,3130.0,0.0,2004,0.0,98075,47.577,-122.055,2990.0,6441.0,2014-10-15,665000.0
7340601063,3.0,1.75,1590.0,41550.0,1.5,,0.0,3,6,1290.0,300.0,1933,19890.0,98168,47.4817,-122.28,2990.0,6464.0,2014-09-03,295500.0
7212660540,4.0,2.5,1720.0,8638.0,2.0,0.0,0.0,3,8,1720.0,0.0,1994,0.0,98003,47.2704,-122.313,1870.0,7455.0,2015-01-15,200000.0
1426079047,3.0,2.25,2520.0,212137.0,2.0,,0.0,3,9,1590.0,930.0,2005,0.0,98019,47.7384,-121.878,2000.0,212137.0,2014-09-11,620000.0
6817800220,3.0,2.0,1520.0,11067.0,1.0,,0.0,3,7,1140.0,380.0,1983,0.0,98074,47.6326,-122.033,1280.0,11371.0,2014-08-29,434900.0
1336800065,4.0,2.25,3260.0,4640.0,2.0,0.0,0.0,5,9,2360.0,900.0,1907,0.0,98112,47.6272,-122.312,3240.0,5800.0,2015-03-24,1330000.0
9413900035,4.0,3.25,3910.0,7500.0,2.0,0.0,0.0,3,10,3910.0,0.0,2006,0.0,98033,47.6527,-122.198,2600.0,9235.0,2015-01-09,1650000.0
9113200180,4.0,2.5,3480.0,6315.0,2.0,0.0,0.0,3,9,2360.0,1120.0,2000,0.0,98052,47.6841,-122.161,3620.0,5233.0,2014-09-05,852500.0
4215250220,3.0,2.5,3040.0,34670.0,2.0,0.0,0.0,4,10,3040.0,0.0,1983,0.0,98072,47.7565,-122.129,3480.0,35001.0,2014-12-09,790000.0
8563030330,4.0,1.75,2030.0,7350.0,1.0,0.0,0.0,3,8,2030.0,0.0,1966,0.0,98008,47.6274,-122.094,2000.0,7998.0,2015-03-13,565000.0
5634500688,6.0,3.25,3870.0,24700.0,2.0,0.0,0.0,3,10,2520.0,1350.0,1989,0.0,98028,47.7517,-122.233,2360.0,30030.0,2015-03-25,1130000.0
1657530450,3.0,2.5,1870.0,1436.0,2.0,0.0,0.0,3,7,1870.0,0.0,2004,0.0,98059,47.4899,-122.166,1720.0,1852.0,2014-12-22,289950.0
1624059219,2.0,2.0,2640.0,13939.0,1.0,0.0,1.0,5,8,1640.0,1000.0,1963,0.0,98006,47.5647,-122.165,2880.0,14810.0,2014-11-05,850000.0
7942600975,4.0,1.75,1940.0,4800.0,1.0,0.0,0.0,5,7,1030.0,910.0,1922,0.0,98122,47.6054,-122.314,1450.0,4800.0,2014-05-12,505000.0
8835200610,3.0,2.5,1710.0,5633.0,2.0,0.0,0.0,3,7,1710.0,0.0,1981,0.0,98034,47.7232,-122.161,1540.0,5000.0,2014-10-28,372000.0
7524200180,4.0,2.0,1690.0,7728.0,1.5,,0.0,4,7,1690.0,0.0,1967,0.0,98198,47.3666,-122.318,1480.0,8009.0,2014-10-23,207000.0
5451100220,3.0,1.75,2340.0,10495.0,1.0,0.0,0.0,4,8,2340.0,0.0,1967,0.0,98040,47.5386,-122.226,3120.0,11068.0,2014-05-13,780000.0
4047200065,4.0,1.75,1700.0,20283.0,1.5,0.0,0.0,3,7,1340.0,360.0,1965,0.0,98019,47.7694,-121.903,1680.0,21369.0,2014-06-23,400000.0
3374900035,3.0,1.5,1850.0,8124.0,1.0,0.0,0.0,4,7,1850.0,0.0,1948,0.0,98177,47.7275,-122.359,1530.0,8123.0,2015-02-23,440250.0
7010700580,2.0,2.0,1370.0,7920.0,1.0,0.0,0.0,3,8,950.0,420.0,1949,0.0,98199,47.6589,-122.397,1370.0,4680.0,2015-03-03,585000.0
4139440360,4.0,2.5,2900.0,9972.0,2.0,0.0,0.0,3,9,2900.0,0.0,1993,0.0,98006,47.5536,-122.121,2901.0,8567.0,2014-09-18,850000.0
3126049154,3.0,3.0,2400.0,3192.0,2.0,0.0,0.0,3,7,2400.0,0.0,1991,0.0,98103,47.6963,-122.348,1360.0,3192.0,2014-09-25,570000.0
1331900410,4.0,3.0,3740.0,30884.0,2.0,,0.0,3,9,3060.0,680.0,1988,0.0,98072,47.7505,-122.117,3240.0,37031.0,2014-06-20,869000.0
3432501395,4.0,2.75,2170.0,5988.0,2.0,0.0,0.0,3,8,2170.0,0.0,2014,0.0,98155,47.7484,-122.317,1170.0,8147.0,2014-09-24,551000.0
8945100530,3.0,1.0,970.0,8378.0,1.0,0.0,0.0,4,6,970.0,0.0,1962,0.0,98023,47.3078,-122.365,1050.0,8563.0,2015-03-13,172380.0
3121069038,3.0,2.5,2620.0,78843.0,1.0,0.0,3.0,4,7,1310.0,1310.0,1964,0.0,98092,47.2584,-122.093,2330.0,130244.0,2015-03-26,355000.0
4139440730,4.0,2.5,2980.0,10194.0,2.0,0.0,0.0,3,9,2980.0,0.0,1993,0.0,98006,47.5515,-122.12,2980.0,10053.0,2015-02-25,728935.0
9808640040,3.0,2.5,2340.0,1919.0,2.0,0.0,2.0,4,9,2340.0,0.0,1981,0.0,98033,47.6512,-122.203,2415.0,2166.0,2015-03-06,850000.0
423059077,5.0,1.75,1880.0,48787.0,2.0,0.0,0.0,3,6,1880.0,0.0,1922,0.0,98059,47.5094,-122.165,1690.0,8401.0,2014-12-23,515000.0
8005100571,2.0,1.0,1480.0,5325.0,1.0,0.0,0.0,4,7,1120.0,360.0,1925,0.0,98022,47.2079,-121.993,1670.0,5800.0,2014-12-05,215000.0
9324320040,4.0,2.5,2240.0,9826.0,1.0,0.0,0.0,4,7,1370.0,870.0,1988,0.0,98023,47.314,-122.364,1980.0,9826.0,2014-06-16,220000.0
3825310970,4.0,2.5,2940.0,7675.0,2.0,,0.0,3,9,2940.0,0.0,2004,0.0,98052,47.7054,-122.129,3120.0,6574.0,2014-07-24,845000.0
1930301540,1.0,1.0,710.0,4000.0,1.0,0.0,0.0,4,6,610.0,100.0,1928,0.0,98103,47.6562,-122.354,1440.0,4500.0,2015-02-23,390000.0
723049158,4.0,1.0,1460.0,18599.0,1.5,0.0,0.0,3,5,1460.0,0.0,1940,0.0,98146,47.5006,-122.351,1320.0,8100.0,2015-03-13,135000.0
6116500366,3.0,1.0,1530.0,19007.0,1.0,0.0,0.0,4,8,1290.0,240.0,1949,0.0,98166,47.4508,-122.352,2090.0,20962.0,2015-04-01,439000.0
7954300330,4.0,2.5,2630.0,6185.0,2.0,0.0,0.0,3,9,2630.0,0.0,1999,0.0,98056,47.5229,-122.192,2720.0,6185.0,2014-07-08,585000.0
2346800180,5.0,1.0,2230.0,16800.0,1.5,0.0,3.0,4,7,1700.0,530.0,1923,0.0,98136,47.5161,-122.395,2730.0,18400.0,2015-03-09,620000.0
452001475,3.0,1.0,960.0,3600.0,1.0,0.0,0.0,4,7,960.0,0.0,1906,0.0,98117,47.6758,-122.369,1580.0,5000.0,2014-09-02,477000.0
952006783,2.0,1.5,1180.0,1722.0,2.0,0.0,0.0,3,8,1180.0,,2006,0.0,98116,47.5626,-122.384,1490.0,1469.0,2014-10-14,399500.0
2013802060,2.0,1.0,1760.0,27332.0,1.0,1.0,4.0,4,7,1300.0,460.0,1951,0.0,98198,47.3799,-122.325,2590.0,16630.0,2014-09-27,500000.0
1787600209,3.0,2.5,1340.0,8867.0,2.0,0.0,0.0,3,8,1340.0,0.0,1984,0.0,98125,47.724,-122.327,1630.0,7287.0,2014-09-09,432500.0
9542100085,4.0,2.25,2800.0,18673.0,1.0,0.0,0.0,5,9,1650.0,1150.0,1965,0.0,98005,47.5893,-122.177,2800.0,15300.0,2014-10-28,940000.0
3025059124,5.0,3.5,4330.0,11979.0,1.0,0.0,4.0,3,12,2090.0,2240.0,2008,0.0,98004,47.6251,-122.218,4320.0,12000.0,2014-08-28,3170000.0
7504021490,3.0,2.5,3720.0,11610.0,2.0,0.0,0.0,3,11,3720.0,0.0,1982,0.0,98074,47.636,-122.049,3530.0,11877.0,2014-05-12,1080000.0
8651440230,4.0,2.0,1670.0,5200.0,1.0,0.0,0.0,4,7,1030.0,640.0,1977,0.0,98042,47.3652,-122.09,1500.0,5200.0,2014-08-15,229999.0
1003400155,3.0,1.0,1100.0,7657.0,1.0,0.0,0.0,3,7,1100.0,0.0,1955,0.0,98188,47.4374,-122.285,1300.0,8000.0,2014-08-11,233000.0
7852190410,3.0,2.5,3240.0,8016.0,2.0,0.0,0.0,3,8,2910.0,330.0,2004,0.0,98065,47.5382,-121.877,2990.0,7561.0,2014-06-26,600000.0
2968801085,4.0,1.5,1680.0,7620.0,1.0,0.0,0.0,4,7,1180.0,500.0,1965,0.0,98166,47.4578,-122.351,1460.0,7620.0,2015-05-08,334000.0
7771300155,3.0,1.0,1030.0,8164.0,1.0,0.0,0.0,4,7,1030.0,0.0,1950,0.0,98133,47.7353,-122.334,1340.0,8164.0,2014-07-16,332500.0
9320870040,3.0,2.5,1630.0,7700.0,1.0,0.0,0.0,3,7,1120.0,510.0,1978,0.0,98031,47.3876,-122.211,1640.0,8160.0,2014-06-26,249900.0
623049047,3.0,2.0,2610.0,12180.0,1.0,0.0,0.0,3,7,1670.0,940.0,1918,0.0,98146,47.5063,-122.346,1520.0,12180.0,2014-10-23,310000.0
9505100035,2.0,1.0,1250.0,8520.0,1.0,,0.0,3,6,1250.0,0.0,1928,0.0,98126,47.5158,-122.378,1040.0,8520.0,2014-11-05,200000.0
8114000040,4.0,1.75,1480.0,11200.0,1.0,0.0,0.0,4,7,1480.0,0.0,1969,0.0,98059,47.5064,-122.141,1480.0,20310.0,2014-07-25,310000.0
424000145,3.0,1.0,1390.0,6000.0,1.0,0.0,0.0,3,5,1390.0,0.0,1954,0.0,98056,47.4977,-122.175,1170.0,6000.0,2014-07-07,230000.0
7857003953,4.0,2.5,1940.0,5414.0,2.0,0.0,0.0,3,8,1940.0,0.0,1997,0.0,98108,47.5461,-122.299,2050.0,6307.0,2014-10-20,420000.0
3630110220,4.0,2.5,2960.0,4750.0,2.0,0.0,0.0,3,9,2960.0,0.0,2005,0.0,98029,47.5544,-121.993,2960.0,4750.0,2014-10-12,785000.0
251500330,3.0,2.25,4320.0,19225.0,1.0,0.0,0.0,4,10,2160.0,2160.0,1972,0.0,98004,47.6368,-122.216,3430.0,18469.0,2014-10-14,1780000.0
1900600040,5.0,1.5,1500.0,7112.0,1.0,0.0,0.0,5,6,760.0,740.0,1920,0.0,98166,47.4692,-122.35,1200.0,7112.0,2014-05-07,265000.0
6163901383,2.0,1.0,840.0,10465.0,1.0,0.0,0.0,3,6,840.0,0.0,1951,0.0,98155,47.755,-122.317,1320.0,8515.0,2014-09-23,295000.0
4054530210,4.0,2.5,3560.0,46644.0,2.0,0.0,0.0,3,11,3560.0,0.0,1992,0.0,98077,47.7268,-122.05,3520.0,50261.0,2015-02-18,896000.0
5088500210,4.0,2.75,2390.0,9968.0,1.0,0.0,0.0,4,9,1390.0,1000.0,1989,0.0,98038,47.3706,-122.056,2560.0,12385.0,2015-01-12,415000.0
424500035,3.0,1.75,1200.0,5478.0,1.0,,0.0,5,6,1200.0,0.0,1955,0.0,98056,47.4959,-122.174,1270.0,6855.0,2015-02-12,250000.0
6762700515,3.0,2.5,2570.0,5000.0,2.0,0.0,0.0,3,11,2570.0,0.0,1984,0.0,98102,47.6295,-122.32,1570.0,5000.0,2015-04-21,1480000.0
1562200040,5.0,2.25,2180.0,6000.0,1.0,,0.0,4,8,1430.0,750.0,1966,0.0,98007,47.6235,-122.143,2160.0,8800.0,2015-04-07,635000.0
3401700040,3.0,2.5,3450.0,48787.0,2.0,0.0,0.0,3,10,3450.0,0.0,1987,0.0,98072,47.739,-122.129,2810.0,41040.0,2015-04-01,905000.0
7202330610,3.0,2.5,2020.0,5613.0,2.0,0.0,0.0,3,7,2020.0,0.0,2003,0.0,98053,47.6835,-122.035,2020.0,4609.0,2014-07-21,528000.0
8835350230,3.0,2.5,2480.0,7480.0,2.0,0.0,0.0,3,9,2480.0,0.0,1992,0.0,98072,47.771,-122.166,2480.0,7480.0,2014-08-25,530000.0
4057300180,3.0,1.5,1140.0,3104.0,2.0,0.0,0.0,3,7,1140.0,0.0,1988,0.0,98029,47.5707,-122.018,1150.0,2981.0,2014-08-07,310000.0
1023059186,3.0,1.0,1530.0,9465.0,1.0,0.0,0.0,4,7,1530.0,0.0,1960,0.0,98059,47.4915,-122.151,1530.0,9465.0,2015-01-26,252000.0
6672500040,3.0,2.0,1700.0,8160.0,1.0,0.0,0.0,3,7,1120.0,580.0,1961,0.0,98133,47.74,-122.339,1740.0,8181.0,2014-08-11,334500.0
3265300410,3.0,1.0,2150.0,8480.0,1.0,0.0,0.0,3,8,1610.0,540.0,1951,0.0,98115,47.6996,-122.308,1620.0,5203.0,2015-05-06,370000.0
7549801565,3.0,2.0,1190.0,7840.0,1.5,0.0,0.0,4,6,1190.0,0.0,1918,0.0,98108,47.5531,-122.312,1460.0,3240.0,2014-12-19,311000.0
2114700040,3.0,2.75,1730.0,4131.0,2.0,0.0,2.0,3,7,1480.0,250.0,1975,0.0,98106,47.5327,-122.346,1570.0,4120.0,2015-04-14,260000.0
3375300360,3.0,1.75,1400.0,9546.0,1.0,0.0,0.0,4,7,1400.0,0.0,1984,0.0,98003,47.3179,-122.331,1660.0,8550.0,2014-07-01,217500.0
7237301010,3.0,2.5,2200.0,4240.0,2.0,0.0,0.0,3,7,2200.0,0.0,2003,0.0,98042,47.3715,-122.127,2200.0,4311.0,2015-02-18,290000.0
1245500691,3.0,1.5,960.0,4600.0,1.0,0.0,0.0,3,6,960.0,0.0,1944,0.0,98033,47.6937,-122.213,2230.0,9350.0,2014-10-07,500000.0
1604601225,3.0,2.0,1770.0,6000.0,1.0,0.0,3.0,3,7,1100.0,670.0,1984,0.0,98118,47.5644,-122.29,1300.0,3000.0,2015-04-20,423500.0
5411600180,4.0,2.5,2970.0,5722.0,2.0,0.0,0.0,3,9,2970.0,0.0,2005,0.0,98074,47.6134,-122.042,3940.0,4848.0,2014-12-24,715000.0
3331001115,3.0,2.5,1590.0,3121.0,2.0,0.0,0.0,3,7,1590.0,0.0,1994,0.0,98118,47.5515,-122.284,1090.0,4900.0,2014-07-28,299000.0
11300120,3.0,2.5,3350.0,4007.0,2.0,0.0,0.0,3,8,2550.0,800.0,2005,0.0,98034,47.7277,-122.207,2340.0,4167.0,2014-06-30,635000.0
8691310040,4.0,2.5,3370.0,9629.0,2.0,0.0,0.0,3,10,3370.0,0.0,1999,0.0,98075,47.5896,-121.978,3360.0,10335.0,2014-08-26,806000.0
4307350450,3.0,2.5,1960.0,3480.0,2.0,0.0,0.0,3,7,1960.0,0.0,2004,0.0,98056,47.4802,-122.18,2560.0,3500.0,2014-05-31,289950.0
2460700650,3.0,1.75,1360.0,6603.0,1.0,0.0,0.0,4,7,1360.0,0.0,1981,0.0,98058,47.4619,-122.168,1770.0,7107.0,2014-10-10,280000.0
9558050450,3.0,2.5,2780.0,6000.0,2.0,0.0,0.0,3,9,2780.0,0.0,2004,0.0,98058,47.4569,-122.118,1940.0,3466.0,2015-03-30,479950.0
3793500730,4.0,2.5,3000.0,9793.0,2.0,0.0,0.0,3,7,3000.0,0.0,2002,0.0,98038,47.3655,-122.028,1890.0,7557.0,2014-06-27,394000.0
1026069061,4.0,2.5,3600.0,203425.0,2.0,0.0,0.0,3,9,3400.0,200.0,1979,0.0,98077,47.7597,-122.018,3150.0,202989.0,2015-01-29,682000.0
3797002160,2.0,1.0,990.0,3000.0,1.0,0.0,0.0,4,6,990.0,0.0,1918,0.0,98103,47.6839,-122.345,1120.0,3000.0,2014-07-24,409950.0
1251200155,4.0,3.5,2990.0,4200.0,2.0,0.0,4.0,5,9,2000.0,990.0,1925,0.0,98144,47.593,-122.289,2390.0,4200.0,2014-09-11,1000000.0
4319200450,4.0,1.0,1200.0,6600.0,1.5,0.0,2.0,3,7,1200.0,0.0,1908,0.0,98136,47.5372,-122.382,1810.0,6600.0,2015-01-20,436000.0
2762600035,3.0,1.0,1530.0,15975.0,1.0,,0.0,3,7,970.0,560.0,1952,0.0,98168,47.4766,-122.326,1540.0,15975.0,2014-09-09,279000.0
9269200150,1.0,1.75,1440.0,4920.0,1.0,0.0,0.0,3,7,720.0,720.0,1923,0.0,98126,47.534,-122.376,1440.0,4920.0,2014-07-15,390000.0
2623029003,3.0,1.75,1940.0,167125.0,1.0,1.0,1.0,4,7,1480.0,460.0,1955,0.0,98070,47.459,-122.504,1910.0,127195.0,2014-12-16,635000.0
104560120,4.0,2.75,2140.0,8100.0,2.0,0.0,0.0,4,7,2140.0,0.0,1990,0.0,98023,47.3075,-122.359,1960.0,7002.0,2014-07-18,304400.0
7266200085,5.0,1.75,2330.0,3800.0,1.5,0.0,0.0,3,7,1360.0,970.0,1927,0.0,98115,47.6835,-122.308,2100.0,3800.0,2015-03-25,780000.0
2622029072,4.0,3.5,2734.0,210201.0,2.0,0.0,0.0,5,8,2734.0,0.0,1974,0.0,98070,47.3652,-122.504,2270.0,187308.0,2014-10-01,520000.0
5101406375,3.0,1.75,1950.0,10633.0,1.0,0.0,0.0,3,7,1250.0,700.0,1978,0.0,98125,47.7019,-122.313,1290.0,6380.0,2015-03-19,580000.0
2698200210,3.0,1.75,1440.0,7198.0,1.0,0.0,0.0,3,7,990.0,450.0,1981,0.0,98055,47.4333,-122.194,1550.0,7156.0,2014-09-08,274000.0
1328340120,3.0,2.25,1530.0,7906.0,1.0,0.0,0.0,3,7,1150.0,380.0,1980,0.0,98058,47.4418,-122.136,1460.0,7875.0,2015-02-09,315000.0
2380000040,4.0,1.75,1910.0,77574.0,1.0,0.0,0.0,4,8,1910.0,0.0,1971,0.0,98042,47.3932,-122.12,2130.0,37026.0,2014-08-06,390000.0
5490700085,5.0,2.0,1750.0,8220.0,1.0,0.0,0.0,3,7,1750.0,0.0,1956,0.0,98155,47.7694,-122.321,1210.0,6760.0,2014-09-11,340000.0
1226059101,3.0,2.25,1600.0,45613.0,2.0,0.0,0.0,4,8,1600.0,0.0,1983,0.0,98072,47.7523,-122.117,2320.0,43005.0,2014-07-01,502000.0
1081200360,3.0,1.75,1750.0,11180.0,1.0,0.0,0.0,3,8,1750.0,0.0,1968,0.0,98059,47.4713,-122.117,1730.0,11180.0,2014-08-06,260000.0
148000450,2.0,1.0,940.0,4800.0,1.0,0.0,0.0,4,6,940.0,0.0,1911,19550.0,98116,47.5756,-122.414,980.0,5900.0,2014-05-30,399000.0
7831800395,2.0,1.0,880.0,6345.0,1.0,0.0,0.0,3,7,880.0,0.0,1919,0.0,98106,47.5341,-122.358,1440.0,6345.0,2014-05-15,312500.0
4024101395,3.0,1.75,1650.0,8254.0,1.0,0.0,0.0,5,7,1060.0,590.0,1951,0.0,98155,47.7596,-122.304,2280.0,9450.0,2014-05-13,370000.0
686550040,4.0,3.5,3820.0,13224.0,2.0,0.0,0.0,3,10,3280.0,540.0,1990,0.0,98004,47.6005,-122.199,3340.0,9700.0,2014-06-19,1240000.0
2337000150,3.0,1.5,1900.0,9630.0,1.0,0.0,0.0,3,8,1900.0,0.0,1967,0.0,98023,47.3352,-122.344,2010.0,9630.0,2015-02-20,230000.0
1068000559,4.0,1.75,3720.0,8448.0,1.0,0.0,3.0,4,9,1960.0,1760.0,1947,0.0,98199,47.6425,-122.406,2540.0,7064.0,2014-10-03,1280000.0
7899800120,3.0,1.0,1410.0,5120.0,1.5,0.0,0.0,3,6,1210.0,200.0,1925,0.0,98106,47.5238,-122.355,1330.0,5120.0,2014-08-20,294350.0
425000175,3.0,1.0,960.0,5700.0,1.0,0.0,0.0,4,5,960.0,0.0,1956,0.0,98056,47.4983,-122.172,960.0,5700.0,2014-10-13,208950.0
8682262260,2.0,1.75,1930.0,5570.0,1.0,0.0,0.0,3,8,1930.0,0.0,2005,0.0,98053,47.7173,-122.034,1810.0,5178.0,2014-11-06,515000.0
5608010650,4.0,2.5,3420.0,9575.0,2.0,0.0,0.0,3,11,3420.0,0.0,1994,0.0,98027,47.5527,-122.095,3310.0,8192.0,2015-04-08,965000.0
5350200870,4.0,2.75,3010.0,3400.0,2.0,0.0,2.0,3,9,2240.0,770.0,1923,20090.0,98122,47.6142,-122.284,1940.0,5080.0,2015-03-26,925000.0
1279300085,4.0,1.0,1780.0,5000.0,1.5,0.0,0.0,3,8,1780.0,0.0,1947,0.0,98115,47.6761,-122.297,2030.0,5000.0,2015-03-18,654500.0
1081300450,4.0,2.5,2080.0,11050.0,1.0,0.0,0.0,4,8,2080.0,0.0,1969,0.0,98059,47.472,-122.119,1850.0,11050.0,2014-08-14,364000.0
8698600395,2.0,1.0,1250.0,5208.0,1.0,0.0,0.0,3,7,1050.0,200.0,1951,0.0,98002,47.3063,-122.219,1030.0,5354.0,2015-03-24,150000.0
5381000072,5.0,3.0,2257.0,10117.0,1.0,0.0,0.0,3,8,1363.0,,2005,0.0,98188,47.4524,-122.284,1540.0,10700.0,2014-05-14,349950.0
2877103111,3.0,1.5,1670.0,5000.0,1.5,0.0,0.0,4,7,1670.0,0.0,1912,0.0,98117,47.678,-122.36,1750.0,5000.0,2014-08-25,585000.0
2159800120,4.0,2.25,2250.0,13500.0,2.0,0.0,0.0,4,9,2250.0,0.0,1980,0.0,98007,47.621,-122.151,2730.0,13500.0,2015-03-17,801501.0
2724079061,3.0,1.75,1650.0,221720.0,1.0,0.0,0.0,3,7,1650.0,0.0,1992,0.0,98024,47.5297,-121.901,2520.0,221284.0,2014-10-10,610000.0
1843100610,5.0,2.25,2880.0,11965.0,2.0,,0.0,4,8,2880.0,0.0,1990,0.0,98042,47.3734,-122.124,2370.0,10715.0,2014-05-21,382000.0
120069003,4.0,3.0,3620.0,403693.0,2.0,0.0,2.0,3,9,3620.0,0.0,1980,0.0,98022,47.2527,-121.98,2230.0,148811.0,2014-12-01,495000.0
3226049401,3.0,1.75,1950.0,6504.0,1.0,0.0,0.0,3,8,1530.0,420.0,1953,0.0,98115,47.6934,-122.328,1660.0,6552.0,2014-11-03,447500.0
259800610,4.0,2.5,2280.0,9491.0,1.0,0.0,0.0,4,7,1290.0,990.0,1966,0.0,98008,47.6297,-122.117,1560.0,8050.0,2015-02-20,575000.0
635000145,2.0,1.75,1740.0,4736.0,1.5,0.0,2.0,4,7,1040.0,700.0,1907,0.0,98144,47.5994,-122.287,2020.0,4215.0,2014-10-07,565000.0
3764800540,3.0,1.0,1220.0,7876.0,1.0,,0.0,3,7,1220.0,0.0,1966,0.0,98034,47.7317,-122.201,1340.0,7876.0,2014-05-22,348580.0
6672700120,4.0,1.75,2260.0,9703.0,1.0,0.0,0.0,2,8,1660.0,600.0,1978,0.0,98052,47.6622,-122.145,2390.0,8455.0,2014-10-16,459000.0
2126079124,4.0,2.0,1790.0,61419.0,2.0,0.0,2.0,2,7,1790.0,0.0,1988,0.0,98019,47.7216,-121.907,1790.0,62290.0,2015-04-02,375000.0
2331550120,4.0,2.5,2440.0,7093.0,2.0,0.0,0.0,3,7,2440.0,0.0,1999,0.0,98030,47.3817,-122.204,1860.0,6072.0,2014-09-04,310000.0
2190600243,3.0,1.5,1400.0,9600.0,1.0,0.0,0.0,4,7,1400.0,0.0,1964,0.0,98003,47.2878,-122.297,2210.0,15000.0,2014-11-18,210000.0
7853340330,3.0,2.75,1810.0,3292.0,2.0,0.0,0.0,3,8,1810.0,0.0,2014,0.0,98065,47.5164,-121.877,1810.0,2769.0,2014-09-11,384205.0
3185600040,2.0,1.0,1400.0,4500.0,1.0,,0.0,3,7,900.0,500.0,1922,0.0,98055,47.4866,-122.219,1400.0,5500.0,2014-05-22,180000.0
3185600040,2.0,1.0,1400.0,4500.0,1.0,,0.0,3,7,900.0,500.0,1922,0.0,98055,47.4866,-122.219,1400.0,5500.0,2014-12-24,310000.0
253600180,4.0,2.5,2010.0,6294.0,2.0,0.0,0.0,3,7,2010.0,0.0,2000,0.0,98028,47.776,-122.24,1870.0,4394.0,2015-02-03,427500.0
7011201475,3.0,3.0,2520.0,2152.0,1.5,0.0,0.0,3,8,1560.0,960.0,1925,20060.0,98119,47.6363,-122.371,1140.0,2152.0,2014-05-27,780000.0
2525049266,3.0,2.25,3060.0,16000.0,2.0,0.0,0.0,3,10,3060.0,0.0,1988,0.0,98039,47.6189,-122.23,3510.0,13162.0,2014-08-21,1760000.0
9542830540,4.0,2.5,2150.0,4000.0,2.0,0.0,0.0,3,7,2150.0,0.0,2010,0.0,98038,47.3655,-122.018,1610.0,4000.0,2015-03-03,339950.0
8965400210,3.0,2.25,2880.0,9750.0,2.0,0.0,0.0,3,10,2880.0,0.0,1989,0.0,98006,47.5575,-122.119,2920.0,11090.0,2014-07-01,820000.0
8682291970,2.0,2.0,1300.0,3865.0,1.0,0.0,0.0,3,8,1300.0,0.0,2006,0.0,98053,47.7193,-122.024,1350.0,4199.0,2014-09-24,398000.0
5561300540,3.0,1.75,2770.0,39927.0,1.0,0.0,0.0,4,8,1580.0,1190.0,1978,0.0,98027,47.4669,-122.003,2420.0,36384.0,2014-06-02,492000.0
2722049092,4.0,1.5,1780.0,14810.0,1.0,0.0,0.0,4,8,1180.0,600.0,1950,0.0,98032,47.3581,-122.288,1450.0,6728.0,2015-01-08,240000.0
5469502380,4.0,3.5,3730.0,15029.0,2.0,0.0,2.0,3,10,2440.0,1290.0,1991,0.0,98042,47.3804,-122.163,3440.0,14280.0,2014-06-09,599950.0
2023049218,2.0,1.0,930.0,7740.0,1.0,0.0,0.0,1,5,930.0,0.0,1932,0.0,98148,47.4611,-122.324,1620.0,8584.0,2014-07-16,105500.0
2023049218,2.0,1.0,930.0,7740.0,1.0,0.0,0.0,1,5,930.0,0.0,1932,0.0,98148,47.4611,-122.324,1620.0,8584.0,2015-03-16,445000.0
1920079103,2.0,1.75,1460.0,426450.0,1.0,0.0,0.0,5,7,960.0,500.0,1966,0.0,98022,47.2079,-121.967,1810.0,17350.0,2014-09-11,390500.0
7760400210,3.0,2.0,1310.0,8454.0,1.0,0.0,0.0,3,7,1310.0,0.0,1994,0.0,98042,47.3697,-122.075,1310.0,8454.0,2015-02-24,255000.0
8078390150,4.0,2.5,2770.0,10274.0,2.0,0.0,0.0,3,9,2770.0,0.0,1989,0.0,98029,47.5748,-122.018,2270.0,7210.0,2014-06-26,675750.0
3528900401,3.0,3.25,3140.0,5445.0,2.0,0.0,3.0,4,10,2240.0,900.0,1913,0.0,98109,47.6406,-122.347,2950.0,5250.0,2014-07-01,1640000.0
5104520720,4.0,2.5,1770.0,9239.0,2.0,0.0,0.0,3,7,1770.0,0.0,2004,0.0,98038,47.3512,-122.006,2150.0,5450.0,2014-09-30,353500.0
8146100580,3.0,1.0,1220.0,7585.0,1.0,0.0,0.0,4,7,1220.0,0.0,1954,0.0,98004,47.6094,-122.194,1380.0,8918.0,2014-10-20,765000.0
7852020620,4.0,2.5,2190.0,4944.0,2.0,0.0,0.0,3,8,2190.0,0.0,1999,0.0,98065,47.5341,-121.866,2190.0,5108.0,2015-03-03,563500.0
5249803010,4.0,2.0,1800.0,5465.0,1.0,0.0,0.0,3,7,900.0,900.0,1942,0.0,98118,47.561,-122.272,1400.0,5400.0,2015-01-21,439000.0
5459500145,5.0,2.75,3100.0,10014.0,1.0,0.0,2.0,4,9,1660.0,1440.0,1973,0.0,98040,47.5734,-122.213,3230.0,10279.0,2014-06-13,975000.0
7853302110,3.0,2.5,2270.0,4399.0,2.0,0.0,0.0,3,7,2270.0,0.0,2007,0.0,98065,47.5415,-121.884,2060.0,4399.0,2015-04-06,469900.0
7304300905,3.0,1.0,1300.0,8184.0,2.0,0.0,0.0,3,6,1300.0,0.0,1947,0.0,98155,47.7469,-122.319,1120.0,8184.0,2015-04-23,252000.0
6119200085,3.0,2.0,1769.0,9300.0,1.0,0.0,0.0,4,7,1769.0,0.0,1955,20090.0,98166,47.441,-122.342,1870.0,10226.0,2014-06-12,495000.0
622049106,6.0,2.5,3370.0,15625.0,1.0,0.0,0.0,3,8,1770.0,1600.0,1964,0.0,98166,47.4223,-122.343,2790.0,15681.0,2014-12-02,570000.0
1624049275,4.0,2.5,1630.0,5361.0,2.0,0.0,0.0,3,7,1630.0,0.0,1999,0.0,98144,47.5704,-122.294,1920.0,5046.0,2014-08-12,327000.0
5035300871,2.0,2.25,2470.0,7658.0,1.0,0.0,0.0,4,8,1480.0,990.0,1954,0.0,98199,47.653,-122.416,2070.0,7270.0,2014-10-14,898000.0
1329500120,4.0,2.5,2600.0,8572.0,2.0,0.0,0.0,3,8,2600.0,0.0,2003,0.0,98001,47.3155,-122.266,2170.0,5288.0,2015-01-09,300000.0
7504400620,3.0,2.0,1800.0,12440.0,1.0,0.0,0.0,3,8,1220.0,580.0,1978,0.0,98074,47.6254,-122.05,2460.0,12352.0,2015-04-13,418500.0
8029550180,4.0,2.5,2240.0,4616.0,2.0,0.0,0.0,3,7,1840.0,400.0,2001,0.0,98056,47.5118,-122.194,2260.0,5200.0,2015-03-25,450000.0
5072200040,3.0,2.0,1960.0,13100.0,1.0,0.0,2.0,5,8,1650.0,310.0,1957,0.0,98166,47.4419,-122.34,1960.0,10518.0,2014-05-02,403000.0
6141100330,3.0,1.0,1710.0,6556.0,1.5,0.0,0.0,4,7,1200.0,510.0,1926,0.0,98133,47.7185,-122.354,1410.0,6563.0,2014-06-12,440000.0
7131300063,4.0,1.75,2140.0,4959.0,1.0,0.0,0.0,3,7,1080.0,1060.0,1965,0.0,98118,47.5166,-122.266,1590.0,5250.0,2015-04-29,350000.0
2807100155,3.0,2.0,1400.0,6200.0,1.0,0.0,0.0,3,6,700.0,700.0,1948,0.0,98133,47.7634,-122.34,1410.0,7564.0,2014-05-15,240000.0
1819800286,2.0,1.0,890.0,2100.0,1.0,0.0,0.0,4,6,760.0,130.0,1919,0.0,98107,47.656,-122.359,1600.0,4250.0,2014-06-16,460000.0
2663000580,4.0,1.0,1820.0,4000.0,2.0,0.0,0.0,3,8,1820.0,0.0,1923,0.0,98102,47.6259,-122.321,2050.0,4000.0,2014-09-19,825000.0
7749500970,3.0,2.25,1860.0,12000.0,1.0,0.0,0.0,4,7,1860.0,0.0,1976,0.0,98092,47.2942,-122.19,1815.0,9604.0,2015-02-26,267500.0
3599600150,3.0,1.0,1220.0,22443.0,1.0,0.0,0.0,4,7,1220.0,0.0,1972,0.0,98001,47.2633,-122.245,1260.0,19950.0,2014-09-04,201000.0
7853310720,3.0,2.75,2300.0,4637.0,2.0,,0.0,3,8,2300.0,0.0,2008,0.0,98065,47.5216,-121.878,2420.0,5699.0,2014-06-17,479500.0
4239410220,2.0,1.0,1520.0,4700.0,2.0,0.0,0.0,4,7,1520.0,0.0,1978,0.0,98092,47.3187,-122.182,1140.0,3906.0,2015-04-02,210000.0
9136103027,2.0,1.0,1440.0,3225.0,1.0,0.0,0.0,3,7,960.0,480.0,1915,0.0,98103,47.6653,-122.338,1160.0,3630.0,2014-06-08,445000.0
3432501415,3.0,1.75,1170.0,8148.0,1.0,0.0,0.0,3,7,1170.0,0.0,1952,0.0,98155,47.7479,-122.318,1200.0,8147.0,2014-07-14,265000.0
3432501415,3.0,1.75,1170.0,8148.0,1.0,0.0,0.0,3,7,1170.0,0.0,1952,0.0,98155,47.7479,-122.318,1200.0,8147.0,2014-11-11,399000.0
1026069044,4.0,2.25,3200.0,53357.0,2.0,0.0,0.0,4,9,3200.0,0.0,1972,0.0,98077,47.755,-122.035,2650.0,54014.0,2014-10-10,785000.0
1152600220,5.0,2.5,4470.0,35124.0,2.5,0.0,0.0,3,11,4470.0,0.0,1984,0.0,98072,47.7377,-122.084,4050.0,34118.0,2014-06-23,831500.0
9478500770,4.0,2.5,2570.0,4557.0,2.0,0.0,0.0,3,7,2570.0,0.0,2009,0.0,98042,47.367,-122.115,2200.0,4500.0,2015-04-03,360000.0
6388920410,3.0,2.5,2370.0,7916.0,2.0,0.0,0.0,3,9,2370.0,0.0,1990,0.0,98056,47.528,-122.171,2500.0,8221.0,2015-04-23,655000.0
3579800180,4.0,1.5,1800.0,10150.0,1.5,,0.0,4,7,1800.0,0.0,1958,0.0,98034,47.7325,-122.242,1630.0,10660.0,2015-05-04,449950.0
8860300220,5.0,2.5,2300.0,7000.0,1.0,0.0,0.0,3,8,1290.0,1010.0,1975,0.0,98052,47.6875,-122.122,2080.0,7280.0,2015-04-29,612000.0
1823069287,3.0,2.5,3240.0,33661.0,2.0,0.0,0.0,3,8,3240.0,0.0,2001,0.0,98059,47.4785,-122.095,1870.0,43560.0,2014-07-29,575000.0
8854000410,3.0,2.5,2280.0,18241.0,1.0,0.0,0.0,3,9,960.0,1320.0,1995,0.0,98011,47.7453,-122.213,3100.0,12465.0,2015-02-12,557000.0
3344500183,4.0,1.75,1870.0,12500.0,1.0,0.0,1.0,5,6,1030.0,840.0,1943,0.0,98056,47.511,-122.197,2060.0,14141.0,2015-01-28,375000.0
2891400410,3.0,2.25,1820.0,99752.0,1.0,0.0,0.0,4,7,1820.0,0.0,1969,0.0,98092,47.2838,-122.006,1850.0,117612.0,2015-02-27,369000.0
7129800063,5.0,2.75,2390.0,6282.0,1.0,0.0,0.0,4,7,1290.0,1100.0,1966,0.0,98118,47.5149,-122.263,1690.0,5202.0,2015-04-20,330000.0
3179100220,4.0,1.75,2110.0,6708.0,1.0,0.0,3.0,3,8,1410.0,700.0,1941,0.0,98105,47.67,-122.274,2140.0,7006.0,2015-04-27,1030000.0
1931300815,2.0,1.0,980.0,4800.0,1.0,0.0,0.0,4,7,980.0,0.0,1910,0.0,98103,47.6569,-122.348,1570.0,2640.0,2015-03-26,550000.0
6163900333,3.0,1.75,1250.0,7710.0,1.0,0.0,0.0,4,7,1250.0,0.0,1947,0.0,98155,47.7623,-122.317,1340.0,7710.0,2014-11-10,338000.0
4389201075,4.0,2.5,3680.0,13351.0,2.0,0.0,2.0,5,9,3680.0,0.0,1946,19820.0,98004,47.6154,-122.214,3410.0,11700.0,2014-07-31,1900000.0
2122700120,3.0,1.0,2230.0,8163.0,1.0,0.0,0.0,3,7,1230.0,1000.0,1966,0.0,98118,47.5215,-122.275,2380.0,6874.0,2014-08-20,235000.0
2291401115,1.0,1.0,1230.0,9300.0,1.5,0.0,0.0,4,6,1230.0,0.0,1918,0.0,98133,47.7055,-122.348,1190.0,6820.0,2014-11-25,349950.0
7229100040,5.0,2.5,2093.0,10350.0,1.5,,0.0,5,7,2093.0,0.0,1963,0.0,98058,47.4495,-122.17,1520.0,10350.0,2014-07-29,300000.0
3204800040,3.0,1.75,1660.0,12865.0,1.0,0.0,0.0,5,7,1660.0,0.0,1967,0.0,98056,47.5375,-122.175,1610.0,12400.0,2014-11-03,431000.0
8092700220,5.0,2.5,1630.0,20750.0,1.0,0.0,0.0,4,7,1100.0,530.0,1975,0.0,98042,47.3657,-122.113,1630.0,8640.0,2015-04-11,280000.0
7503800210,4.0,2.5,1677.0,7209.0,2.0,0.0,0.0,3,7,1677.0,0.0,2011,0.0,98023,47.2957,-122.357,2236.0,7209.0,2015-03-26,295000.0
2781250150,4.0,2.5,2990.0,6383.0,2.0,0.0,0.0,3,7,2990.0,0.0,2003,0.0,98038,47.3499,-122.027,2640.0,6454.0,2015-04-23,445000.0
2024089011,5.0,1.0,2150.0,262231.0,1.5,0.0,0.0,3,7,2150.0,0.0,1900,0.0,98065,47.5519,-121.803,1460.0,46609.0,2014-08-26,550000.0
2427910040,4.0,2.5,2890.0,15067.0,2.0,,0.0,3,9,2890.0,0.0,2003,0.0,98024,47.5666,-121.907,3090.0,15398.0,2014-08-26,515000.0
3123059107,3.0,2.5,3050.0,158558.0,1.0,0.0,0.0,4,9,3050.0,0.0,1987,0.0,98055,47.4326,-122.208,2960.0,31050.0,2014-05-20,555000.0
7211400506,3.0,2.5,1410.0,2500.0,2.0,0.0,0.0,3,7,1410.0,,2006,0.0,98146,47.5132,-122.358,1290.0,5190.0,2014-09-08,265000.0
8129700085,4.0,2.5,2280.0,2432.0,2.0,,0.0,5,8,1520.0,760.0,1921,0.0,98103,47.6605,-122.355,1690.0,2099.0,2014-09-24,597000.0
3271301175,2.0,1.0,1260.0,5800.0,1.0,0.0,0.0,4,7,1260.0,0.0,1939,0.0,98199,47.6501,-122.409,1830.0,5800.0,2014-08-15,661000.0
7203101970,3.0,2.0,1460.0,4350.0,2.0,0.0,0.0,3,7,1460.0,0.0,2008,0.0,98053,47.696,-122.026,1740.0,4622.0,2014-07-15,362764.0
1787600146,4.0,2.5,1600.0,14000.0,1.0,0.0,0.0,3,8,1310.0,290.0,1950,0.0,98125,47.7258,-122.326,1600.0,10200.0,2014-08-21,427000.0
5255200220,3.0,1.75,2020.0,8531.0,1.0,0.0,0.0,3,7,2020.0,0.0,1965,0.0,98011,47.7691,-122.199,1950.0,8449.0,2014-12-05,405000.0
937000330,3.0,1.5,1170.0,11530.0,1.0,0.0,0.0,3,7,1170.0,0.0,1960,0.0,98198,47.4211,-122.29,1550.0,8605.0,2014-12-24,157000.0
937000330,3.0,1.5,1170.0,11530.0,1.0,0.0,0.0,3,7,1170.0,0.0,1960,0.0,98198,47.4211,-122.29,1550.0,8605.0,2015-03-19,246500.0
6817800730,2.0,1.5,1280.0,11071.0,1.0,,0.0,3,7,850.0,430.0,1984,0.0,98074,47.6351,-122.033,1280.0,10879.0,2015-01-08,386500.0
1898900040,4.0,2.5,2680.0,15508.0,2.0,0.0,0.0,3,8,2680.0,0.0,1999,0.0,98023,47.3025,-122.39,1960.0,15586.0,2014-06-06,300000.0
9264901510,3.0,1.75,1770.0,8571.0,1.0,0.0,0.0,3,8,1270.0,500.0,1978,0.0,98023,47.3109,-122.339,2120.0,7711.0,2014-11-07,240000.0
3343301490,5.0,3.5,4790.0,12957.0,2.0,0.0,1.0,3,9,3110.0,1680.0,2005,0.0,98006,47.5469,-122.194,2620.0,13538.0,2014-09-09,818500.0
1645000097,3.0,1.75,1300.0,8500.0,1.0,0.0,0.0,4,7,1300.0,0.0,1964,0.0,98022,47.209,-122.005,1410.0,7800.0,2014-08-09,249000.0
2923501020,4.0,2.25,2610.0,7700.0,1.0,0.0,0.0,3,8,1700.0,910.0,1977,0.0,98027,47.5659,-122.089,2260.0,8266.0,2014-09-29,580000.0
4139900180,4.0,2.5,4500.0,35200.0,1.0,0.0,0.0,3,13,4500.0,0.0,1988,0.0,98006,47.5477,-122.126,4760.0,35200.0,2015-04-20,2340000.0
2621760360,4.0,2.5,2100.0,7366.0,2.0,0.0,0.0,3,8,2100.0,0.0,1997,0.0,98042,47.3703,-122.107,2060.0,7324.0,2014-09-26,333000.0
5702380730,2.0,2.0,1340.0,7605.0,1.0,,0.0,3,7,1340.0,0.0,1992,0.0,98022,47.1936,-121.981,1670.0,7136.0,2014-08-23,230000.0
1604601855,3.0,1.0,970.0,6180.0,1.0,0.0,3.0,3,6,970.0,0.0,1974,0.0,98118,47.5658,-122.291,1120.0,4500.0,2015-02-13,360500.0
6777800150,3.0,1.75,2200.0,7200.0,1.0,0.0,0.0,3,8,1270.0,930.0,1962,0.0,98032,47.3745,-122.276,1800.0,8000.0,2014-07-22,265000.0
1563103040,2.0,1.0,990.0,5000.0,1.0,0.0,0.0,3,7,990.0,0.0,1941,0.0,98116,47.5666,-122.403,2250.0,6032.0,2014-10-25,490000.0
7550800736,2.0,1.75,1180.0,5000.0,1.0,0.0,0.0,2,7,880.0,300.0,1925,0.0,98107,47.6749,-122.398,1470.0,5000.0,2015-05-06,600000.0
1138000410,3.0,1.0,980.0,6530.0,1.0,,0.0,3,7,980.0,0.0,1969,0.0,98034,47.7133,-122.213,1220.0,6723.0,2014-09-15,307500.0
7555220150,4.0,2.25,2370.0,9636.0,1.0,0.0,0.0,3,8,1660.0,710.0,1976,0.0,98033,47.6497,-122.194,2350.0,9588.0,2014-12-17,670000.0
3021059197,3.0,1.5,1910.0,10583.0,1.5,0.0,0.0,4,7,1910.0,0.0,1922,19670.0,98002,47.2782,-122.212,1770.0,9068.0,2014-10-21,247200.0
2923500230,4.0,4.5,5270.0,12195.0,2.0,1.0,4.0,3,11,3400.0,1870.0,1979,0.0,98027,47.5696,-122.09,3390.0,9905.0,2014-12-16,2600000.0
4039500610,3.0,1.75,1430.0,8400.0,1.0,0.0,0.0,4,7,1430.0,0.0,1961,0.0,98008,47.6073,-122.127,1570.0,7800.0,2014-08-20,440000.0
3904910610,4.0,2.5,2490.0,7694.0,2.0,0.0,0.0,3,8,2490.0,0.0,1987,0.0,98029,47.567,-122.016,2140.0,8126.0,2015-05-06,700000.0
2489200230,4.0,2.0,2000.0,8317.0,1.5,0.0,0.0,4,8,2000.0,0.0,1917,0.0,98126,47.5394,-122.379,1390.0,6001.0,2015-03-11,756100.0
2600100180,4.0,2.75,2600.0,19275.0,1.0,0.0,0.0,3,8,1620.0,980.0,1978,0.0,98006,47.5523,-122.162,2230.0,10119.0,2014-10-20,555000.0
6909200355,5.0,3.5,2880.0,3750.0,2.0,,2.0,3,8,2270.0,610.0,2001,0.0,98144,47.5905,-122.292,2060.0,4000.0,2015-04-24,830000.0
7575500040,3.0,1.0,1010.0,8863.0,1.0,,0.0,4,6,1010.0,0.0,1990,0.0,98022,47.1955,-121.999,1090.0,8410.0,2014-12-12,180000.0
6192400180,5.0,3.5,3290.0,5600.0,2.0,0.0,0.0,3,9,2670.0,620.0,2004,0.0,98052,47.7056,-122.119,3130.0,5600.0,2014-10-06,775000.0
5125400385,4.0,1.75,1530.0,18400.0,1.5,0.0,0.0,4,6,1530.0,0.0,1938,0.0,98002,47.329,-122.219,1620.0,13535.0,2014-08-05,220000.0
7811100230,4.0,2.75,2020.0,15810.0,1.0,0.0,0.0,4,9,1620.0,400.0,1967,0.0,98005,47.5921,-122.155,2210.0,10160.0,2014-07-24,650000.0
6608500220,3.0,1.75,1340.0,9975.0,1.0,0.0,0.0,4,7,1340.0,0.0,1961,0.0,98033,47.7012,-122.169,1340.0,10050.0,2014-12-24,410000.0
705730180,4.0,2.5,2180.0,5367.0,2.0,,0.0,3,7,2180.0,0.0,2000,0.0,98038,47.3775,-122.022,2180.0,5130.0,2014-10-21,339995.0
4039700870,5.0,1.75,2870.0,9680.0,1.0,0.0,4.0,5,9,1440.0,1430.0,1966,0.0,98008,47.6122,-122.111,2940.0,9729.0,2015-02-19,1160000.0
238000201,3.0,2.75,2070.0,9697.0,2.0,,0.0,4,7,1330.0,740.0,1929,0.0,98188,47.4327,-122.283,2000.0,14436.0,2014-07-23,440000.0
4365700330,2.0,1.75,930.0,7080.0,1.0,0.0,0.0,3,6,930.0,0.0,1923,20060.0,98106,47.5224,-122.36,1100.0,7680.0,2014-07-30,275000.0
4249000230,3.0,2.5,2270.0,9822.0,2.0,0.0,0.0,3,9,2270.0,,1988,0.0,98052,47.6685,-122.137,2790.0,8089.0,2014-08-29,766000.0
1099750610,3.0,2.25,1630.0,7900.0,1.0,0.0,0.0,4,7,1130.0,500.0,1973,0.0,98023,47.3076,-122.377,1630.0,8200.0,2014-07-10,231500.0
3123089010,3.0,2.0,2770.0,89298.0,2.0,,0.0,3,9,2770.0,0.0,2004,0.0,98045,47.4291,-121.842,2040.0,109771.0,2014-12-29,472000.0
9578050120,4.0,2.5,4010.0,37076.0,2.0,0.0,0.0,4,12,4010.0,0.0,1990,0.0,98052,47.7139,-122.106,4280.0,35326.0,2014-08-08,1330000.0
1423049029,4.0,1.75,1970.0,8390.0,1.0,0.0,0.0,3,7,1140.0,830.0,1955,0.0,98178,47.4861,-122.251,1710.0,10890.0,2015-03-06,265000.0
1703900155,2.0,1.0,790.0,6000.0,1.0,0.0,0.0,3,7,790.0,0.0,1948,0.0,98118,47.5543,-122.273,960.0,6000.0,2014-11-13,325000.0
1397300120,3.0,1.75,1740.0,8424.0,1.0,0.0,0.0,5,7,1040.0,700.0,1954,0.0,98133,47.7508,-122.352,1370.0,8424.0,2014-07-29,364500.0
7304301085,2.0,1.0,1130.0,8184.0,1.0,0.0,0.0,3,6,1130.0,0.0,1947,0.0,98155,47.7473,-122.32,1010.0,8184.0,2015-01-29,322500.0
603001020,3.0,1.75,1180.0,4000.0,1.0,0.0,0.0,3,7,1040.0,140.0,1929,0.0,98118,47.5226,-122.284,1430.0,4000.0,2015-04-16,338900.0
5332200530,5.0,2.5,2350.0,4000.0,2.0,0.0,0.0,3,9,2350.0,0.0,1993,0.0,98112,47.6265,-122.296,1840.0,4000.0,2014-06-13,910000.0
5332200530,5.0,2.5,2350.0,4000.0,2.0,0.0,0.0,3,9,2350.0,0.0,1993,0.0,98112,47.6265,-122.296,1840.0,4000.0,2015-04-24,1020000.0
4475800065,3.0,1.75,1850.0,6869.0,1.0,0.0,2.0,5,6,1100.0,750.0,1919,19340.0,98166,47.4648,-122.363,1850.0,10096.0,2014-06-13,459950.0
4305500180,4.0,3.0,3220.0,6224.0,1.5,0.0,0.0,3,9,3220.0,0.0,2009,0.0,98059,47.4813,-122.129,2950.0,6224.0,2014-10-14,584950.0
9269750220,3.0,1.75,2050.0,11313.0,1.0,0.0,0.0,3,7,1520.0,530.0,1987,0.0,98023,47.2837,-122.358,1620.0,8065.0,2014-12-23,252000.0
6802210330,3.0,2.5,1430.0,8470.0,1.0,0.0,0.0,3,7,1190.0,240.0,1992,0.0,98022,47.1943,-121.991,1670.0,8418.0,2015-04-29,270000.0
98020220,4.0,2.5,3210.0,8938.0,2.0,0.0,0.0,3,10,3210.0,0.0,2005,0.0,98075,47.582,-121.971,3740.0,8108.0,2014-10-30,750000.0
6837700175,3.0,1.75,3520.0,12350.0,1.0,0.0,4.0,4,8,1530.0,1990.0,1960,0.0,98116,47.5837,-122.382,2140.0,7800.0,2014-12-01,775000.0
1895450230,3.0,2.5,2260.0,8120.0,2.0,0.0,0.0,3,8,2260.0,0.0,2004,0.0,98023,47.2924,-122.357,2250.0,7784.0,2015-02-18,325000.0
1853080180,5.0,3.25,3290.0,6422.0,2.0,0.0,0.0,3,9,3290.0,0.0,2012,0.0,98074,47.5933,-122.061,3210.0,6891.0,2014-10-26,810000.0
3582750120,2.0,2.25,1640.0,2128.0,2.0,0.0,0.0,4,8,1640.0,0.0,1974,0.0,98028,47.753,-122.252,1640.0,2128.0,2014-07-15,409000.0
3319500385,4.0,1.75,1580.0,5340.0,1.0,0.0,0.0,3,7,1130.0,450.0,1947,0.0,98144,47.6003,-122.306,830.0,980.0,2014-06-16,400000.0
2783100230,4.0,2.25,1940.0,8270.0,2.0,,0.0,5,7,1940.0,0.0,1962,0.0,98133,47.7567,-122.333,1800.0,7743.0,2015-05-12,530000.0
1238501098,3.0,2.25,1580.0,8506.0,2.0,0.0,0.0,3,7,1580.0,0.0,1987,0.0,98033,47.686,-122.185,2253.0,8515.0,2015-03-13,580000.0
8562900180,3.0,1.75,1750.0,11340.0,1.0,,1.0,4,7,1300.0,450.0,1987,0.0,98074,47.6099,-122.058,2310.0,11340.0,2014-05-09,491300.0
7140200450,4.0,2.75,1810.0,7350.0,1.0,,0.0,4,7,1200.0,610.0,1980,0.0,98030,47.3703,-122.171,1750.0,7350.0,2014-12-31,272000.0
220069106,3.0,2.5,1970.0,106722.0,1.0,0.0,4.0,3,9,1970.0,0.0,1985,0.0,98022,47.2498,-122.003,2910.0,101494.0,2015-04-01,599950.0
3905040040,3.0,2.5,1770.0,5146.0,2.0,0.0,0.0,3,8,1770.0,0.0,1992,0.0,98029,47.5704,-121.999,1870.0,5146.0,2015-02-26,464000.0
3797000330,3.0,1.75,1800.0,6000.0,1.0,0.0,0.0,5,7,900.0,900.0,1905,0.0,98103,47.6867,-122.349,1800.0,3000.0,2014-06-23,471001.0
6669150530,3.0,1.5,1500.0,11616.0,1.0,0.0,0.0,3,7,1100.0,400.0,1980,0.0,98031,47.4062,-122.174,1830.0,8288.0,2014-11-17,230000.0
3298200620,3.0,1.0,940.0,6695.0,1.0,0.0,0.0,4,6,940.0,0.0,1959,0.0,98008,47.6195,-122.12,1230.0,7400.0,2014-07-14,358000.0
8024202170,3.0,2.25,2340.0,6183.0,1.0,0.0,0.0,3,7,1210.0,1130.0,1929,0.0,98115,47.6979,-122.31,1970.0,6183.0,2014-08-20,510000.0
1788900230,3.0,1.0,840.0,9480.0,1.0,0.0,0.0,3,6,840.0,0.0,1960,0.0,98023,47.3277,-122.341,840.0,9420.0,2014-07-22,86500.0
1788900230,3.0,1.0,840.0,9480.0,1.0,0.0,0.0,3,6,840.0,0.0,1960,0.0,98023,47.3277,-122.341,840.0,9420.0,2015-04-03,199950.0
3220200040,3.0,3.25,2940.0,5432.0,3.0,0.0,3.0,4,10,2440.0,500.0,1978,0.0,98109,47.6299,-122.354,4400.0,5500.0,2014-06-16,1710000.0
7645900355,3.0,2.75,3180.0,3680.0,2.0,0.0,0.0,4,9,2190.0,990.0,1918,0.0,98126,47.577,-122.38,2000.0,3680.0,2015-03-13,850000.0
458000065,4.0,2.5,2020.0,3440.0,1.5,0.0,0.0,4,7,1480.0,540.0,1928,0.0,98117,47.6885,-122.376,1520.0,5080.0,2014-09-23,542000.0
123039604,2.0,1.0,820.0,4320.0,1.0,0.0,0.0,3,5,820.0,,1937,0.0,98106,47.514,-122.359,780.0,7424.0,2014-07-01,102500.0
1223089077,3.0,1.75,4060.0,136290.0,1.0,0.0,0.0,3,8,2810.0,1250.0,1995,0.0,98045,47.4843,-121.719,1300.0,51836.0,2015-04-01,718000.0
4039800180,4.0,2.25,2660.0,22194.0,1.0,0.0,0.0,4,8,2180.0,480.0,1977,0.0,98008,47.6142,-122.107,2660.0,18135.0,2014-12-22,625000.0
7304301005,3.0,1.0,1010.0,11244.0,1.0,0.0,0.0,4,7,1010.0,0.0,1947,0.0,98155,47.7467,-122.321,1220.0,11242.0,2014-05-23,350000.0
7899800915,2.0,1.0,710.0,5120.0,1.0,0.0,0.0,3,6,710.0,0.0,1918,0.0,98106,47.5224,-122.357,1150.0,1252.0,2015-02-09,216000.0
164000271,3.0,1.0,980.0,7228.0,1.5,0.0,0.0,3,7,980.0,0.0,1946,0.0,98133,47.7294,-122.353,1070.0,7228.0,2014-09-05,340000.0
7010700976,3.0,1.0,1100.0,5400.0,1.5,0.0,0.0,3,7,1100.0,0.0,1908,0.0,98199,47.6604,-122.396,1770.0,4400.0,2014-11-14,505000.0
6699300330,5.0,2.5,2840.0,6010.0,2.0,0.0,0.0,3,8,2840.0,0.0,2003,0.0,98001,47.3161,-122.27,2740.0,5509.0,2015-05-13,372000.0
8732020770,4.0,2.25,2300.0,7524.0,2.0,0.0,0.0,4,8,2300.0,0.0,1978,0.0,98023,47.313,-122.388,2270.0,8025.0,2014-09-04,263850.0
1795800040,4.0,3.25,5370.0,20388.0,2.0,0.0,4.0,4,11,5370.0,0.0,1990,0.0,98198,47.405,-122.331,2770.0,22270.0,2014-09-03,1350000.0
5104450720,4.0,2.5,2280.0,9899.0,2.0,0.0,0.0,3,8,2280.0,,1987,0.0,98058,47.461,-122.148,1970.0,9451.0,2014-11-19,325000.0
2113200065,2.0,1.0,1010.0,7740.0,1.0,,0.0,3,6,890.0,120.0,1924,0.0,98106,47.5323,-122.355,1030.0,6000.0,2014-10-27,289000.0
4027700799,3.0,2.25,1420.0,6600.0,1.0,0.0,0.0,3,7,1160.0,260.0,1987,0.0,98028,47.77,-122.265,1920.0,7902.0,2015-02-26,364000.0
3902310210,4.0,2.5,2100.0,8800.0,1.0,0.0,0.0,5,8,1250.0,850.0,1980,0.0,98033,47.6909,-122.186,2100.0,9000.0,2014-08-22,610000.0
9283800230,4.0,2.75,3110.0,49765.0,1.0,0.0,0.0,4,8,3110.0,0.0,1958,19720.0,98010,47.3343,-122.044,1880.0,19709.0,2014-06-25,531500.0
114100234,3.0,2.25,2160.0,9540.0,2.0,0.0,0.0,3,8,2160.0,0.0,1979,0.0,98028,47.7668,-122.243,1720.0,12593.0,2015-04-30,402500.0
7625703065,2.0,1.0,820.0,6250.0,1.0,0.0,0.0,4,5,820.0,0.0,1922,0.0,98136,47.5479,-122.384,1300.0,6250.0,2014-06-04,375000.0
427000065,5.0,2.5,4340.0,9108.0,1.0,0.0,0.0,5,8,2170.0,2170.0,1979,0.0,98118,47.5384,-122.276,2030.0,6812.0,2015-01-26,537500.0
7844200040,3.0,1.75,2100.0,9066.0,1.0,0.0,0.0,3,8,1440.0,660.0,1962,0.0,98188,47.4294,-122.292,2000.0,9132.0,2014-07-31,375000.0
9315300230,4.0,1.75,1250.0,8840.0,1.0,0.0,0.0,4,7,910.0,340.0,1979,0.0,98198,47.4138,-122.317,1410.0,8378.0,2014-08-20,293550.0
1774200230,6.0,3.0,3870.0,43787.0,2.0,0.0,0.0,3,8,2700.0,1170.0,1976,0.0,98077,47.7642,-122.098,2600.0,35381.0,2015-01-20,585000.0
2781250530,2.0,2.5,1360.0,2693.0,2.0,0.0,0.0,3,6,1360.0,0.0,2003,0.0,98038,47.3492,-122.025,1360.0,2693.0,2014-08-12,225000.0
7796600085,4.0,1.0,1400.0,8684.0,1.5,0.0,0.0,3,7,1400.0,0.0,1957,0.0,98146,47.4887,-122.344,1520.0,8712.0,2015-01-08,185000.0
3205400150,3.0,1.5,1450.0,7375.0,1.0,0.0,0.0,3,7,1010.0,440.0,1968,0.0,98034,47.7212,-122.179,1350.0,7440.0,2014-06-17,402000.0
2207200455,5.0,1.75,1880.0,16617.0,1.0,0.0,0.0,3,7,960.0,920.0,1963,0.0,98007,47.6003,-122.132,1720.0,8400.0,2015-04-09,585000.0
9523100458,2.0,2.5,1380.0,953.0,3.0,0.0,0.0,3,9,1380.0,0.0,2006,0.0,98103,47.6654,-122.355,1430.0,3400.0,2014-06-17,549000.0
5035300325,3.0,2.25,2910.0,15626.0,1.5,0.0,0.0,4,9,2510.0,400.0,1923,0.0,98199,47.6534,-122.412,2370.0,6519.0,2015-04-14,1810000.0
3840700593,3.0,1.75,1380.0,10529.0,1.0,0.0,0.0,3,7,1380.0,0.0,1967,0.0,98034,47.7119,-122.233,1670.0,5694.0,2015-04-06,345000.0
1683800120,3.0,2.25,3100.0,11985.0,1.0,0.0,0.0,4,7,1790.0,1310.0,1963,0.0,98198,47.3825,-122.31,1770.0,7954.0,2014-11-17,302500.0
2722059183,4.0,1.75,1400.0,25500.0,1.0,0.0,0.0,4,7,1400.0,0.0,1964,0.0,98042,47.36,-122.164,2170.0,25500.0,2014-10-14,218500.0
4083305870,2.0,2.0,1650.0,6840.0,1.5,0.0,0.0,5,7,1650.0,0.0,1916,0.0,98103,47.6512,-122.338,1700.0,4560.0,2014-10-01,705000.0
8651400730,3.0,1.0,840.0,5525.0,1.0,,0.0,5,6,840.0,0.0,1969,0.0,98042,47.3607,-122.085,920.0,5330.0,2015-04-28,191000.0
7302000120,3.0,2.5,2550.0,45254.0,2.0,0.0,0.0,3,9,2550.0,0.0,2001,0.0,98053,47.6498,-121.964,2190.0,49222.0,2014-06-10,695000.0
797000258,2.0,2.75,2820.0,11770.0,2.0,0.0,0.0,3,7,1630.0,1190.0,1947,0.0,98168,47.5102,-122.324,1690.0,12500.0,2015-04-02,350000.0
9100000040,3.0,1.75,1710.0,4080.0,1.0,0.0,0.0,4,7,1130.0,580.0,1979,0.0,98136,47.5563,-122.392,1200.0,4080.0,2014-08-07,480000.0
8651441520,3.0,1.0,820.0,5200.0,1.0,,0.0,4,6,820.0,0.0,1977,0.0,98042,47.363,-122.094,1120.0,5200.0,2015-03-02,220000.0
6843310120,4.0,2.25,2620.0,33578.0,2.0,0.0,0.0,3,7,2620.0,0.0,1977,0.0,98075,47.5921,-122.013,2520.0,35160.0,2014-10-29,535000.0
3585900150,2.0,1.75,2430.0,23400.0,1.0,0.0,4.0,3,10,2430.0,0.0,1951,0.0,98177,47.7616,-122.372,3150.0,23600.0,2014-05-19,1000000.0
9144100206,3.0,1.75,1560.0,7424.0,1.0,0.0,0.0,5,8,1560.0,,1940,0.0,98117,47.6981,-122.374,1370.0,7424.0,2014-11-25,592000.0
2871000360,4.0,2.5,3060.0,6826.0,2.0,0.0,0.0,3,9,3060.0,0.0,2004,0.0,98052,47.7006,-122.112,3110.0,6932.0,2014-11-24,775000.0
4307330120,3.0,2.5,1680.0,4584.0,2.0,0.0,0.0,3,7,1680.0,0.0,2003,0.0,98056,47.4794,-122.182,2160.0,4621.0,2014-09-17,320000.0
6117900120,3.0,3.25,3320.0,15022.0,2.0,0.0,0.0,3,10,3320.0,0.0,1989,0.0,98166,47.429,-122.341,3430.0,15018.0,2015-03-17,760000.0
1939120540,3.0,2.5,2390.0,8315.0,2.0,0.0,0.0,4,9,2390.0,0.0,1990,0.0,98074,47.6271,-122.028,2370.0,7816.0,2014-07-22,640000.0
421000455,3.0,1.0,1360.0,5840.0,1.0,0.0,0.0,4,5,1360.0,0.0,1953,0.0,98056,47.4945,-122.166,1250.0,6708.0,2015-05-02,253200.0
6600790210,2.0,1.0,1800.0,9236.0,1.0,0.0,0.0,3,7,1800.0,0.0,1954,0.0,98030,47.3792,-122.198,1730.0,5701.0,2014-07-16,228000.0
1771000540,3.0,1.0,1160.0,9525.0,1.0,,0.0,4,7,1160.0,0.0,1968,0.0,98077,47.7431,-122.073,1160.0,10640.0,2014-11-04,325000.0
5561300730,4.0,3.25,4160.0,35654.0,2.0,0.0,0.0,3,8,2760.0,1400.0,1973,0.0,98027,47.4683,-122.008,2500.0,35675.0,2014-06-05,530000.0
9542830210,4.0,2.25,1660.0,3200.0,2.0,0.0,0.0,3,7,1660.0,0.0,2011,0.0,98038,47.3666,-122.019,1960.0,3558.0,2015-02-11,300000.0
263000155,3.0,2.0,1410.0,6030.0,1.5,0.0,0.0,4,7,1410.0,0.0,1930,0.0,98103,47.6994,-122.347,1410.0,6300.0,2014-05-05,418000.0
4058801575,4.0,1.75,2230.0,9625.0,1.0,0.0,4.0,3,8,1180.0,1050.0,1955,0.0,98178,47.508,-122.244,2300.0,8211.0,2014-12-17,415000.0
7852150120,3.0,2.5,1700.0,4000.0,2.0,,0.0,3,7,1700.0,0.0,2003,0.0,98065,47.5327,-121.871,1700.0,4417.0,2014-05-20,384000.0
2095500040,3.0,2.5,2070.0,8337.0,2.0,0.0,0.0,3,8,2070.0,0.0,1997,0.0,98030,47.3658,-122.176,2030.0,7248.0,2014-06-13,325000.0
8832900120,3.0,1.75,2300.0,12682.0,1.0,0.0,2.0,3,8,2300.0,0.0,1955,0.0,98028,47.7588,-122.27,2720.0,14643.0,2014-12-22,600000.0
9542850580,4.0,2.25,3040.0,9690.0,1.0,0.0,0.0,4,9,1940.0,1100.0,1978,0.0,98005,47.5923,-122.169,2430.0,9690.0,2014-10-10,760000.0
3530430155,2.0,1.5,1220.0,3568.0,1.5,,0.0,4,8,1220.0,0.0,1976,0.0,98198,47.3804,-122.318,1180.0,3678.0,2014-05-30,168000.0
2225039081,3.0,1.0,960.0,3960.0,1.0,0.0,0.0,3,7,960.0,0.0,1943,0.0,98199,47.6465,-122.404,1550.0,6050.0,2014-10-20,405000.0
7923300230,3.0,1.0,1480.0,10094.0,1.0,0.0,0.0,4,7,1480.0,0.0,1956,0.0,98007,47.5942,-122.136,1430.0,10083.0,2015-05-04,479000.0
8021701115,3.0,2.0,1560.0,5130.0,1.0,0.0,0.0,5,7,1150.0,410.0,1915,0.0,98103,47.6913,-122.333,1560.0,4500.0,2014-08-26,549000.0
5515600087,3.0,1.5,1100.0,33600.0,1.0,0.0,0.0,3,7,1100.0,0.0,1967,0.0,98001,47.3185,-122.29,1570.0,32700.0,2014-12-09,215000.0
952006680,2.0,1.5,900.0,5750.0,1.0,0.0,2.0,3,7,900.0,0.0,1940,0.0,98116,47.5623,-122.384,1300.0,1413.0,2015-01-29,550000.0
6411600043,4.0,1.75,2400.0,7700.0,1.5,0.0,0.0,4,7,1500.0,900.0,1927,0.0,98133,47.7125,-122.332,1530.0,7700.0,2014-07-02,389000.0
1523089266,3.0,2.5,2320.0,15024.0,2.0,0.0,0.0,3,8,2320.0,0.0,1990,0.0,98045,47.4829,-121.766,2300.0,15145.0,2014-07-22,447500.0
866400040,5.0,3.0,2570.0,5590.0,1.0,0.0,0.0,3,8,1580.0,,2009,0.0,98034,47.7271,-122.228,2020.0,10500.0,2014-10-13,540000.0
8092500150,4.0,2.75,1300.0,9638.0,1.0,0.0,0.0,2,7,1300.0,0.0,1983,0.0,98042,47.3683,-122.109,1670.0,9638.0,2015-04-28,273500.0
5637200450,5.0,2.75,2930.0,10148.0,2.0,,0.0,3,9,2930.0,0.0,2002,0.0,98059,47.4887,-122.145,2930.0,8425.0,2014-10-17,257000.0
5126400230,2.0,1.0,720.0,7200.0,1.0,0.0,0.0,5,6,720.0,0.0,1943,0.0,98058,47.4763,-122.177,970.0,8027.0,2014-05-24,199000.0
7137950720,4.0,2.5,2350.0,10655.0,2.0,0.0,0.0,3,8,2350.0,0.0,1992,0.0,98092,47.3284,-122.171,2210.0,7028.0,2015-03-04,339100.0
1473120230,4.0,2.5,2940.0,7590.0,2.0,0.0,0.0,3,9,2940.0,0.0,1991,0.0,98058,47.4341,-122.16,2550.0,8360.0,2014-12-23,435000.0
1604600085,3.0,2.5,2020.0,3000.0,1.0,0.0,0.0,4,6,1010.0,1010.0,1910,0.0,98118,47.5621,-122.291,1670.0,3000.0,2014-07-11,400000.0
123079023,2.0,1.0,1430.0,365904.0,1.0,0.0,0.0,3,7,1010.0,420.0,1991,0.0,98065,47.513,-121.857,2300.0,253519.0,2014-11-24,356000.0
705000120,3.0,1.0,950.0,6951.0,1.0,0.0,0.0,4,7,950.0,0.0,1950,0.0,98125,47.7263,-122.3,1410.0,7200.0,2015-04-06,395000.0
1930300410,2.0,1.0,1250.0,4320.0,1.0,0.0,0.0,4,7,850.0,400.0,1911,0.0,98103,47.6549,-122.352,1520.0,4320.0,2015-03-04,575000.0
9393700065,3.0,1.75,1300.0,5120.0,1.5,0.0,0.0,4,6,1300.0,0.0,1925,0.0,98116,47.5589,-122.394,1090.0,5124.0,2015-04-23,515000.0
6814600355,4.0,3.25,2520.0,3360.0,1.5,0.0,0.0,4,8,1550.0,970.0,1931,0.0,98115,47.6801,-122.315,1730.0,3360.0,2014-06-19,618250.0
9477100620,3.0,1.5,1330.0,7125.0,2.0,0.0,0.0,3,7,1330.0,0.0,1968,0.0,98034,47.7308,-122.194,1570.0,7350.0,2015-02-19,245000.0
6788203060,3.0,2.75,2480.0,3240.0,1.5,0.0,0.0,3,9,1890.0,590.0,1929,0.0,98112,47.6399,-122.311,2160.0,3240.0,2014-10-10,690000.0
5706200360,5.0,2.25,3020.0,10010.0,1.0,0.0,0.0,3,7,1510.0,1510.0,1959,0.0,98027,47.5249,-122.044,1760.0,10878.0,2014-11-06,465000.0
8732130730,3.0,1.75,1770.0,8240.0,1.0,0.0,0.0,4,7,1240.0,530.0,1978,0.0,98023,47.3066,-122.378,2060.0,8250.0,2014-11-20,280000.0
4202400395,3.0,1.75,1930.0,6533.0,1.0,0.0,0.0,3,7,1230.0,,1960,0.0,98055,47.4883,-122.221,2030.0,5954.0,2015-03-16,285000.0
705700210,3.0,2.25,1650.0,7047.0,2.0,0.0,0.0,3,7,1650.0,0.0,1994,0.0,98038,47.3826,-122.027,2010.0,7763.0,2015-03-16,320000.0
2817100040,4.0,3.0,2580.0,9601.0,2.0,0.0,0.0,4,7,2130.0,450.0,1992,0.0,98070,47.3726,-122.433,1900.0,10092.0,2015-02-13,355000.0
686300880,3.0,2.0,2570.0,10078.0,1.5,,0.0,3,8,2570.0,0.0,1965,0.0,98008,47.6275,-122.12,2660.0,8013.0,2015-04-27,670000.0
8122100355,1.0,1.0,2880.0,7560.0,1.0,0.0,0.0,3,7,1440.0,1440.0,1925,20140.0,98126,47.537,-122.375,1400.0,5040.0,2014-09-24,550000.0
3797000145,4.0,2.75,2660.0,4500.0,1.5,0.0,0.0,5,8,1860.0,800.0,1909,0.0,98103,47.6864,-122.347,1830.0,4000.0,2014-10-15,765000.0
1704900180,3.0,1.0,1560.0,5225.0,1.5,,0.0,3,7,1260.0,300.0,1927,0.0,98118,47.5554,-122.279,1560.0,5322.0,2014-10-30,430000.0
9241900150,3.0,2.5,3080.0,8448.0,2.0,0.0,2.0,3,9,3080.0,0.0,2000,0.0,98199,47.6469,-122.389,2500.0,6400.0,2014-08-27,950000.0
5249803185,4.0,1.75,2540.0,7200.0,1.0,0.0,0.0,4,7,1270.0,1270.0,1947,0.0,98118,47.5579,-122.271,1650.0,7200.0,2014-10-15,525000.0
1598600209,6.0,2.5,3080.0,8163.0,1.0,0.0,0.0,3,7,1580.0,1500.0,1985,0.0,98030,47.3859,-122.221,1850.0,8658.0,2014-10-20,300000.0
3260810580,3.0,2.75,2190.0,7258.0,2.0,0.0,0.0,3,8,2190.0,0.0,2000,0.0,98003,47.3486,-122.301,2190.0,8645.0,2015-04-17,345000.0
2423059060,3.0,3.75,2930.0,150945.0,2.0,0.0,0.0,3,8,2930.0,0.0,1972,20000.0,98058,47.4658,-122.115,2070.0,43935.0,2015-04-20,838000.0
5461300150,5.0,2.75,2880.0,20274.0,1.0,,3.0,4,9,1660.0,1220.0,1959,0.0,98004,47.6267,-122.222,3750.0,20220.0,2014-12-11,1800000.0
3422059010,3.0,1.75,2160.0,98445.0,2.0,0.0,0.0,3,8,2160.0,0.0,1978,0.0,98042,47.35,-122.162,2004.0,44431.0,2015-03-27,390000.0
6795100330,3.0,2.0,2110.0,18815.0,2.0,0.0,0.0,5,7,2110.0,0.0,1979,0.0,98075,47.5836,-122.042,2690.0,21010.0,2014-06-25,1150000.0
1776420150,4.0,2.25,1830.0,5720.0,2.0,0.0,0.0,3,7,1830.0,0.0,2003,0.0,98030,47.3604,-122.179,1960.0,5754.0,2014-07-23,295000.0
3735900770,4.0,4.0,3180.0,7650.0,2.0,,0.0,3,8,2530.0,650.0,1920,0.0,98115,47.6887,-122.319,2000.0,4080.0,2014-10-17,775000.0
4123840210,3.0,2.5,1880.0,6047.0,2.0,0.0,0.0,3,8,1880.0,0.0,1993,0.0,98038,47.3722,-122.044,2120.0,7188.0,2015-03-18,380000.0
5076700145,3.0,1.0,1140.0,8180.0,1.0,0.0,0.0,3,7,1140.0,0.0,1959,0.0,98005,47.5851,-122.172,1510.0,8588.0,2015-04-27,550000.0
2482500040,5.0,1.75,1798.0,11232.0,1.0,0.0,0.0,3,7,1798.0,0.0,1967,0.0,98001,47.3266,-122.291,1300.0,15582.0,2014-07-17,199900.0
2589300065,3.0,1.75,1670.0,5209.0,1.5,0.0,0.0,5,7,1670.0,0.0,1908,0.0,98118,47.5362,-122.271,1990.0,4960.0,2014-09-16,329900.0
2332700081,3.0,2.25,2580.0,11060.0,1.0,0.0,0.0,3,8,2580.0,0.0,1964,0.0,98005,47.6113,-122.164,2580.0,13868.0,2014-09-01,898000.0
9201000610,4.0,2.25,3720.0,12384.0,1.0,0.0,2.0,5,8,1860.0,1860.0,1970,0.0,98075,47.5836,-122.074,3180.0,15541.0,2014-06-03,875000.0
2822049254,4.0,2.5,2790.0,7956.0,2.0,,0.0,3,9,2790.0,0.0,2005,0.0,98198,47.3681,-122.31,1660.0,8192.0,2014-05-16,375000.0
2310110120,3.0,2.5,2190.0,5091.0,2.0,0.0,0.0,3,8,2190.0,0.0,2004,0.0,98038,47.3506,-122.039,2200.0,5948.0,2014-08-08,365000.0
2887700995,4.0,2.75,2280.0,2850.0,1.5,0.0,0.0,4,7,1540.0,740.0,1930,0.0,98115,47.6871,-122.307,1680.0,3800.0,2014-05-08,530000.0
8651410120,3.0,1.0,1100.0,5200.0,1.0,0.0,0.0,4,6,1100.0,0.0,1969,0.0,98042,47.3643,-122.081,920.0,5200.0,2015-03-18,225500.0
7399000580,4.0,2.25,2180.0,7000.0,1.0,0.0,0.0,3,8,1680.0,500.0,1969,0.0,98055,47.4651,-122.192,2000.0,8000.0,2014-11-17,318000.0
7524950210,4.0,2.5,2770.0,9798.0,2.0,0.0,0.0,4,9,2770.0,0.0,1986,0.0,98027,47.562,-122.081,3040.0,11100.0,2015-04-01,910000.0
1021049057,3.0,1.0,1980.0,18730.0,1.0,0.0,0.0,4,7,1280.0,700.0,1943,0.0,98001,47.3221,-122.282,1356.0,9450.0,2014-10-08,207000.0
824059042,5.0,3.5,4180.0,17935.0,2.0,0.0,0.0,3,11,4180.0,0.0,2004,0.0,98004,47.5873,-122.202,2950.0,13760.0,2014-05-30,1890000.0
7525410120,6.0,3.0,3030.0,31920.0,1.0,0.0,0.0,4,8,1670.0,1360.0,1980,0.0,98075,47.575,-122.033,2890.0,35100.0,2014-09-05,624500.0
2770600841,3.0,2.5,1690.0,1553.0,2.5,0.0,0.0,3,8,1690.0,0.0,2007,0.0,98199,47.6443,-122.385,1910.0,1553.0,2014-06-04,640000.0
2423069164,3.0,2.0,1990.0,65340.0,2.0,0.0,0.0,3,8,1990.0,0.0,1986,0.0,98027,47.4726,-121.99,2120.0,59241.0,2015-04-10,500000.0
3876000120,5.0,1.75,2250.0,8970.0,1.0,0.0,0.0,4,7,1500.0,750.0,1966,0.0,98034,47.7217,-122.188,1940.0,8710.0,2015-03-04,390000.0
3705000120,3.0,2.25,2080.0,2050.0,1.5,0.0,0.0,3,7,1550.0,530.0,2003,0.0,98042,47.4199,-122.157,2080.0,2275.0,2014-07-29,284000.0
323069158,3.0,2.0,2460.0,41343.0,1.0,0.0,0.0,4,8,2460.0,0.0,1988,0.0,98027,47.5142,-122.021,2500.0,53885.0,2014-06-26,620000.0
6669240230,3.0,2.5,2588.0,5702.0,2.0,,0.0,3,8,2588.0,0.0,2008,0.0,98042,47.3453,-122.151,2403.0,5703.0,2015-03-17,306000.0
7504400120,4.0,1.75,2570.0,12039.0,1.0,0.0,0.0,3,8,1910.0,660.0,1978,0.0,98074,47.626,-122.048,2200.0,12384.0,2014-09-19,495000.0
1038000040,3.0,2.5,2370.0,12753.0,2.0,,0.0,3,7,2370.0,0.0,2001,0.0,98019,47.7359,-121.984,2280.0,16808.0,2014-06-05,499950.0
9238450330,3.0,1.0,1070.0,10563.0,1.0,0.0,0.0,3,7,1070.0,0.0,1969,0.0,98072,47.7687,-122.166,1840.0,9638.0,2014-11-10,330000.0
1982200330,3.0,2.0,1940.0,5820.0,1.5,0.0,0.0,5,7,1150.0,790.0,1944,0.0,98107,47.6638,-122.362,990.0,3880.0,2014-05-13,665000.0
1732800175,3.0,2.5,2650.0,2387.0,2.0,0.0,0.0,3,8,1830.0,820.0,1920,0.0,98119,47.6315,-122.362,1870.0,2216.0,2014-06-30,850000.0
8078350220,4.0,2.5,2290.0,6318.0,2.0,0.0,0.0,4,8,2290.0,0.0,1988,0.0,98029,47.57,-122.02,2150.0,7350.0,2014-09-11,599950.0
3990200065,4.0,2.5,2050.0,9143.0,2.0,0.0,0.0,3,8,2050.0,0.0,1992,0.0,98166,47.4597,-122.355,1510.0,9484.0,2014-10-22,360000.0
3825311210,3.0,2.5,2680.0,5497.0,2.0,0.0,0.0,3,9,2680.0,0.0,2001,0.0,98052,47.7043,-122.128,2780.0,5497.0,2014-08-27,699000.0
1862400087,3.0,1.75,1520.0,8100.0,1.0,0.0,0.0,5,6,760.0,760.0,1945,0.0,98117,47.6966,-122.375,1040.0,8100.0,2015-03-13,475000.0
3522029124,3.0,2.0,2690.0,435600.0,2.0,0.0,0.0,3,8,2690.0,0.0,1992,0.0,98070,47.3477,-122.519,1700.0,163350.0,2014-12-03,575000.0
1250200418,2.0,1.5,1180.0,844.0,2.0,0.0,0.0,3,7,990.0,190.0,2005,0.0,98144,47.5998,-122.3,1170.0,1400.0,2014-05-27,345000.0
7967900150,4.0,2.5,3030.0,9500.0,2.0,0.0,0.0,3,8,3030.0,0.0,1989,0.0,98001,47.3511,-122.287,2650.0,9500.0,2015-04-30,367950.0
5631501073,3.0,2.25,1400.0,11400.0,2.0,0.0,0.0,3,8,1400.0,0.0,1984,0.0,98028,47.7428,-122.231,2180.0,9248.0,2014-06-25,374500.0
2826049197,4.0,2.5,3000.0,8100.0,2.0,0.0,0.0,3,8,3000.0,0.0,1992,0.0,98125,47.7151,-122.305,1550.0,8100.0,2014-08-04,607500.0
1775920210,3.0,1.0,1200.0,9800.0,1.0,0.0,0.0,4,7,1200.0,0.0,1971,0.0,98072,47.7412,-122.109,1220.0,10220.0,2014-05-30,374000.0
5272200035,3.0,1.0,1000.0,6947.0,1.0,,0.0,3,7,1000.0,0.0,1947,0.0,98125,47.7142,-122.319,1000.0,6947.0,2014-09-03,390000.0
9525100040,4.0,3.25,2740.0,5339.0,2.5,0.0,0.0,3,9,2740.0,0.0,2004,0.0,98103,47.6706,-122.356,1770.0,4820.0,2015-04-07,705000.0
7853221010,3.0,2.5,1990.0,4978.0,2.0,0.0,0.0,3,8,1990.0,0.0,2004,0.0,98065,47.5323,-121.856,2650.0,6816.0,2014-10-29,467000.0
2500600297,3.0,3.0,2110.0,7794.0,1.0,0.0,0.0,3,6,2110.0,,1981,0.0,98198,47.4005,-122.293,1330.0,10044.0,2014-08-14,243500.0
8562791010,3.0,2.75,1830.0,1850.0,2.0,0.0,0.0,3,10,1690.0,140.0,2011,0.0,98027,47.5307,-122.074,2310.0,2680.0,2014-07-07,593000.0
3550800040,3.0,1.0,940.0,7980.0,1.0,0.0,0.0,3,6,940.0,0.0,1961,0.0,98146,47.5107,-122.345,1050.0,7980.0,2014-11-14,223000.0
8857640210,4.0,2.5,2980.0,10179.0,2.0,0.0,2.0,3,9,2980.0,0.0,2003,0.0,98038,47.3895,-122.033,2980.0,8828.0,2015-04-20,574000.0
8898700120,3.0,2.0,2260.0,11305.0,1.0,0.0,0.0,3,7,1130.0,1130.0,1986,0.0,98055,47.4544,-122.204,2080.0,10248.0,2014-06-04,400000.0
1242700035,4.0,2.75,3470.0,70131.0,1.0,0.0,0.0,4,8,1750.0,1720.0,1962,0.0,98005,47.6339,-122.18,2950.0,43560.0,2014-11-03,772000.0
7200001005,3.0,1.75,1510.0,10450.0,1.0,0.0,0.0,4,7,1510.0,0.0,1964,0.0,98052,47.684,-122.113,1310.0,9450.0,2015-05-01,593777.0
4174600072,4.0,3.5,2710.0,5722.0,2.0,0.0,0.0,4,8,2040.0,670.0,1997,0.0,98108,47.5591,-122.302,2500.0,5722.0,2014-12-23,539500.0
3630060150,3.0,2.5,2080.0,2625.0,2.0,0.0,0.0,3,8,2080.0,0.0,2006,0.0,98029,47.5469,-121.997,1760.0,2772.0,2015-04-01,550000.0
3348401490,2.0,2.0,1860.0,10856.0,1.0,,0.0,3,8,1260.0,600.0,1952,0.0,98178,47.4989,-122.265,1250.0,10008.0,2014-06-30,265000.0
7214810150,3.0,1.75,2120.0,9350.0,1.0,0.0,0.0,3,7,1280.0,840.0,1979,0.0,98072,47.7562,-122.145,2200.0,9000.0,2014-10-02,428000.0
1566100450,3.0,2.0,1110.0,8375.0,1.0,0.0,0.0,5,7,1110.0,0.0,1951,0.0,98115,47.6978,-122.297,1410.0,7734.0,2015-04-28,505000.0
7851990120,5.0,5.5,5190.0,12637.0,2.0,0.0,2.0,3,11,5190.0,0.0,2001,0.0,98065,47.5424,-121.872,3840.0,12637.0,2014-07-01,925000.0
8937500040,3.0,1.75,1520.0,15344.0,1.0,0.0,0.0,3,8,1520.0,0.0,1968,0.0,98023,47.3308,-122.365,2270.0,14981.0,2015-01-02,230000.0
1149600120,4.0,2.5,2650.0,9990.0,2.0,0.0,0.0,3,10,2650.0,0.0,1990,0.0,98029,47.5605,-122.016,2710.0,8012.0,2014-08-20,695000.0
7853240040,4.0,2.75,3350.0,7857.0,2.0,0.0,2.0,3,9,3350.0,0.0,2004,0.0,98065,47.5398,-121.859,3870.0,7886.0,2015-04-14,700000.0
7517500085,3.0,1.75,1770.0,2800.0,1.5,0.0,0.0,3,7,1770.0,0.0,1914,0.0,98103,47.6631,-122.357,1630.0,3254.0,2015-04-25,712500.0
9527310180,3.0,2.5,2200.0,4692.0,2.0,0.0,0.0,3,8,2200.0,0.0,2005,0.0,98011,47.7761,-122.169,2440.0,3833.0,2015-04-03,480000.0
3558900580,3.0,2.5,2000.0,8424.0,1.0,0.0,0.0,4,7,1300.0,700.0,1968,0.0,98034,47.7089,-122.201,2110.0,8400.0,2014-09-22,470000.0
4046500180,3.0,1.75,1730.0,15003.0,1.0,0.0,0.0,3,7,1150.0,580.0,1980,0.0,98014,47.6923,-121.92,1900.0,15483.0,2014-07-24,335000.0
6386300120,3.0,1.5,1300.0,7907.0,1.0,0.0,0.0,3,7,900.0,400.0,1970,0.0,98030,47.3737,-122.224,1630.0,7600.0,2015-04-17,270000.0
3395350210,5.0,3.25,2950.0,67475.0,1.0,0.0,0.0,3,8,2530.0,420.0,1981,20040.0,98072,47.7233,-122.117,2620.0,39820.0,2015-03-24,810000.0
9578080040,3.0,3.0,1720.0,954.0,3.0,0.0,0.0,3,8,1460.0,260.0,2006,0.0,98119,47.648,-122.358,1720.0,1294.0,2014-08-12,589000.0
5683500085,2.0,1.0,880.0,4558.0,1.0,0.0,0.0,3,7,880.0,,1951,0.0,98115,47.6803,-122.287,1370.0,5243.0,2014-09-26,415000.0
8645500360,4.0,2.25,1790.0,13200.0,1.0,0.0,0.0,3,7,1220.0,570.0,1979,0.0,98058,47.4672,-122.185,1740.0,8950.0,2015-03-11,197000.0
4222310220,3.0,1.5,1380.0,7600.0,1.0,0.0,0.0,4,7,790.0,590.0,1971,0.0,98003,47.3489,-122.306,1570.0,7904.0,2014-08-25,235500.0
2394600157,3.0,2.25,1530.0,1840.0,2.0,0.0,0.0,3,8,1240.0,290.0,2008,0.0,98144,47.587,-122.301,1800.0,3431.0,2015-04-07,460000.0
9238900085,5.0,1.75,2330.0,4947.0,1.0,0.0,0.0,4,8,1380.0,950.0,1955,0.0,98136,47.5352,-122.392,2120.0,5605.0,2014-10-29,572500.0
2739200040,5.0,2.0,1540.0,9629.0,1.0,0.0,0.0,4,7,1540.0,0.0,1960,0.0,98059,47.4915,-122.143,2260.0,9600.0,2014-09-24,302000.0
3893100456,3.0,2.5,3210.0,8630.0,2.0,0.0,0.0,4,10,2530.0,680.0,1990,0.0,98033,47.6939,-122.189,2630.0,8630.0,2014-08-13,870000.0
1370803940,3.0,1.0,1130.0,5758.0,1.0,0.0,0.0,3,7,960.0,,1939,0.0,98199,47.6413,-122.401,1510.0,6000.0,2014-10-07,485000.0
4222200120,3.0,2.0,1460.0,7526.0,1.0,0.0,0.0,3,7,1460.0,0.0,1968,0.0,98003,47.3463,-122.304,1580.0,7526.0,2015-02-05,240000.0
9477000120,3.0,1.75,1410.0,7215.0,1.0,0.0,0.0,3,7,1410.0,0.0,1967,0.0,98034,47.7343,-122.193,1550.0,7600.0,2014-10-22,383000.0
7228501065,4.0,2.75,1750.0,5080.0,1.5,0.0,0.0,3,8,1750.0,0.0,1903,0.0,98122,47.6143,-122.305,1700.0,4572.0,2014-06-26,750000.0
9266701085,2.0,1.75,1370.0,5125.0,1.0,0.0,0.0,5,6,1370.0,0.0,1944,0.0,98103,47.6926,-122.346,1200.0,5100.0,2014-06-03,409950.0
985001082,3.0,1.5,1780.0,23819.0,1.0,0.0,0.0,3,7,1780.0,0.0,1953,0.0,98168,47.4912,-122.312,1130.0,14450.0,2014-05-21,246000.0
8815400410,4.0,1.75,1890.0,4500.0,2.0,0.0,0.0,5,7,1490.0,400.0,1937,0.0,98115,47.6751,-122.289,1890.0,5000.0,2015-04-03,860000.0
2459500210,3.0,2.25,1630.0,12295.0,2.0,0.0,0.0,4,7,1630.0,0.0,1985,0.0,98058,47.4279,-122.161,1730.0,9948.0,2014-05-07,339950.0
1219000043,5.0,1.75,2320.0,8100.0,1.0,0.0,0.0,4,7,1160.0,1160.0,1956,0.0,98166,47.4631,-122.341,1410.0,7271.0,2014-05-09,315000.0
4379400580,3.0,2.5,2580.0,4636.0,2.0,0.0,0.0,3,9,2580.0,0.0,2006,0.0,98074,47.6201,-122.025,2480.0,4500.0,2014-08-13,698000.0
2159900120,2.0,2.5,1470.0,2034.0,2.0,0.0,0.0,4,8,1470.0,0.0,1985,0.0,98007,47.6213,-122.153,1510.0,2055.0,2014-08-22,419000.0
1243100191,3.0,1.0,2298.0,10140.0,1.0,0.0,0.0,3,7,2298.0,0.0,1969,0.0,98052,47.6909,-122.083,2580.0,24724.0,2015-01-22,372000.0
7852150530,3.0,2.5,1960.0,4709.0,2.0,0.0,0.0,3,7,1960.0,0.0,2003,0.0,98065,47.5322,-121.871,1700.0,4444.0,2014-09-11,425000.0
7508700085,3.0,2.25,2950.0,8036.0,1.5,0.0,0.0,3,8,1950.0,1000.0,1963,0.0,98125,47.7239,-122.313,2060.0,7200.0,2014-07-24,386500.0
8820903370,2.0,1.0,670.0,7312.0,1.0,0.0,0.0,3,5,670.0,0.0,1942,0.0,98125,47.7145,-122.285,860.0,8242.0,2014-11-17,348000.0
1923000150,5.0,3.5,3020.0,15305.0,2.0,0.0,0.0,3,10,2230.0,790.0,1978,0.0,98040,47.5627,-122.216,3680.0,14486.0,2015-04-24,754000.0
3920900220,4.0,3.0,2390.0,7309.0,2.0,0.0,0.0,4,7,2390.0,0.0,1944,19810.0,98002,47.294,-122.218,930.0,7308.0,2014-12-15,269950.0
8835700330,3.0,2.5,3090.0,20785.0,2.0,0.0,0.0,4,10,3090.0,0.0,1991,0.0,98075,47.5602,-122.03,3400.0,7566.0,2014-12-11,891500.0
7338402160,4.0,1.75,1780.0,5000.0,1.0,0.0,0.0,5,7,890.0,890.0,1903,0.0,98108,47.5329,-122.292,1860.0,5000.0,2014-10-09,349950.0
3223059141,2.0,1.0,1420.0,81892.0,1.0,0.0,0.0,3,7,1180.0,240.0,1956,0.0,98055,47.4342,-122.195,1490.0,1863.0,2014-05-09,360000.0
524059052,4.0,2.25,2420.0,15482.0,2.0,0.0,0.0,4,8,2420.0,0.0,1925,19970.0,98004,47.5907,-122.196,2870.0,13905.0,2014-12-09,975000.0
6145600865,4.0,2.0,1480.0,3844.0,1.5,0.0,0.0,5,7,1480.0,0.0,1928,0.0,98133,47.7042,-122.352,1480.0,3844.0,2014-05-05,449250.0
2325400330,4.0,2.25,2190.0,3850.0,2.0,0.0,0.0,3,7,2190.0,0.0,2006,0.0,98059,47.4854,-122.16,1900.0,3850.0,2014-12-01,350000.0
9530100085,4.0,1.75,1820.0,6137.0,1.5,0.0,3.0,4,7,1690.0,,1911,0.0,98107,47.6681,-122.36,2130.0,5100.0,2015-04-01,790000.0
3024059044,3.0,1.75,1810.0,24586.0,1.0,0.0,4.0,4,9,930.0,880.0,1983,0.0,98040,47.5314,-122.222,3540.0,14200.0,2014-09-09,990000.0
5015000596,3.0,2.25,2550.0,4089.0,2.0,0.0,0.0,3,9,2550.0,0.0,1983,0.0,98112,47.6272,-122.297,1680.0,4089.0,2014-12-01,834000.0
4443801285,3.0,1.0,1360.0,3880.0,1.0,0.0,0.0,3,7,1060.0,300.0,1963,0.0,98117,47.6837,-122.391,1110.0,3880.0,2014-08-14,466950.0
3751606606,3.0,1.75,2259.0,26831.0,1.5,0.0,3.0,5,7,1491.0,768.0,1908,0.0,98001,47.2741,-122.266,1980.0,15794.0,2014-07-17,262500.0
1829300210,4.0,2.5,3880.0,14550.0,2.0,0.0,0.0,3,10,3880.0,0.0,1987,0.0,98074,47.6378,-122.04,3240.0,14045.0,2014-05-06,762300.0
2767601085,6.0,2.75,2730.0,5000.0,1.0,0.0,0.0,3,8,1780.0,950.0,1962,0.0,98107,47.6751,-122.38,2090.0,5000.0,2015-01-26,733000.0
8832900155,4.0,2.5,2800.0,17279.0,1.0,0.0,2.0,3,7,1560.0,1240.0,1957,0.0,98028,47.7596,-122.269,3060.0,13423.0,2015-04-14,439000.0
8805900065,5.0,3.25,4290.0,7019.0,2.5,,0.0,4,10,3590.0,700.0,1927,0.0,98112,47.6439,-122.302,1920.0,4000.0,2014-11-12,1160000.0
8635760040,3.0,2.5,1770.0,3993.0,2.0,0.0,0.0,3,8,1770.0,0.0,1999,0.0,98074,47.6027,-122.02,1820.0,4046.0,2014-10-08,420000.0
8651540040,3.0,2.25,1920.0,10961.0,2.0,0.0,0.0,3,8,1920.0,0.0,1981,0.0,98074,47.6432,-122.057,2000.0,10706.0,2014-07-18,549000.0
9818700455,4.0,2.5,2320.0,4000.0,1.5,,0.0,5,8,1510.0,810.0,1905,0.0,98122,47.6048,-122.298,1490.0,4500.0,2014-08-26,518000.0
924069210,4.0,2.5,2961.0,12146.0,2.0,0.0,0.0,3,9,2961.0,0.0,1998,0.0,98075,47.5839,-122.052,2620.0,17749.0,2014-06-03,695000.0
1954430180,3.0,2.5,1680.0,7385.0,2.0,0.0,0.0,3,8,1680.0,0.0,1988,0.0,98074,47.6194,-122.041,1970.0,7470.0,2015-01-05,485000.0
5111400081,3.0,1.75,1590.0,27200.0,1.5,0.0,0.0,4,6,1590.0,0.0,1926,0.0,98038,47.4238,-122.052,1820.0,74052.0,2014-06-03,280000.0
5559200065,2.0,1.0,1420.0,16400.0,1.5,0.0,0.0,4,6,1420.0,0.0,1943,0.0,98023,47.3221,-122.344,1900.0,16400.0,2015-05-07,306500.0
1266200120,2.0,1.0,1370.0,9460.0,1.0,0.0,0.0,3,6,1370.0,0.0,1950,0.0,98004,47.6238,-122.191,1690.0,9930.0,2015-03-21,720000.0
8141310180,3.0,2.5,2620.0,4558.0,2.0,0.0,3.0,3,7,2620.0,0.0,2010,0.0,98022,47.1944,-121.974,1670.0,4558.0,2014-11-18,277500.0
6102400166,3.0,2.0,1810.0,17006.0,2.0,,4.0,3,8,1810.0,0.0,1913,19870.0,98166,47.4663,-122.369,2180.0,24911.0,2014-09-05,649000.0
3126059023,4.0,3.5,4730.0,47870.0,1.0,1.0,4.0,3,10,2940.0,1790.0,1954,0.0,98033,47.6967,-122.216,3250.0,49346.0,2015-03-03,3400000.0
408100150,2.0,1.0,700.0,6000.0,1.0,0.0,0.0,4,6,700.0,0.0,1949,0.0,98155,47.7515,-122.316,920.0,6000.0,2014-05-14,267800.0
3905081520,4.0,2.75,2390.0,6979.0,2.0,0.0,0.0,3,8,2390.0,0.0,1993,0.0,98029,47.5703,-121.996,2090.0,6321.0,2015-03-25,625000.0
9324800220,4.0,2.5,2070.0,8127.0,1.5,0.0,0.0,3,9,1590.0,480.0,1924,20030.0,98125,47.7316,-122.289,2050.0,8131.0,2014-09-17,600000.0
3996900555,4.0,2.0,1780.0,8149.0,1.5,0.0,0.0,4,7,1780.0,0.0,1948,0.0,98155,47.745,-122.302,1180.0,8149.0,2014-10-17,395000.0
9456200450,4.0,2.5,1900.0,21780.0,1.5,0.0,0.0,3,7,1900.0,0.0,1940,19870.0,98198,47.3776,-122.314,1240.0,9166.0,2015-04-27,212000.0
9165100330,2.0,1.0,1040.0,4040.0,1.0,0.0,0.0,3,7,940.0,100.0,1928,0.0,98117,47.6829,-122.393,1420.0,4040.0,2014-12-12,425000.0
2877103615,4.0,1.75,2370.0,5000.0,1.5,0.0,2.0,3,8,1770.0,600.0,1919,0.0,98103,47.6779,-122.357,2100.0,4550.0,2015-05-11,870000.0
7853210210,3.0,2.5,1970.0,3667.0,2.0,0.0,0.0,3,7,1970.0,0.0,2004,0.0,98065,47.5321,-121.851,1970.0,3739.0,2015-03-25,420000.0
7524950540,4.0,2.25,2120.0,9921.0,2.0,0.0,0.0,3,8,2120.0,0.0,1981,0.0,98027,47.5593,-122.082,1890.0,7845.0,2015-04-03,800000.0
200500410,3.0,2.5,1960.0,9535.0,2.0,0.0,0.0,3,8,1960.0,0.0,1989,0.0,98011,47.7371,-122.215,2520.0,9206.0,2015-05-06,575000.0
9103000365,3.0,3.25,2660.0,4000.0,2.0,0.0,0.0,3,9,2170.0,490.0,2003,0.0,98122,47.6186,-122.288,2660.0,4000.0,2014-06-20,915000.0
6076500220,3.0,2.25,1180.0,14258.0,2.0,0.0,0.0,3,7,1180.0,0.0,1987,0.0,98034,47.7112,-122.238,1860.0,10390.0,2014-09-03,400000.0
1818800144,3.0,2.5,2390.0,6550.0,1.0,0.0,2.0,4,8,1440.0,950.0,1955,0.0,98116,47.5714,-122.408,2010.0,6550.0,2014-05-02,750000.0
2569600150,3.0,1.0,1250.0,7592.0,1.0,0.0,0.0,5,7,1250.0,0.0,1961,0.0,98042,47.3604,-122.111,1250.0,7592.0,2014-11-03,235000.0
3448000344,5.0,3.0,2600.0,13674.0,1.0,0.0,0.0,5,8,1300.0,1300.0,1967,0.0,98125,47.7176,-122.302,2150.0,7800.0,2014-11-12,599950.0
7170200085,2.0,1.0,940.0,3800.0,1.0,0.0,0.0,3,7,940.0,0.0,1929,0.0,98115,47.6798,-122.292,1680.0,3800.0,2015-03-27,481203.0
4094800120,5.0,3.0,3880.0,13000.0,2.0,,0.0,3,10,3880.0,0.0,1972,20030.0,98040,47.5467,-122.234,3470.0,13701.0,2014-06-19,1820000.0
2591010180,3.0,2.5,1530.0,2913.0,2.0,0.0,0.0,4,7,1530.0,0.0,1986,0.0,98033,47.6939,-122.184,1370.0,3783.0,2014-07-09,379000.0
3052701135,3.0,1.75,2430.0,5000.0,2.0,0.0,0.0,4,7,1760.0,670.0,1945,0.0,98117,47.6785,-122.372,1320.0,4062.0,2014-06-26,626000.0
625049281,2.0,1.0,1030.0,4841.0,1.0,0.0,0.0,3,7,920.0,110.0,1939,0.0,98103,47.686,-122.341,1530.0,4944.0,2014-05-21,535000.0
5427110040,4.0,2.5,2740.0,16007.0,2.0,,0.0,3,9,2740.0,0.0,1984,0.0,98039,47.6353,-122.229,2760.0,16008.0,2014-06-09,1230000.0
9528103443,2.0,1.5,1180.0,1034.0,2.0,0.0,0.0,3,7,1120.0,60.0,2001,0.0,98115,47.678,-122.322,1137.0,1034.0,2014-07-24,410000.0
7855800730,4.0,2.5,3090.0,9238.0,1.0,0.0,3.0,4,8,1680.0,1410.0,1967,0.0,98006,47.5654,-122.163,2690.0,8500.0,2015-02-10,940000.0
395300650,3.0,1.0,1060.0,9663.0,1.0,0.0,0.0,3,7,1060.0,0.0,1967,0.0,98034,47.7244,-122.226,1320.0,10162.0,2014-07-21,326250.0
7812800995,2.0,1.0,790.0,5985.0,1.0,0.0,0.0,3,6,790.0,0.0,1944,0.0,98178,47.4941,-122.24,1030.0,5985.0,2014-09-05,200000.0
9541600355,4.0,2.5,3070.0,8250.0,1.0,0.0,0.0,5,8,2100.0,970.0,1958,0.0,98005,47.5935,-122.172,2270.0,8800.0,2014-08-13,880000.0
774100355,2.0,2.0,2100.0,58488.0,2.0,0.0,0.0,3,9,2100.0,0.0,2005,0.0,98014,47.72,-121.402,1440.0,59346.0,2014-11-03,370000.0
2781280150,2.0,2.5,1100.0,1737.0,2.0,0.0,0.0,3,8,1100.0,0.0,2006,0.0,98055,47.4499,-122.189,1610.0,2563.0,2014-08-01,190000.0
7338000150,2.0,1.0,1070.0,4200.0,1.0,0.0,0.0,4,6,1070.0,0.0,1983,0.0,98002,47.3336,-122.215,1150.0,4200.0,2015-01-29,160000.0
6977000040,4.0,3.0,2190.0,12825.0,1.0,0.0,0.0,3,9,1520.0,670.0,1989,0.0,98034,47.7107,-122.229,3050.0,4673.0,2014-08-23,625000.0
9558050230,4.0,3.5,3450.0,6873.0,2.0,0.0,0.0,3,10,2750.0,700.0,2004,0.0,98058,47.459,-122.118,3450.0,6873.0,2015-05-07,590000.0
1241500155,3.0,2.5,2070.0,3599.0,2.0,0.0,0.0,3,8,2070.0,0.0,1999,0.0,98033,47.6679,-122.165,2070.0,6844.0,2014-08-05,575000.0
9266700256,2.0,1.0,1190.0,5200.0,1.0,0.0,0.0,5,7,1190.0,0.0,1912,0.0,98103,47.6939,-122.348,1550.0,5100.0,2014-10-13,470000.0
2354300456,2.0,1.0,600.0,1500.0,1.0,0.0,0.0,4,4,600.0,0.0,1900,0.0,98027,47.5289,-122.033,1130.0,6000.0,2015-03-11,130000.0
7789000120,3.0,1.0,940.0,8400.0,1.0,0.0,0.0,3,7,940.0,0.0,1958,0.0,98056,47.5108,-122.165,1190.0,8400.0,2015-04-21,229000.0
3210200395,3.0,1.0,1280.0,12928.0,1.5,0.0,0.0,3,6,1280.0,0.0,1942,0.0,98023,47.3215,-122.399,1610.0,19467.0,2014-08-22,279900.0
8658303065,3.0,1.0,1370.0,7500.0,1.0,,0.0,3,7,1370.0,0.0,1960,0.0,98014,47.6499,-121.915,1160.0,7500.0,2014-05-19,307000.0
4046601010,3.0,1.75,2450.0,15001.0,1.0,0.0,0.0,3,7,1980.0,470.0,1989,0.0,98014,47.6957,-121.913,1790.0,15323.0,2014-10-23,399950.0
526059183,4.0,2.25,1970.0,15743.0,1.0,0.0,0.0,3,7,1370.0,600.0,1962,0.0,98011,47.7673,-122.202,2390.0,11336.0,2014-08-01,405000.0
5056500210,4.0,2.75,2910.0,9000.0,1.0,0.0,0.0,4,8,2130.0,780.0,1966,0.0,98006,47.544,-122.176,1970.0,9000.0,2014-10-07,539950.0
6146600175,2.0,1.0,760.0,5240.0,1.0,0.0,0.0,3,6,760.0,0.0,1949,0.0,98032,47.388,-122.234,980.0,5080.0,2014-11-07,129000.0
6057700120,3.0,1.75,1270.0,8422.0,1.0,0.0,0.0,3,7,1270.0,0.0,1967,0.0,98011,47.7601,-122.197,1470.0,8500.0,2014-09-17,340000.0
8651442060,3.0,1.75,1570.0,4875.0,1.0,0.0,0.0,4,7,1310.0,260.0,1977,0.0,98042,47.3621,-122.094,1380.0,5200.0,2014-06-11,214950.0
7129301445,4.0,2.75,2310.0,5650.0,1.0,0.0,2.0,3,8,1330.0,980.0,1952,0.0,98118,47.513,-122.252,2300.0,5650.0,2014-06-25,450000.0
7881500330,3.0,1.75,1900.0,5000.0,1.0,0.0,0.0,4,7,950.0,950.0,1925,0.0,98106,47.5677,-122.363,1420.0,5000.0,2015-03-04,515000.0
1336800880,4.0,2.25,3780.0,5160.0,2.0,0.0,0.0,4,9,2510.0,1270.0,1907,0.0,98112,47.6275,-122.308,2740.0,5160.0,2014-08-22,1400000.0
7147600220,3.0,1.0,1060.0,9946.0,1.0,0.0,0.0,4,7,1060.0,0.0,1956,0.0,98188,47.4432,-122.282,1310.0,10619.0,2014-06-26,230000.0
2600030210,3.0,1.75,1880.0,10032.0,1.0,0.0,0.0,4,8,1880.0,0.0,1984,0.0,98006,47.5527,-122.16,2430.0,9732.0,2014-07-07,681000.0
6303400150,3.0,1.0,1160.0,8636.0,1.0,0.0,0.0,3,6,1160.0,,1923,0.0,98146,47.5097,-122.357,1300.0,8636.0,2014-09-29,255000.0
9136103136,2.0,1.0,860.0,4013.0,1.0,0.0,0.0,3,7,860.0,0.0,1925,0.0,98103,47.6652,-122.338,1490.0,4013.0,2015-03-13,580000.0
8898700880,2.0,2.0,1590.0,8000.0,1.0,0.0,0.0,3,7,910.0,680.0,1984,0.0,98055,47.459,-122.205,1590.0,8364.0,2015-03-17,295000.0
4318200360,2.0,1.0,1170.0,6543.0,1.0,0.0,0.0,3,7,1170.0,0.0,1913,0.0,98136,47.537,-122.385,1550.0,7225.0,2014-07-30,286000.0
6798100610,3.0,1.5,1190.0,8100.0,1.0,0.0,0.0,3,7,830.0,360.0,1947,0.0,98125,47.7146,-122.311,1256.0,8100.0,2015-01-08,425000.0
7466900220,2.0,1.0,1300.0,11400.0,1.0,0.0,0.0,3,7,1300.0,0.0,1961,0.0,98003,47.3459,-122.299,1360.0,9750.0,2014-12-12,170000.0
7435500085,3.0,2.0,1660.0,8281.0,1.0,0.0,0.0,3,7,1660.0,0.0,1949,0.0,98136,47.5568,-122.382,1660.0,7559.0,2014-05-28,380000.0
7977200995,3.0,2.0,1160.0,6120.0,1.0,0.0,0.0,3,7,1160.0,0.0,1947,0.0,98115,47.6853,-122.293,1150.0,5100.0,2015-05-06,506000.0
1862900360,3.0,2.5,1950.0,9618.0,2.0,0.0,0.0,3,7,1950.0,0.0,1992,0.0,98031,47.4068,-122.18,1890.0,7133.0,2014-09-22,315000.0
7852040210,4.0,2.5,2470.0,3811.0,2.0,,0.0,3,8,2470.0,0.0,1999,0.0,98065,47.5362,-121.877,2400.0,4266.0,2014-06-17,449950.0
3343901961,3.0,1.0,1430.0,12420.0,1.0,,0.0,3,7,1430.0,0.0,1964,0.0,98056,47.5116,-122.191,1900.0,10350.0,2015-03-31,255000.0
3874010220,3.0,2.5,1970.0,9607.0,2.0,0.0,0.0,3,7,1090.0,880.0,1988,0.0,98001,47.3462,-122.286,2020.0,9608.0,2014-06-24,289000.0
2724069103,3.0,1.75,1400.0,10018.0,1.0,,0.0,4,7,1400.0,0.0,1962,0.0,98027,47.5327,-122.032,1350.0,9300.0,2014-08-28,389000.0
1520069052,3.0,1.5,1510.0,344124.0,1.0,0.0,2.0,4,7,1510.0,0.0,1964,0.0,98022,47.2156,-122.029,1750.0,169884.0,2014-07-21,327000.0
5316101075,7.0,3.0,5350.0,14400.0,2.5,0.0,0.0,4,10,5020.0,330.0,1910,0.0,98112,47.6295,-122.285,3050.0,7469.0,2014-09-26,2890000.0
8113100150,3.0,1.0,920.0,6612.0,1.0,0.0,0.0,3,6,920.0,0.0,1948,0.0,98118,47.548,-122.284,1860.0,8424.0,2014-07-14,210000.0
3459900230,4.0,3.75,7620.0,29536.0,2.0,0.0,3.0,3,11,5980.0,1640.0,2005,0.0,98006,47.5571,-122.14,2840.0,20809.0,2014-11-25,1680000.0
3955900150,4.0,2.5,2490.0,4751.0,2.0,0.0,0.0,3,7,2490.0,0.0,2001,0.0,98056,47.4813,-122.188,2510.0,5233.0,2014-12-29,360000.0
7701960210,4.0,2.5,3030.0,16000.0,2.0,0.0,0.0,3,11,3030.0,0.0,1990,0.0,98077,47.7125,-122.081,3670.0,16641.0,2015-04-27,875000.0
686450210,4.0,2.25,1650.0,7200.0,1.0,0.0,0.0,3,8,1650.0,0.0,1967,0.0,98008,47.6384,-122.116,2180.0,7950.0,2014-11-04,550000.0
3451000442,3.0,1.5,1210.0,12500.0,1.0,0.0,0.0,3,7,1210.0,0.0,1962,0.0,98146,47.503,-122.351,1210.0,12500.0,2014-07-17,257500.0
5700003221,4.0,2.75,2990.0,7389.0,1.5,0.0,0.0,4,8,2090.0,900.0,1923,0.0,98144,47.5711,-122.284,2510.0,6157.0,2014-12-10,1080000.0
8651402700,2.0,1.0,1060.0,5144.0,1.0,0.0,0.0,5,6,1060.0,0.0,1969,0.0,98042,47.3613,-122.088,1130.0,5200.0,2014-10-28,202950.0
3526039101,4.0,1.75,2680.0,6120.0,1.0,0.0,0.0,5,8,1340.0,1340.0,1959,0.0,98117,47.6965,-122.393,2320.0,6840.0,2014-10-30,622000.0
1136100072,4.0,1.75,1790.0,45738.0,1.0,,0.0,3,8,1410.0,380.0,1976,0.0,98072,47.7453,-122.129,1870.0,47480.0,2015-02-13,455000.0
2050100210,3.0,2.5,2690.0,17461.0,2.0,0.0,3.0,3,10,2690.0,0.0,1997,0.0,98074,47.654,-122.088,3610.0,16887.0,2014-11-17,805000.0
9141100210,2.0,1.0,770.0,9497.0,1.0,0.0,0.0,3,6,770.0,0.0,1950,0.0,98133,47.7407,-122.351,1550.0,7532.0,2014-09-08,257000.0
1153000150,5.0,2.5,2700.0,16570.0,1.0,0.0,0.0,4,8,1750.0,950.0,1967,0.0,98005,47.6144,-122.167,2570.0,11840.0,2014-06-25,744500.0
1245000438,4.0,2.5,2620.0,9157.0,2.0,0.0,0.0,3,8,2620.0,0.0,1996,0.0,98033,47.6916,-122.203,2240.0,7405.0,2015-04-13,885000.0
1498300775,2.0,2.25,930.0,747.0,2.0,0.0,0.0,3,8,630.0,300.0,2007,0.0,98144,47.5844,-122.316,940.0,6000.0,2014-06-24,355000.0
4051100230,3.0,1.0,1340.0,7000.0,1.0,0.0,0.0,4,7,1340.0,0.0,1978,0.0,98042,47.3742,-122.149,1850.0,7904.0,2014-08-20,240000.0
121039038,3.0,1.5,1470.0,18459.0,2.0,0.0,0.0,4,6,1470.0,0.0,1916,0.0,98023,47.3302,-122.36,1750.0,16074.0,2014-08-19,169000.0
1523550220,3.0,2.5,2330.0,4160.0,2.0,0.0,0.0,4,8,2330.0,0.0,1992,0.0,98052,47.6367,-122.109,2940.0,4500.0,2015-03-28,639900.0
1622059095,3.0,1.75,1730.0,11325.0,1.0,0.0,0.0,5,7,1730.0,0.0,1972,0.0,98031,47.3921,-122.182,2030.0,17859.0,2014-06-04,292000.0
7853220210,4.0,2.5,2780.0,7838.0,2.0,0.0,3.0,3,9,2780.0,0.0,2004,0.0,98065,47.5312,-121.861,3160.0,7848.0,2014-09-22,563500.0
8682291510,2.0,2.0,1200.0,7131.0,1.0,0.0,0.0,3,8,1200.0,,2006,0.0,98053,47.7199,-122.022,1670.0,4601.0,2015-01-26,389000.0
7397300220,4.0,3.25,4430.0,21000.0,2.0,0.0,0.0,3,10,4430.0,0.0,1952,20070.0,98039,47.6398,-122.237,3930.0,20000.0,2014-05-29,2750000.0
3764500230,3.0,2.0,1820.0,4418.0,2.0,0.0,0.0,4,8,1820.0,0.0,1994,0.0,98033,47.6947,-122.19,1920.0,13402.0,2014-08-21,661000.0
8682260870,2.0,2.0,1300.0,4659.0,1.0,0.0,0.0,3,8,1300.0,0.0,2005,0.0,98053,47.7132,-122.033,1640.0,4780.0,2014-09-12,344000.0
369000365,1.0,1.0,680.0,6600.0,1.0,0.0,0.0,3,5,480.0,200.0,1916,0.0,98199,47.6567,-122.392,1170.0,5500.0,2015-04-22,510000.0
9238901020,2.0,1.0,780.0,4132.0,1.0,0.0,0.0,3,7,780.0,0.0,1942,0.0,98136,47.5324,-122.387,1100.0,5100.0,2014-09-16,289000.0
3343901641,3.0,2.25,2430.0,7614.0,1.5,0.0,0.0,3,8,1900.0,530.0,1979,0.0,98056,47.5065,-122.191,1720.0,11250.0,2014-08-27,365000.0
3024079057,3.0,1.5,1750.0,32500.0,1.0,0.0,0.0,4,7,1750.0,0.0,1966,0.0,98027,47.5316,-121.959,1820.0,102801.0,2014-07-30,410000.0
7518507330,3.0,1.0,1610.0,5100.0,1.5,0.0,0.0,5,7,1010.0,600.0,1901,0.0,98117,47.6765,-122.386,1270.0,5100.0,2014-07-24,535610.0
2968801510,4.0,1.75,2120.0,7620.0,2.0,0.0,0.0,3,8,2120.0,0.0,1971,20020.0,98166,47.457,-122.346,1820.0,7620.0,2014-11-13,397950.0
2822100175,3.0,1.75,1430.0,4850.0,1.0,0.0,0.0,3,7,930.0,500.0,1978,0.0,98108,47.5472,-122.303,1430.0,4850.0,2014-08-27,284000.0
3826000385,4.0,1.5,1360.0,8100.0,1.5,0.0,0.0,3,7,1360.0,0.0,1962,0.0,98168,47.4931,-122.305,1300.0,8100.0,2014-12-17,201000.0
2301400540,4.0,2.25,2530.0,5000.0,1.5,0.0,0.0,4,7,1690.0,840.0,1925,0.0,98117,47.6806,-122.36,1530.0,5000.0,2014-12-15,734000.0
2111010760,5.0,3.0,3270.0,9146.0,2.0,0.0,0.0,3,7,3270.0,0.0,2002,0.0,98092,47.3342,-122.169,3200.0,6300.0,2015-01-08,357500.0
23500220,5.0,2.5,2620.0,8050.0,1.0,,0.0,3,8,1520.0,1100.0,1975,0.0,98052,47.6919,-122.115,2030.0,7676.0,2014-10-15,550120.0
8001600150,3.0,1.5,1810.0,8232.0,1.0,0.0,0.0,3,8,1810.0,0.0,1988,0.0,98001,47.3195,-122.273,2260.0,8491.0,2015-03-10,300000.0
9149000180,3.0,2.5,2120.0,9653.0,2.0,0.0,0.0,3,8,2120.0,0.0,1992,0.0,98030,47.3843,-122.213,1780.0,9801.0,2014-08-19,374950.0
7525420150,4.0,1.75,2190.0,41000.0,2.0,0.0,0.0,3,8,2190.0,0.0,1980,0.0,98075,47.5755,-122.033,2590.0,35370.0,2015-04-13,602500.0
1003000175,3.0,1.0,980.0,7606.0,1.0,0.0,0.0,3,7,980.0,0.0,1954,0.0,98188,47.4356,-122.29,980.0,8125.0,2014-12-22,221000.0
2902200874,5.0,3.0,2230.0,4400.0,2.0,0.0,0.0,3,7,1730.0,500.0,1913,0.0,98102,47.6404,-122.325,1280.0,1800.0,2015-04-10,920000.0
7131300032,4.0,2.0,1540.0,9279.0,1.0,0.0,0.0,3,7,1540.0,0.0,1955,0.0,98118,47.5163,-122.268,1540.0,5110.0,2015-03-06,235000.0
3581100330,3.0,1.0,980.0,7296.0,1.0,0.0,0.0,3,7,980.0,0.0,1967,0.0,98034,47.7292,-122.231,1280.0,7296.0,2014-08-04,375000.0
3629970870,4.0,2.5,2120.0,3640.0,2.0,0.0,0.0,3,8,2120.0,0.0,2005,0.0,98029,47.5521,-121.996,2190.0,3640.0,2014-08-27,599000.0
2561360210,3.0,2.25,2090.0,12112.0,2.0,0.0,0.0,3,8,2090.0,0.0,1983,0.0,98052,47.7015,-122.13,1760.0,12112.0,2014-06-03,562100.0
9828702245,3.0,2.5,1620.0,1377.0,2.0,0.0,0.0,3,8,1100.0,520.0,2009,0.0,98112,47.6195,-122.299,1620.0,1251.0,2015-03-16,640000.0
8687800150,3.0,2.0,1650.0,11256.0,1.0,0.0,0.0,4,7,1250.0,400.0,1957,0.0,98168,47.4707,-122.26,1860.0,11256.0,2014-11-20,294000.0
3825310760,4.0,2.5,3230.0,7766.0,2.0,0.0,0.0,3,9,3230.0,0.0,2005,0.0,98052,47.7069,-122.131,3740.0,8344.0,2014-12-29,714000.0
7284900385,4.0,3.25,2790.0,5420.0,1.0,0.0,3.0,3,9,1130.0,1660.0,1963,20130.0,98177,47.7698,-122.386,2530.0,7200.0,2014-05-21,970000.0
5702380770,4.0,2.25,1600.0,7916.0,2.0,0.0,0.0,3,7,1600.0,0.0,1991,0.0,98022,47.194,-121.981,1540.0,7242.0,2015-04-28,280000.0
2095600150,4.0,2.5,1790.0,4358.0,2.0,0.0,0.0,3,7,1790.0,0.0,1993,0.0,98031,47.3994,-122.204,1790.0,4305.0,2014-11-12,260000.0
4166600230,3.0,1.5,2060.0,15050.0,1.5,0.0,0.0,4,7,2060.0,0.0,1938,0.0,98023,47.3321,-122.373,1900.0,15674.0,2014-11-19,294000.0
3521059042,4.0,1.0,1370.0,41194.0,1.5,0.0,2.0,5,5,1370.0,0.0,1900,0.0,98092,47.2716,-122.144,1590.0,84070.0,2014-07-28,255500.0
3625059043,5.0,4.75,6200.0,13873.0,2.0,1.0,4.0,4,11,4440.0,1760.0,1989,0.0,98008,47.605,-122.112,2940.0,13525.0,2014-09-04,3300000.0
1926069054,3.0,2.0,1510.0,43560.0,1.0,0.0,0.0,3,7,1510.0,0.0,1954,0.0,98077,47.7218,-122.079,2060.0,67756.0,2014-05-08,450000.0
9238450150,3.0,1.0,1280.0,9898.0,1.0,0.0,0.0,3,7,1280.0,0.0,1968,0.0,98072,47.7677,-122.163,1290.0,9625.0,2014-05-12,368000.0
8146200150,4.0,2.25,2180.0,11056.0,1.0,0.0,0.0,3,8,1370.0,810.0,1963,0.0,98004,47.6042,-122.193,2090.0,8747.0,2014-11-10,830000.0
3841600220,2.0,1.75,1440.0,11210.0,1.0,0.0,0.0,4,6,1130.0,310.0,1935,0.0,98146,47.498,-122.35,1250.0,9381.0,2014-07-15,282500.0
943100683,3.0,2.25,1580.0,16215.0,1.0,0.0,0.0,4,7,1580.0,0.0,1978,0.0,98024,47.5643,-121.897,1450.0,16215.0,2014-05-02,335000.0
952001765,2.0,2.0,1580.0,5750.0,1.0,0.0,0.0,5,6,790.0,790.0,1910,0.0,98116,47.5668,-122.384,1580.0,5750.0,2014-07-07,558000.0
3744600704,4.0,1.5,1730.0,8505.0,1.5,0.0,0.0,4,7,1730.0,0.0,1961,0.0,98146,47.4905,-122.347,1510.0,8505.0,2015-02-24,270000.0
1822059057,2.0,1.0,700.0,13500.0,1.0,0.0,0.0,3,4,700.0,0.0,1920,0.0,98031,47.3882,-122.208,1600.0,10124.0,2014-07-25,152000.0
2126059219,4.0,1.75,2030.0,18295.0,1.5,,0.0,4,7,2030.0,0.0,1975,0.0,98034,47.7326,-122.179,1970.0,7307.0,2014-06-17,493000.0
4139400910,4.0,2.5,2500.0,10330.0,2.0,0.0,0.0,3,10,2500.0,0.0,1992,0.0,98006,47.5595,-122.114,2710.0,8375.0,2014-08-15,740000.0
9808630210,3.0,2.5,2605.0,2216.0,2.0,0.0,2.0,3,9,2090.0,515.0,1979,0.0,98033,47.6536,-122.203,2605.0,2300.0,2015-03-13,789800.0
2920700220,2.0,1.0,910.0,4191.0,1.0,0.0,0.0,3,6,910.0,0.0,1910,0.0,98117,47.6929,-122.36,1480.0,6050.0,2015-05-08,275000.0
1338800365,6.0,2.5,3560.0,6480.0,2.5,0.0,0.0,4,11,3560.0,0.0,1914,0.0,98112,47.627,-122.304,2780.0,6480.0,2014-05-07,1500000.0
1175001135,3.0,1.75,1140.0,3395.0,1.0,0.0,0.0,5,7,620.0,520.0,1925,0.0,98107,47.6712,-122.393,1480.0,3500.0,2014-09-29,424000.0
3867400180,2.0,1.0,1000.0,3513.0,1.0,0.0,4.0,4,5,1000.0,0.0,1914,0.0,98116,47.5935,-122.39,1930.0,4920.0,2015-03-27,715000.0
7954300220,4.0,2.5,3010.0,7953.0,2.0,0.0,0.0,3,9,3010.0,0.0,2000,0.0,98056,47.522,-122.19,2670.0,6202.0,2014-07-30,600000.0
7784400035,2.0,1.75,2110.0,8700.0,1.0,0.0,4.0,4,9,1760.0,350.0,1960,0.0,98146,47.4912,-122.365,2120.0,9500.0,2014-08-13,802000.0
4435600330,3.0,1.0,910.0,8700.0,1.0,0.0,0.0,4,6,910.0,0.0,1943,0.0,98188,47.449,-122.29,1090.0,8700.0,2014-07-26,165000.0
5016001285,4.0,3.25,2050.0,5000.0,2.0,0.0,0.0,4,8,1370.0,680.0,1987,0.0,98112,47.6235,-122.298,1720.0,5000.0,2014-06-09,750000.0
6817800330,2.0,1.0,1090.0,10481.0,1.0,0.0,0.0,2,7,780.0,310.0,1981,0.0,98074,47.632,-122.03,1160.0,10533.0,2014-08-12,405000.0
8680500220,3.0,2.5,2100.0,12338.0,2.0,0.0,0.0,3,9,2100.0,0.0,1997,0.0,98072,47.7412,-122.168,2320.0,6257.0,2014-12-03,521900.0
3211600650,3.0,1.0,1000.0,8018.0,1.0,,0.0,3,7,1000.0,0.0,1969,0.0,98034,47.7285,-122.198,1270.0,8000.0,2014-07-22,275000.0
4008400035,5.0,3.25,4410.0,58157.0,2.0,0.0,0.0,4,9,2330.0,2080.0,2001,0.0,98058,47.4395,-122.111,2460.0,42565.0,2014-10-15,600000.0
2473002060,3.0,1.75,1800.0,10200.0,1.0,0.0,0.0,3,8,1800.0,0.0,1967,0.0,98058,47.4496,-122.146,2140.0,10128.0,2014-05-19,442500.0
4059400515,2.0,1.0,920.0,7716.0,1.0,0.0,0.0,3,6,920.0,0.0,1944,0.0,98178,47.5028,-122.243,1410.0,7128.0,2014-09-09,229950.0
2916610150,3.0,2.0,1410.0,7265.0,1.0,0.0,0.0,4,7,1410.0,0.0,1983,0.0,98042,47.3654,-122.076,1390.0,8060.0,2015-01-20,274950.0
8887001215,3.0,1.75,1860.0,48076.0,1.5,0.0,0.0,4,8,1860.0,0.0,1929,0.0,98070,47.5051,-122.461,1410.0,23066.0,2014-11-07,407185.0
3876313040,4.0,2.5,2100.0,8400.0,1.0,0.0,0.0,4,7,1240.0,860.0,1976,0.0,98072,47.735,-122.17,1980.0,8610.0,2014-07-09,468000.0
6021501320,2.0,1.0,1030.0,4365.0,1.0,,0.0,3,7,1030.0,0.0,1942,0.0,98117,47.6875,-122.387,1420.0,4268.0,2014-09-30,450000.0
2372800145,2.0,1.0,940.0,8997.0,1.0,0.0,0.0,5,7,940.0,0.0,1955,0.0,98022,47.2005,-121.999,1110.0,9126.0,2014-10-23,219950.0
7120000210,2.0,2.5,1340.0,5995.0,2.0,0.0,0.0,3,7,1340.0,0.0,1989,0.0,98028,47.7366,-122.233,1540.0,6616.0,2015-01-22,275000.0
1180003175,2.0,1.0,850.0,6000.0,1.0,0.0,0.0,3,6,850.0,0.0,1924,0.0,98178,47.4972,-122.224,1100.0,6000.0,2015-04-10,229950.0
2902200915,3.0,1.75,2130.0,4400.0,1.0,0.0,0.0,3,7,1430.0,700.0,1922,0.0,98102,47.6417,-122.325,1710.0,3300.0,2014-11-25,675000.0
2473530150,4.0,2.5,2430.0,6796.0,2.0,0.0,0.0,3,8,2430.0,0.0,1993,0.0,98058,47.4499,-122.127,2450.0,8400.0,2015-03-23,412950.0
2366400150,5.0,2.25,2290.0,39000.0,2.0,0.0,0.0,3,8,2290.0,0.0,1979,0.0,98052,47.7012,-122.12,2750.0,39900.0,2015-04-29,670000.0
4040800360,3.0,1.75,1230.0,10005.0,1.0,0.0,0.0,4,7,1230.0,0.0,1963,0.0,98008,47.621,-122.114,1530.0,8560.0,2014-09-23,420000.0
1269200150,3.0,1.5,1150.0,27319.0,1.0,0.0,0.0,4,6,1150.0,0.0,1976,0.0,98070,47.3933,-122.454,1700.0,30691.0,2015-01-13,358000.0
9510970530,3.0,2.5,2120.0,3600.0,2.0,0.0,0.0,3,9,2120.0,0.0,2005,0.0,98052,47.6649,-122.082,2540.0,4592.0,2015-04-24,680000.0
3856904825,2.0,1.0,980.0,3400.0,1.0,0.0,0.0,3,7,980.0,0.0,1923,0.0,98105,47.6688,-122.323,1200.0,3420.0,2014-11-04,380000.0
326069101,3.0,2.5,2130.0,219978.0,2.0,0.0,0.0,3,8,2130.0,0.0,1986,0.0,98077,47.7754,-122.032,3340.0,217800.0,2014-12-05,515000.0
254000175,2.0,1.0,1050.0,4800.0,1.0,0.0,0.0,4,7,1050.0,0.0,1969,0.0,98146,47.5128,-122.388,1230.0,4800.0,2014-08-19,325000.0
8086000201,3.0,2.5,1820.0,6848.0,1.0,,0.0,4,7,1820.0,0.0,1953,0.0,98004,47.6287,-122.207,2080.0,11700.0,2014-12-04,875000.0
9284800085,3.0,2.5,2210.0,5750.0,2.0,0.0,0.0,3,7,1710.0,500.0,1914,20000.0,98106,47.5525,-122.366,1350.0,5750.0,2015-04-20,426000.0
2287000330,5.0,2.5,2490.0,9639.0,1.0,0.0,0.0,4,8,1610.0,880.0,1959,0.0,98040,47.551,-122.22,2290.0,9958.0,2014-09-15,868500.0
2025760210,4.0,2.75,4140.0,24190.0,2.0,,0.0,3,11,4140.0,0.0,2002,0.0,98092,47.3062,-122.15,3950.0,24190.0,2014-06-11,657500.0
3330500085,2.0,1.0,1210.0,3090.0,1.0,0.0,0.0,3,6,860.0,350.0,1926,0.0,98118,47.5532,-122.277,1210.0,3348.0,2014-09-18,366000.0
1231001225,2.0,1.0,1010.0,4000.0,1.0,0.0,0.0,3,6,1010.0,,1911,0.0,98118,47.5536,-122.267,1040.0,4000.0,2014-09-16,385000.0
984000650,4.0,2.0,2050.0,8750.0,1.0,0.0,0.0,3,7,1300.0,750.0,1967,0.0,98058,47.4324,-122.171,2050.0,8750.0,2014-09-08,300000.0
1962200145,3.0,1.75,2060.0,3300.0,2.0,0.0,0.0,4,9,1500.0,560.0,1918,0.0,98102,47.6498,-122.32,1830.0,3712.0,2015-03-20,810000.0
4074300150,4.0,1.75,1560.0,7200.0,1.0,0.0,0.0,3,6,860.0,700.0,1943,0.0,98115,47.7001,-122.279,1420.0,7200.0,2015-04-17,460000.0
8665050220,3.0,2.5,1780.0,4000.0,2.0,0.0,0.0,4,8,1780.0,,1995,0.0,98029,47.5677,-122.003,1730.0,4000.0,2014-10-21,459000.0
2212700180,3.0,1.75,1460.0,10000.0,1.0,0.0,0.0,4,8,1460.0,0.0,1967,0.0,98092,47.342,-122.195,1930.0,14175.0,2015-03-19,260000.0
8077200360,4.0,2.5,3030.0,6813.0,2.0,0.0,0.0,3,9,3030.0,0.0,1987,0.0,98074,47.6296,-122.029,2310.0,8682.0,2014-11-12,557865.0
8850000180,4.0,1.0,980.0,3000.0,1.5,0.0,0.0,4,7,980.0,0.0,1914,0.0,98144,47.5892,-122.312,1525.0,3000.0,2015-04-20,295000.0
1643500072,4.0,2.25,1450.0,7245.0,1.0,,0.0,5,7,1450.0,0.0,1950,19830.0,98133,47.7643,-122.343,1660.0,7800.0,2014-09-05,375000.0
6065300330,3.0,2.25,3230.0,17833.0,2.0,0.0,0.0,4,9,3230.0,0.0,1973,0.0,98006,47.5683,-122.188,3690.0,17162.0,2014-06-20,2110000.0
6149700191,2.0,2.0,1520.0,1020.0,3.0,0.0,0.0,3,7,1520.0,0.0,1999,0.0,98133,47.7292,-122.343,1500.0,1245.0,2014-08-19,307300.0
1555200180,4.0,1.0,1410.0,7000.0,1.5,0.0,0.0,3,7,1410.0,0.0,1963,0.0,98032,47.3767,-122.287,1540.0,7000.0,2014-08-27,225000.0
9407100720,3.0,1.75,1390.0,13200.0,2.0,0.0,0.0,3,7,1390.0,0.0,1979,0.0,98045,47.4429,-121.771,1430.0,10725.0,2014-11-07,290000.0
5700000515,4.0,2.0,2230.0,5000.0,1.5,0.0,0.0,4,7,1510.0,720.0,1922,0.0,98144,47.5772,-122.292,2140.0,5000.0,2014-11-20,690000.0
5451200530,4.0,2.25,2110.0,12653.0,2.0,0.0,0.0,4,8,2110.0,0.0,1972,0.0,98040,47.536,-122.225,2350.0,10980.0,2014-07-05,825000.0
868000530,3.0,1.75,2270.0,11472.0,1.0,0.0,0.0,4,7,1370.0,900.0,1956,0.0,98177,47.7057,-122.374,2270.0,8340.0,2014-07-02,645000.0
1777600210,4.0,2.25,2530.0,10611.0,1.0,0.0,0.0,5,8,1320.0,1210.0,1977,0.0,98006,47.5698,-122.132,2530.0,10125.0,2015-02-17,590000.0
7174800760,5.0,2.0,1900.0,5470.0,1.0,0.0,0.0,3,7,1180.0,720.0,1930,19650.0,98105,47.6666,-122.303,1300.0,3250.0,2014-07-25,667000.0
8635750330,4.0,2.5,2390.0,8432.0,2.0,0.0,0.0,3,9,2390.0,0.0,1998,0.0,98074,47.6027,-122.024,2710.0,7417.0,2014-09-25,664000.0
4058800925,4.0,2.5,3160.0,6540.0,1.0,0.0,3.0,3,8,1580.0,1580.0,1959,0.0,98178,47.5037,-122.24,1990.0,7090.0,2015-04-28,452100.0
272000620,2.0,1.0,900.0,2728.0,2.0,,0.0,3,7,900.0,0.0,1998,0.0,98144,47.5877,-122.298,900.0,2728.0,2014-12-02,290000.0
7779200355,3.0,3.0,3610.0,17483.0,2.0,0.0,2.0,4,8,3610.0,0.0,1954,0.0,98146,47.4852,-122.357,2230.0,12600.0,2015-04-22,950000.0
510000641,3.0,2.0,2070.0,4200.0,1.5,0.0,0.0,4,7,1670.0,400.0,1906,0.0,98103,47.6624,-122.333,1490.0,4560.0,2015-01-30,662500.0
8835200230,4.0,2.5,1850.0,5444.0,2.0,0.0,0.0,5,7,1850.0,0.0,1981,0.0,98034,47.7227,-122.16,1540.0,5000.0,2014-07-02,475000.0
8718500555,3.0,1.5,1440.0,9711.0,1.0,0.0,0.0,3,7,1140.0,300.0,1956,0.0,98028,47.7394,-122.252,1590.0,9711.0,2014-09-15,450000.0
1722049154,3.0,2.25,2590.0,15229.0,2.0,0.0,3.0,3,8,2590.0,0.0,1984,0.0,98198,47.3948,-122.325,2590.0,15229.0,2014-07-07,538250.0
6450304130,2.0,1.0,1140.0,5250.0,1.5,0.0,0.0,4,6,1140.0,0.0,1949,0.0,98133,47.731,-122.341,1450.0,5250.0,2014-05-05,329950.0
6908200155,4.0,3.5,2760.0,5040.0,2.0,0.0,2.0,3,9,2760.0,0.0,1955,20050.0,98117,47.6756,-122.401,2370.0,5760.0,2015-01-22,1100000.0
1773101020,5.0,1.5,1310.0,4800.0,1.5,0.0,0.0,3,6,1110.0,200.0,1929,0.0,98106,47.5545,-122.365,960.0,4800.0,2014-10-20,307000.0
1105000571,3.0,1.75,1870.0,7189.0,1.0,,0.0,3,7,1270.0,600.0,1959,0.0,98118,47.5412,-122.27,1780.0,6200.0,2014-06-10,433000.0
5153200666,3.0,2.25,1900.0,18000.0,1.0,0.0,0.0,4,7,1280.0,620.0,1968,0.0,98023,47.3251,-122.354,1920.0,15000.0,2015-01-14,212000.0
7660100085,5.0,2.75,2860.0,6000.0,2.5,0.0,0.0,4,8,2380.0,480.0,1902,0.0,98144,47.5906,-122.316,2240.0,6000.0,2014-09-08,750000.0
1843130530,3.0,2.0,1640.0,5650.0,1.0,0.0,0.0,3,7,1640.0,0.0,2003,0.0,98042,47.3736,-122.13,2250.0,5488.0,2014-11-25,279000.0
7010700905,3.0,1.0,1140.0,5500.0,1.5,0.0,0.0,4,6,1140.0,0.0,1908,0.0,98199,47.6606,-122.395,1690.0,4400.0,2014-06-11,476000.0
6790600790,5.0,1.75,2590.0,9394.0,1.0,0.0,0.0,4,7,1390.0,1200.0,1963,0.0,98198,47.3941,-122.307,2580.0,9049.0,2015-03-26,368000.0
8651442520,4.0,3.0,2160.0,5200.0,1.0,0.0,0.0,3,7,1320.0,840.0,1978,0.0,98042,47.3627,-122.091,1460.0,5144.0,2014-10-15,228950.0
2722059010,5.0,3.5,3260.0,58806.0,2.0,0.0,0.0,4,8,3260.0,0.0,1969,0.0,98042,47.3703,-122.159,1810.0,17927.0,2014-06-18,568450.0
6884800210,4.0,1.75,1660.0,3800.0,1.5,0.0,0.0,3,7,1660.0,0.0,1926,0.0,98115,47.6883,-122.314,1660.0,3767.0,2014-06-05,619000.0
7349600230,3.0,2.25,1640.0,6044.0,2.0,0.0,0.0,3,7,1640.0,0.0,1996,0.0,98002,47.2844,-122.205,1600.0,7418.0,2014-07-29,275000.0
6699300210,4.0,2.5,2620.0,5457.0,2.0,0.0,0.0,3,8,2620.0,0.0,2003,0.0,98001,47.3148,-122.27,2740.0,5816.0,2014-10-27,321500.0
7883607520,3.0,1.75,950.0,6000.0,1.0,0.0,0.0,3,6,790.0,160.0,1939,0.0,98108,47.5271,-122.316,1360.0,6000.0,2014-05-08,230000.0
1450000210,3.0,1.0,900.0,8100.0,1.0,0.0,0.0,4,6,900.0,0.0,1959,0.0,98002,47.2866,-122.221,1000.0,7830.0,2015-01-28,179500.0
1387301430,3.0,2.25,1650.0,7313.0,1.0,0.0,0.0,3,7,1220.0,430.0,1975,0.0,98011,47.7375,-122.194,1690.0,7252.0,2014-08-18,460000.0
2517010230,3.0,2.5,1800.0,3980.0,2.0,0.0,0.0,3,7,1800.0,0.0,2006,0.0,98042,47.4006,-122.162,2580.0,4307.0,2015-02-26,286000.0
9828201020,3.0,1.0,1480.0,4200.0,1.5,,0.0,3,7,1480.0,0.0,1925,0.0,98122,47.6147,-122.298,1460.0,3600.0,2014-10-31,427500.0
2461900175,3.0,1.0,1040.0,6250.0,1.0,0.0,0.0,3,7,1040.0,0.0,1942,0.0,98136,47.5526,-122.385,1770.0,6250.0,2014-05-22,400000.0
8682250330,3.0,3.5,2300.0,5611.0,1.0,,0.0,3,8,2300.0,0.0,2004,0.0,98053,47.7122,-122.026,2170.0,5926.0,2014-06-24,675000.0
3031200230,3.0,1.0,2480.0,8906.0,1.0,0.0,0.0,3,7,1240.0,1240.0,1969,0.0,98118,47.5366,-122.289,1800.0,8906.0,2015-02-26,350000.0
3824100166,4.0,1.75,1970.0,10358.0,1.0,,0.0,3,8,1540.0,430.0,1977,0.0,98028,47.7719,-122.255,1900.0,10358.0,2014-11-22,385000.0
7011201445,2.0,1.75,1530.0,3503.0,1.0,0.0,1.0,4,7,830.0,,1916,0.0,98119,47.6368,-122.371,1280.0,1531.0,2014-07-02,525000.0
7262200150,2.0,1.0,970.0,18557.0,1.0,0.0,0.0,3,6,970.0,0.0,1939,0.0,98146,47.5116,-122.37,1150.0,7200.0,2015-01-21,315000.0
1623069023,4.0,2.5,2920.0,252648.0,2.0,0.0,0.0,3,10,2920.0,0.0,2002,0.0,98027,47.4784,-122.048,2180.0,71874.0,2014-07-29,820000.0
7523700210,3.0,1.0,970.0,7700.0,1.0,0.0,0.0,4,7,970.0,0.0,1959,0.0,98032,47.3793,-122.304,1160.0,8250.0,2015-04-15,205000.0
2915200210,2.0,1.0,680.0,5250.0,1.0,0.0,0.0,4,6,680.0,0.0,1922,0.0,98177,47.7013,-122.359,1620.0,5461.0,2014-12-05,500000.0
3904990210,4.0,2.5,2640.0,6738.0,2.0,0.0,0.0,4,8,2640.0,0.0,1989,0.0,98029,47.5787,-122.0,2180.0,5782.0,2014-08-22,599000.0
1333300145,3.0,4.0,4200.0,30120.0,2.0,0.0,2.0,4,11,3600.0,600.0,1933,0.0,98112,47.6379,-122.311,2760.0,12200.0,2015-03-04,2230000.0
7461400360,1.0,2.5,1980.0,7521.0,1.0,0.0,0.0,4,7,1180.0,800.0,1979,0.0,98055,47.4343,-122.192,1980.0,8000.0,2015-04-21,299000.0
7631200085,3.0,2.75,2980.0,27144.0,1.5,1.0,2.0,5,8,2180.0,800.0,1917,0.0,98166,47.4522,-122.378,1890.0,12514.0,2014-05-12,947500.0
6145600040,3.0,3.25,1630.0,1677.0,3.0,0.0,0.0,3,8,1630.0,0.0,2007,0.0,98133,47.7048,-122.353,1220.0,1677.0,2014-06-23,385000.0
6372000155,2.0,1.75,1780.0,4520.0,1.0,0.0,0.0,5,7,890.0,890.0,1925,0.0,98116,47.5798,-122.404,1560.0,4520.0,2014-08-11,639950.0
6821600145,2.0,1.0,1210.0,8400.0,1.0,0.0,0.0,3,8,780.0,430.0,2000,0.0,98199,47.6503,-122.393,1860.0,6000.0,2014-11-10,824000.0
7983100150,3.0,1.0,1010.0,7245.0,1.0,0.0,0.0,3,7,1010.0,0.0,1969,0.0,98003,47.3338,-122.306,1300.0,8236.0,2014-06-02,199950.0
723000150,3.0,2.5,2570.0,5000.0,1.0,0.0,0.0,4,8,1480.0,1090.0,1940,0.0,98105,47.6578,-122.285,2420.0,5484.0,2015-04-08,1010000.0
2493200155,4.0,2.25,2770.0,5320.0,2.0,0.0,1.0,3,9,2440.0,330.0,2013,0.0,98136,47.5283,-122.385,2100.0,6011.0,2015-04-03,950000.0
2592210150,3.0,2.5,2290.0,9158.0,2.0,,0.0,4,8,2290.0,0.0,1984,0.0,98006,47.5476,-122.14,2210.0,9588.0,2014-09-23,822000.0
2595300210,4.0,1.5,1780.0,8400.0,1.0,0.0,0.0,3,7,1080.0,700.0,1969,0.0,98136,47.5173,-122.385,1660.0,8400.0,2014-11-06,473600.0
3902100150,5.0,2.0,2150.0,4500.0,1.5,0.0,0.0,3,8,2150.0,0.0,1938,0.0,98116,47.5582,-122.388,1300.0,4500.0,2015-02-02,490000.0
3329520410,3.0,1.75,1920.0,9306.0,1.0,0.0,0.0,3,7,1000.0,920.0,1984,0.0,98001,47.3319,-122.267,1860.0,8458.0,2014-05-05,245000.0
4013800206,4.0,1.0,1220.0,11730.0,1.0,0.0,0.0,4,7,1220.0,0.0,1960,0.0,98001,47.3229,-122.283,1270.0,9520.0,2014-08-28,199000.0
1370803460,3.0,3.0,2960.0,5500.0,2.0,0.0,2.0,3,10,2440.0,520.0,1937,19900.0,98199,47.6356,-122.402,2960.0,5876.0,2014-05-07,1340000.0
4046600220,3.0,1.75,1500.0,19113.0,1.0,,0.0,3,7,1500.0,0.0,1984,0.0,98014,47.6976,-121.916,1820.0,18151.0,2014-10-17,418000.0
6190701484,7.0,3.5,2830.0,8625.0,1.0,,0.0,4,8,1830.0,1000.0,1957,0.0,98133,47.7493,-122.355,1570.0,8400.0,2015-03-11,450000.0
8016200530,3.0,2.5,1580.0,7000.0,2.0,0.0,0.0,3,8,1580.0,0.0,1992,0.0,98030,47.3659,-122.17,2110.0,7062.0,2014-07-18,280000.0
6802210210,3.0,2.25,1230.0,11601.0,1.0,0.0,0.0,4,7,910.0,320.0,1992,0.0,98022,47.1955,-121.991,1820.0,8465.0,2015-03-03,273000.0
4305600040,4.0,2.5,2910.0,6338.0,2.0,0.0,0.0,3,8,2910.0,0.0,2008,0.0,98059,47.4804,-122.126,2500.0,5877.0,2014-05-05,549000.0
7856570150,5.0,2.25,2370.0,15512.0,2.0,0.0,0.0,4,9,2370.0,0.0,1981,0.0,98006,47.5555,-122.15,2380.0,15100.0,2014-06-25,913888.0
7576200040,4.0,2.25,1930.0,3500.0,1.5,0.0,0.0,5,8,1540.0,390.0,1916,0.0,98122,47.6167,-122.29,1800.0,5000.0,2014-07-18,689888.0
6300500183,4.0,2.0,1780.0,5043.0,1.0,0.0,0.0,3,7,870.0,910.0,1993,0.0,98133,47.7045,-122.342,1350.0,5044.0,2014-12-12,305000.0
3204950120,4.0,2.5,2760.0,6850.0,2.0,0.0,0.0,3,9,2760.0,0.0,1999,0.0,98056,47.5346,-122.185,2640.0,9803.0,2014-05-29,602500.0
7857004225,2.0,1.75,1620.0,3640.0,1.0,0.0,0.0,3,7,900.0,720.0,1929,0.0,98108,47.543,-122.299,1590.0,5538.0,2015-04-24,355000.0
7732400360,3.0,2.5,2160.0,7525.0,2.0,0.0,0.0,3,9,2160.0,0.0,1986,0.0,98052,47.6608,-122.145,2470.0,7941.0,2014-08-21,756000.0
4388000120,4.0,2.25,2190.0,6906.0,1.0,0.0,0.0,4,7,1040.0,1150.0,1977,0.0,98023,47.319,-122.373,1250.0,6440.0,2015-04-23,289950.0
8653900150,3.0,2.5,3240.0,7857.0,2.0,0.0,0.0,3,10,3240.0,0.0,1994,0.0,98075,47.5857,-122.038,2970.0,7857.0,2014-05-05,800000.0
3362400472,2.0,1.0,720.0,3255.0,1.0,0.0,0.0,4,6,720.0,0.0,1905,0.0,98103,47.6823,-122.348,1430.0,3170.0,2014-12-02,403000.0
8857100180,3.0,2.25,1410.0,1340.0,2.0,0.0,0.0,3,8,1370.0,40.0,1967,0.0,98008,47.6108,-122.113,1730.0,2748.0,2015-04-13,350000.0
8156600210,5.0,3.5,2980.0,5100.0,2.0,0.0,0.0,3,10,2370.0,610.0,2015,0.0,98115,47.6782,-122.299,1780.0,5100.0,2015-03-26,1290000.0
4038700720,5.0,2.25,1950.0,8025.0,1.0,,2.0,3,7,1150.0,800.0,1960,0.0,98008,47.6159,-122.114,1780.0,8560.0,2014-09-18,525126.0
2634500085,3.0,1.0,1100.0,8138.0,1.0,0.0,0.0,3,7,1100.0,0.0,1949,0.0,98155,47.7393,-122.325,1440.0,8131.0,2014-08-12,241450.0
1077100035,3.0,1.5,1400.0,9087.0,1.0,0.0,0.0,3,7,1400.0,0.0,1954,0.0,98133,47.7711,-122.34,1490.0,8380.0,2015-01-22,320000.0
5466700360,4.0,2.0,1710.0,7455.0,1.0,0.0,0.0,3,7,1030.0,680.0,1975,0.0,98031,47.3965,-122.173,1710.0,7350.0,2014-10-23,234000.0
1250201165,5.0,2.5,2000.0,3600.0,1.0,0.0,0.0,3,6,1150.0,850.0,1987,0.0,98144,47.5971,-122.295,1410.0,3600.0,2014-11-21,441000.0
1250201165,5.0,2.5,2000.0,3600.0,1.0,0.0,0.0,3,6,1150.0,850.0,1987,0.0,98144,47.5971,-122.295,1410.0,3600.0,2015-03-17,474500.0
4083301120,3.0,1.0,1440.0,2618.0,1.5,0.0,0.0,4,7,1440.0,0.0,1906,0.0,98103,47.6582,-122.336,1850.0,3990.0,2015-04-22,705000.0
3905100610,4.0,2.5,1520.0,3370.0,2.0,0.0,0.0,3,8,1520.0,0.0,1994,0.0,98029,47.5696,-122.004,1860.0,4486.0,2015-04-09,517500.0
4330600360,4.0,0.75,1440.0,13300.0,1.0,0.0,0.0,3,6,1440.0,0.0,1948,0.0,98166,47.4761,-122.337,1460.0,11100.0,2014-06-17,142500.0
345700150,2.0,1.5,1010.0,10005.0,2.0,0.0,0.0,3,7,1010.0,0.0,1981,0.0,98056,47.5118,-122.189,1210.0,7794.0,2014-11-06,310000.0
7732100150,4.0,2.5,2440.0,9727.0,2.0,0.0,0.0,3,9,2440.0,0.0,1987,0.0,98052,47.6613,-122.132,2370.0,11503.0,2014-10-28,749500.0
5379800862,5.0,3.0,2480.0,7200.0,1.0,0.0,0.0,3,7,1560.0,920.0,1999,0.0,98188,47.4586,-122.283,1910.0,9432.0,2015-04-29,360000.0
4396000180,3.0,1.0,1090.0,22080.0,1.0,0.0,0.0,5,7,1090.0,0.0,1967,0.0,98038,47.3991,-121.964,1590.0,19457.0,2014-11-21,267500.0
1447600410,3.0,1.0,1480.0,32700.0,1.0,0.0,0.0,4,6,1380.0,100.0,1942,0.0,98168,47.4949,-122.327,1500.0,22600.0,2014-10-09,290000.0
3325059177,5.0,2.5,2800.0,11325.0,1.0,0.0,0.0,4,8,1400.0,1400.0,1970,0.0,98005,47.6166,-122.172,2510.0,13700.0,2014-11-05,850000.0
2652500155,4.0,1.75,1820.0,4500.0,1.5,0.0,0.0,3,8,1820.0,0.0,1921,0.0,98119,47.6429,-122.36,1870.0,3600.0,2014-10-29,815000.0
824059305,5.0,4.0,5840.0,11652.0,2.0,0.0,1.0,3,11,4410.0,1430.0,1988,0.0,98004,47.5835,-122.202,3120.0,13639.0,2015-01-08,2200000.0
5318101565,4.0,3.25,2980.0,3600.0,2.0,0.0,0.0,3,9,2150.0,830.0,1999,0.0,98112,47.6352,-122.284,2980.0,4800.0,2014-07-03,1630000.0
2460600040,3.0,1.5,1220.0,7300.0,1.0,0.0,0.0,3,7,1220.0,0.0,1973,0.0,98001,47.3341,-122.279,1260.0,7347.0,2014-06-16,175000.0
9527000040,3.0,1.75,1830.0,9758.0,1.0,0.0,0.0,3,8,1300.0,530.0,1977,0.0,98034,47.7107,-122.23,1850.0,8000.0,2014-10-02,429950.0
2909300150,4.0,2.5,2900.0,5505.0,2.0,0.0,0.0,3,8,2900.0,0.0,2002,0.0,98074,47.6063,-122.02,2970.0,5251.0,2014-07-14,675000.0
8078600330,3.0,2.25,1940.0,5980.0,1.0,0.0,0.0,3,7,1520.0,420.0,1987,0.0,98027,47.5476,-122.075,1910.0,6309.0,2014-07-08,580000.0
4338800720,4.0,2.0,1750.0,7800.0,1.0,0.0,0.0,4,6,1750.0,0.0,1944,0.0,98166,47.4791,-122.347,1270.0,7800.0,2015-02-24,240000.0
4016800120,3.0,2.5,1850.0,17808.0,1.0,0.0,0.0,4,8,1210.0,640.0,1982,0.0,98032,47.3631,-122.271,2260.0,16754.0,2014-08-20,374000.0
2021201085,4.0,2.5,3220.0,4400.0,2.0,0.0,2.0,3,9,2180.0,1040.0,1937,0.0,98199,47.6325,-122.394,3000.0,5000.0,2014-12-12,862500.0
1922059010,2.0,1.0,1080.0,6052.0,1.0,0.0,0.0,5,6,1080.0,0.0,1908,0.0,98030,47.3857,-122.215,1810.0,7830.0,2015-01-21,140000.0
1133000385,5.0,3.75,3990.0,18897.0,2.0,0.0,0.0,3,8,3090.0,900.0,1937,0.0,98125,47.7228,-122.31,2080.0,9793.0,2014-05-30,740000.0
2397100155,3.0,1.75,920.0,3600.0,1.0,0.0,0.0,4,6,820.0,100.0,1904,0.0,98119,47.6386,-122.365,1620.0,3600.0,2015-02-24,589000.0
7461420210,3.0,1.75,1290.0,9760.0,1.0,0.0,0.0,3,7,1290.0,0.0,1979,0.0,98058,47.4265,-122.148,1410.0,8034.0,2015-02-23,275000.0
6204050040,4.0,2.5,2090.0,4196.0,2.0,0.0,0.0,3,8,2090.0,0.0,2006,0.0,98011,47.7453,-122.192,2640.0,4503.0,2014-07-11,489900.0
4099100210,3.0,2.5,1900.0,3366.0,2.0,,0.0,3,9,1900.0,0.0,1996,0.0,98033,47.6679,-122.184,2500.0,3954.0,2014-08-13,545000.0
316000145,4.0,1.0,1360.0,7132.0,1.5,0.0,0.0,3,6,1360.0,0.0,1941,0.0,98168,47.5054,-122.301,1280.0,7175.0,2015-03-25,235000.0
3331000455,3.0,1.0,1000.0,4000.0,1.5,0.0,0.0,4,6,1000.0,0.0,1915,0.0,98118,47.5523,-122.286,1040.0,4240.0,2015-02-17,230000.0
9839300775,4.0,2.25,2170.0,4080.0,2.0,,0.0,3,7,1920.0,250.0,1980,0.0,98122,47.6124,-122.293,1890.0,4400.0,2014-07-10,655000.0
2320069107,2.0,1.0,820.0,16030.0,1.0,0.0,0.0,4,5,820.0,0.0,1923,0.0,98022,47.2039,-122.003,1880.0,14046.0,2014-08-22,185000.0
2599001010,3.0,1.0,1090.0,7400.0,1.0,0.0,0.0,4,7,1090.0,0.0,1962,0.0,98092,47.2923,-122.19,1140.0,8165.0,2015-03-26,196000.0
2193340120,3.0,2.25,1830.0,7897.0,1.0,0.0,0.0,4,8,1290.0,540.0,1986,0.0,98052,47.6914,-122.103,1990.0,8306.0,2014-06-04,572000.0
7954310210,4.0,2.5,3010.0,6903.0,2.0,0.0,0.0,3,9,3010.0,0.0,2001,0.0,98056,47.5213,-122.193,2860.0,6435.0,2015-04-30,615000.0
2425049107,4.0,3.75,4150.0,17424.0,1.0,0.0,0.0,3,9,3130.0,1020.0,1963,20000.0,98039,47.639,-122.236,3930.0,21420.0,2015-03-05,1950000.0
1338300555,6.0,2.25,2930.0,4320.0,2.0,0.0,0.0,3,9,2130.0,800.0,1913,0.0,98112,47.6295,-122.306,2860.0,4320.0,2015-03-20,1230000.0
8944310330,3.0,2.5,1520.0,5649.0,2.0,0.0,0.0,4,7,1520.0,0.0,1989,0.0,98034,47.7221,-122.162,1540.0,5000.0,2014-08-19,375000.0
2551500180,3.0,1.75,1250.0,9486.0,1.0,0.0,0.0,4,6,1250.0,0.0,1971,0.0,98070,47.4341,-122.446,1270.0,9600.0,2014-09-05,295000.0
9212900180,4.0,2.5,2760.0,6000.0,2.0,,0.0,5,7,2230.0,530.0,1942,0.0,98115,47.6877,-122.295,1600.0,6000.0,2014-06-25,760000.0
2473460650,3.0,1.75,1330.0,7848.0,1.0,0.0,0.0,3,8,1330.0,0.0,1978,0.0,98058,47.4463,-122.127,2110.0,8497.0,2015-04-07,347000.0
2856101755,3.0,2.0,1700.0,5100.0,1.5,,0.0,4,7,1500.0,200.0,1924,0.0,98117,47.679,-122.39,1700.0,5100.0,2015-05-04,712000.0
3080000040,4.0,2.0,2050.0,4000.0,1.5,0.0,0.0,5,7,1210.0,840.0,1941,0.0,98144,47.5799,-122.306,1310.0,4000.0,2014-05-15,495000.0
1224049080,4.0,2.0,3140.0,10437.0,1.0,,0.0,4,8,2040.0,1100.0,1959,0.0,98040,47.5786,-122.229,2010.0,10437.0,2014-06-20,925000.0
9547200835,3.0,1.0,2030.0,4080.0,1.5,0.0,0.0,4,7,1840.0,190.0,1908,0.0,98115,47.6765,-122.308,2030.0,4080.0,2015-04-02,775000.0
4363700365,4.0,2.5,2100.0,7920.0,1.5,0.0,0.0,4,6,1400.0,700.0,1916,0.0,98126,47.5293,-122.371,1230.0,7920.0,2014-08-01,429000.0
7683800212,3.0,1.0,1010.0,12705.0,1.0,0.0,0.0,4,7,1010.0,0.0,1959,0.0,98003,47.3348,-122.303,1490.0,10200.0,2014-12-18,229000.0
1324079054,4.0,1.5,1980.0,113691.0,1.0,0.0,0.0,3,7,1980.0,0.0,1962,0.0,98024,47.5606,-121.853,1980.0,89298.0,2014-09-22,400000.0
2141330360,4.0,2.25,2100.0,8290.0,2.0,,0.0,4,8,2100.0,0.0,1978,0.0,98006,47.5595,-122.129,2100.0,8290.0,2014-07-29,625000.0
6450302546,2.0,1.0,840.0,6654.0,1.0,0.0,0.0,3,7,840.0,0.0,1951,0.0,98133,47.7319,-122.335,1350.0,5831.0,2014-10-21,130000.0
7972600676,3.0,1.75,1690.0,5080.0,1.0,,0.0,3,7,1190.0,500.0,1976,0.0,98106,47.5312,-122.348,1300.0,5080.0,2014-11-04,349000.0
922059161,3.0,2.0,2140.0,26600.0,1.0,0.0,0.0,4,7,2140.0,0.0,1983,0.0,98031,47.4066,-122.169,2310.0,8783.0,2014-09-22,365000.0
2770601461,3.0,2.5,1810.0,1988.0,2.0,0.0,0.0,3,7,1350.0,460.0,1997,0.0,98199,47.6513,-122.385,1600.0,1525.0,2015-03-17,487500.0
8079010230,3.0,2.5,2600.0,7210.0,2.0,0.0,0.0,3,8,2600.0,0.0,1989,0.0,98059,47.5123,-122.151,2350.0,7225.0,2014-06-03,475000.0
5458800620,3.0,1.75,1650.0,8400.0,1.0,0.0,0.0,3,8,1470.0,180.0,1959,0.0,98040,47.5766,-122.236,2020.0,7777.0,2014-09-24,685000.0
5318101075,3.0,1.75,2460.0,4800.0,1.0,0.0,0.0,4,7,1230.0,1230.0,1938,0.0,98112,47.6343,-122.282,2860.0,4800.0,2014-08-11,960000.0
5430300120,5.0,2.25,4320.0,7620.0,2.0,0.0,0.0,3,7,2880.0,1440.0,1973,20140.0,98115,47.6824,-122.287,1880.0,7620.0,2014-11-13,1100000.0
1442700360,3.0,2.25,2600.0,15000.0,2.0,0.0,0.0,3,9,2600.0,0.0,1978,0.0,98038,47.3719,-122.056,2380.0,15000.0,2015-03-20,428000.0
5651010150,3.0,2.5,1930.0,5790.0,2.0,0.0,0.0,4,7,1930.0,0.0,1988,0.0,98011,47.7733,-122.17,1790.0,4901.0,2015-05-10,435000.0
6908200021,3.0,2.0,2190.0,5400.0,1.0,0.0,2.0,5,7,1260.0,930.0,1952,0.0,98107,47.6737,-122.4,2160.0,5400.0,2014-10-28,769950.0
2201500555,3.0,1.0,1420.0,10980.0,1.0,0.0,0.0,4,7,1200.0,220.0,1954,0.0,98006,47.574,-122.138,1630.0,9763.0,2014-09-29,385000.0
255550150,3.0,2.5,2090.0,3002.0,2.0,,0.0,3,7,1670.0,420.0,2005,0.0,98019,47.745,-121.984,2090.0,3163.0,2014-11-18,352000.0
524069011,3.0,2.5,2290.0,14374.0,2.0,0.0,0.0,3,8,2290.0,0.0,1983,20120.0,98075,47.5886,-122.074,2290.0,33450.0,2014-09-11,622500.0
7504010760,3.0,3.0,2470.0,11900.0,2.0,0.0,0.0,3,9,2290.0,180.0,1976,0.0,98074,47.641,-122.057,2590.0,11900.0,2015-02-12,660000.0
1788800610,3.0,1.0,840.0,8400.0,1.0,0.0,0.0,3,6,840.0,0.0,1959,0.0,98023,47.3277,-122.343,840.0,9450.0,2014-09-02,105000.0
7192800145,2.0,1.0,2100.0,4480.0,1.0,0.0,0.0,5,7,1400.0,700.0,1908,0.0,98126,47.574,-122.372,1570.0,4400.0,2014-12-02,420000.0
5566100145,3.0,1.5,1360.0,11250.0,1.0,,0.0,4,7,1360.0,0.0,1955,0.0,98006,47.5697,-122.177,1440.0,11250.0,2014-09-03,499950.0
2024059052,6.0,3.0,3420.0,22421.0,1.0,,0.0,5,9,2270.0,1150.0,1948,0.0,98006,47.5508,-122.189,2430.0,15560.0,2014-08-14,975000.0
2436700540,3.0,2.75,1930.0,2960.0,1.5,0.0,0.0,5,7,1490.0,440.0,1929,0.0,98105,47.6659,-122.287,2080.0,3760.0,2014-10-01,665000.0
7200001608,4.0,2.5,2180.0,10140.0,1.0,0.0,0.0,4,7,1180.0,1000.0,1968,0.0,98052,47.6822,-122.111,1840.0,9375.0,2014-07-01,540000.0
5612100065,4.0,2.0,1670.0,12056.0,1.0,0.0,0.0,3,7,1670.0,0.0,1955,0.0,98028,47.7418,-122.244,1860.0,12056.0,2014-05-29,400000.0
7785380150,4.0,2.75,2720.0,6427.0,1.0,0.0,0.0,3,8,1650.0,1070.0,2008,0.0,98146,47.4931,-122.354,2720.0,8484.0,2014-12-15,469950.0
4178310040,4.0,2.5,3170.0,9900.0,2.0,0.0,0.0,4,8,3170.0,0.0,1979,0.0,98007,47.6181,-122.147,2540.0,12400.0,2014-10-16,777000.0
1708400555,2.0,1.75,1610.0,6300.0,1.0,0.0,0.0,3,7,1010.0,600.0,1941,0.0,98108,47.554,-122.304,1370.0,5225.0,2014-06-25,346500.0
3629760330,3.0,2.5,2370.0,4950.0,2.0,0.0,0.0,3,8,2370.0,0.0,2003,0.0,98029,47.5465,-122.013,2230.0,4950.0,2015-03-11,685000.0
5469501830,3.0,2.5,2590.0,18980.0,1.0,0.0,0.0,4,10,2590.0,0.0,1976,0.0,98042,47.3839,-122.153,3110.0,14652.0,2014-06-24,396500.0
9829201058,3.0,2.5,2850.0,7130.0,2.0,0.0,0.0,3,10,1990.0,860.0,1980,0.0,98122,47.603,-122.289,2280.0,6459.0,2014-05-04,783500.0
1931300175,4.0,2.0,1660.0,4800.0,1.5,0.0,0.0,3,7,1660.0,0.0,1922,0.0,98103,47.6556,-122.345,1660.0,4800.0,2014-07-02,575000.0
7237500360,4.0,4.25,5550.0,12968.0,2.0,0.0,0.0,3,11,5550.0,0.0,2005,0.0,98059,47.5305,-122.135,4750.0,13001.0,2014-11-06,1500000.0
923000120,3.0,1.5,2200.0,7620.0,1.0,,0.0,4,7,1130.0,1070.0,1942,0.0,98177,47.7263,-122.363,2170.0,7672.0,2015-04-08,515000.0
1446800995,3.0,2.5,2020.0,6628.0,1.0,0.0,0.0,4,7,1250.0,770.0,1963,0.0,98168,47.4934,-122.332,1540.0,9995.0,2014-08-05,300000.0
8732000410,3.0,1.5,1760.0,9600.0,1.0,0.0,0.0,4,7,1760.0,0.0,1966,0.0,98031,47.4085,-122.195,1450.0,9600.0,2015-01-14,272000.0
7303100210,4.0,2.25,1810.0,4970.0,2.0,0.0,0.0,3,7,1810.0,0.0,2003,0.0,98059,47.5003,-122.156,1810.0,4858.0,2014-05-27,355000.0
3348401622,3.0,2.0,1310.0,8440.0,1.0,0.0,0.0,5,6,1310.0,0.0,1951,0.0,98178,47.5003,-122.269,1790.0,10775.0,2014-07-31,223000.0
3793501400,4.0,2.5,3000.0,8584.0,2.0,0.0,0.0,3,7,3000.0,0.0,2003,0.0,98038,47.369,-122.032,2610.0,7570.0,2014-08-20,397000.0
2872100385,2.0,2.0,1080.0,5000.0,1.0,0.0,0.0,5,6,1080.0,0.0,1923,0.0,98117,47.6826,-122.394,1530.0,5000.0,2015-03-18,460000.0
1689400150,3.0,2.75,2170.0,2738.0,1.5,0.0,0.0,4,9,1550.0,620.0,1930,0.0,98109,47.6389,-122.349,1170.0,1062.0,2015-02-06,848000.0
2887701251,2.0,1.0,740.0,4275.0,1.0,0.0,0.0,5,6,740.0,0.0,1924,0.0,98115,47.688,-122.308,1900.0,4275.0,2014-10-07,392800.0
3528000040,3.0,3.25,5290.0,224442.0,2.0,0.0,0.0,4,11,4540.0,750.0,1988,0.0,98053,47.6671,-122.051,3750.0,84936.0,2014-10-01,1690000.0
3528000040,3.0,3.25,5290.0,224442.0,2.0,0.0,0.0,4,11,4540.0,750.0,1988,0.0,98053,47.6671,-122.051,3750.0,84936.0,2015-03-26,1800000.0
3787000120,3.0,2.25,2370.0,7878.0,2.0,0.0,0.0,3,8,2370.0,0.0,1985,0.0,98034,47.7281,-122.168,1870.0,7766.0,2015-01-22,577000.0
5693500760,3.0,1.0,1890.0,3330.0,1.5,0.0,0.0,4,7,1390.0,500.0,1901,0.0,98103,47.6597,-122.352,1530.0,3330.0,2014-07-07,570000.0
8892900180,3.0,1.75,1160.0,6134.0,1.0,0.0,0.0,3,7,1160.0,0.0,1998,0.0,98002,47.3414,-122.218,1330.0,6301.0,2014-06-17,250000.0
5458800330,4.0,1.75,1550.0,7350.0,1.5,0.0,0.0,4,8,1550.0,0.0,1958,0.0,98040,47.5795,-122.235,1860.0,7350.0,2014-09-04,645000.0
1560930450,3.0,2.5,3090.0,67082.0,2.0,0.0,0.0,3,9,3090.0,0.0,1990,0.0,98038,47.4032,-122.023,3650.0,62290.0,2014-10-24,567500.0
6699930360,4.0,2.5,2610.0,5240.0,2.0,0.0,0.0,3,8,2610.0,0.0,2004,0.0,98038,47.345,-122.042,2480.0,5240.0,2014-07-22,337000.0
1423900580,3.0,1.75,1230.0,8250.0,1.0,0.0,0.0,3,7,1230.0,0.0,1966,0.0,98058,47.4526,-122.176,1250.0,8250.0,2014-06-25,280000.0
7338000730,3.0,1.5,1280.0,5547.0,2.0,0.0,0.0,4,6,1280.0,0.0,1985,0.0,98002,47.3344,-122.215,1150.0,4500.0,2014-07-28,167000.0
4364700730,2.0,1.0,1880.0,7560.0,1.0,,0.0,3,6,940.0,940.0,1919,0.0,98126,47.5261,-122.374,1280.0,7560.0,2014-05-30,280000.0
7305300760,2.0,1.5,1220.0,8409.0,1.0,0.0,0.0,4,6,1220.0,0.0,1948,0.0,98155,47.7534,-122.324,1130.0,8409.0,2014-12-22,317500.0
2488200455,2.0,2.75,1350.0,1252.0,2.0,0.0,0.0,3,8,1120.0,230.0,2006,0.0,98136,47.522,-122.39,1410.0,1265.0,2014-07-03,405500.0
318900120,4.0,2.5,2370.0,15336.0,2.0,0.0,0.0,3,8,2370.0,0.0,1995,0.0,98024,47.5633,-121.901,2110.0,15925.0,2015-01-23,495000.0
7504110330,4.0,3.0,3040.0,11651.0,2.0,0.0,0.0,3,10,3040.0,0.0,1987,0.0,98074,47.6348,-122.038,2540.0,11815.0,2015-01-28,691000.0
2222039011,5.0,1.75,2080.0,217800.0,1.0,0.0,0.0,5,7,2080.0,0.0,1963,0.0,98070,47.3884,-122.404,1670.0,213008.0,2014-11-03,480000.0
6021502300,2.0,1.75,1560.0,4141.0,1.0,0.0,0.0,4,7,880.0,680.0,1942,0.0,98117,47.6863,-122.382,1210.0,4141.0,2015-02-11,549010.0
3630110360,5.0,3.5,2980.0,5809.0,2.0,0.0,2.0,3,8,2980.0,0.0,2005,0.0,98029,47.5537,-121.996,2120.0,3416.0,2015-04-22,750000.0
1529300410,2.0,1.0,870.0,5689.0,1.0,0.0,0.0,4,7,870.0,0.0,1948,0.0,98103,47.6988,-122.351,1100.0,5711.0,2015-02-24,365000.0
2426049154,3.0,1.75,1660.0,10716.0,1.0,,0.0,3,7,1100.0,560.0,1988,0.0,98034,47.7326,-122.234,1630.0,7626.0,2015-03-05,412500.0
6204420180,3.0,2.25,1870.0,9000.0,1.0,0.0,0.0,3,7,1440.0,430.0,1978,0.0,98011,47.7373,-122.198,1870.0,8640.0,2014-06-03,425000.0
8085400410,3.0,1.0,1410.0,9656.0,1.0,,0.0,3,7,960.0,450.0,1953,0.0,98004,47.6354,-122.208,2410.0,9384.0,2015-03-31,920000.0
8731980880,4.0,2.25,2180.0,8000.0,1.0,0.0,0.0,4,9,1630.0,550.0,1975,0.0,98023,47.317,-122.378,2310.0,8000.0,2014-12-22,340000.0
626049115,4.0,2.5,2620.0,8960.0,1.0,0.0,0.0,5,7,1520.0,1100.0,1955,0.0,98133,47.7642,-122.335,1880.0,8960.0,2014-11-05,405000.0
6388910040,3.0,2.5,2450.0,7051.0,1.0,0.0,0.0,3,8,1870.0,580.0,1990,0.0,98056,47.5308,-122.171,2450.0,8788.0,2015-03-24,537100.0
1748800120,4.0,2.5,3250.0,4650.0,2.0,0.0,0.0,3,8,3250.0,0.0,2007,0.0,98031,47.4004,-122.203,2960.0,4650.0,2015-03-18,353500.0
4077800582,3.0,1.0,1150.0,7080.0,1.0,0.0,0.0,3,7,1150.0,0.0,1952,0.0,98125,47.7106,-122.288,1490.0,7921.0,2014-09-12,522000.0
7202260210,4.0,2.75,2780.0,6978.0,2.0,0.0,0.0,3,8,2780.0,0.0,2001,0.0,98053,47.6881,-122.04,2760.0,5460.0,2014-10-10,710000.0
5095600360,3.0,1.75,1360.0,13320.0,1.0,0.0,0.0,4,7,1360.0,0.0,1985,0.0,98059,47.4625,-122.069,1580.0,13625.0,2015-03-12,329950.0
2607801120,5.0,2.5,2810.0,14207.0,1.0,,3.0,3,9,1540.0,1270.0,1979,0.0,98008,47.5742,-122.11,3190.0,14000.0,2015-04-20,830000.0
9542200610,4.0,2.5,1780.0,11130.0,1.0,0.0,0.0,5,8,1780.0,0.0,1962,0.0,98005,47.5931,-122.178,2610.0,11130.0,2015-02-19,800500.0
8092000330,3.0,1.0,1100.0,10125.0,1.0,0.0,0.0,3,7,1100.0,0.0,1969,0.0,98042,47.367,-122.107,1570.0,10650.0,2014-05-28,168500.0
7852020790,3.0,2.5,2230.0,5348.0,2.0,0.0,0.0,3,8,2230.0,0.0,2000,0.0,98065,47.5347,-121.866,2190.0,5205.0,2014-06-27,490000.0
6379500227,3.0,2.5,1710.0,1904.0,2.0,0.0,0.0,3,8,1140.0,570.0,2003,0.0,98116,47.5827,-122.387,1260.0,1316.0,2014-10-06,579000.0
6790200180,4.0,2.5,2620.0,9873.0,2.0,0.0,0.0,3,8,2620.0,0.0,1987,0.0,98075,47.5822,-122.051,2520.0,9935.0,2014-06-03,600000.0
1781500155,4.0,1.75,1990.0,4725.0,1.5,0.0,0.0,4,7,1190.0,800.0,1944,0.0,98126,47.5275,-122.38,1240.0,4961.0,2014-05-29,445000.0
3424069154,4.0,1.75,1450.0,8450.0,1.0,0.0,0.0,3,7,1450.0,0.0,1960,0.0,98027,47.5289,-122.028,1540.0,8450.0,2014-06-24,362500.0
1683500180,4.0,2.0,1630.0,9010.0,1.0,0.0,0.0,4,7,1050.0,580.0,1975,0.0,98092,47.317,-122.196,1670.0,7820.0,2014-05-14,234000.0
1523300180,1.0,1.0,730.0,1942.0,1.0,0.0,0.0,3,7,730.0,0.0,2008,0.0,98144,47.5939,-122.299,1020.0,2183.0,2014-07-09,321500.0
1868901120,3.0,1.75,1980.0,3300.0,1.5,,0.0,4,7,1140.0,840.0,1926,0.0,98115,47.6733,-122.298,1590.0,5000.0,2014-06-06,660000.0
822059101,4.0,1.0,1730.0,36356.0,1.5,0.0,0.0,4,6,1730.0,0.0,1954,0.0,98031,47.4135,-122.199,1380.0,14060.0,2014-09-25,319000.0
3421069020,3.0,1.75,1350.0,217852.0,1.0,0.0,0.0,3,8,1100.0,250.0,1953,0.0,98022,47.2628,-122.03,2190.0,217800.0,2014-10-20,314000.0
2769602710,3.0,2.0,1410.0,5000.0,1.0,0.0,0.0,5,7,740.0,670.0,1908,0.0,98107,47.6752,-122.361,1830.0,4000.0,2014-10-06,517950.0
6071300180,5.0,2.5,2360.0,10081.0,1.0,0.0,0.0,4,7,1180.0,1180.0,1961,0.0,98006,47.5552,-122.178,2200.0,10461.0,2014-07-14,525000.0
3211101010,3.0,1.0,1190.0,8450.0,1.0,,0.0,5,6,1190.0,0.0,1961,0.0,98059,47.4807,-122.157,1660.0,8450.0,2015-02-11,319500.0
9471201175,4.0,3.25,3760.0,10920.0,1.5,0.0,0.0,5,9,2400.0,1360.0,1950,0.0,98105,47.6687,-122.264,3430.0,11050.0,2014-05-06,1580000.0
2009003136,1.0,1.0,1220.0,12426.0,1.0,0.0,4.0,4,6,1220.0,0.0,1946,0.0,98198,47.4047,-122.331,2770.0,22270.0,2014-08-22,325000.0
7574910220,4.0,2.5,2920.0,32219.0,2.0,0.0,0.0,5,10,2920.0,0.0,1995,0.0,98077,47.7439,-122.041,3420.0,37206.0,2014-07-31,795000.0
1370801465,2.0,1.75,1590.0,5136.0,1.5,,3.0,3,9,1320.0,270.0,1927,0.0,98199,47.6424,-122.411,2520.0,5243.0,2014-06-19,850000.0
1245500730,5.0,3.25,3510.0,10930.0,2.0,0.0,0.0,3,9,3510.0,0.0,2013,0.0,98033,47.6914,-122.21,1970.0,7488.0,2014-12-08,1010000.0
2767603591,3.0,2.5,1320.0,1310.0,3.0,0.0,0.0,3,8,1320.0,0.0,2006,0.0,98107,47.6719,-122.38,1350.0,1250.0,2014-08-04,475000.0
8718500665,3.0,1.0,1610.0,11250.0,1.0,0.0,0.0,3,7,1090.0,520.0,1975,0.0,98028,47.7391,-122.256,2040.0,10692.0,2014-07-24,375000.0
106000395,3.0,1.0,1410.0,8053.0,1.0,0.0,0.0,4,7,1410.0,0.0,1951,0.0,98177,47.704,-122.367,1170.0,8042.0,2014-06-24,405000.0
5538300120,4.0,2.5,2170.0,10500.0,1.0,0.0,0.0,3,7,1570.0,600.0,1962,0.0,98155,47.7512,-122.295,1850.0,11127.0,2014-10-15,420000.0
9405800040,4.0,1.75,1890.0,4800.0,1.5,0.0,0.0,3,7,1390.0,500.0,1906,0.0,98119,47.6405,-122.367,1890.0,4800.0,2014-10-16,775000.0
3630180450,4.0,2.75,3260.0,5000.0,2.0,0.0,0.0,3,9,3260.0,0.0,2007,0.0,98027,47.5395,-121.997,3450.0,6218.0,2015-04-07,800000.0
8126300610,3.0,1.75,2080.0,12714.0,2.0,0.0,0.0,4,8,1540.0,540.0,1984,0.0,98052,47.7056,-122.162,2080.0,12107.0,2015-04-01,436800.0
546000910,3.0,1.75,2040.0,4005.0,1.5,0.0,0.0,4,8,1740.0,300.0,1930,0.0,98117,47.6885,-122.38,1380.0,4005.0,2014-12-03,620000.0
2268000180,3.0,1.0,1250.0,9035.0,1.0,0.0,0.0,4,7,1250.0,0.0,1970,0.0,98003,47.275,-122.302,1350.0,10425.0,2015-03-25,230000.0
3333002450,1.0,1.0,850.0,8050.0,1.0,0.0,0.0,2,6,850.0,0.0,1906,0.0,98118,47.5427,-122.288,1590.0,5180.0,2014-07-08,165000.0
3333002450,1.0,1.0,850.0,8050.0,1.0,0.0,0.0,2,6,850.0,0.0,1906,0.0,98118,47.5427,-122.288,1590.0,5180.0,2015-01-22,490000.0
6072000910,3.0,1.75,1600.0,8400.0,1.0,0.0,0.0,5,8,1600.0,0.0,1963,0.0,98006,47.5479,-122.179,2210.0,8400.0,2014-08-06,480000.0
4113800330,3.0,2.5,2400.0,6975.0,2.0,,0.0,3,9,2400.0,0.0,1993,0.0,98056,47.534,-122.179,2640.0,11172.0,2014-06-06,570000.0
3764500180,3.0,2.25,1870.0,4894.0,2.0,,0.0,4,8,1750.0,120.0,1992,0.0,98033,47.6943,-122.19,1920.0,5988.0,2015-01-24,615000.0
1326049170,3.0,1.0,1720.0,9605.0,1.0,0.0,0.0,3,7,860.0,860.0,1969,0.0,98028,47.7439,-122.242,1720.0,9998.0,2014-09-24,280000.0
9238450210,3.0,1.0,1030.0,9834.0,1.0,0.0,0.0,3,7,1030.0,0.0,1969,0.0,98072,47.7676,-122.164,1210.0,9875.0,2014-06-23,326000.0
2436700666,2.0,2.25,1190.0,1499.0,2.0,0.0,0.0,3,9,1100.0,90.0,2004,0.0,98105,47.6666,-122.285,1430.0,1332.0,2015-02-16,550700.0
3043200035,2.0,1.0,910.0,2002.0,1.5,0.0,0.0,3,6,910.0,0.0,1900,0.0,98112,47.6188,-122.306,1190.0,1208.0,2014-07-01,600000.0
1424069044,3.0,1.0,1290.0,47044.0,1.0,0.0,0.0,3,7,1150.0,140.0,1968,0.0,98029,47.5655,-121.998,1960.0,49658.0,2014-09-10,450000.0
3037200141,2.0,2.25,1530.0,1324.0,2.0,0.0,0.0,3,8,1280.0,250.0,2010,0.0,98122,47.6032,-122.311,1410.0,1689.0,2015-03-09,546000.0
1323089107,3.0,2.5,2330.0,33750.0,2.0,0.0,0.0,3,9,2330.0,0.0,1983,20010.0,98045,47.4787,-121.723,2270.0,35000.0,2015-01-21,585000.0
8024201714,3.0,1.75,2090.0,7667.0,1.0,0.0,2.0,3,7,1200.0,890.0,1952,0.0,98115,47.7007,-122.312,1480.0,7666.0,2014-11-17,489000.0
9829200325,3.0,2.0,1570.0,7000.0,2.0,,2.0,4,8,1050.0,520.0,1971,0.0,98122,47.6061,-122.286,1990.0,6675.0,2014-06-17,765000.0
723039189,3.0,1.75,1560.0,26099.0,1.0,0.0,3.0,4,8,1560.0,0.0,1973,0.0,98070,47.5023,-122.467,1760.0,19687.0,2015-01-02,519000.0
1352300120,2.0,1.0,1500.0,4120.0,1.5,0.0,0.0,3,5,880.0,620.0,1928,0.0,98055,47.4857,-122.2,1300.0,4120.0,2014-05-29,262000.0
5101404351,4.0,2.75,2160.0,5005.0,1.0,0.0,0.0,3,7,1430.0,730.0,1987,0.0,98115,47.6971,-122.302,1770.0,5326.0,2014-07-02,550000.0
7211401485,2.0,1.0,780.0,5000.0,1.0,0.0,0.0,4,6,780.0,0.0,1943,0.0,98146,47.5112,-122.357,1030.0,5000.0,2014-06-06,285000.0
5631500967,4.0,1.75,2340.0,17541.0,1.0,0.0,0.0,4,7,1360.0,980.0,1956,0.0,98028,47.745,-122.229,2250.0,9212.0,2015-02-04,476000.0
2425049061,3.0,2.0,3570.0,30456.0,1.0,0.0,1.0,3,8,2070.0,1500.0,1946,19820.0,98039,47.6413,-122.24,3570.0,27418.0,2014-08-25,2200000.0
7518503065,1.0,1.0,720.0,5100.0,1.0,0.0,0.0,3,6,720.0,0.0,1907,0.0,98117,47.6821,-122.38,1320.0,5100.0,2014-06-23,335000.0
1796000120,4.0,2.0,2990.0,102366.0,1.0,0.0,0.0,4,8,2990.0,0.0,1974,0.0,98092,47.3068,-122.088,2820.0,57140.0,2014-10-23,510000.0
1922059197,3.0,2.25,1860.0,13939.0,1.0,0.0,0.0,4,7,1860.0,0.0,1961,0.0,98030,47.3746,-122.217,1530.0,10018.0,2014-09-18,291000.0
7849201020,4.0,1.75,1950.0,13440.0,1.5,0.0,0.0,4,6,1950.0,0.0,1931,0.0,98065,47.5232,-121.821,1300.0,7432.0,2014-08-21,335000.0
1126049103,3.0,1.5,1860.0,9003.0,1.0,0.0,0.0,3,7,1490.0,370.0,1955,0.0,98028,47.7624,-122.26,2090.0,11574.0,2014-08-29,415000.0
65000085,3.0,2.0,1550.0,6039.0,1.0,0.0,0.0,5,7,830.0,720.0,1942,0.0,98126,47.5436,-122.378,1330.0,6042.0,2014-07-08,430000.0
9211510410,3.0,1.75,1610.0,6205.0,1.0,0.0,0.0,4,7,1210.0,400.0,1979,0.0,98023,47.3004,-122.383,1780.0,8056.0,2015-04-07,270000.0
2301400325,3.0,2.0,1810.0,4500.0,1.0,,0.0,4,7,980.0,830.0,1906,0.0,98117,47.681,-122.359,1800.0,4500.0,2015-04-07,760000.0
7132300540,2.0,2.0,1730.0,4248.0,2.0,0.0,0.0,3,7,1730.0,0.0,1905,0.0,98144,47.5933,-122.308,1380.0,4000.0,2015-05-08,450000.0
323059103,3.0,2.5,1230.0,23522.0,1.0,0.0,0.0,4,7,1230.0,0.0,1978,0.0,98059,47.515,-122.162,2340.0,23522.0,2015-04-03,425000.0
4083306705,4.0,2.5,2130.0,3420.0,1.5,0.0,0.0,4,7,1730.0,400.0,1916,0.0,98103,47.649,-122.336,1520.0,3420.0,2014-11-21,725000.0
1245001216,3.0,2.75,2190.0,11060.0,1.0,0.0,0.0,4,7,1610.0,580.0,1973,0.0,98033,47.6893,-122.208,2020.0,8588.0,2014-07-21,700000.0
293760210,5.0,4.5,4130.0,10404.0,2.0,0.0,0.0,3,10,4130.0,0.0,2004,0.0,98029,47.5556,-122.03,3890.0,11531.0,2014-08-26,998000.0
3782400040,3.0,2.25,1680.0,9766.0,2.0,0.0,0.0,3,7,1680.0,0.0,1989,0.0,98019,47.7341,-121.981,1590.0,9757.0,2015-05-08,396000.0
2726049164,3.0,2.5,1480.0,8381.0,1.0,0.0,0.0,4,7,1480.0,0.0,1968,0.0,98125,47.7078,-122.288,1710.0,8050.0,2014-06-05,547000.0
9183701085,4.0,1.5,1790.0,10200.0,1.0,0.0,0.0,4,8,1210.0,580.0,1963,0.0,98030,47.3774,-122.225,1540.0,6600.0,2015-04-15,302000.0
1623300325,5.0,3.5,2810.0,2700.0,2.0,0.0,0.0,5,9,1900.0,910.0,1910,0.0,98117,47.6799,-122.363,1510.0,3800.0,2014-10-21,999000.0
7987401010,4.0,2.5,2360.0,10000.0,1.0,0.0,3.0,3,8,1980.0,380.0,1977,0.0,98126,47.573,-122.374,2480.0,5000.0,2014-07-03,633000.0
2131200065,3.0,1.75,1460.0,7361.0,1.0,0.0,0.0,3,6,1460.0,0.0,1982,0.0,98019,47.7436,-121.979,1460.0,7505.0,2014-12-11,265800.0
6141600065,3.0,2.25,2160.0,8114.0,1.0,0.0,0.0,3,8,1460.0,700.0,1960,0.0,98133,47.7176,-122.35,2160.0,8000.0,2014-10-16,530000.0
1562100220,6.0,2.0,2610.0,9132.0,1.0,0.0,0.0,4,8,1320.0,1290.0,1965,0.0,98007,47.622,-122.14,2170.0,8000.0,2015-05-01,605000.0
7853300970,4.0,2.5,2170.0,4587.0,2.0,0.0,0.0,3,7,2170.0,0.0,2006,0.0,98065,47.5396,-121.889,2170.0,5211.0,2015-04-21,489000.0
8687800065,2.0,1.0,2160.0,12960.0,1.0,0.0,0.0,3,7,1360.0,800.0,1968,0.0,98168,47.4702,-122.261,2070.0,12960.0,2014-07-02,305000.0
1504800097,4.0,2.75,2020.0,7070.0,1.0,0.0,0.0,5,7,1010.0,1010.0,1958,0.0,98126,47.5202,-122.378,1390.0,6000.0,2014-06-13,513000.0
3630160610,4.0,2.5,2980.0,5000.0,2.0,0.0,0.0,3,10,2980.0,0.0,2006,0.0,98027,47.5431,-121.997,3140.0,5500.0,2014-07-16,765000.0
6852700477,2.0,1.5,1300.0,2970.0,1.0,0.0,0.0,3,7,990.0,310.0,1903,0.0,98102,47.6233,-122.319,1700.0,3000.0,2014-09-16,550000.0
2592220040,4.0,2.5,3090.0,10730.0,2.0,0.0,0.0,5,8,2420.0,670.0,1985,0.0,98006,47.5458,-122.141,2220.0,7875.0,2014-07-24,974350.0
7524950730,4.0,2.25,2280.0,7229.0,2.0,0.0,0.0,4,8,2280.0,0.0,1984,0.0,98027,47.5609,-122.081,2320.0,7735.0,2015-03-27,653675.0
1545807920,3.0,1.75,1260.0,8614.0,1.0,0.0,0.0,4,7,1260.0,0.0,1985,0.0,98038,47.3586,-122.056,1600.0,8614.0,2014-10-15,245000.0
3213200180,2.0,1.75,1530.0,4387.0,1.0,0.0,0.0,3,8,1020.0,510.0,1952,0.0,98115,47.6726,-122.264,1870.0,5029.0,2015-05-05,700180.0
3577300040,3.0,2.5,1830.0,8133.0,1.0,0.0,0.0,3,8,1390.0,440.0,1996,0.0,98028,47.7478,-122.247,2310.0,11522.0,2015-04-30,510000.0
2064800610,3.0,2.5,1610.0,10292.0,1.0,0.0,0.0,4,7,1190.0,420.0,1969,0.0,98056,47.5349,-122.174,1940.0,8700.0,2014-10-25,390000.0
7215730120,3.0,2.5,2170.0,5500.0,2.0,0.0,0.0,3,8,2170.0,0.0,2000,0.0,98075,47.5975,-122.018,2170.0,5862.0,2015-05-04,606500.0
629800540,4.0,4.25,5020.0,26319.0,2.0,0.0,0.0,3,12,5020.0,0.0,1998,0.0,98074,47.6008,-122.01,4930.0,26319.0,2014-09-09,1500000.0
7575610760,3.0,2.25,1620.0,7772.0,2.0,,0.0,4,8,1620.0,0.0,1988,0.0,98003,47.3521,-122.302,1710.0,6455.0,2015-05-07,290000.0
104500730,3.0,1.75,1080.0,7942.0,1.0,0.0,0.0,3,7,1080.0,0.0,1981,0.0,98023,47.3141,-122.355,1380.0,8244.0,2015-02-24,115000.0
8137500730,3.0,2.5,1940.0,37565.0,1.0,0.0,0.0,4,8,1940.0,0.0,1987,0.0,98027,47.4801,-122.063,2560.0,37565.0,2014-05-07,500000.0
3543900418,3.0,2.5,2360.0,4638.0,2.0,0.0,3.0,3,9,2360.0,0.0,1996,0.0,98115,47.6837,-122.321,1620.0,4638.0,2014-05-15,580050.0
8929000230,3.0,2.5,2010.0,2261.0,2.0,0.0,0.0,3,8,1390.0,620.0,2014,0.0,98029,47.5514,-121.998,1690.0,1899.0,2015-03-06,550000.0
2856100360,3.0,1.0,800.0,3060.0,1.5,0.0,0.0,4,6,800.0,0.0,1903,0.0,98117,47.6769,-122.389,1180.0,3060.0,2015-04-09,465000.0
6413600276,3.0,1.0,970.0,5922.0,1.5,0.0,0.0,3,7,970.0,0.0,1949,0.0,98125,47.719,-122.321,1730.0,6128.0,2015-03-24,354950.0
8562720230,4.0,3.25,3720.0,7150.0,2.0,0.0,2.0,3,11,3720.0,0.0,2007,0.0,98027,47.5359,-122.069,4040.0,7442.0,2014-11-07,980000.0
3579000410,3.0,2.25,2010.0,7447.0,2.0,0.0,0.0,3,8,2010.0,0.0,1985,0.0,98028,47.747,-122.248,2230.0,7846.0,2014-09-05,500000.0
3856904655,4.0,1.0,1430.0,4080.0,1.5,0.0,0.0,3,7,1430.0,0.0,1924,0.0,98105,47.6696,-122.324,1760.0,4080.0,2015-03-29,667750.0
8832900360,3.0,1.75,2250.0,11520.0,1.0,0.0,1.0,3,8,2250.0,0.0,1956,0.0,98028,47.7619,-122.268,2730.0,12445.0,2015-04-28,735000.0
4058200040,3.0,1.75,2130.0,8742.0,1.0,,3.0,3,7,1330.0,800.0,1955,0.0,98178,47.5057,-122.231,2380.0,7448.0,2014-09-17,361000.0
4178501020,3.0,2.0,1620.0,12482.0,1.0,0.0,0.0,4,7,1290.0,330.0,1989,0.0,98042,47.3584,-122.086,1560.0,8499.0,2015-01-05,276750.0
8562790730,4.0,3.25,3140.0,3680.0,2.0,0.0,0.0,3,10,2310.0,830.0,2009,0.0,98027,47.5319,-122.076,2620.0,2664.0,2014-08-22,760000.0
455000841,2.0,1.0,870.0,7975.0,1.0,0.0,2.0,3,7,870.0,0.0,1946,0.0,98107,47.6698,-122.361,1080.0,5722.0,2014-08-29,475000.0
2154900330,4.0,2.5,1820.0,8217.0,1.0,0.0,0.0,3,7,1120.0,700.0,1987,0.0,98001,47.263,-122.242,1310.0,8217.0,2014-08-27,234000.0
8159610150,3.0,2.0,1510.0,9153.0,1.0,0.0,0.0,4,7,1510.0,0.0,1974,0.0,98001,47.3412,-122.273,1780.0,9286.0,2014-11-17,234950.0
1545800730,2.0,1.75,1320.0,7540.0,1.0,0.0,0.0,3,7,1320.0,0.0,1968,0.0,98038,47.3634,-122.052,1570.0,7540.0,2015-02-22,269950.0
3904980360,3.0,2.5,1800.0,7318.0,2.0,0.0,0.0,3,8,1800.0,0.0,1989,0.0,98029,47.5747,-122.008,1800.0,5414.0,2015-01-12,495000.0
5100403321,2.0,1.0,1120.0,6380.0,1.0,0.0,0.0,3,7,1120.0,0.0,1942,19940.0,98115,47.6951,-122.316,1230.0,6380.0,2015-03-18,438000.0
1326069151,3.0,1.75,2160.0,22702.0,1.0,0.0,0.0,4,7,2160.0,0.0,1981,0.0,98019,47.7355,-121.982,1820.0,22687.0,2015-02-24,260000.0
629410180,4.0,2.5,3220.0,6399.0,2.0,0.0,0.0,3,9,3220.0,0.0,2004,0.0,98075,47.5883,-121.991,2850.0,6399.0,2014-12-08,697000.0
7452500815,2.0,1.0,960.0,5000.0,1.0,0.0,0.0,3,6,960.0,0.0,1951,0.0,98126,47.5188,-122.372,930.0,5000.0,2015-03-10,212625.0
6840701135,5.0,2.5,2640.0,4400.0,1.5,0.0,0.0,5,7,1840.0,800.0,1925,0.0,98122,47.605,-122.3,1720.0,4400.0,2014-11-10,593000.0
5104512060,4.0,3.0,2430.0,7243.0,2.0,0.0,0.0,3,8,2430.0,0.0,2003,0.0,98038,47.3533,-122.016,2430.0,7084.0,2014-12-12,410000.0
2917200365,2.0,1.0,1470.0,7137.0,1.0,0.0,0.0,3,7,1020.0,450.0,1941,0.0,98103,47.7008,-122.352,1470.0,7067.0,2014-06-10,445434.0
5151600040,3.0,2.5,2040.0,15463.0,1.0,0.0,0.0,3,8,1340.0,700.0,1968,0.0,98003,47.3334,-122.322,2370.0,12672.0,2014-09-11,200126.0
2025700790,3.0,2.5,1670.0,6666.0,2.0,0.0,0.0,4,7,1670.0,0.0,1992,0.0,98038,47.3488,-122.033,1370.0,6170.0,2014-08-11,290700.0
7686204675,4.0,1.0,1010.0,7515.0,1.0,0.0,0.0,4,6,1010.0,0.0,1955,0.0,98198,47.4174,-122.316,1330.0,7515.0,2015-01-29,248000.0
126039305,1.0,1.0,540.0,10125.0,1.0,0.0,0.0,3,5,540.0,0.0,1961,0.0,98177,47.7739,-122.358,1840.0,10125.0,2014-10-13,345000.0
1930300915,3.0,1.0,1240.0,4800.0,1.0,0.0,0.0,3,7,800.0,440.0,1951,0.0,98103,47.6563,-122.353,1440.0,4800.0,2014-08-20,525000.0
9477100330,3.0,1.75,1510.0,8385.0,1.0,,0.0,3,7,1510.0,0.0,1968,0.0,98034,47.7279,-122.195,1570.0,7480.0,2014-12-12,400000.0
513000665,3.0,1.0,1820.0,5750.0,1.0,0.0,0.0,3,7,1120.0,700.0,1918,0.0,98116,47.5773,-122.383,1500.0,5750.0,2015-04-08,532000.0
8581400450,2.0,1.0,1000.0,5026.0,1.0,,0.0,5,5,760.0,240.0,1915,0.0,98002,47.297,-122.225,990.0,5026.0,2014-10-28,159995.0
1061500360,5.0,1.5,2040.0,11772.0,1.0,,0.0,4,7,1030.0,1010.0,1963,0.0,98056,47.5015,-122.166,1560.0,9435.0,2014-10-16,287000.0
1373800330,4.0,2.5,3690.0,11191.0,1.0,0.0,3.0,4,10,2190.0,1500.0,1951,0.0,98199,47.6434,-122.412,3460.0,8160.0,2015-04-20,1120000.0
2597520790,3.0,2.5,2310.0,11993.0,2.0,0.0,0.0,3,9,2310.0,0.0,1988,0.0,98006,47.5438,-122.139,2830.0,10031.0,2015-04-23,765000.0
2525300540,3.0,1.5,1090.0,9605.0,1.0,0.0,0.0,4,6,1090.0,0.0,1969,0.0,98038,47.3609,-122.028,1160.0,10487.0,2014-11-14,185000.0
3797000035,3.0,1.0,1150.0,3000.0,1.0,0.0,0.0,5,6,1150.0,0.0,1906,0.0,98103,47.6867,-122.345,1460.0,3200.0,2014-05-21,430000.0
3709600180,4.0,2.5,2100.0,3916.0,2.0,0.0,0.0,3,8,2100.0,0.0,2009,0.0,98058,47.4324,-122.185,2100.0,3916.0,2014-05-26,346000.0
3902300210,4.0,2.75,2150.0,16728.0,1.0,,0.0,4,8,1240.0,910.0,1982,0.0,98033,47.6915,-122.183,2200.0,9257.0,2014-07-15,607000.0
2113700620,3.0,1.5,2500.0,6000.0,1.5,,0.0,5,7,1730.0,770.0,1941,19840.0,98106,47.5297,-122.354,1340.0,5000.0,2014-08-04,417000.0
5700003705,5.0,2.0,3530.0,9385.0,1.5,0.0,0.0,3,9,3530.0,0.0,1925,0.0,98144,47.5774,-122.285,4100.0,9203.0,2014-06-19,930000.0
34001540,2.0,1.75,1290.0,6600.0,1.0,0.0,2.0,3,7,870.0,420.0,1951,0.0,98136,47.531,-122.39,2380.0,7370.0,2015-04-23,573300.0
2976800145,4.0,1.75,2010.0,10816.0,1.0,0.0,0.0,3,7,1410.0,600.0,1955,0.0,98178,47.5048,-122.251,1610.0,9360.0,2015-04-06,260000.0
7549801385,1.0,0.75,420.0,6720.0,1.0,0.0,0.0,3,5,420.0,0.0,1922,0.0,98108,47.552,-122.311,1420.0,6720.0,2014-06-12,280000.0
9103000360,4.0,2.5,2180.0,4000.0,2.0,0.0,0.0,3,8,2180.0,0.0,1920,20050.0,98122,47.6186,-122.288,2660.0,4000.0,2014-12-18,825000.0
7304300720,4.0,1.0,1150.0,8184.0,1.5,0.0,0.0,3,6,1150.0,0.0,1947,0.0,98155,47.7431,-122.319,990.0,8184.0,2014-06-10,307000.0
1254200835,4.0,1.75,2000.0,5100.0,1.0,0.0,0.0,4,7,1130.0,870.0,1949,0.0,98117,47.6798,-122.391,1540.0,5100.0,2014-08-13,595000.0
8562700410,5.0,1.75,2780.0,7786.0,1.0,0.0,0.0,3,8,1390.0,1390.0,1966,0.0,98052,47.6694,-122.157,2130.0,7918.0,2015-04-15,528000.0
7558800620,2.0,1.75,1550.0,7764.0,1.0,1.0,4.0,4,8,1550.0,0.0,1965,19860.0,98070,47.358,-122.446,1690.0,11620.0,2014-08-22,600000.0
2122049038,2.0,1.0,2180.0,12875.0,1.0,0.0,0.0,3,7,1480.0,700.0,1959,0.0,98198,47.3757,-122.303,1800.0,7447.0,2015-03-02,275000.0
2397101075,2.0,1.5,1570.0,3600.0,1.5,0.0,2.0,4,7,1320.0,250.0,1906,0.0,98119,47.6366,-122.363,2140.0,3600.0,2014-07-02,782000.0
7695470120,3.0,2.5,2260.0,33042.0,1.0,0.0,0.0,3,9,1660.0,600.0,1986,0.0,98077,47.7634,-122.086,2600.0,40115.0,2014-08-08,610000.0
4083304700,3.0,1.0,1600.0,3200.0,1.5,0.0,0.0,3,7,1600.0,0.0,1909,0.0,98103,47.653,-122.331,1860.0,3420.0,2014-11-25,488000.0
7857001225,3.0,1.0,1630.0,5000.0,1.0,0.0,0.0,3,7,930.0,700.0,1954,0.0,98108,47.5497,-122.295,1630.0,5480.0,2015-04-03,320000.0
4356200210,3.0,1.0,890.0,4810.0,1.0,0.0,0.0,3,6,890.0,0.0,1910,0.0,98118,47.5153,-122.266,1230.0,6057.0,2015-03-18,153500.0
3840700205,3.0,1.0,1350.0,9450.0,1.0,0.0,0.0,3,7,1350.0,0.0,1979,0.0,98034,47.7186,-122.236,1460.0,9461.0,2015-03-19,414500.0
7739100155,5.0,1.75,2850.0,11860.0,1.0,0.0,0.0,3,9,2850.0,0.0,1951,0.0,98155,47.7503,-122.28,2640.0,11604.0,2014-08-04,750000.0
1720069029,3.0,1.0,1350.0,165092.0,1.0,0.0,3.0,5,6,1350.0,,1925,0.0,98022,47.2217,-122.063,2300.0,211266.0,2015-03-13,349990.0
921049141,3.0,2.25,3280.0,79279.0,1.0,0.0,0.0,3,10,3280.0,0.0,2001,0.0,98003,47.3207,-122.293,1860.0,24008.0,2014-12-01,645000.0
6909700205,2.0,1.0,1090.0,6000.0,1.0,0.0,0.0,3,7,1090.0,0.0,1922,0.0,98144,47.5886,-122.292,1960.0,5000.0,2015-04-06,425000.0
2725069164,4.0,2.5,2990.0,9374.0,2.0,0.0,0.0,3,9,2990.0,0.0,2003,0.0,98074,47.6287,-122.024,2440.0,8711.0,2014-08-05,785000.0
3523069060,3.0,1.75,1340.0,63597.0,1.0,0.0,0.0,4,7,1340.0,0.0,1963,0.0,98038,47.4379,-122.011,1950.0,87120.0,2014-11-07,290000.0
3523069060,3.0,1.75,1340.0,63597.0,1.0,0.0,0.0,4,7,1340.0,0.0,1963,0.0,98038,47.4379,-122.011,1950.0,87120.0,2015-04-01,415000.0
4302200790,2.0,1.0,720.0,5160.0,1.0,0.0,0.0,3,6,720.0,0.0,1949,0.0,98106,47.5274,-122.357,990.0,5160.0,2014-08-14,248500.0
8899210610,3.0,2.5,2330.0,8627.0,1.0,0.0,0.0,4,7,1480.0,850.0,1980,0.0,98055,47.4543,-122.21,1940.0,9607.0,2014-07-23,325000.0
5631500905,2.0,1.0,1280.0,5728.0,1.5,0.0,0.0,5,6,1280.0,0.0,1941,0.0,98028,47.7477,-122.232,2480.0,9775.0,2014-07-23,272925.0
2770601530,2.0,2.25,1570.0,1269.0,2.0,,0.0,3,9,1280.0,290.0,2015,0.0,98199,47.6514,-122.385,1570.0,6000.0,2014-08-26,500000.0
7831800411,4.0,1.75,1510.0,5500.0,1.5,0.0,0.0,3,7,1510.0,0.0,1920,0.0,98106,47.535,-122.359,1320.0,6431.0,2014-10-20,250000.0
326049103,4.0,2.5,2470.0,8536.0,2.0,0.0,0.0,3,8,2470.0,0.0,2002,0.0,98155,47.7699,-122.292,1690.0,8840.0,2014-09-22,470000.0
1231001115,2.0,1.0,1190.0,3400.0,1.0,0.0,0.0,4,7,990.0,200.0,1917,0.0,98118,47.5539,-122.268,1180.0,4000.0,2014-10-01,440000.0
1041440360,4.0,2.5,1981.0,4828.0,2.0,,0.0,3,8,1981.0,0.0,2013,0.0,98092,47.3252,-122.167,1981.0,3783.0,2015-01-05,299999.0
5001700040,3.0,1.75,1590.0,7810.0,1.0,0.0,0.0,4,7,1590.0,0.0,1959,0.0,98002,47.2932,-122.22,1470.0,7810.0,2015-03-27,255000.0
4037200665,3.0,1.75,1150.0,7700.0,1.0,0.0,0.0,3,7,1150.0,0.0,1957,0.0,98008,47.6048,-122.121,1650.0,8000.0,2014-08-13,415950.0
5249802520,5.0,2.75,2160.0,7200.0,1.5,0.0,0.0,3,7,1220.0,940.0,1955,0.0,98118,47.5576,-122.273,1900.0,7200.0,2014-08-05,402000.0
3585300410,3.0,1.5,1770.0,30689.0,1.0,0.0,4.0,3,9,1770.0,,1953,0.0,98177,47.7648,-122.37,2650.0,30280.0,2015-04-24,729000.0
1624049087,2.0,2.5,2470.0,8840.0,2.0,0.0,0.0,4,8,1780.0,690.0,2001,0.0,98108,47.5693,-122.301,1940.0,8840.0,2014-09-17,635000.0
8121200530,3.0,2.5,1710.0,8998.0,2.0,0.0,0.0,3,8,1710.0,0.0,1982,0.0,98052,47.7236,-122.11,1710.0,9859.0,2014-10-08,479000.0
6705120540,2.0,2.25,1860.0,2670.0,2.0,,0.0,4,8,1860.0,0.0,1986,0.0,98006,47.5436,-122.187,1860.0,2531.0,2014-12-22,462370.0
3353402390,3.0,1.0,1150.0,6480.0,1.5,0.0,0.0,4,5,1150.0,0.0,1946,0.0,98001,47.2642,-122.258,1100.0,7300.0,2015-05-01,171500.0
6190000035,5.0,3.0,3850.0,9457.0,2.0,,0.0,4,9,2910.0,940.0,1963,0.0,98177,47.727,-122.362,2830.0,9608.0,2014-07-15,925000.0
1313000220,5.0,3.0,3410.0,9600.0,1.0,0.0,0.0,4,8,1870.0,1540.0,1968,0.0,98052,47.6358,-122.103,2390.0,9679.0,2014-05-13,675000.0
921059161,4.0,1.5,1890.0,43560.0,1.0,0.0,0.0,4,8,1890.0,0.0,1974,0.0,98092,47.3267,-122.166,2376.0,5820.0,2014-06-23,320000.0
1823069279,5.0,3.5,3200.0,43560.0,2.0,0.0,0.0,3,7,3200.0,0.0,1989,0.0,98059,47.475,-122.093,2730.0,43560.0,2014-05-20,499950.0
826059152,5.0,1.0,2170.0,65340.0,1.5,0.0,0.0,4,7,1670.0,500.0,1930,0.0,98011,47.7555,-122.204,3170.0,12884.0,2014-11-17,435000.0
4136930360,4.0,2.5,2390.0,6426.0,2.0,0.0,0.0,3,9,2390.0,0.0,1999,0.0,98092,47.2586,-122.221,2520.0,6700.0,2014-06-05,359800.0
7697870530,3.0,2.0,1410.0,7566.0,1.0,0.0,0.0,3,7,1410.0,0.0,1985,0.0,98030,47.3674,-122.182,1570.0,7210.0,2014-05-07,239900.0
1024000109,2.0,1.0,740.0,4459.0,1.0,0.0,2.0,3,5,740.0,0.0,1915,0.0,98116,47.5704,-122.409,1490.0,4700.0,2014-07-10,295000.0
5112800234,3.0,2.5,2150.0,25705.0,1.5,0.0,0.0,3,6,2150.0,0.0,1980,20090.0,98058,47.4514,-122.089,1850.0,20160.0,2015-03-04,380000.0
8122101115,4.0,2.5,2180.0,6500.0,2.0,0.0,0.0,3,7,1410.0,770.0,1945,0.0,98126,47.5365,-122.37,920.0,6500.0,2015-04-21,435000.0
6933600540,2.0,1.0,820.0,5040.0,1.0,0.0,0.0,3,7,820.0,0.0,1953,0.0,98199,47.6498,-122.388,1730.0,5760.0,2014-08-20,508000.0
6169900790,6.0,4.5,5480.0,10800.0,2.0,0.0,3.0,4,9,4430.0,1050.0,1999,0.0,98119,47.6307,-122.367,2970.0,7200.0,2014-06-20,2400000.0
8001210120,4.0,2.5,1960.0,7875.0,1.0,0.0,0.0,3,7,1220.0,740.0,1978,0.0,98001,47.3427,-122.274,2030.0,7650.0,2014-09-16,234500.0
1931300870,2.0,1.0,1270.0,3200.0,1.0,0.0,0.0,4,7,960.0,310.0,1920,0.0,98103,47.6565,-122.348,1410.0,1320.0,2014-05-28,355000.0
8651441210,3.0,2.0,1710.0,5200.0,1.0,0.0,0.0,5,7,1030.0,680.0,1977,0.0,98042,47.3651,-122.094,1390.0,5200.0,2014-08-01,230000.0
1217000481,3.0,1.75,1930.0,9000.0,1.0,0.0,1.0,4,7,1150.0,780.0,1951,0.0,98166,47.4539,-122.348,1590.0,9000.0,2015-02-11,345000.0
7925100271,3.0,1.75,1200.0,4500.0,1.0,0.0,0.0,5,7,1200.0,0.0,1906,0.0,98108,47.5553,-122.316,1340.0,4500.0,2014-05-20,430000.0
1233100366,3.0,1.5,1680.0,17409.0,1.0,0.0,0.0,3,7,1680.0,0.0,1962,0.0,98033,47.6766,-122.176,1680.0,9101.0,2014-12-15,500000.0
9250900124,4.0,1.0,1300.0,6075.0,1.0,0.0,0.0,5,7,1300.0,0.0,1954,0.0,98133,47.773,-122.349,1450.0,7320.0,2015-05-05,378000.0
7852050220,3.0,2.5,1540.0,3237.0,2.0,0.0,0.0,3,7,1540.0,0.0,1999,0.0,98065,47.5299,-121.878,1780.0,3411.0,2014-08-08,345000.0
9297301520,2.0,1.75,870.0,4000.0,1.0,0.0,0.0,3,6,870.0,0.0,1941,0.0,98126,47.5657,-122.376,1420.0,4000.0,2015-03-29,410000.0
8615800325,2.0,2.25,1890.0,5400.0,2.0,0.0,0.0,5,8,1610.0,280.0,1905,0.0,98105,47.6688,-122.31,2820.0,4860.0,2014-08-22,750000.0
9512500610,4.0,1.75,2050.0,8913.0,1.0,0.0,0.0,3,7,1330.0,720.0,1968,0.0,98052,47.6735,-122.151,1290.0,8550.0,2015-01-22,485000.0
4311700120,3.0,1.0,880.0,18109.0,1.0,,0.0,4,6,880.0,0.0,1970,0.0,98042,47.3634,-122.101,940.0,11193.0,2015-03-17,105000.0
1930301325,3.0,2.75,2780.0,4000.0,2.0,0.0,2.0,5,8,1960.0,820.0,1904,0.0,98103,47.6565,-122.355,1490.0,4800.0,2015-04-23,1030000.0
3888100133,3.0,1.0,1160.0,10988.0,1.0,0.0,0.0,3,7,1160.0,0.0,1965,0.0,98033,47.6818,-122.165,1670.0,51376.0,2014-10-14,360000.0
9510900610,5.0,2.75,2300.0,7600.0,1.0,,0.0,4,7,1400.0,900.0,1969,0.0,98023,47.3084,-122.372,1750.0,8500.0,2014-10-30,294000.0
5469502060,4.0,2.5,3140.0,12792.0,2.0,0.0,0.0,4,9,3140.0,,1977,0.0,98042,47.3863,-122.156,2510.0,12792.0,2014-10-09,400000.0
2946002914,3.0,1.75,2300.0,6200.0,1.0,0.0,0.0,4,7,1150.0,1150.0,1970,0.0,98198,47.4176,-122.323,1740.0,6600.0,2015-01-02,325000.0
7856640180,3.0,2.5,2900.0,23550.0,1.0,0.0,0.0,3,10,1490.0,1410.0,1987,0.0,98006,47.5708,-122.153,2900.0,19604.0,2014-09-04,770000.0
6204200180,3.0,2.25,1920.0,8223.0,2.0,0.0,0.0,4,7,1920.0,0.0,1989,0.0,98011,47.735,-122.201,1940.0,7274.0,2014-07-09,443000.0
5145100180,3.0,1.0,1150.0,7486.0,1.0,0.0,0.0,3,7,1150.0,0.0,1970,0.0,98034,47.7261,-122.219,1510.0,7486.0,2014-09-17,325000.0
3905090410,4.0,2.5,3120.0,8792.0,2.0,0.0,0.0,4,9,3120.0,0.0,1992,0.0,98029,47.5699,-121.993,2150.0,7688.0,2015-01-23,760000.0
5363200180,4.0,2.0,2560.0,7798.0,1.0,0.0,0.0,4,7,1890.0,670.0,1947,0.0,98115,47.6914,-122.296,1330.0,7798.0,2014-05-15,640000.0
8806900040,3.0,2.0,1410.0,4303.0,1.5,0.0,0.0,4,7,1410.0,0.0,1900,0.0,98108,47.5541,-122.317,1660.0,4326.0,2015-04-06,415000.0
3674400035,3.0,1.0,970.0,8580.0,1.0,0.0,0.0,3,7,970.0,0.0,1959,0.0,98003,47.3363,-122.311,1430.0,11907.0,2014-05-12,156000.0
6648150150,3.0,3.25,3620.0,8131.0,2.0,0.0,0.0,4,10,2730.0,890.0,1988,0.0,98040,47.5776,-122.214,2040.0,3776.0,2014-09-22,996000.0
9266700175,2.0,1.0,880.0,5100.0,1.0,0.0,0.0,4,7,880.0,0.0,1941,0.0,98103,47.694,-122.346,980.0,5100.0,2015-03-27,415000.0
3678900450,3.0,1.75,1900.0,3783.0,1.5,0.0,0.0,5,7,1110.0,790.0,1927,0.0,98144,47.5742,-122.315,1530.0,5098.0,2014-09-26,615000.0
9526600210,4.0,2.5,2540.0,4241.0,2.0,0.0,0.0,3,8,2540.0,0.0,2009,0.0,98052,47.7073,-122.112,3010.0,4929.0,2014-10-07,717000.0
631000040,4.0,1.75,1690.0,7794.0,1.0,0.0,0.0,3,7,1090.0,600.0,1968,0.0,98033,47.6888,-122.203,1380.0,7325.0,2015-03-31,548000.0
2026049122,3.0,1.5,1120.0,6653.0,1.0,0.0,0.0,4,7,1120.0,0.0,1937,0.0,98133,47.7321,-122.334,1580.0,7355.0,2015-04-01,425000.0
7523850150,4.0,2.75,2130.0,9339.0,1.0,0.0,0.0,3,7,1330.0,800.0,1991,0.0,98198,47.3788,-122.316,2090.0,7628.0,2014-10-27,325250.0
2326059080,3.0,2.5,3420.0,79279.0,2.0,0.0,0.0,3,11,3420.0,0.0,1990,0.0,98052,47.7225,-122.126,4240.0,40500.0,2014-08-01,1230000.0
3211700035,3.0,1.75,1900.0,11165.0,1.0,0.0,0.0,4,7,1900.0,0.0,1959,0.0,98008,47.5789,-122.118,2030.0,11165.0,2014-06-25,557500.0
9365700385,4.0,2.5,3730.0,16950.0,2.0,0.0,0.0,3,10,3730.0,0.0,1990,0.0,98040,47.5678,-122.228,3200.0,16950.0,2014-07-14,1260000.0
2734100736,3.0,3.0,1790.0,2003.0,2.0,0.0,0.0,3,7,1480.0,310.0,2006,0.0,98108,47.5421,-122.321,1220.0,4000.0,2014-09-10,249950.0
5029460180,4.0,2.75,2250.0,7345.0,1.0,0.0,0.0,4,8,1320.0,930.0,1984,0.0,98023,47.2895,-122.37,1800.0,6950.0,2014-09-16,260000.0
632000065,3.0,2.5,2880.0,13500.0,1.0,0.0,4.0,5,8,1520.0,1360.0,1950,0.0,98004,47.6281,-122.216,3710.0,20486.0,2014-06-11,1990000.0
6821101765,4.0,1.75,1780.0,2788.0,1.0,0.0,0.0,4,6,890.0,890.0,1943,0.0,98199,47.6511,-122.4,1760.0,5664.0,2014-06-21,442900.0
7525050150,3.0,2.25,1580.0,12177.0,1.0,0.0,0.0,3,7,1200.0,380.0,1981,0.0,98074,47.6254,-122.045,1660.0,11374.0,2014-06-13,475000.0
2591780180,5.0,2.75,3260.0,9253.0,2.0,0.0,0.0,3,8,3260.0,0.0,2004,0.0,98042,47.3674,-122.07,2770.0,8067.0,2014-08-13,365000.0
4027700666,4.0,2.5,3180.0,9603.0,2.0,0.0,2.0,3,9,3180.0,0.0,2002,0.0,98155,47.7717,-122.277,2440.0,15261.0,2015-04-26,780000.0
4083300620,3.0,1.75,2460.0,4240.0,1.0,0.0,0.0,4,7,1230.0,1230.0,1925,0.0,98103,47.6593,-122.337,1700.0,4240.0,2015-02-27,930000.0
2303900035,5.0,6.25,8670.0,64033.0,2.0,0.0,4.0,3,13,6120.0,2550.0,1965,0.0,98177,47.7295,-122.372,4140.0,81021.0,2014-06-11,2890000.0
6300500515,3.0,1.0,1020.0,4980.0,1.0,0.0,0.0,4,7,850.0,170.0,1941,0.0,98133,47.7039,-122.34,970.0,4980.0,2014-08-18,350000.0
6163900952,3.0,1.75,1630.0,9403.0,1.0,0.0,0.0,3,7,1630.0,0.0,1983,0.0,98155,47.757,-122.316,1430.0,8461.0,2014-12-18,357500.0
5631500369,4.0,2.5,3290.0,11446.0,2.0,0.0,0.0,3,8,3290.0,0.0,1992,0.0,98028,47.7399,-122.234,2050.0,11933.0,2014-05-21,520000.0
9558010230,4.0,2.5,1940.0,3784.0,2.0,,0.0,3,8,1940.0,0.0,2003,0.0,98058,47.4513,-122.119,1940.0,4499.0,2014-05-09,330000.0
9407102245,3.0,2.0,1350.0,11150.0,1.0,0.0,0.0,3,7,1110.0,240.0,1995,0.0,98045,47.446,-121.776,1290.0,10043.0,2014-06-04,310000.0
1430800191,3.0,1.0,1110.0,6060.0,1.0,0.0,0.0,3,6,1110.0,0.0,1949,0.0,98166,47.4705,-122.352,1480.0,8100.0,2015-02-13,279000.0
7635801371,4.0,1.5,2993.0,19400.0,2.0,0.0,0.0,4,7,2233.0,760.0,1921,0.0,98166,47.4692,-122.365,2060.0,15100.0,2014-07-25,540000.0
2215450150,4.0,2.5,2280.0,7200.0,2.0,0.0,0.0,3,8,2280.0,0.0,1994,0.0,98030,47.3829,-122.207,2250.0,7200.0,2014-05-30,322000.0
7146400040,5.0,3.25,3800.0,15500.0,1.0,0.0,0.0,3,7,2490.0,1310.0,1965,0.0,98032,47.3862,-122.28,2000.0,13980.0,2015-03-12,380000.0
7635800180,2.0,1.0,850.0,8400.0,1.0,0.0,0.0,4,6,850.0,0.0,1941,0.0,98166,47.4696,-122.359,1280.0,8400.0,2015-04-28,320000.0
114100297,3.0,1.75,1560.0,8456.0,1.0,0.0,0.0,5,7,1560.0,0.0,1970,0.0,98028,47.7769,-122.25,2230.0,13109.0,2014-09-22,400000.0
6145601510,3.0,1.0,1000.0,3844.0,1.0,0.0,0.0,5,7,900.0,100.0,1928,0.0,98133,47.7031,-122.349,1000.0,3920.0,2014-08-22,412000.0
9550200155,3.0,1.0,1400.0,5100.0,1.5,0.0,0.0,3,7,1400.0,0.0,1900,0.0,98103,47.6677,-122.333,1740.0,3060.0,2015-04-07,887200.0
8122100905,4.0,1.75,1540.0,5120.0,1.0,0.0,0.0,5,6,770.0,770.0,1943,0.0,98126,47.5359,-122.372,1080.0,5120.0,2014-06-24,395000.0
2025069025,4.0,3.0,3570.0,10273.0,1.5,,3.0,3,9,2630.0,940.0,1935,20070.0,98074,47.6394,-122.077,3640.0,15324.0,2015-04-29,895000.0
5595900210,2.0,1.0,800.0,5280.0,1.0,0.0,0.0,5,6,800.0,0.0,1918,0.0,98022,47.205,-121.995,1240.0,7670.0,2014-11-19,195000.0
3157600325,3.0,1.0,1160.0,3750.0,1.5,0.0,0.0,3,7,1160.0,0.0,1910,0.0,98106,47.5652,-122.359,1530.0,3750.0,2014-06-20,390000.0
1432400120,3.0,1.0,1010.0,7690.0,1.0,0.0,0.0,4,6,1010.0,0.0,1958,0.0,98058,47.4501,-122.176,1010.0,7619.0,2014-11-11,165000.0
1432400120,3.0,1.0,1010.0,7690.0,1.0,0.0,0.0,4,6,1010.0,0.0,1958,0.0,98058,47.4501,-122.176,1010.0,7619.0,2015-05-08,255000.0
3811000230,4.0,2.25,2390.0,57599.0,2.0,0.0,0.0,3,8,2390.0,0.0,1981,0.0,98053,47.6651,-122.067,2390.0,38186.0,2015-03-16,589000.0
8665050770,3.0,2.5,1610.0,4611.0,2.0,0.0,0.0,3,8,1610.0,0.0,1996,0.0,98029,47.5678,-122.004,1730.0,4461.0,2014-06-19,505000.0
2976800360,3.0,3.0,2400.0,7260.0,1.0,0.0,0.0,3,7,1440.0,960.0,1955,0.0,98178,47.5045,-122.251,1060.0,7200.0,2015-02-23,335750.0
871001484,3.0,1.75,1800.0,5816.0,1.0,0.0,0.0,5,7,900.0,900.0,1947,0.0,98199,47.6529,-122.407,1650.0,5816.0,2015-01-15,719000.0
9528104910,4.0,3.25,2110.0,3000.0,2.0,0.0,0.0,3,8,2110.0,0.0,2001,0.0,98115,47.6769,-122.328,1780.0,4000.0,2014-09-09,796000.0
6929602721,2.0,1.0,960.0,7000.0,1.0,0.0,0.0,3,4,960.0,0.0,1918,0.0,98198,47.3864,-122.307,1850.0,8120.0,2015-04-08,95000.0
7203600530,3.0,3.0,2600.0,5238.0,1.5,0.0,3.0,3,9,1890.0,710.0,1989,0.0,98198,47.3448,-122.327,2220.0,4853.0,2014-05-29,525000.0
2206500395,3.0,1.5,1340.0,10224.0,1.0,0.0,0.0,4,7,1340.0,0.0,1956,0.0,98006,47.5752,-122.157,1340.0,10440.0,2014-05-15,417000.0
9277200180,3.0,1.0,1410.0,5000.0,1.0,0.0,0.0,3,6,980.0,430.0,1925,0.0,98116,47.5769,-122.397,1410.0,5000.0,2015-04-20,410000.0
6672900220,4.0,2.25,2390.0,12292.0,1.0,0.0,0.0,5,9,2390.0,0.0,1962,0.0,98040,47.5528,-122.221,2870.0,12337.0,2015-01-12,984000.0
1139000072,2.0,1.5,1180.0,834.0,3.0,0.0,0.0,3,8,1180.0,0.0,2009,0.0,98133,47.7074,-122.356,1180.0,1207.0,2015-04-03,325000.0
7229900975,3.0,1.0,1040.0,16986.0,1.0,0.0,0.0,4,7,1040.0,0.0,1968,0.0,98059,47.4812,-122.097,1660.0,16986.0,2014-05-07,314950.0
5631500594,3.0,2.25,1840.0,9929.0,1.0,0.0,0.0,3,7,1200.0,640.0,1987,0.0,98028,47.7408,-122.236,1710.0,9929.0,2014-09-23,350000.0
6861700156,4.0,2.25,2630.0,4000.0,2.0,,0.0,5,9,1810.0,820.0,1909,0.0,98102,47.6393,-122.317,2370.0,4700.0,2014-10-27,1050000.0
6388930620,4.0,2.5,2640.0,25038.0,2.0,0.0,0.0,4,8,2640.0,0.0,1995,0.0,98056,47.5277,-122.174,2630.0,16668.0,2014-07-10,657000.0
2887970040,2.0,2.5,1720.0,3132.0,2.0,0.0,0.0,3,8,1720.0,0.0,1999,0.0,98042,47.3728,-122.157,1740.0,4220.0,2015-04-08,234950.0
726049213,4.0,1.75,2320.0,7500.0,1.0,0.0,0.0,3,7,1220.0,1100.0,1955,0.0,98133,47.7574,-122.343,2230.0,7500.0,2015-03-20,410000.0
442000210,3.0,1.75,1840.0,5664.0,2.0,0.0,0.0,3,7,1270.0,570.0,1948,0.0,98115,47.6899,-122.283,1480.0,5664.0,2015-04-17,625000.0
5525400530,5.0,2.5,2890.0,15891.0,2.0,0.0,0.0,3,9,2890.0,0.0,1990,0.0,98059,47.5286,-122.16,2590.0,10556.0,2015-04-23,706000.0
6093000065,3.0,1.75,2200.0,7706.0,2.0,0.0,2.0,3,7,2200.0,0.0,1908,19880.0,98198,47.3878,-122.326,1170.0,70973.0,2014-05-19,485000.0
7519000085,4.0,2.75,1660.0,5150.0,1.5,0.0,0.0,5,7,1280.0,380.0,1928,0.0,98117,47.6835,-122.362,1490.0,4017.0,2014-10-02,685000.0
2525310220,3.0,2.5,2170.0,9900.0,1.0,0.0,0.0,3,7,1690.0,480.0,1980,0.0,98038,47.3634,-122.031,1420.0,10614.0,2014-10-16,242050.0
3630120970,3.0,3.25,3310.0,5000.0,2.0,0.0,0.0,3,9,3310.0,0.0,2006,0.0,98029,47.5558,-122.001,2670.0,4907.0,2014-09-22,770000.0
1232001985,2.0,1.5,1450.0,3840.0,1.0,,0.0,3,7,950.0,500.0,1947,0.0,98117,47.684,-122.381,1450.0,3840.0,2015-04-28,557000.0
3422049158,3.0,1.75,1440.0,11325.0,1.0,0.0,0.0,4,8,1440.0,0.0,1966,0.0,98001,47.3503,-122.279,1440.0,20000.0,2014-07-11,246000.0
2501600150,4.0,2.0,1760.0,7700.0,1.0,0.0,0.0,4,7,1760.0,0.0,1962,0.0,98003,47.3299,-122.318,1870.0,7316.0,2015-03-10,194000.0
3326059254,3.0,2.5,3170.0,7187.0,2.0,0.0,0.0,3,9,3170.0,0.0,2005,0.0,98033,47.6934,-122.166,2790.0,7336.0,2014-11-24,720000.0
2624049103,2.0,1.0,1250.0,4576.0,1.0,,0.0,3,6,1040.0,,1925,0.0,98118,47.5387,-122.266,1550.0,5000.0,2015-03-25,449000.0
1525069095,4.0,2.5,3280.0,209088.0,2.0,0.0,0.0,3,10,3280.0,0.0,1994,0.0,98053,47.6553,-122.023,2460.0,39498.0,2014-06-19,925000.0
4077800455,4.0,3.0,2460.0,10401.0,1.0,,0.0,5,7,1700.0,760.0,1947,0.0,98125,47.7106,-122.285,1470.0,7727.0,2015-03-26,570000.0
968000120,3.0,2.0,1470.0,10125.0,1.0,0.0,0.0,4,7,1470.0,0.0,1962,0.0,98011,47.7751,-122.222,1440.0,10125.0,2014-11-12,395000.0
629000704,4.0,2.0,1780.0,15648.0,1.5,0.0,0.0,5,8,1780.0,0.0,1918,0.0,98004,47.5849,-122.198,2320.0,14963.0,2014-07-29,1000000.0
7129300175,4.0,1.0,1580.0,8475.0,1.5,0.0,2.0,4,7,1580.0,0.0,1928,0.0,98178,47.5104,-122.254,1700.0,5650.0,2014-07-01,406000.0
2887703186,3.0,1.5,1630.0,2946.0,1.5,0.0,0.0,4,8,1630.0,0.0,1932,0.0,98115,47.6865,-122.31,1550.0,3800.0,2014-10-23,574800.0
3832500790,4.0,2.0,2240.0,9240.0,1.0,0.0,0.0,3,7,1120.0,1120.0,1968,0.0,98032,47.3666,-122.288,2040.0,8250.0,2015-04-20,309000.0
2423069170,3.0,2.5,2430.0,54059.0,2.0,,0.0,3,10,2430.0,0.0,1987,0.0,98027,47.4664,-121.992,2910.0,49658.0,2014-06-03,770000.0
225039029,3.0,1.5,1940.0,5625.0,1.0,0.0,0.0,4,7,1440.0,500.0,1941,0.0,98117,47.6818,-122.388,1460.0,5500.0,2015-03-17,525000.0
7852180650,3.0,2.5,1970.0,4058.0,2.0,0.0,0.0,3,7,1970.0,0.0,2004,0.0,98065,47.5308,-121.853,2340.0,4067.0,2014-07-18,419000.0
5422500220,4.0,2.5,2050.0,6705.0,1.0,0.0,0.0,4,7,1230.0,820.0,1973,0.0,98034,47.7242,-122.217,1610.0,7292.0,2015-04-11,479000.0
8649400790,3.0,1.0,1340.0,18552.0,1.5,0.0,0.0,4,5,1340.0,0.0,1935,0.0,98014,47.7129,-121.325,960.0,15141.0,2015-01-13,160000.0
2473001210,4.0,1.75,1880.0,9880.0,1.0,0.0,0.0,4,8,1880.0,0.0,1967,0.0,98058,47.4551,-122.151,1880.0,9600.0,2014-09-16,333000.0
9485700175,2.0,1.0,860.0,12160.0,1.0,0.0,0.0,4,6,860.0,0.0,1921,0.0,98106,47.5267,-122.361,1010.0,7611.0,2014-09-30,310000.0
7694800180,3.0,2.5,2140.0,2868.0,2.0,0.0,0.0,3,8,1770.0,370.0,2007,0.0,98052,47.6668,-122.132,2140.0,2527.0,2015-02-05,666000.0
7936500109,3.0,3.0,3620.0,28064.0,2.0,1.0,4.0,5,10,2370.0,1250.0,1977,0.0,98136,47.5516,-122.398,2550.0,34713.0,2014-07-25,2230000.0
104560540,4.0,2.75,2370.0,7320.0,2.0,0.0,0.0,3,7,2370.0,0.0,1989,0.0,98023,47.3071,-122.36,1960.0,7320.0,2014-09-17,310000.0
8161000220,3.0,2.5,1860.0,21876.0,2.0,0.0,0.0,3,8,1860.0,0.0,1992,0.0,98014,47.6455,-121.901,2450.0,21876.0,2014-12-27,350000.0
2487200775,4.0,3.0,2110.0,5000.0,1.5,0.0,2.0,4,7,1640.0,,1930,0.0,98136,47.5195,-122.391,1380.0,5000.0,2014-05-12,610000.0
3905030330,3.0,2.25,1990.0,8501.0,2.0,0.0,0.0,3,8,1990.0,0.0,1991,0.0,98029,47.5707,-121.996,2090.0,6459.0,2014-10-08,564800.0
2881700522,3.0,2.25,1820.0,9150.0,1.0,0.0,0.0,3,7,1320.0,500.0,1961,0.0,98133,47.737,-122.334,1780.0,8055.0,2015-04-21,438000.0
7856620870,3.0,2.0,3120.0,9400.0,1.0,0.0,0.0,5,9,1820.0,1300.0,1978,0.0,98006,47.5612,-122.15,2770.0,9500.0,2014-08-13,855000.0
179001046,3.0,2.5,1190.0,3000.0,2.0,0.0,0.0,3,7,1190.0,0.0,2002,0.0,98178,47.4933,-122.275,1190.0,3000.0,2014-05-08,229000.0
7562100065,3.0,2.0,1170.0,5450.0,1.0,,0.0,5,6,1170.0,0.0,1902,0.0,98118,47.5276,-122.273,1340.0,6384.0,2014-07-25,260000.0
6891800360,3.0,2.5,2630.0,10131.0,2.0,0.0,0.0,3,9,2630.0,0.0,1989,0.0,98028,47.7695,-122.259,2800.0,10123.0,2014-09-18,609000.0
7211400760,4.0,1.0,1450.0,6250.0,1.0,0.0,0.0,3,6,990.0,460.0,1964,0.0,98146,47.5131,-122.357,1440.0,4000.0,2014-05-28,277000.0
123039207,4.0,2.0,2100.0,8160.0,1.0,,0.0,3,7,1200.0,900.0,1959,0.0,98106,47.5145,-122.365,1140.0,8160.0,2014-12-09,283000.0
3426049124,2.0,1.75,1680.0,8367.0,1.0,0.0,0.0,3,6,840.0,840.0,1914,0.0,98115,47.6976,-122.288,1830.0,6720.0,2015-03-18,334000.0
4222500410,4.0,1.75,2000.0,7350.0,1.0,0.0,0.0,3,7,1100.0,900.0,1963,0.0,98003,47.3428,-122.303,1720.0,7350.0,2015-02-26,267000.0
6716700325,3.0,1.0,1030.0,3000.0,1.0,0.0,0.0,3,7,830.0,200.0,1924,0.0,98115,47.6813,-122.317,1830.0,3000.0,2014-07-14,385000.0
431500155,5.0,1.75,2020.0,6565.0,1.0,0.0,0.0,3,8,1120.0,900.0,1956,0.0,98115,47.6821,-122.283,2020.0,6552.0,2014-10-24,640000.0
626059220,4.0,2.0,2220.0,23750.0,1.0,0.0,0.0,3,7,2220.0,0.0,1963,0.0,98011,47.7759,-122.214,2650.0,21167.0,2015-05-06,532500.0
1328340540,4.0,2.5,1750.0,8476.0,1.0,,0.0,4,7,1240.0,510.0,1983,0.0,98058,47.4447,-122.137,1660.0,7875.0,2014-05-23,335000.0
9269200120,3.0,2.5,1710.0,4920.0,2.0,0.0,0.0,3,7,1710.0,0.0,1990,0.0,98126,47.5347,-122.376,1500.0,4920.0,2014-10-30,415000.0
2225059170,6.0,3.25,3560.0,107362.0,1.5,,0.0,4,8,2760.0,800.0,1963,0.0,98005,47.6356,-122.15,3210.0,35001.0,2014-09-17,1100000.0
8835900220,2.0,2.5,2720.0,16637.0,1.0,,3.0,3,10,2160.0,560.0,1953,0.0,98118,47.5499,-122.264,2880.0,7320.0,2014-08-28,1440000.0
3192000085,3.0,1.0,1010.0,10215.0,1.0,0.0,0.0,3,6,1010.0,0.0,1955,0.0,98146,47.4872,-122.345,1320.0,10245.0,2014-08-07,180000.0
5104520610,4.0,2.5,1830.0,4500.0,2.0,0.0,0.0,3,7,1830.0,0.0,2004,0.0,98038,47.3504,-122.005,2080.0,5100.0,2014-07-14,335000.0
3530210180,4.0,3.0,4480.0,42717.0,2.0,0.0,0.0,3,9,4480.0,0.0,1987,0.0,98077,47.7711,-122.088,3140.0,41632.0,2014-07-23,835000.0
6840701225,4.0,1.5,2080.0,4400.0,1.5,0.0,0.0,3,7,2080.0,0.0,1925,0.0,98122,47.606,-122.299,1680.0,4400.0,2014-10-03,592500.0
7979900210,3.0,1.5,1470.0,11112.0,1.0,0.0,0.0,3,7,1470.0,0.0,1954,0.0,98155,47.7462,-122.294,1460.0,11407.0,2014-08-08,418900.0
3343901183,3.0,1.0,1600.0,7324.0,1.0,0.0,0.0,4,7,1600.0,0.0,1958,0.0,98056,47.5054,-122.19,1430.0,7249.0,2014-07-09,340000.0
5249804825,3.0,2.0,1340.0,7200.0,1.5,0.0,0.0,4,7,1340.0,0.0,1923,0.0,98118,47.5601,-122.265,1630.0,5760.0,2014-07-02,545000.0
1234000704,5.0,3.5,3680.0,8680.0,2.0,0.0,0.0,3,9,3680.0,0.0,2003,0.0,98033,47.6575,-122.197,2020.0,8847.0,2015-04-03,1380000.0
646910150,3.0,2.5,1770.0,3451.0,2.0,0.0,0.0,3,7,1770.0,0.0,2004,0.0,98055,47.4325,-122.197,1490.0,2138.0,2015-03-26,183750.0
9407001320,4.0,2.0,980.0,10640.0,1.0,0.0,0.0,5,7,980.0,0.0,1978,0.0,98045,47.4462,-121.773,1230.0,9750.0,2014-05-22,295000.0
9527000180,4.0,3.0,2530.0,5625.0,1.0,0.0,0.0,3,8,1470.0,1060.0,1976,0.0,98034,47.7094,-122.233,1840.0,7070.0,2014-07-11,625000.0
7225000155,4.0,3.0,2390.0,4500.0,2.0,,0.0,3,7,2390.0,0.0,1974,0.0,98055,47.4872,-122.204,1320.0,4500.0,2014-06-09,290000.0
3622069103,4.0,2.5,3600.0,155509.0,2.0,0.0,0.0,3,9,3600.0,0.0,2004,0.0,98010,47.3538,-121.986,3410.0,34412.0,2015-01-23,760000.0
3345100286,4.0,2.5,3270.0,24750.0,1.0,0.0,0.0,4,8,1690.0,1580.0,1979,0.0,98056,47.5221,-122.178,1520.0,13480.0,2015-02-19,560000.0
203100910,5.0,2.5,2300.0,28480.0,2.0,0.0,0.0,3,6,2300.0,0.0,1994,0.0,98053,47.6403,-121.964,1880.0,26720.0,2014-09-23,475000.0
1257201530,3.0,1.0,1710.0,4050.0,1.5,0.0,0.0,3,7,1710.0,0.0,1909,0.0,98103,47.6732,-122.331,1790.0,4896.0,2014-05-13,620000.0
3083000365,4.0,2.0,1170.0,4000.0,1.0,0.0,0.0,3,7,1170.0,0.0,1955,0.0,98144,47.5797,-122.305,1720.0,4000.0,2015-05-08,330000.0
1245000865,3.0,2.25,1990.0,6256.0,1.0,0.0,0.0,3,7,1390.0,600.0,1960,0.0,98033,47.6903,-122.206,2080.0,9300.0,2015-04-08,620000.0
5104220120,4.0,1.75,1710.0,10480.0,1.5,,0.0,4,6,1710.0,0.0,1969,0.0,98059,47.4743,-122.143,1750.0,10480.0,2015-01-07,320000.0
9828701608,3.0,2.5,1740.0,2350.0,2.0,0.0,0.0,3,8,1120.0,620.0,1996,0.0,98112,47.6206,-122.297,1750.0,3802.0,2014-09-15,525000.0
98020410,4.0,3.75,3320.0,8030.0,2.0,0.0,0.0,3,10,3320.0,0.0,2005,0.0,98075,47.5818,-121.972,3740.0,8030.0,2014-07-21,802500.0
3416601021,4.0,1.0,1960.0,3194.0,2.0,0.0,0.0,3,7,1960.0,0.0,1907,0.0,98144,47.6005,-122.296,1870.0,4200.0,2014-09-26,569500.0
3052700610,6.0,3.5,2820.0,5400.0,1.0,0.0,0.0,3,8,1620.0,1200.0,1958,0.0,98117,47.6791,-122.374,1560.0,2276.0,2014-12-16,850000.0
8818400155,3.0,1.0,1590.0,4080.0,1.5,0.0,0.0,3,7,1590.0,0.0,1922,0.0,98105,47.662,-122.326,1570.0,4080.0,2015-04-05,630000.0
8562901830,4.0,2.25,2490.0,10720.0,1.0,0.0,1.0,4,7,1400.0,1090.0,1979,0.0,98074,47.6137,-122.06,3080.0,10720.0,2014-08-05,454800.0
8651430870,3.0,1.0,870.0,5200.0,1.0,0.0,0.0,5,6,870.0,0.0,1969,0.0,98042,47.3695,-122.081,870.0,5200.0,2015-03-03,177000.0
721049207,3.0,1.75,1860.0,15681.0,1.0,0.0,0.0,4,7,1860.0,,1971,0.0,98023,47.3191,-122.339,1860.0,22979.0,2014-06-19,275000.0
3463400330,3.0,2.0,2930.0,29136.0,2.0,0.0,0.0,3,8,2240.0,690.0,1990,0.0,98010,47.3102,-122.042,2110.0,29362.0,2015-04-16,460000.0
6003500995,3.0,1.0,1580.0,3840.0,2.0,,0.0,3,8,1580.0,0.0,1908,0.0,98102,47.6192,-122.319,1680.0,2624.0,2014-06-17,729000.0
4139430910,4.0,3.25,4110.0,15488.0,2.0,0.0,2.0,3,11,4110.0,0.0,1995,0.0,98006,47.5493,-122.117,4190.0,14973.0,2014-10-21,935000.0
1232000915,3.0,2.0,1410.0,4800.0,1.0,0.0,0.0,3,7,1410.0,0.0,1940,0.0,98117,47.6852,-122.378,1190.0,3840.0,2014-05-09,481450.0
1954700365,3.0,2.0,2090.0,4190.0,1.5,0.0,0.0,4,8,1490.0,600.0,1930,0.0,98122,47.6178,-122.284,2090.0,6270.0,2015-03-17,860000.0
8074200175,3.0,1.75,1400.0,8364.0,1.0,0.0,0.0,4,7,1400.0,0.0,1958,0.0,98056,47.4918,-122.178,1210.0,8160.0,2014-11-06,274000.0
6821101762,3.0,3.5,1690.0,1432.0,2.0,0.0,0.0,3,7,1360.0,330.0,2008,0.0,98199,47.6513,-122.4,1650.0,2788.0,2014-06-05,499000.0
1774230180,5.0,2.25,3210.0,61419.0,1.5,0.0,0.0,3,8,3210.0,0.0,1979,0.0,98077,47.7632,-122.09,2820.0,48351.0,2014-09-17,696500.0
2051200506,3.0,1.0,1190.0,85226.0,1.5,0.0,0.0,5,5,1190.0,0.0,1935,0.0,98070,47.365,-122.462,1360.0,46960.0,2015-04-13,390000.0
7851200040,3.0,1.0,960.0,9748.0,1.0,0.0,0.0,3,5,960.0,0.0,1922,0.0,98065,47.5259,-121.815,1600.0,9958.0,2014-12-16,265000.0
4027701326,4.0,2.25,2380.0,17199.0,2.0,0.0,0.0,3,8,1530.0,850.0,1979,0.0,98028,47.7668,-122.27,2280.0,11529.0,2014-07-09,470000.0
923049110,2.0,1.0,1020.0,7742.0,1.0,0.0,0.0,4,6,1020.0,0.0,1935,0.0,98168,47.499,-122.301,1510.0,7742.0,2015-01-29,168500.0
3329500730,3.0,1.75,1290.0,8250.0,1.0,0.0,0.0,3,7,1290.0,0.0,1983,0.0,98001,47.3353,-122.27,1410.0,7823.0,2014-11-11,220000.0
5476800201,3.0,2.0,1830.0,17321.0,1.0,0.0,0.0,4,7,1100.0,730.0,1948,0.0,98178,47.5072,-122.272,1450.0,10706.0,2014-10-20,295000.0
4139910180,5.0,4.0,4770.0,31570.0,2.0,0.0,0.0,3,12,4770.0,0.0,1990,0.0,98006,47.5468,-122.123,4520.0,32070.0,2015-01-14,1480000.0
7278100515,2.0,2.5,2910.0,19449.0,2.0,1.0,4.0,5,9,1940.0,970.0,1985,0.0,98177,47.7729,-122.393,2540.0,23598.0,2014-08-21,1300000.0
9353300220,3.0,1.0,950.0,10723.0,1.0,0.0,0.0,4,6,950.0,0.0,1959,0.0,98059,47.4899,-122.133,1520.0,10723.0,2015-04-08,285000.0
5253300173,3.0,1.0,1160.0,8950.0,1.0,0.0,0.0,3,7,1160.0,0.0,1968,0.0,98133,47.7499,-122.338,1210.0,8193.0,2014-10-22,294950.0
98000150,4.0,4.0,4930.0,22093.0,2.0,,3.0,3,12,4930.0,0.0,2004,0.0,98075,47.5874,-121.965,4630.0,18889.0,2015-01-02,1470000.0
8608900205,3.0,1.75,1780.0,5850.0,1.0,0.0,0.0,5,7,980.0,800.0,1944,0.0,98116,47.5589,-122.392,1550.0,5850.0,2015-04-03,565500.0
2895200150,3.0,2.0,1410.0,10625.0,1.0,,0.0,3,7,1410.0,0.0,1980,0.0,98042,47.3649,-122.117,1410.0,9744.0,2014-10-13,230000.0
621069057,4.0,3.5,2700.0,443440.0,1.5,0.0,0.0,3,8,2700.0,0.0,1948,19970.0,98042,47.333,-122.098,3210.0,298182.0,2015-03-23,569950.0
8712100760,2.0,1.5,1790.0,4250.0,1.0,,0.0,3,7,920.0,870.0,1915,20140.0,98112,47.6367,-122.301,1910.0,4250.0,2014-09-24,721000.0
255520180,3.0,2.5,4040.0,8653.0,2.0,0.0,0.0,3,9,2900.0,1140.0,2006,0.0,98019,47.7378,-121.975,3360.0,8653.0,2014-12-18,565000.0
1025059186,3.0,1.75,1990.0,9885.0,1.0,0.0,0.0,4,7,1030.0,960.0,1978,0.0,98052,47.6722,-122.162,1560.0,10000.0,2014-09-17,438000.0
797000330,3.0,1.75,2150.0,19127.0,1.0,0.0,0.0,3,7,1650.0,500.0,1978,0.0,98168,47.5061,-122.324,1550.0,15000.0,2015-04-02,369900.0
6403510410,4.0,2.5,1850.0,9136.0,2.0,0.0,0.0,3,8,1850.0,0.0,1997,0.0,98059,47.4943,-122.157,1930.0,7873.0,2014-09-05,405000.0
4324210120,3.0,2.5,1680.0,15711.0,1.0,0.0,0.0,3,7,1240.0,440.0,1994,0.0,98031,47.423,-122.171,1420.0,8588.0,2014-05-27,282000.0
6381500450,2.0,1.0,1430.0,7819.0,1.0,0.0,0.0,3,7,1110.0,320.0,1944,0.0,98125,47.7307,-122.302,1380.0,7473.0,2014-11-04,380950.0
7609700065,3.0,1.0,960.0,8855.0,1.0,0.0,0.0,4,7,960.0,0.0,1958,0.0,98155,47.7689,-122.328,1250.0,8855.0,2014-06-30,349810.0
6192410760,4.0,2.5,2700.0,8810.0,2.0,0.0,0.0,3,9,2700.0,0.0,2004,0.0,98052,47.7041,-122.116,2730.0,5100.0,2014-05-26,690000.0
441000065,2.0,1.5,1290.0,5141.0,1.0,0.0,0.0,4,7,1050.0,240.0,1947,0.0,98115,47.6878,-122.29,1290.0,5406.0,2015-05-05,653000.0
9238510220,3.0,2.5,1860.0,43170.0,2.0,0.0,0.0,3,8,1860.0,0.0,1986,0.0,98072,47.7712,-122.136,2270.0,40835.0,2014-10-28,526500.0
293760150,4.0,3.5,4320.0,8490.0,2.0,,0.0,3,10,3280.0,1040.0,2005,0.0,98029,47.5568,-122.029,4030.0,11008.0,2014-10-17,1040000.0
3331001765,3.0,1.0,2130.0,3825.0,1.5,0.0,0.0,3,7,2130.0,0.0,1917,0.0,98118,47.5506,-122.281,1780.0,5150.0,2014-09-23,335000.0
1423069077,2.0,1.75,2870.0,102366.0,2.0,0.0,2.0,4,8,1770.0,,1994,0.0,98027,47.4847,-122.0,2960.0,108900.0,2014-09-15,570000.0
8123450450,5.0,3.5,3740.0,11340.0,2.0,0.0,0.0,3,10,3740.0,0.0,2013,0.0,98052,47.6628,-122.143,2040.0,8715.0,2015-03-10,1080000.0
1795910360,3.0,2.5,2130.0,8022.0,2.0,0.0,0.0,3,8,2130.0,0.0,1985,0.0,98052,47.7252,-122.106,2130.0,7605.0,2014-09-22,475000.0
7883603965,4.0,2.0,1210.0,4250.0,1.0,0.0,0.0,4,7,1210.0,0.0,1941,0.0,98108,47.5275,-122.321,1210.0,6000.0,2015-02-12,315000.0
7937600087,6.0,2.0,2800.0,29985.0,1.0,0.0,0.0,5,7,1400.0,,1954,0.0,98058,47.4398,-122.08,1980.0,29985.0,2014-12-09,405000.0
3396820150,5.0,2.25,3040.0,8111.0,2.0,0.0,0.0,3,8,3040.0,0.0,1984,0.0,98052,47.7157,-122.103,2020.0,8304.0,2014-05-06,562000.0
3654800040,3.0,2.5,1570.0,6932.0,2.0,0.0,0.0,3,7,1570.0,0.0,1993,0.0,98038,47.3902,-122.049,1570.0,6271.0,2015-04-24,295000.0
8039900360,3.0,2.25,2090.0,15000.0,1.0,0.0,0.0,3,7,2090.0,0.0,1961,0.0,98045,47.4885,-121.783,1690.0,14400.0,2014-07-08,383000.0
3876540410,3.0,2.25,1690.0,7292.0,1.0,0.0,0.0,3,7,1250.0,440.0,1985,0.0,98003,47.2639,-122.303,1670.0,7747.0,2015-04-13,242000.0
7230300610,3.0,1.5,1470.0,17577.0,1.0,0.0,0.0,5,7,1470.0,0.0,1967,0.0,98059,47.4695,-122.116,2300.0,13832.0,2015-04-03,352500.0
1180005280,4.0,1.0,1460.0,6000.0,1.0,0.0,0.0,4,7,730.0,730.0,1941,0.0,98178,47.4952,-122.224,1190.0,6000.0,2014-07-23,239950.0
714000210,4.0,2.5,3030.0,6820.0,2.0,0.0,0.0,3,9,2530.0,500.0,1947,20000.0,98105,47.6695,-122.266,2070.0,6820.0,2014-09-03,998000.0
3902100205,3.0,1.75,1190.0,4500.0,1.0,0.0,0.0,3,6,1190.0,0.0,1922,20120.0,98116,47.5576,-122.388,1820.0,4500.0,2015-04-17,515000.0
9285800790,5.0,1.0,1840.0,6710.0,1.5,0.0,0.0,3,7,1840.0,,1920,0.0,98126,47.5686,-122.378,1410.0,4880.0,2015-04-06,590000.0
1922000180,4.0,3.75,3560.0,13959.0,2.0,0.0,0.0,4,9,3560.0,0.0,1972,0.0,98040,47.5575,-122.211,3320.0,11834.0,2015-04-02,1160000.0
6121800065,3.0,1.75,1580.0,9750.0,1.0,0.0,0.0,5,7,1580.0,0.0,1954,0.0,98148,47.427,-122.331,1460.0,9750.0,2014-11-04,289000.0
4427100145,3.0,1.5,1230.0,7200.0,1.0,,0.0,3,7,1230.0,0.0,1953,0.0,98125,47.7281,-122.311,1400.0,6240.0,2015-03-23,424000.0
7227800065,4.0,2.0,1440.0,9477.0,1.0,0.0,0.0,3,5,1440.0,0.0,1943,0.0,98056,47.5093,-122.182,1440.0,9546.0,2014-10-16,199000.0
7853220330,4.0,3.5,4420.0,7902.0,2.0,0.0,0.0,3,10,3350.0,1070.0,2004,0.0,98065,47.5327,-121.86,3440.0,7851.0,2014-10-06,730000.0
1430800258,3.0,1.0,910.0,5250.0,1.0,0.0,0.0,4,6,910.0,0.0,1971,0.0,98166,47.4729,-122.352,1650.0,10442.0,2014-05-27,244000.0
7454001075,2.0,1.0,670.0,10920.0,1.0,,0.0,3,6,670.0,0.0,1942,0.0,98146,47.5128,-122.372,900.0,7425.0,2014-06-18,240000.0
4038500210,4.0,2.75,2650.0,8610.0,2.0,0.0,0.0,3,8,2650.0,0.0,1959,20070.0,98008,47.6155,-122.121,1680.0,8316.0,2015-04-22,797000.0
2310040230,4.0,2.25,2220.0,6953.0,2.0,0.0,0.0,4,8,2220.0,0.0,1999,0.0,98038,47.3509,-122.041,2240.0,6716.0,2014-05-20,350000.0
1727500230,3.0,1.75,1640.0,6435.0,1.0,,0.0,3,7,1190.0,450.0,1972,0.0,98034,47.7197,-122.217,1770.0,6930.0,2014-11-19,415000.0
3874900205,2.0,1.0,770.0,5185.0,1.0,0.0,0.0,3,7,770.0,0.0,1947,0.0,98126,47.5459,-122.379,1260.0,6550.0,2015-04-14,378510.0
269000085,4.0,3.5,3960.0,6654.0,2.0,0.0,0.0,3,10,2850.0,1110.0,2006,0.0,98199,47.6461,-122.389,2840.0,6400.0,2014-07-08,1200000.0
7972602510,2.0,1.5,1140.0,7620.0,1.0,0.0,0.0,4,6,1140.0,0.0,1925,0.0,98106,47.5277,-122.351,1300.0,7620.0,2014-10-06,379900.0
7202340720,3.0,2.5,2480.0,9041.0,2.0,0.0,0.0,3,7,2480.0,0.0,2004,0.0,98053,47.6797,-122.035,2480.0,6500.0,2014-05-20,620000.0
1254201106,3.0,1.5,1580.0,3172.0,1.0,,0.0,4,8,900.0,680.0,1946,0.0,98117,47.6796,-122.393,1580.0,5000.0,2014-08-29,524500.0
7349650330,4.0,2.75,1990.0,7252.0,1.0,0.0,0.0,3,7,1270.0,720.0,1999,0.0,98002,47.2839,-122.202,2100.0,7535.0,2014-06-09,270000.0
9211520150,4.0,2.25,1830.0,9485.0,1.0,0.0,0.0,4,7,1200.0,630.0,1989,0.0,98023,47.2995,-122.387,1730.0,10109.0,2014-05-28,236000.0
3438501020,2.0,2.0,840.0,14564.0,1.5,0.0,0.0,5,6,840.0,0.0,1942,0.0,98106,47.5499,-122.36,1430.0,7920.0,2014-11-05,308500.0
5460900120,5.0,2.25,3320.0,11350.0,1.0,0.0,0.0,5,8,1660.0,1660.0,1963,0.0,98040,47.5749,-122.213,3320.0,11085.0,2014-12-08,989900.0
7459810210,4.0,2.25,2050.0,26000.0,2.0,0.0,0.0,4,8,2050.0,0.0,1977,0.0,98042,47.3423,-122.063,2330.0,31100.0,2014-10-02,299000.0
4032500035,2.0,1.75,1560.0,43748.0,2.0,0.0,0.0,3,8,1560.0,0.0,1967,20000.0,98065,47.5729,-121.676,1000.0,24602.0,2014-09-13,295000.0
8018600880,2.0,1.0,800.0,15000.0,1.0,,0.0,3,6,800.0,0.0,1927,0.0,98168,47.4932,-122.316,1170.0,15000.0,2014-06-11,110000.0
2807100156,2.0,1.0,1190.0,6200.0,1.0,0.0,0.0,3,7,1190.0,0.0,1948,0.0,98133,47.7634,-122.34,1470.0,7800.0,2014-07-03,295950.0
2112700845,3.0,1.75,1300.0,4127.0,1.0,0.0,0.0,4,6,650.0,650.0,1918,0.0,98106,47.5353,-122.352,1420.0,4000.0,2014-05-28,270000.0
3022079087,4.0,2.5,3400.0,247421.0,2.0,0.0,0.0,3,9,3400.0,0.0,2001,0.0,98010,47.3623,-121.971,3180.0,222156.0,2014-05-21,712000.0
2767603577,2.0,1.5,1170.0,1250.0,3.0,0.0,0.0,3,8,1170.0,0.0,2000,0.0,98107,47.6719,-122.38,1310.0,1308.0,2015-05-06,475000.0
3955900220,4.0,2.5,2510.0,5258.0,2.0,0.0,0.0,3,7,2510.0,0.0,2001,0.0,98056,47.4818,-122.188,2570.0,5119.0,2015-03-17,410000.0
3761100276,4.0,2.25,2510.0,19550.0,1.0,0.0,0.0,4,9,1810.0,700.0,1977,0.0,98034,47.7041,-122.241,2450.0,19250.0,2015-03-13,588000.0
6979970150,3.0,2.5,2390.0,3903.0,2.0,,0.0,3,8,1970.0,420.0,2006,0.0,98072,47.7515,-122.174,2390.0,3431.0,2014-12-12,420000.0
8857640410,4.0,2.25,2200.0,3404.0,2.0,0.0,0.0,3,8,2200.0,0.0,2005,0.0,98038,47.3895,-122.034,2200.0,3449.0,2015-01-19,355000.0
6052400175,2.0,1.0,2550.0,21675.0,1.0,0.0,1.0,4,7,1610.0,940.0,1958,0.0,98198,47.4013,-122.319,2030.0,10591.0,2014-06-23,446000.0
2525059077,4.0,2.25,2560.0,12100.0,1.0,,0.0,4,8,1760.0,800.0,1976,0.0,98052,47.631,-122.108,2240.0,12100.0,2014-05-20,765000.0
5040800120,3.0,3.75,3250.0,5797.0,2.0,0.0,2.0,4,8,2370.0,880.0,1951,0.0,98199,47.6481,-122.405,1840.0,5797.0,2014-05-27,967500.0
8682262380,2.0,2.0,1340.0,4447.0,1.0,0.0,0.0,3,8,1340.0,0.0,2004,0.0,98053,47.7175,-122.033,1350.0,4458.0,2014-09-05,381000.0
2521059060,3.0,2.25,2840.0,107157.0,2.0,0.0,0.0,4,9,2840.0,0.0,1983,0.0,98092,47.2848,-122.118,2600.0,215622.0,2015-05-01,490000.0
7526800040,4.0,2.25,2480.0,9780.0,1.0,0.0,0.0,4,8,1900.0,580.0,1975,0.0,98052,47.6388,-122.099,2640.0,9780.0,2014-08-27,716000.0
4104900150,5.0,3.5,3060.0,8862.0,2.0,0.0,0.0,3,8,3060.0,0.0,1989,0.0,98056,47.5322,-122.185,2680.0,8398.0,2015-04-14,605000.0
5409800120,4.0,2.5,2910.0,8596.0,2.0,,0.0,3,8,2910.0,0.0,2004,0.0,98003,47.2596,-122.304,2770.0,8602.0,2014-09-19,312200.0
2423039122,4.0,1.0,1900.0,9000.0,1.0,,0.0,4,7,1290.0,610.0,1948,0.0,98166,47.4629,-122.361,1950.0,10800.0,2014-07-18,327000.0
6143600555,4.0,1.75,1300.0,21000.0,1.0,0.0,0.0,4,7,1300.0,0.0,1969,0.0,98001,47.3067,-122.285,2120.0,9920.0,2014-06-09,229950.0
5029451010,3.0,1.5,1480.0,7000.0,1.0,0.0,0.0,3,7,1000.0,480.0,1980,0.0,98023,47.2866,-122.368,1470.0,7022.0,2014-07-11,160000.0
6649500040,3.0,1.0,1250.0,9472.0,1.0,0.0,0.0,4,6,1250.0,0.0,1972,0.0,98059,47.495,-122.154,1590.0,9600.0,2014-08-12,255000.0
2922700155,4.0,2.5,2000.0,4700.0,1.5,0.0,0.0,4,7,1220.0,780.0,1944,0.0,98117,47.6902,-122.368,1560.0,4700.0,2014-11-25,530000.0
422049203,3.0,1.5,1330.0,6540.0,1.0,,0.0,3,7,900.0,430.0,1971,0.0,98188,47.4239,-122.292,1400.0,11500.0,2014-10-24,239000.0
5412200180,3.0,2.25,1840.0,6214.0,1.0,0.0,0.0,4,7,1270.0,570.0,1983,0.0,98031,47.4043,-122.185,1840.0,6214.0,2015-02-28,285000.0
6338000032,4.0,2.0,1560.0,7104.0,1.5,0.0,0.0,3,7,1140.0,420.0,1945,0.0,98105,47.6714,-122.28,1850.0,7105.0,2014-08-27,537000.0
8161000210,3.0,2.5,3150.0,21893.0,2.0,0.0,0.0,3,9,3150.0,0.0,2006,0.0,98014,47.6455,-121.901,2280.0,21886.0,2014-08-14,530000.0
5028600360,3.0,2.25,1560.0,6013.0,2.0,,0.0,3,7,1560.0,0.0,1990,0.0,98023,47.2862,-122.352,1640.0,6290.0,2014-07-25,213675.0
1952000150,5.0,2.5,2910.0,9636.0,1.0,0.0,0.0,4,7,1690.0,1220.0,1964,0.0,98008,47.5803,-122.119,2830.0,10385.0,2014-05-06,530000.0
9510920040,3.0,2.5,2940.0,15875.0,2.0,0.0,0.0,3,10,2940.0,0.0,1994,0.0,98075,47.5947,-122.016,2980.0,15875.0,2015-03-05,780000.0
9834200411,3.0,1.0,950.0,3621.0,1.0,0.0,0.0,4,6,950.0,0.0,1947,0.0,98144,47.575,-122.289,1540.0,4080.0,2014-11-13,390000.0
2960900040,2.0,1.0,1200.0,4000.0,1.0,,0.0,3,7,1070.0,130.0,1940,0.0,98126,47.5766,-122.378,1770.0,4000.0,2014-05-21,450000.0
1112000035,2.0,1.0,1000.0,5375.0,1.0,0.0,0.0,3,7,1000.0,0.0,1953,0.0,98118,47.5404,-122.268,1380.0,5000.0,2015-03-11,420000.0
1982200790,3.0,2.0,1490.0,3880.0,1.0,0.0,0.0,3,7,1490.0,0.0,1959,0.0,98107,47.662,-122.363,1490.0,3880.0,2015-01-27,550000.0
3361401011,2.0,1.0,600.0,6120.0,1.0,,0.0,3,5,600.0,0.0,1943,0.0,98168,47.4997,-122.317,1060.0,6120.0,2015-02-19,110000.0
1695900150,2.0,1.75,2320.0,5500.0,1.5,,2.0,3,8,1720.0,600.0,1925,20000.0,98144,47.586,-122.292,2380.0,5000.0,2014-05-28,700000.0
1240100065,4.0,2.5,3190.0,24170.0,2.0,0.0,0.0,3,10,3190.0,0.0,2002,0.0,98074,47.6209,-122.052,2110.0,26321.0,2015-04-24,807500.0
421049254,2.0,1.0,990.0,8760.0,1.0,0.0,0.0,3,7,990.0,0.0,1977,0.0,98003,47.3302,-122.305,1560.0,11880.0,2014-10-02,179000.0
9412400220,4.0,2.75,5470.0,18200.0,2.0,1.0,4.0,3,11,3730.0,1740.0,1992,0.0,98118,47.5316,-122.263,3620.0,15100.0,2014-07-10,1610000.0
1726069060,4.0,2.75,2890.0,46609.0,2.0,0.0,0.0,4,9,2890.0,0.0,1981,0.0,98077,47.7454,-122.061,2880.0,68824.0,2015-04-09,655000.0
6150200040,3.0,2.0,1790.0,6800.0,1.0,0.0,0.0,4,7,1240.0,550.0,1964,0.0,98133,47.728,-122.339,1470.0,6800.0,2015-03-16,472500.0
7300400150,4.0,2.5,2350.0,6958.0,2.0,0.0,0.0,3,9,2350.0,0.0,1998,0.0,98092,47.3321,-122.172,2480.0,6395.0,2014-10-27,299000.0
2621730220,4.0,2.5,3430.0,10157.0,2.0,0.0,0.0,3,10,3430.0,0.0,2000,0.0,98034,47.723,-122.158,3480.0,10157.0,2014-05-14,740000.0
4122700040,3.0,1.75,2600.0,15064.0,1.0,0.0,0.0,4,8,1700.0,900.0,1967,0.0,98004,47.64,-122.204,2940.0,14984.0,2014-10-10,860000.0
9161100730,4.0,3.0,2130.0,6325.0,1.0,0.0,0.0,5,7,1440.0,690.0,1948,0.0,98116,47.5683,-122.396,1240.0,6325.0,2014-07-01,620000.0
9357001010,3.0,1.75,1660.0,5987.0,1.0,0.0,0.0,3,7,960.0,700.0,1982,0.0,98146,47.5107,-122.381,1510.0,6000.0,2014-10-10,410000.0
8643000210,5.0,3.5,2473.0,9282.0,2.0,0.0,1.0,5,7,2473.0,0.0,1963,0.0,98198,47.3966,-122.308,2040.0,10920.0,2015-03-04,343000.0
9828701739,2.0,2.75,1430.0,1425.0,2.0,0.0,0.0,3,7,995.0,435.0,2006,0.0,98112,47.621,-122.298,1500.0,1749.0,2014-06-17,465000.0
3204400040,3.0,2.25,1570.0,3109.0,2.0,0.0,0.0,3,8,1570.0,0.0,2002,0.0,98092,47.3258,-122.186,1680.0,3590.0,2015-03-04,273950.0
3342103282,2.0,1.0,1240.0,42247.0,1.0,0.0,1.0,4,7,1240.0,0.0,1915,0.0,98056,47.5169,-122.201,1550.0,12459.0,2014-10-17,825000.0
2420069604,3.0,2.5,1720.0,6200.0,2.0,0.0,0.0,3,7,1720.0,0.0,2014,0.0,98022,47.2137,-121.989,1710.0,9520.0,2015-03-30,255000.0
8078050040,3.0,2.0,1140.0,11161.0,1.0,0.0,0.0,4,7,1140.0,0.0,1998,0.0,98022,47.209,-122.012,1720.0,8587.0,2014-09-08,250000.0
7663700150,4.0,3.25,2690.0,7200.0,2.0,0.0,3.0,3,9,1720.0,970.0,1978,0.0,98155,47.7341,-122.288,2400.0,8845.0,2014-08-22,635000.0
4167700210,3.0,1.75,1520.0,9600.0,1.0,0.0,0.0,3,8,1520.0,0.0,1966,0.0,98023,47.3263,-122.365,2060.0,9600.0,2014-08-26,240000.0
2423020180,4.0,2.25,2040.0,7031.0,2.0,0.0,0.0,3,8,2040.0,0.0,2012,0.0,98033,47.7016,-122.17,1670.0,7031.0,2015-05-07,670000.0
2824600180,3.0,2.5,2830.0,6000.0,1.0,0.0,3.0,3,9,1730.0,1100.0,1954,0.0,98126,47.5751,-122.378,2040.0,5300.0,2014-10-24,713414.0
2013801086,3.0,1.5,1340.0,7391.0,1.0,0.0,0.0,4,7,1340.0,0.0,1966,0.0,98198,47.3837,-122.317,1300.0,7391.0,2015-05-13,245000.0
4022900150,4.0,2.5,2520.0,10850.0,1.0,0.0,0.0,4,8,1680.0,840.0,1968,0.0,98155,47.7751,-122.284,2590.0,10800.0,2014-12-09,600000.0
3295710150,3.0,2.5,1660.0,5550.0,2.0,0.0,0.0,3,7,1660.0,0.0,2002,0.0,98198,47.375,-122.304,1810.0,5550.0,2014-10-15,270000.0
9476200035,2.0,1.0,880.0,6900.0,1.0,0.0,0.0,3,6,880.0,0.0,1943,0.0,98056,47.4903,-122.191,1060.0,8000.0,2014-11-20,190000.0
1937300180,3.0,2.0,980.0,5000.0,1.0,0.0,0.0,3,6,980.0,0.0,1940,0.0,98144,47.595,-122.308,1970.0,3025.0,2014-06-06,435000.0
4226900211,4.0,1.0,1360.0,5814.0,1.5,0.0,0.0,2,6,1360.0,0.0,1900,0.0,98122,47.6038,-122.314,1010.0,5814.0,2014-10-23,560000.0
424069018,3.0,3.75,3710.0,34412.0,2.0,0.0,0.0,3,10,2910.0,800.0,1978,0.0,98075,47.5888,-122.04,2390.0,34412.0,2014-09-05,998000.0
6684500040,3.0,1.0,940.0,8377.0,1.0,0.0,0.0,4,7,940.0,0.0,1952,0.0,98004,47.5974,-122.2,1710.0,6900.0,2014-12-02,725000.0
8948500065,2.0,1.0,970.0,8874.0,1.0,0.0,0.0,3,7,970.0,0.0,1968,0.0,98056,47.4943,-122.178,1340.0,8175.0,2014-11-24,210000.0
1972201960,3.0,2.25,1500.0,1312.0,3.0,0.0,0.0,3,8,1500.0,0.0,2007,0.0,98103,47.6534,-122.346,1500.0,1282.0,2014-08-25,513000.0
7436200040,5.0,2.5,2780.0,9652.0,1.0,0.0,0.0,4,8,1390.0,1390.0,1967,0.0,98001,47.3444,-122.271,1790.0,9652.0,2014-11-05,290000.0
3835502815,3.0,2.5,3110.0,9930.0,1.0,0.0,1.0,3,8,1640.0,1470.0,1954,0.0,98039,47.6112,-122.226,3650.0,14399.0,2014-09-25,1260000.0
8856960540,3.0,2.25,1860.0,11227.0,2.0,0.0,0.0,3,7,1860.0,0.0,1995,0.0,98038,47.3879,-122.031,1820.0,8800.0,2014-06-20,330000.0
1432400065,3.0,1.0,1010.0,7560.0,1.0,,0.0,3,6,1010.0,0.0,1958,0.0,98058,47.4497,-122.176,1170.0,7560.0,2014-06-05,189000.0
4370700065,3.0,2.25,2850.0,6281.0,2.0,0.0,2.0,4,7,1900.0,950.0,1947,0.0,98115,47.6911,-122.326,1680.0,7006.0,2015-05-04,907500.0
1725079047,3.0,2.25,2280.0,200811.0,1.0,,0.0,3,7,2280.0,0.0,1978,0.0,98014,47.6522,-121.941,2280.0,206038.0,2014-11-04,410000.0
7855000325,4.0,3.0,3080.0,10757.0,2.0,0.0,3.0,5,8,3080.0,0.0,1961,0.0,98006,47.5671,-122.159,2810.0,10757.0,2015-02-20,1050000.0
2826049098,4.0,2.5,2280.0,14290.0,1.5,0.0,0.0,4,7,1510.0,770.0,1942,0.0,98125,47.7054,-122.297,2140.0,9890.0,2014-12-04,622100.0
3750603685,3.0,1.5,2030.0,14400.0,1.0,0.0,0.0,4,7,1310.0,720.0,1969,0.0,98001,47.2639,-122.285,1330.0,14400.0,2014-07-23,250000.0
1797500230,4.0,3.0,2570.0,4000.0,2.0,0.0,0.0,3,8,1750.0,820.0,1909,0.0,98115,47.6743,-122.313,1970.0,4000.0,2014-08-18,1180000.0
3459600330,3.0,2.75,3640.0,10300.0,1.0,0.0,0.0,4,9,2060.0,1580.0,1979,0.0,98006,47.5612,-122.146,3110.0,10625.0,2015-02-09,925000.0
546001020,3.0,2.0,1760.0,4046.0,1.0,0.0,0.0,3,7,960.0,800.0,1931,0.0,98117,47.6876,-122.381,1500.0,4046.0,2015-02-18,554000.0
7227502507,3.0,2.5,2760.0,17377.0,2.0,0.0,0.0,3,9,2760.0,0.0,2002,0.0,98056,47.4929,-122.188,1940.0,8504.0,2014-07-09,545000.0
326049060,3.0,2.5,2650.0,11250.0,2.0,0.0,0.0,3,9,2650.0,0.0,2005,0.0,98155,47.7644,-122.29,2200.0,10013.0,2014-09-09,660000.0
1525059261,5.0,4.5,5160.0,44315.0,2.0,0.0,0.0,3,12,5160.0,0.0,1996,0.0,98005,47.6568,-122.154,4760.0,44315.0,2015-05-05,1900000.0
7399300120,4.0,2.0,1480.0,8625.0,1.0,0.0,0.0,4,7,1480.0,0.0,1974,0.0,98055,47.462,-122.193,2130.0,8502.0,2014-05-02,260000.0
7812801590,3.0,1.0,860.0,6664.0,1.0,0.0,0.0,3,6,860.0,0.0,1944,0.0,98178,47.4931,-122.247,1150.0,6857.0,2014-10-30,219900.0
6699930530,4.0,2.5,2610.0,4978.0,2.0,0.0,0.0,3,8,2610.0,0.0,2004,0.0,98038,47.3438,-122.04,2470.0,5024.0,2015-03-25,373500.0
1523069151,2.0,1.0,1470.0,81021.0,1.0,0.0,0.0,4,6,1470.0,0.0,1949,0.0,98027,47.4771,-122.03,2600.0,69696.0,2014-07-11,380000.0
7525950180,4.0,2.5,4570.0,16015.0,2.0,0.0,2.0,3,11,4570.0,0.0,1990,0.0,98074,47.6246,-122.067,4490.0,17668.0,2014-07-01,1060000.0
3623500408,3.0,3.0,3410.0,16015.0,2.0,1.0,4.0,4,10,2220.0,1190.0,1973,0.0,98040,47.5721,-122.239,3760.0,16572.0,2015-03-30,2600000.0
7312200120,3.0,2.25,1760.0,10013.0,2.0,0.0,0.0,4,8,1760.0,0.0,1983,0.0,98056,47.5336,-122.189,1810.0,9768.0,2014-07-23,450000.0
4123810210,3.0,1.75,2040.0,12065.0,1.0,0.0,0.0,3,8,2040.0,0.0,1987,0.0,98038,47.3756,-122.044,2010.0,11717.0,2014-07-16,379950.0
3902600150,3.0,3.5,3470.0,4171.0,3.0,0.0,0.0,3,9,3470.0,0.0,2008,0.0,98034,47.711,-122.229,3430.0,4268.0,2014-08-20,834800.0
9126101201,2.0,1.0,680.0,4800.0,1.0,0.0,0.0,3,6,680.0,0.0,1917,0.0,98122,47.6084,-122.304,1610.0,4800.0,2014-09-16,365000.0
2423029009,2.0,2.0,1494.0,19271.0,2.0,1.0,4.0,3,7,1494.0,0.0,1943,19970.0,98070,47.4728,-122.497,1494.0,43583.0,2014-06-17,465000.0
3300701285,3.0,1.5,1250.0,4000.0,1.0,0.0,0.0,3,7,1250.0,0.0,1955,0.0,98117,47.6916,-122.379,1030.0,4000.0,2014-07-30,452000.0
2391601445,3.0,3.0,3570.0,6250.0,2.0,0.0,2.0,3,10,2710.0,860.0,1985,0.0,98116,47.5624,-122.399,2550.0,7596.0,2015-03-04,840000.0
7625701175,4.0,2.0,2000.0,6250.0,1.5,0.0,0.0,3,7,1480.0,520.0,1930,0.0,98136,47.5532,-122.389,1110.0,6250.0,2014-11-03,465000.0
1843130360,3.0,2.5,2030.0,4867.0,2.0,0.0,0.0,3,7,2030.0,0.0,2003,0.0,98042,47.3747,-122.128,2030.0,5000.0,2015-05-07,295000.0
6150700264,3.0,1.0,1390.0,6160.0,1.0,,0.0,4,7,1390.0,0.0,1949,0.0,98133,47.7289,-122.338,1230.0,6160.0,2015-02-24,396000.0
3226049080,2.0,1.0,1030.0,12350.0,1.5,0.0,0.0,3,7,1030.0,0.0,1942,0.0,98115,47.6984,-122.324,1790.0,6900.0,2015-02-24,397000.0
7889602020,3.0,1.0,1280.0,9000.0,1.5,0.0,0.0,4,6,1280.0,0.0,1954,0.0,98146,47.4915,-122.338,1430.0,4500.0,2014-08-19,240000.0
3613600150,3.0,2.5,2370.0,6840.0,2.0,0.0,0.0,3,9,2370.0,0.0,1987,0.0,98119,47.6503,-122.366,1590.0,4400.0,2015-01-05,300523.0
3599600276,3.0,2.0,1380.0,9000.0,2.0,0.0,0.0,2,7,1380.0,0.0,1946,0.0,98001,47.2613,-122.248,1460.0,9732.0,2014-11-06,215500.0
2193320210,5.0,3.0,2320.0,7229.0,1.0,0.0,0.0,4,8,1370.0,,1986,0.0,98052,47.697,-122.097,2090.0,7554.0,2014-08-05,552500.0
9117100040,5.0,1.5,2050.0,9360.0,1.0,0.0,0.0,3,7,1520.0,530.0,1968,0.0,98055,47.436,-122.195,1840.0,9383.0,2014-08-28,375000.0
522039106,3.0,1.0,1210.0,103237.0,1.0,0.0,0.0,2,6,1210.0,0.0,1918,19600.0,98070,47.4208,-122.445,1880.0,40510.0,2014-06-06,160000.0
2424059018,4.0,2.5,3270.0,35445.0,2.0,0.0,0.0,3,11,3270.0,0.0,1989,0.0,98006,47.548,-122.121,4180.0,32130.0,2014-06-12,1070000.0
1959700540,3.0,2.5,2450.0,4400.0,2.0,0.0,0.0,4,9,1800.0,650.0,1922,0.0,98102,47.6439,-122.319,2220.0,5500.0,2014-11-04,952000.0
2767900355,5.0,1.75,1890.0,5000.0,1.5,0.0,0.0,3,7,1090.0,800.0,1906,0.0,98107,47.6711,-122.372,1610.0,5000.0,2014-06-27,523460.0
1310820150,4.0,2.5,2007.0,4968.0,2.0,0.0,0.0,3,9,2007.0,0.0,2009,0.0,98092,47.3301,-122.191,2189.0,5852.0,2014-08-12,305950.0
6802200230,3.0,2.5,1430.0,9044.0,2.0,0.0,0.0,3,7,1430.0,0.0,1991,0.0,98022,47.1956,-121.986,1580.0,8624.0,2015-02-09,220000.0
3421049044,2.0,1.75,2056.0,52333.0,1.0,0.0,0.0,4,7,1048.0,1008.0,1980,0.0,98001,47.2592,-122.291,2220.0,6458.0,2015-04-09,289000.0
4036400040,5.0,2.5,2210.0,10772.0,1.0,0.0,2.0,3,9,1430.0,780.0,1964,0.0,98155,47.7383,-122.288,2720.0,9858.0,2015-02-09,648000.0
1193000450,5.0,1.75,2330.0,6000.0,1.5,0.0,0.0,3,8,2080.0,250.0,1937,0.0,98199,47.6461,-122.392,2150.0,6000.0,2015-04-10,825000.0
3819800580,4.0,2.0,2070.0,10800.0,2.0,0.0,0.0,3,7,2070.0,0.0,1982,0.0,98011,47.7264,-122.237,1880.0,10800.0,2014-12-04,400000.0
6873000120,2.0,2.5,1480.0,1369.0,3.0,0.0,0.0,3,7,1480.0,0.0,2009,0.0,98052,47.676,-122.121,1390.0,1337.0,2014-05-12,420000.0
9830200230,2.0,1.75,1160.0,4848.0,2.0,0.0,1.0,4,7,1160.0,0.0,1949,0.0,98118,47.542,-122.265,1990.0,7440.0,2015-01-20,389000.0
2301400276,4.0,2.5,2520.0,4950.0,2.0,0.0,0.0,3,8,2520.0,0.0,1906,20020.0,98117,47.6814,-122.359,1810.0,3500.0,2014-09-08,865000.0
5153200150,2.0,1.0,1770.0,16660.0,1.0,0.0,3.0,3,8,1220.0,550.0,1957,0.0,98023,47.3346,-122.354,2790.0,20504.0,2014-12-03,345000.0
1465400120,3.0,2.5,3110.0,123710.0,2.0,0.0,0.0,3,8,2430.0,680.0,1995,0.0,98038,47.3879,-122.002,2420.0,92782.0,2015-03-26,700000.0
8121200620,3.0,2.5,1680.0,10455.0,2.0,0.0,0.0,3,8,1680.0,0.0,1982,0.0,98052,47.7229,-122.11,1860.0,10063.0,2015-04-16,550000.0
324000530,3.0,1.0,1320.0,5000.0,1.5,0.0,0.0,3,7,1320.0,0.0,1912,0.0,98116,47.5711,-122.386,1320.0,4179.0,2014-07-08,201500.0
324000530,3.0,1.0,1320.0,5000.0,1.5,0.0,0.0,3,7,1320.0,0.0,1912,0.0,98116,47.5711,-122.386,1320.0,4179.0,2015-03-23,459000.0
1328320760,3.0,2.5,1810.0,7350.0,1.0,,0.0,3,8,1310.0,500.0,1984,0.0,98058,47.4434,-122.125,2240.0,7350.0,2014-12-18,327000.0
3626039268,1.0,1.0,1140.0,6700.0,1.5,0.0,0.0,3,7,1140.0,0.0,1920,0.0,98103,47.6958,-122.357,1350.0,6700.0,2014-05-16,540000.0
3585900665,5.0,2.5,4600.0,19831.0,1.0,0.0,3.0,3,9,2300.0,2300.0,1956,20150.0,98177,47.7608,-122.378,2890.0,19831.0,2014-06-06,805000.0
7625701830,3.0,2.0,1840.0,6000.0,1.0,0.0,0.0,4,6,1840.0,0.0,1908,19440.0,98136,47.5508,-122.392,2010.0,6000.0,2014-10-23,521000.0
3524049042,3.0,1.5,2000.0,7294.0,1.0,0.0,0.0,3,7,1520.0,480.0,1965,0.0,98118,47.5297,-122.267,2000.0,6000.0,2014-05-27,375000.0
9211500150,3.0,1.75,1480.0,6592.0,1.0,0.0,0.0,4,7,1080.0,400.0,1978,0.0,98023,47.2982,-122.378,1660.0,7150.0,2015-01-17,235000.0
7760400880,4.0,2.5,2040.0,11841.0,2.0,0.0,0.0,3,7,2040.0,0.0,1994,0.0,98042,47.3691,-122.074,1730.0,8808.0,2014-09-29,240000.0
686450330,4.0,2.25,2060.0,12155.0,1.0,0.0,0.0,4,8,2060.0,0.0,1968,0.0,98008,47.6378,-122.117,2360.0,8625.0,2014-09-15,575000.0
2617900035,6.0,3.5,3720.0,11690.0,2.0,0.0,0.0,3,10,3720.0,0.0,2003,0.0,98040,47.5699,-122.226,3030.0,11686.0,2014-12-01,1520000.0
7936800150,4.0,2.5,3002.0,6042.0,2.0,0.0,0.0,3,8,3002.0,0.0,2004,0.0,98055,47.4231,-122.186,2566.0,6390.0,2014-07-02,394500.0
8651441750,3.0,1.0,1060.0,5200.0,1.0,0.0,0.0,5,6,1060.0,0.0,1970,0.0,98042,47.3636,-122.093,1380.0,5200.0,2014-05-15,174950.0
3664500133,4.0,2.0,1830.0,21183.0,1.0,0.0,0.0,4,7,1060.0,770.0,1966,0.0,98059,47.4826,-122.128,1950.0,6120.0,2014-11-17,383000.0
1823069213,3.0,2.0,1550.0,15040.0,1.0,0.0,0.0,4,6,1550.0,0.0,1958,0.0,98059,47.4873,-122.099,1510.0,41416.0,2014-05-05,249950.0
7525211520,3.0,2.5,1690.0,2752.0,2.0,0.0,0.0,3,8,1690.0,0.0,1979,0.0,98052,47.6332,-122.108,1690.0,2855.0,2015-03-18,431000.0
4034900065,3.0,1.75,2580.0,11000.0,1.0,0.0,0.0,4,7,1290.0,1290.0,1951,0.0,98006,47.5646,-122.181,2280.0,17643.0,2014-05-30,459900.0
2558690150,5.0,2.5,2510.0,8050.0,1.0,,0.0,4,7,1490.0,1020.0,1977,0.0,98034,47.7212,-122.172,1840.0,8471.0,2014-07-07,475000.0
5016001325,3.0,2.25,1290.0,2500.0,2.0,0.0,0.0,4,8,1290.0,0.0,1987,0.0,98112,47.6229,-122.298,1700.0,3750.0,2014-05-16,605000.0
1311800220,4.0,2.0,1450.0,7560.0,1.0,0.0,0.0,3,7,1450.0,0.0,1967,0.0,98001,47.3375,-122.276,1430.0,7560.0,2015-02-18,234950.0
4128000020,4.0,2.5,2690.0,7947.0,2.0,0.0,0.0,3,8,2690.0,0.0,1993,0.0,98058,47.4248,-122.153,2160.0,8328.0,2014-06-13,419000.0
1125059071,4.0,3.25,3340.0,10890.0,1.5,0.0,0.0,3,9,2240.0,1100.0,1963,20000.0,98052,47.6677,-122.136,2880.0,9794.0,2014-05-22,910000.0
3274850130,4.0,2.5,2600.0,8921.0,2.0,0.0,0.0,3,8,2600.0,0.0,1991,0.0,98058,47.4423,-122.178,2550.0,8683.0,2014-12-03,392000.0
1925069099,3.0,2.5,3140.0,9808.0,2.0,0.0,0.0,3,9,2500.0,640.0,2001,0.0,98052,47.6383,-122.097,2370.0,10014.0,2014-08-25,915000.0
3395050050,3.0,3.25,3800.0,13995.0,2.0,0.0,3.0,3,9,3800.0,0.0,1983,0.0,98011,47.7741,-122.203,2480.0,8434.0,2014-11-14,630000.0
4058800500,4.0,1.75,2320.0,5490.0,1.0,0.0,3.0,3,8,1160.0,1160.0,1956,0.0,98178,47.5091,-122.241,2240.0,7200.0,2014-07-10,416100.0
1311600020,4.0,2.5,2360.0,7350.0,1.0,0.0,0.0,4,7,1440.0,920.0,1965,0.0,98001,47.3417,-122.277,1450.0,7305.0,2014-08-21,285000.0
8679400130,4.0,1.5,1100.0,9600.0,1.0,0.0,0.0,4,6,1100.0,0.0,1960,0.0,98033,47.7,-122.175,1100.0,9630.0,2015-05-06,353000.0
9485760050,3.0,2.0,1390.0,5127.0,1.0,0.0,0.0,3,8,1390.0,0.0,1990,0.0,98055,47.4504,-122.206,1960.0,5019.0,2014-08-26,297950.0
4055700920,2.0,2.0,2180.0,21392.0,2.0,0.0,0.0,3,8,2180.0,0.0,1934,19790.0,98034,47.7162,-122.246,2890.0,22000.0,2014-10-07,750000.0
8673400177,3.0,3.0,1730.0,1074.0,3.5,0.0,0.0,3,8,1730.0,0.0,2006,0.0,98107,47.6692,-122.392,1370.0,1185.0,2015-04-02,525000.0
3500100089,5.0,1.75,2760.0,18112.0,1.0,0.0,0.0,3,8,1510.0,1250.0,1968,0.0,98155,47.7363,-122.298,1720.0,8482.0,2014-07-15,495000.0
8730600050,3.0,1.75,2430.0,11448.0,1.0,0.0,1.0,5,7,1620.0,810.0,1949,0.0,98117,47.6971,-122.391,2140.0,8144.0,2014-08-25,710000.0
3755100005,3.0,2.0,2010.0,12950.0,1.0,0.0,0.0,3,8,2010.0,0.0,1953,0.0,98034,47.7222,-122.229,1490.0,10181.0,2014-07-30,310000.0
8651442880,5.0,1.75,1730.0,5200.0,1.0,0.0,0.0,4,7,1050.0,680.0,1978,0.0,98042,47.3628,-122.089,1350.0,5200.0,2014-05-16,205000.0
1720069075,3.0,3.0,2450.0,211266.0,1.5,,3.0,3,8,2450.0,0.0,2004,0.0,98022,47.2215,-122.067,2300.0,263492.0,2015-05-08,530000.0
4309700190,4.0,2.5,3300.0,28433.0,2.0,0.0,0.0,3,9,3300.0,0.0,1998,0.0,98059,47.5072,-122.112,3550.0,26386.0,2014-07-24,725000.0
3972300169,2.0,1.0,720.0,9520.0,1.0,0.0,0.0,4,6,720.0,0.0,1947,0.0,98155,47.7678,-122.316,1450.0,8612.0,2014-11-25,195000.0
6817810190,3.0,2.0,1240.0,11172.0,1.0,0.0,0.0,3,7,1000.0,240.0,1984,0.0,98074,47.6364,-122.037,1330.0,14102.0,2014-07-01,401000.0
7855400630,5.0,2.5,3050.0,8200.0,1.0,0.0,4.0,4,8,1650.0,1400.0,1962,0.0,98006,47.5647,-122.155,2970.0,8792.0,2014-09-22,1030000.0
1163400020,3.0,1.5,1590.0,21600.0,1.5,0.0,0.0,4,7,1590.0,0.0,1971,0.0,98022,47.2159,-121.966,1780.0,21600.0,2015-04-03,251000.0
7214400095,3.0,2.0,2040.0,4841.0,1.0,0.0,0.0,4,7,1020.0,1020.0,1949,0.0,98115,47.6778,-122.302,1600.0,4841.0,2014-10-27,667500.0
6799300130,4.0,2.5,1840.0,5550.0,2.0,0.0,0.0,3,8,1840.0,0.0,2004,0.0,98031,47.3937,-122.183,2030.0,5500.0,2014-06-23,300000.0
4376800010,4.0,2.25,1960.0,9021.0,2.0,0.0,0.0,4,8,1960.0,0.0,1973,0.0,98052,47.6349,-122.096,1960.0,9975.0,2014-08-14,610000.0
2125059163,4.0,5.0,4110.0,43560.0,2.0,0.0,0.0,4,11,4110.0,0.0,1978,0.0,98005,47.6353,-122.18,3650.0,43995.0,2014-07-03,1040000.0
1770000460,3.0,2.25,1830.0,19965.0,1.0,0.0,0.0,3,8,1400.0,430.0,1976,0.0,98072,47.7412,-122.088,1830.0,17250.0,2014-12-03,430000.0
1125079088,2.0,1.0,1330.0,92782.0,1.0,0.0,0.0,2,6,1330.0,0.0,1950,0.0,98014,47.6624,-121.868,1280.0,168141.0,2015-04-02,455000.0
1842300050,5.0,2.0,2190.0,9072.0,1.0,,0.0,5,7,1110.0,,1965,0.0,98052,47.6696,-122.149,1660.0,8327.0,2014-07-02,600000.0
9828702156,3.0,3.25,1720.0,1587.0,2.5,,2.0,3,9,1410.0,310.0,2004,0.0,98122,47.6187,-122.299,1490.0,1620.0,2015-02-19,638000.0
7625702155,3.0,1.75,1710.0,5000.0,1.0,0.0,0.0,4,7,1360.0,350.0,1918,0.0,98136,47.5492,-122.389,1490.0,6250.0,2014-10-14,561000.0
585000095,3.0,2.5,2180.0,5000.0,1.0,0.0,0.0,4,8,1240.0,940.0,1977,0.0,98116,47.5828,-122.396,2000.0,5000.0,2014-12-16,625000.0
3903200050,3.0,1.75,1700.0,11613.0,1.0,0.0,0.0,5,7,1180.0,520.0,1977,0.0,98092,47.2874,-122.187,1500.0,12377.0,2015-03-24,263950.0
8563080020,3.0,2.5,2960.0,9350.0,2.0,0.0,2.0,4,9,2960.0,0.0,1978,0.0,98008,47.6218,-122.094,2960.0,11745.0,2014-10-28,740000.0
5379805475,3.0,1.0,1330.0,8912.0,1.0,0.0,0.0,3,6,1330.0,0.0,1948,0.0,98188,47.4493,-122.274,1200.0,8913.0,2014-06-09,234999.0
9558050780,4.0,2.5,1940.0,3200.0,2.0,0.0,0.0,3,8,1940.0,,2004,0.0,98058,47.4583,-122.118,1900.0,3200.0,2015-04-14,380000.0
3782400190,3.0,2.25,1500.0,9656.0,1.0,0.0,0.0,3,7,1170.0,330.0,1989,0.0,98019,47.7327,-121.982,1690.0,9656.0,2014-08-12,329500.0
1423069063,4.0,2.5,2230.0,64438.0,1.0,0.0,0.0,4,7,1230.0,1000.0,1978,0.0,98027,47.4754,-122.007,2230.0,71002.0,2014-07-11,464950.0
2926049504,3.0,2.25,1700.0,9008.0,1.0,0.0,0.0,3,8,1340.0,360.0,1985,0.0,98125,47.7161,-122.317,2340.0,8003.0,2015-04-02,500000.0
126039252,4.0,1.5,1840.0,11367.0,1.5,0.0,0.0,4,7,1840.0,0.0,1950,0.0,98177,47.7656,-122.358,1690.0,9800.0,2014-07-09,415000.0
2622029073,3.0,2.25,2100.0,205603.0,2.0,0.0,0.0,3,8,2100.0,0.0,1983,0.0,98070,47.3668,-122.505,2396.0,187308.0,2014-09-05,437500.0
9187200345,7.0,2.5,2580.0,5750.0,1.0,0.0,0.0,4,7,1880.0,,1901,0.0,98122,47.6025,-122.294,2280.0,5750.0,2014-07-09,599000.0
2621760480,4.0,2.5,2350.0,8182.0,2.0,0.0,0.0,3,8,2350.0,0.0,1997,0.0,98042,47.3697,-122.106,2330.0,7000.0,2014-10-14,367000.0
7986401205,2.0,1.0,760.0,3000.0,1.0,0.0,0.0,3,6,760.0,0.0,1922,0.0,98107,47.6633,-122.357,1630.0,3600.0,2015-04-25,530000.0
4447300137,5.0,3.5,3280.0,4000.0,2.0,0.0,0.0,3,9,2440.0,840.0,2003,0.0,98117,47.689,-122.396,1980.0,4000.0,2014-06-04,989000.0
2147300050,3.0,2.0,1320.0,4000.0,1.0,0.0,0.0,4,6,1020.0,300.0,1940,0.0,98118,47.5515,-122.262,2410.0,6212.0,2014-08-22,462600.0
4458300190,3.0,2.5,1690.0,10592.0,1.0,0.0,0.0,3,8,1690.0,0.0,1973,20090.0,98040,47.58,-122.231,2260.0,9945.0,2015-04-24,875000.0
3751606785,3.0,2.25,2060.0,47318.0,1.0,0.0,2.0,4,8,1600.0,460.0,1976,0.0,98001,47.2758,-122.265,1870.0,19663.0,2014-07-22,335000.0
4287400005,4.0,2.0,1450.0,5456.0,1.0,0.0,0.0,5,7,1450.0,0.0,1951,0.0,98108,47.5442,-122.297,980.0,6100.0,2014-07-31,393000.0
6613000715,4.0,3.0,2760.0,4905.0,2.0,0.0,1.0,4,9,1840.0,920.0,1938,0.0,98105,47.6591,-122.27,3200.0,5424.0,2014-07-21,1340000.0
7702010050,3.0,2.5,2830.0,5788.0,2.0,0.0,0.0,3,9,2830.0,0.0,2001,0.0,98028,47.7604,-122.235,2500.0,5802.0,2015-03-23,590000.0
2770602360,4.0,2.75,1890.0,1475.0,2.0,0.0,0.0,3,9,1200.0,690.0,2015,0.0,98199,47.6472,-122.383,1650.0,1682.0,2015-04-21,671000.0
9551201155,3.0,3.25,2610.0,4500.0,1.5,0.0,0.0,4,9,1660.0,950.0,1909,0.0,98103,47.6701,-122.339,2110.0,4500.0,2014-07-28,925000.0
1823049242,3.0,2.25,1900.0,7250.0,1.0,,0.0,3,7,1250.0,650.0,1967,0.0,98146,47.4869,-122.344,1560.0,9420.0,2014-10-06,245000.0
1513800170,3.0,1.0,930.0,6572.0,1.0,0.0,0.0,3,7,930.0,0.0,1952,0.0,98115,47.6889,-122.301,960.0,5840.0,2015-04-02,392500.0
4027700396,4.0,2.0,2730.0,12000.0,1.0,0.0,0.0,4,8,1410.0,1320.0,1998,0.0,98155,47.7733,-122.271,2730.0,9039.0,2014-08-28,505000.0
7203210170,4.0,2.5,2650.0,6240.0,2.0,0.0,0.0,3,8,2650.0,0.0,2013,0.0,98053,47.6885,-122.021,2640.0,6524.0,2014-08-19,702000.0
3013300895,2.0,1.0,1010.0,4000.0,1.0,,0.0,3,7,1010.0,0.0,1947,0.0,98136,47.5311,-122.382,1480.0,4366.0,2014-07-18,337000.0
5608010050,4.0,2.5,3550.0,10233.0,2.0,,0.0,3,9,3550.0,0.0,1996,0.0,98027,47.5499,-122.1,3310.0,9157.0,2014-12-29,920000.0
6370000005,3.0,1.75,2130.0,6360.0,1.0,0.0,0.0,3,7,1720.0,410.0,1959,0.0,98125,47.7059,-122.301,1540.0,6361.0,2014-08-27,495500.0
1922059102,2.0,1.75,1840.0,7230.0,1.0,0.0,0.0,3,7,1570.0,270.0,1938,0.0,98030,47.3815,-122.228,1282.0,6769.0,2014-09-24,245000.0
6738700005,2.0,1.0,1320.0,1824.0,1.5,0.0,0.0,4,6,1320.0,0.0,1909,0.0,98144,47.585,-122.294,1320.0,4000.0,2014-05-29,395000.0
1138020020,3.0,1.0,990.0,6315.0,1.0,0.0,0.0,3,7,990.0,0.0,1970,0.0,98034,47.7116,-122.214,1450.0,6702.0,2015-02-17,335000.0
5437820250,2.0,1.75,1020.0,10346.0,1.0,0.0,0.0,4,6,1020.0,0.0,1983,0.0,98022,47.1958,-122.002,1160.0,8610.0,2014-11-10,187000.0
7923700020,4.0,2.0,1570.0,7320.0,1.0,0.0,0.0,4,7,1570.0,0.0,1960,0.0,98007,47.5967,-122.14,1530.0,8800.0,2014-11-21,450000.0
293600080,4.0,2.25,1930.0,7207.0,1.0,0.0,0.0,4,7,1360.0,570.0,1988,0.0,98030,47.3783,-122.182,1760.0,7207.0,2014-06-17,280000.0
3627800050,5.0,4.0,3760.0,22763.0,1.0,0.0,3.0,4,11,1910.0,1850.0,1969,0.0,98040,47.5333,-122.22,3730.0,11201.0,2014-07-15,1380000.0
4047200950,2.0,1.0,1000.0,31505.0,1.0,0.0,0.0,3,6,1000.0,0.0,1960,0.0,98019,47.7659,-121.899,1560.0,22597.0,2014-06-09,265000.0
5458800425,3.0,1.75,1930.0,9600.0,1.0,0.0,0.0,3,8,1930.0,0.0,1958,0.0,98040,47.5747,-122.237,2350.0,9840.0,2015-04-23,795000.0
2887700826,3.0,1.5,2240.0,3800.0,2.0,,0.0,3,8,1370.0,870.0,1929,0.0,98115,47.6887,-122.307,1690.0,4275.0,2014-05-29,510000.0
7856700920,4.0,2.5,2190.0,11500.0,1.0,,0.0,4,8,1430.0,760.0,1972,0.0,98006,47.5668,-122.147,2580.0,9700.0,2014-06-28,699900.0
627300190,4.0,2.75,2400.0,12469.0,1.0,0.0,2.0,4,8,1760.0,640.0,1958,0.0,98008,47.5861,-122.112,2400.0,10400.0,2014-08-12,839000.0
5634500182,4.0,1.75,1970.0,12409.0,1.0,0.0,0.0,4,7,1220.0,750.0,1968,0.0,98028,47.7489,-122.236,1690.0,10720.0,2014-07-15,396000.0
2472950170,3.0,2.25,2860.0,8458.0,2.0,0.0,0.0,3,7,2860.0,0.0,1983,0.0,98058,47.4269,-122.148,1760.0,8458.0,2015-05-07,365000.0
9557300190,3.0,2.25,1900.0,7225.0,1.0,,0.0,3,8,1220.0,680.0,1970,0.0,98008,47.6394,-122.113,1900.0,7399.0,2014-07-11,440000.0
2314300170,4.0,2.5,2090.0,6667.0,2.0,,0.0,3,8,2090.0,0.0,1997,0.0,98058,47.4648,-122.15,2250.0,6165.0,2014-11-04,405000.0
7547300050,3.0,1.5,850.0,2500.0,1.0,0.0,0.0,3,7,850.0,0.0,1986,0.0,98106,47.5677,-122.36,850.0,5000.0,2014-05-15,295000.0
7985400089,4.0,2.5,1840.0,1562.0,2.0,0.0,0.0,3,7,1400.0,440.0,2004,0.0,98106,47.5345,-122.364,1840.0,1766.0,2014-05-15,275000.0
322059049,2.0,1.0,820.0,288367.0,1.0,,0.0,3,6,820.0,0.0,1930,0.0,98042,47.4196,-122.165,1580.0,8154.0,2014-10-03,295000.0
2344300170,5.0,3.5,4370.0,12240.0,2.0,0.0,0.0,3,11,3270.0,1100.0,1990,0.0,98004,47.582,-122.199,2980.0,12800.0,2014-08-15,1500000.0
11501330,3.0,3.5,3190.0,10223.0,2.0,0.0,0.0,3,10,2560.0,630.0,1994,0.0,98052,47.6968,-122.102,3120.0,9735.0,2014-09-02,795000.0
7300200290,5.0,3.5,3480.0,36615.0,2.0,0.0,0.0,4,8,2490.0,990.0,1983,0.0,98075,47.5741,-122.05,2540.0,35910.0,2014-05-06,650000.0
4331000595,3.0,1.0,1690.0,13184.0,1.0,0.0,0.0,4,7,1690.0,0.0,1959,0.0,98166,47.476,-122.343,1130.0,13451.0,2014-09-10,260000.0
7853340660,2.0,2.5,1650.0,2710.0,2.0,0.0,2.0,3,8,1650.0,0.0,2008,0.0,98065,47.5173,-121.878,1760.0,2992.0,2014-08-06,382000.0
7525570020,4.0,2.5,2590.0,9341.0,2.0,0.0,0.0,3,8,2590.0,0.0,1985,0.0,98052,47.6496,-122.114,2280.0,9510.0,2015-04-21,790100.0
6306100190,4.0,2.5,2160.0,8005.0,2.0,0.0,0.0,3,7,2160.0,0.0,1993,0.0,98001,47.2668,-122.231,1790.0,8016.0,2014-05-21,220000.0
1424059142,4.0,3.5,3500.0,8547.0,2.0,0.0,0.0,3,9,2500.0,1000.0,1994,0.0,98006,47.5613,-122.126,2350.0,10270.0,2014-06-05,799000.0
5700003810,4.0,2.25,3920.0,7200.0,2.0,0.0,0.0,3,10,3120.0,800.0,1928,0.0,98144,47.5731,-122.284,3400.0,7200.0,2014-07-23,1480000.0
2595650170,4.0,2.75,2190.0,14937.0,2.0,0.0,0.0,3,8,2190.0,0.0,1993,0.0,98001,47.3535,-122.273,1920.0,11360.0,2014-06-09,367300.0
9530100225,4.0,2.0,1890.0,4500.0,1.5,0.0,0.0,3,7,1490.0,400.0,1907,19930.0,98103,47.6684,-122.356,1640.0,4010.0,2015-04-09,805000.0
3856901760,2.0,1.0,1860.0,3400.0,1.0,0.0,0.0,3,7,1010.0,850.0,1920,0.0,98105,47.6714,-122.329,1540.0,3997.0,2014-12-15,730000.0
1387301350,3.0,2.0,1720.0,7704.0,1.0,,0.0,4,7,1160.0,560.0,1969,0.0,98011,47.7368,-122.195,1620.0,7600.0,2014-11-23,402000.0
7974200822,4.0,2.75,2600.0,4674.0,1.0,,0.0,3,8,1560.0,1040.0,1976,0.0,98115,47.6782,-122.286,2600.0,6099.0,2014-05-30,750000.0
8039900130,3.0,1.5,1570.0,12196.0,1.0,0.0,0.0,4,7,1570.0,0.0,1972,0.0,98045,47.4866,-121.786,1740.0,12196.0,2014-07-30,458000.0
4139460290,3.0,2.5,3530.0,9753.0,2.0,0.0,0.0,3,10,3530.0,0.0,1997,0.0,98006,47.5539,-122.103,3220.0,9234.0,2014-08-28,898000.0
8078520280,4.0,2.5,1960.0,5642.0,2.0,0.0,0.0,3,7,1960.0,0.0,1998,0.0,98092,47.3167,-122.187,1870.0,5250.0,2015-03-23,308000.0
8691510290,3.0,2.5,2230.0,8296.0,2.0,0.0,0.0,3,7,2230.0,0.0,2004,0.0,98058,47.4386,-122.116,2480.0,5940.0,2015-05-06,385000.0
4217400680,4.0,3.0,2720.0,4800.0,1.5,0.0,0.0,5,8,1790.0,930.0,1928,0.0,98105,47.6595,-122.283,2260.0,4800.0,2014-10-06,1020000.0
1336800670,5.0,3.0,2840.0,6240.0,2.0,0.0,0.0,5,9,2440.0,400.0,1905,0.0,98112,47.6285,-122.309,2940.0,6000.0,2014-12-29,1430000.0
1545801850,3.0,1.75,1260.0,7362.0,1.0,0.0,0.0,3,7,1260.0,0.0,1984,0.0,98038,47.3602,-122.052,1530.0,7232.0,2014-07-23,240000.0
6386600170,3.0,1.5,1860.0,8505.0,1.0,,0.0,4,7,1860.0,0.0,1967,0.0,98023,47.3106,-122.365,1810.0,8262.0,2014-10-01,217000.0
1373800170,4.0,1.75,2010.0,6300.0,1.0,,2.0,5,8,1610.0,400.0,1937,0.0,98199,47.6457,-122.412,3290.0,6300.0,2014-06-30,972000.0
1394300005,2.0,1.0,820.0,6400.0,1.0,0.0,0.0,4,7,820.0,0.0,1944,0.0,98126,47.55,-122.379,1490.0,6400.0,2014-05-07,361280.0
7011201087,3.0,1.75,1220.0,1450.0,1.0,0.0,0.0,3,6,620.0,600.0,1905,0.0,98119,47.6361,-122.368,1660.0,2960.0,2014-08-04,385000.0
1623069071,3.0,2.5,2220.0,60984.0,2.0,0.0,0.0,4,8,2220.0,0.0,1987,0.0,98027,47.4802,-122.052,1930.0,55333.0,2014-11-05,475000.0
1982200480,4.0,2.5,2860.0,3638.0,1.5,0.0,2.0,5,7,1720.0,1140.0,1924,0.0,98107,47.6631,-122.361,1760.0,3880.0,2015-04-02,724950.0
8089510170,5.0,4.5,4230.0,9701.0,2.0,0.0,0.0,3,10,4230.0,0.0,1999,0.0,98006,47.5444,-122.131,4130.0,12253.0,2014-10-27,935000.0
5560000480,3.0,1.0,840.0,8470.0,1.0,0.0,0.0,4,6,840.0,0.0,1961,0.0,98023,47.3275,-122.338,840.0,8450.0,2014-09-08,169950.0
6308000010,3.0,2.5,2290.0,5089.0,2.0,0.0,0.0,3,9,2290.0,0.0,2001,0.0,98006,47.5443,-122.172,2290.0,7984.0,2014-12-08,585000.0
6308000010,3.0,2.5,2290.0,5089.0,2.0,0.0,0.0,3,9,2290.0,0.0,2001,0.0,98006,47.5443,-122.172,2290.0,7984.0,2015-04-23,585000.0
4136960010,5.0,3.5,3480.0,12821.0,2.0,0.0,2.0,3,10,2890.0,590.0,2004,0.0,98092,47.2641,-122.215,3400.0,9870.0,2015-03-27,480000.0
8665900168,4.0,2.5,4260.0,36360.0,1.5,0.0,0.0,4,8,4100.0,160.0,1935,0.0,98155,47.764,-122.302,2430.0,17888.0,2014-11-05,635000.0
8691510170,3.0,2.5,2230.0,5717.0,2.0,0.0,0.0,3,7,2230.0,0.0,2004,0.0,98058,47.4388,-122.117,2230.0,5194.0,2015-02-04,368750.0
9187200095,6.0,2.0,3080.0,5500.0,2.0,0.0,0.0,1,7,3080.0,,1900,0.0,98122,47.6031,-122.296,1830.0,5000.0,2014-12-02,432500.0
4221260050,3.0,2.5,2250.0,4337.0,2.0,0.0,0.0,3,8,2250.0,0.0,2004,0.0,98075,47.5908,-122.017,2250.0,4721.0,2014-09-03,589000.0
8562740480,4.0,3.25,3160.0,6327.0,2.0,0.0,0.0,3,9,2280.0,880.0,2004,0.0,98027,47.536,-122.066,3160.0,5946.0,2015-04-14,840000.0
6806100250,3.0,2.5,1770.0,3873.0,2.0,0.0,0.0,3,7,1770.0,0.0,2005,0.0,98058,47.4648,-122.144,2280.0,4330.0,2015-03-05,316500.0
7853300280,4.0,2.5,2880.0,8833.0,2.0,0.0,0.0,3,7,2880.0,0.0,2006,0.0,98065,47.5388,-121.89,2570.0,5234.0,2015-02-13,536000.0
6446200190,4.0,2.75,2690.0,25000.0,1.0,0.0,0.0,3,8,1750.0,940.0,1978,0.0,98029,47.5537,-122.026,2640.0,28250.0,2015-04-20,563750.0
4222310010,4.0,1.0,1730.0,7350.0,1.5,0.0,0.0,4,6,1730.0,0.0,1970,0.0,98003,47.3467,-122.307,1440.0,7752.0,2014-12-26,152500.0
4222310010,4.0,1.0,1730.0,7350.0,1.5,0.0,0.0,4,6,1730.0,0.0,1970,0.0,98003,47.3467,-122.307,1440.0,7752.0,2015-04-20,267950.0
4054550010,5.0,4.0,4780.0,118047.0,2.0,0.0,0.0,3,11,4780.0,0.0,1994,0.0,98077,47.7243,-122.052,4040.0,31760.0,2015-04-13,1640000.0
1440700190,4.0,2.5,2540.0,8400.0,2.0,0.0,0.0,5,7,2540.0,0.0,1977,0.0,98032,47.3754,-122.277,1600.0,8050.0,2014-06-23,269950.0
5569620050,4.0,3.0,2630.0,5772.0,2.0,0.0,0.0,3,9,2630.0,0.0,2006,0.0,98052,47.6952,-122.133,3460.0,6158.0,2014-07-21,731688.0
1840200080,3.0,1.5,1890.0,9000.0,1.0,0.0,0.0,3,7,1190.0,700.0,1959,0.0,98188,47.4425,-122.272,2060.0,9000.0,2014-12-03,240000.0
9268200585,2.0,1.0,1220.0,5040.0,1.0,0.0,0.0,3,7,1220.0,0.0,1961,0.0,98117,47.6957,-122.364,1420.0,5040.0,2014-09-03,555950.0
7454000585,2.0,1.0,710.0,6300.0,1.0,0.0,0.0,3,6,710.0,,1942,0.0,98126,47.5155,-122.374,740.0,6300.0,2015-04-27,289000.0
7504021310,3.0,2.5,2970.0,11985.0,1.0,0.0,0.0,3,9,1770.0,1200.0,1995,0.0,98074,47.6359,-122.052,2990.0,12049.0,2014-05-06,525000.0
7504021310,3.0,2.5,2970.0,11985.0,1.0,0.0,0.0,3,9,1770.0,1200.0,1995,0.0,98074,47.6359,-122.052,2990.0,12049.0,2014-12-04,745000.0
8024201795,2.0,1.0,1000.0,7664.0,1.0,0.0,2.0,3,7,1000.0,0.0,1939,0.0,98115,47.7001,-122.311,1570.0,6350.0,2014-11-17,397000.0
8638500170,3.0,1.0,1980.0,8505.0,1.0,0.0,0.0,3,7,1030.0,950.0,1965,0.0,98106,47.538,-122.353,1830.0,8505.0,2015-04-22,233000.0
5437400630,4.0,2.25,1920.0,8259.0,2.0,0.0,0.0,4,8,1920.0,0.0,1979,0.0,98027,47.5616,-122.088,2030.0,8910.0,2014-10-16,625000.0
9264000010,3.0,2.0,2740.0,23505.0,2.0,0.0,4.0,3,10,2740.0,0.0,1988,0.0,98001,47.319,-122.26,2800.0,16400.0,2014-07-29,535000.0
3832600080,3.0,2.25,1740.0,7345.0,1.0,0.0,0.0,3,7,1380.0,360.0,1973,0.0,98032,47.3663,-122.285,1770.0,8250.0,2015-05-04,270000.0
9477001350,3.0,1.75,1300.0,7770.0,1.0,0.0,0.0,3,7,1300.0,0.0,1967,0.0,98034,47.7347,-122.192,1520.0,7600.0,2014-07-22,360000.0
809001060,4.0,1.5,2740.0,4000.0,2.0,0.0,0.0,5,9,1930.0,,1905,0.0,98109,47.6343,-122.352,1680.0,4000.0,2014-05-13,1110000.0
2771604120,4.0,1.75,4060.0,4000.0,2.0,0.0,3.0,3,10,2890.0,1170.0,1953,19950.0,98199,47.6375,-122.389,1860.0,4000.0,2014-11-11,970000.0
9541800190,5.0,2.5,3490.0,18850.0,1.0,0.0,4.0,4,9,1840.0,1650.0,1958,0.0,98005,47.5955,-122.176,2690.0,11625.0,2014-10-10,915000.0
4038400130,4.0,1.75,1430.0,10500.0,1.0,0.0,0.0,4,7,1130.0,300.0,1960,0.0,98007,47.6083,-122.132,2070.0,8640.0,2014-07-11,412000.0
1253200290,4.0,1.75,1860.0,9112.0,1.0,0.0,0.0,4,7,1110.0,750.0,1963,0.0,98032,47.3792,-122.282,1570.0,9112.0,2015-02-12,265000.0
2558650130,4.0,2.25,2120.0,7700.0,1.0,0.0,0.0,4,7,1490.0,630.0,1976,0.0,98034,47.7207,-122.165,1890.0,8203.0,2014-09-16,426000.0
8732190170,4.0,2.25,1860.0,12693.0,1.0,0.0,0.0,3,8,1140.0,720.0,1978,0.0,98023,47.3114,-122.395,1950.0,8740.0,2014-12-10,266000.0
1703400585,3.0,2.0,2330.0,4950.0,1.5,,0.0,3,6,1430.0,900.0,1900,0.0,98118,47.5585,-122.29,1160.0,5115.0,2014-12-15,325000.0
1250202115,3.0,1.75,1670.0,5100.0,1.0,0.0,2.0,5,7,990.0,680.0,1954,0.0,98144,47.5898,-122.291,2140.0,4452.0,2015-01-20,615000.0
9264911150,3.0,1.75,2130.0,7140.0,1.0,0.0,0.0,3,8,1580.0,550.0,1979,0.0,98023,47.3074,-122.341,2180.0,7906.0,2015-04-23,310000.0
7696300080,4.0,1.75,1900.0,7313.0,1.0,0.0,0.0,3,7,1900.0,0.0,1973,0.0,98034,47.7311,-122.232,1420.0,7384.0,2014-09-14,340000.0
1931300010,2.0,1.0,1170.0,2800.0,1.5,,0.0,4,5,1170.0,0.0,1905,0.0,98103,47.6574,-122.345,1660.0,4996.0,2015-05-01,562500.0
2771602425,2.0,1.0,980.0,1600.0,2.0,0.0,0.0,3,8,980.0,0.0,2010,0.0,98119,47.638,-122.375,1180.0,1600.0,2014-07-21,447000.0
2210500010,7.0,4.25,4670.0,23115.0,2.0,0.0,2.0,3,11,4670.0,0.0,1992,0.0,98039,47.6183,-122.227,3240.0,13912.0,2014-09-30,2450000.0
1253200170,4.0,1.5,2500.0,6300.0,1.0,0.0,0.0,4,7,1500.0,1000.0,1961,0.0,98032,47.3781,-122.284,1720.0,8925.0,2014-05-20,250000.0
6646200420,4.0,2.5,2020.0,8044.0,2.0,0.0,0.0,3,8,2020.0,0.0,1990,0.0,98074,47.6247,-122.043,2320.0,7328.0,2015-01-02,633000.0
8822901024,3.0,2.0,1290.0,886.0,3.0,0.0,0.0,3,7,1290.0,0.0,2004,0.0,98125,47.7161,-122.295,1270.0,1152.0,2015-04-23,310000.0
1323089056,2.0,1.75,1620.0,113862.0,1.5,0.0,0.0,3,7,1620.0,0.0,1995,0.0,98045,47.4821,-121.719,1560.0,54806.0,2014-11-10,439000.0
3629950010,3.0,3.25,1710.0,2381.0,2.0,0.0,0.0,3,8,1360.0,350.0,2003,0.0,98029,47.5477,-122.004,1420.0,1163.0,2014-08-20,470000.0
7889100020,3.0,2.5,1720.0,8550.0,1.0,0.0,0.0,4,7,1720.0,0.0,1968,0.0,98002,47.2837,-122.207,1460.0,8550.0,2015-04-14,270000.0
7212680020,3.0,1.75,1820.0,8813.0,2.0,0.0,0.0,3,7,1820.0,0.0,1994,0.0,98003,47.2622,-122.303,1780.0,7349.0,2014-12-19,299500.0
2222049108,3.0,1.0,1130.0,10018.0,1.0,0.0,0.0,4,6,1130.0,0.0,1954,0.0,98032,47.3733,-122.275,1770.0,7700.0,2014-09-18,227000.0
7129303070,4.0,2.75,3040.0,2415.0,2.0,,4.0,3,8,3040.0,0.0,1966,0.0,98118,47.5188,-122.256,2620.0,2433.0,2014-08-20,735000.0
6744700424,3.0,3.0,2410.0,7479.0,2.0,,2.0,3,7,2410.0,0.0,1942,19880.0,98155,47.7394,-122.288,2610.0,7479.0,2014-06-26,537000.0
1727000680,4.0,2.5,2440.0,14470.0,1.0,0.0,0.0,4,9,1660.0,780.0,1970,0.0,98005,47.6401,-122.168,2810.0,15564.0,2014-12-09,699000.0
3226049134,2.0,1.0,800.0,4533.0,1.0,0.0,0.0,3,6,600.0,200.0,1929,0.0,98115,47.6979,-122.325,1720.0,6800.0,2014-09-02,330000.0
1760600009,3.0,1.0,1030.0,7800.0,1.0,0.0,0.0,3,7,1030.0,0.0,1954,0.0,98168,47.473,-122.324,1630.0,12664.0,2014-08-29,229000.0
3352400351,3.0,1.0,1480.0,5600.0,1.0,0.0,0.0,4,6,940.0,540.0,1947,0.0,98178,47.5045,-122.27,1350.0,11100.0,2014-11-21,200000.0
8563000250,3.0,1.75,1710.0,9707.0,1.0,0.0,0.0,4,8,1710.0,0.0,1966,0.0,98008,47.623,-122.105,1820.0,8700.0,2014-08-12,522500.0
1370800680,3.0,2.75,3450.0,5350.0,1.5,0.0,3.0,4,9,2590.0,860.0,1925,0.0,98199,47.6389,-122.407,2910.0,5350.0,2015-03-24,1300000.0
2726049034,3.0,3.25,2610.0,16387.0,2.0,,4.0,3,9,2610.0,0.0,2006,0.0,98125,47.7175,-122.278,2590.0,12958.0,2014-11-10,2000000.0
3623059027,2.0,0.75,780.0,55764.0,1.0,0.0,0.0,4,4,780.0,0.0,1945,0.0,98058,47.442,-122.105,1620.0,30847.0,2014-10-22,200000.0
3205500020,3.0,1.75,1260.0,7200.0,1.0,0.0,0.0,3,7,1260.0,0.0,1971,0.0,98034,47.7189,-122.178,1460.0,7200.0,2015-04-08,352000.0
8924100305,4.0,3.0,2590.0,6250.0,2.0,0.0,2.0,3,9,2240.0,350.0,1964,0.0,98115,47.6774,-122.267,2260.0,6780.0,2015-03-25,855000.0
7524300020,3.0,2.5,1580.0,12250.0,2.0,0.0,0.0,3,8,1580.0,0.0,1993,0.0,98198,47.3771,-122.315,1560.0,9900.0,2014-08-20,267000.0
2436200715,2.0,1.75,1660.0,6000.0,1.0,0.0,0.0,3,7,1160.0,500.0,1942,0.0,98105,47.6624,-122.291,1660.0,4000.0,2014-05-06,484000.0
5469501850,4.0,2.75,2950.0,15540.0,1.0,0.0,0.0,4,8,2120.0,830.0,1974,0.0,98042,47.3845,-122.152,2840.0,17136.0,2014-06-29,402000.0
9187200275,4.0,2.25,2240.0,5000.0,2.0,,0.0,3,8,1770.0,470.0,1900,20140.0,98122,47.6027,-122.295,2120.0,5000.0,2015-04-20,905000.0
274000020,4.0,1.75,1940.0,7500.0,1.0,0.0,0.0,4,7,1720.0,220.0,1966,0.0,98030,47.3736,-122.215,2000.0,9000.0,2014-08-08,274000.0
6151800225,3.0,1.75,1850.0,26445.0,1.0,0.0,0.0,4,7,1850.0,0.0,1962,19770.0,98010,47.3412,-122.051,2110.0,23280.0,2015-04-09,475000.0
8924600020,4.0,4.5,5770.0,10050.0,1.0,0.0,3.0,5,9,3160.0,2610.0,1949,0.0,98115,47.677,-122.275,2950.0,6700.0,2014-11-14,1540000.0
4003000285,4.0,2.0,2280.0,6010.0,1.0,0.0,0.0,3,7,1140.0,1140.0,1900,0.0,98122,47.6034,-122.289,2240.0,6200.0,2014-05-04,628000.0
290000095,6.0,1.75,2740.0,6360.0,1.0,0.0,3.0,3,8,1370.0,1370.0,1953,0.0,98146,47.5062,-122.385,2150.0,6600.0,2014-06-17,675000.0
1565930130,4.0,3.25,3760.0,4675.0,2.0,0.0,0.0,3,8,2740.0,1020.0,2007,0.0,98038,47.3862,-122.048,3280.0,4033.0,2014-11-04,429900.0
6123000225,3.0,1.5,1580.0,8184.0,1.0,0.0,0.0,3,7,1140.0,440.0,1954,0.0,98148,47.4294,-122.331,1540.0,9476.0,2014-06-25,260000.0
4385700285,3.0,1.75,1600.0,4400.0,1.0,0.0,0.0,3,7,1030.0,570.0,1941,0.0,98112,47.6348,-122.281,2150.0,4000.0,2014-09-03,690000.0
2469000010,4.0,2.25,2100.0,12172.0,1.0,0.0,0.0,5,9,2100.0,0.0,1961,0.0,98040,47.5458,-122.227,2400.0,10713.0,2015-03-23,1080000.0
5205000020,4.0,2.5,2610.0,7333.0,2.0,0.0,0.0,3,8,2610.0,0.0,1988,0.0,98003,47.2721,-122.293,2280.0,9033.0,2015-04-09,360000.0
461002890,3.0,1.75,1840.0,5000.0,1.0,0.0,0.0,4,7,920.0,920.0,1910,0.0,98117,47.6808,-122.376,1220.0,5000.0,2014-06-19,499000.0
1823059030,3.0,1.0,1320.0,6534.0,1.0,0.0,0.0,3,7,1320.0,0.0,1952,0.0,98055,47.4806,-122.223,2140.0,7405.0,2014-08-18,159000.0
8848400020,3.0,1.75,1540.0,8100.0,1.0,,0.0,4,7,940.0,600.0,1947,0.0,98133,47.749,-122.351,1840.0,8100.0,2015-03-27,430000.0
4122500095,5.0,2.75,2520.0,18625.0,1.0,0.0,0.0,3,8,1660.0,860.0,1959,0.0,98004,47.6409,-122.207,3000.0,16624.0,2015-04-13,1050000.0
2597300020,5.0,2.5,3780.0,20000.0,1.0,0.0,1.0,4,9,1890.0,1890.0,1978,0.0,98155,47.7603,-122.273,2840.0,19908.0,2014-11-13,725000.0
2788400020,3.0,1.0,1200.0,9527.0,1.0,0.0,0.0,3,7,1200.0,0.0,1959,0.0,98168,47.5112,-122.316,1510.0,9457.0,2014-07-10,150000.0
7856610130,4.0,2.25,2720.0,8712.0,2.0,0.0,0.0,4,9,2720.0,0.0,1976,0.0,98006,47.5616,-122.153,2470.0,8714.0,2014-07-21,840000.0
3303860460,4.0,2.5,3100.0,5700.0,2.0,0.0,0.0,3,9,3100.0,0.0,2011,0.0,98038,47.3696,-122.058,3060.0,6000.0,2015-04-15,499000.0
2112700920,3.0,1.75,1630.0,4000.0,1.0,0.0,0.0,3,7,1100.0,530.0,1968,0.0,98106,47.5351,-122.353,1300.0,4000.0,2014-10-14,285000.0
6880210020,4.0,2.5,1910.0,7201.0,1.0,0.0,0.0,3,7,1210.0,700.0,1987,0.0,98198,47.3908,-122.316,1690.0,7554.0,2015-03-08,340000.0
6139100101,4.0,2.0,1580.0,7300.0,1.0,0.0,0.0,4,7,1580.0,0.0,1955,0.0,98155,47.7598,-122.328,1180.0,9450.0,2015-05-05,405100.0
7202330920,3.0,2.5,1690.0,4898.0,2.0,0.0,0.0,3,7,1690.0,0.0,2003,0.0,98053,47.6834,-122.038,2220.0,4933.0,2014-08-07,464000.0
8146300020,4.0,2.25,1960.0,8680.0,1.0,0.0,0.0,4,8,1290.0,670.0,1959,0.0,98004,47.6076,-122.192,2160.0,8680.0,2014-05-29,723000.0
7418000130,8.0,3.25,4300.0,10441.0,2.0,0.0,0.0,4,8,2800.0,1500.0,1979,0.0,98059,47.4786,-122.131,1780.0,10457.0,2014-12-11,430000.0
9276200635,3.0,1.75,1840.0,4255.0,1.0,0.0,0.0,3,7,940.0,900.0,1907,20050.0,98116,47.58,-122.392,1600.0,4255.0,2015-04-30,645000.0
251610020,4.0,2.75,3480.0,19991.0,2.0,,2.0,4,10,2630.0,850.0,1979,0.0,98004,47.6354,-122.214,3770.0,20271.0,2015-05-08,1580000.0
8825900020,5.0,3.0,2710.0,4200.0,2.0,0.0,0.0,3,7,1890.0,820.0,1919,0.0,98115,47.6754,-122.307,2150.0,4200.0,2014-08-11,925000.0
3856903495,4.0,1.75,2100.0,4750.0,1.0,0.0,0.0,3,7,1340.0,760.0,1975,0.0,98103,47.6695,-122.333,1700.0,4125.0,2014-07-09,759000.0
6382500020,4.0,2.0,1760.0,7800.0,1.0,0.0,0.0,3,8,1760.0,,1954,0.0,98117,47.6945,-122.38,1950.0,7800.0,2014-08-05,690000.0
522059352,4.0,2.5,2155.0,8140.0,2.0,0.0,0.0,3,8,2155.0,0.0,1996,0.0,98031,47.4204,-122.201,2155.0,7245.0,2015-03-26,358800.0
1778500595,5.0,1.5,1720.0,4000.0,1.5,0.0,0.0,3,7,1520.0,200.0,1925,0.0,98112,47.6197,-122.287,2280.0,4000.0,2015-04-13,683000.0
4083300595,3.0,1.0,1430.0,4240.0,1.5,0.0,0.0,3,7,1430.0,0.0,1924,0.0,98103,47.6595,-122.337,1660.0,4240.0,2014-12-08,650000.0
2100200020,5.0,2.75,2790.0,4807.0,1.5,0.0,0.0,4,7,2140.0,650.0,1949,0.0,98002,47.3098,-122.223,1056.0,4807.0,2014-12-09,288000.0
2597500840,3.0,1.5,1180.0,7300.0,1.0,0.0,0.0,4,7,1180.0,0.0,1968,0.0,98002,47.2857,-122.197,2030.0,8424.0,2014-07-07,209950.0
7935000595,3.0,3.5,2450.0,9248.0,2.0,0.0,4.0,3,8,1960.0,490.0,1933,0.0,98136,47.5476,-122.397,2620.0,10207.0,2014-10-08,939000.0
7857003318,3.0,1.0,1330.0,5850.0,1.0,,0.0,3,7,930.0,400.0,1954,0.0,98108,47.5498,-122.298,1440.0,5850.0,2014-08-16,320000.0
9211520020,3.0,2.25,1940.0,9560.0,2.0,0.0,0.0,3,7,1940.0,0.0,1989,0.0,98023,47.2998,-122.387,1800.0,9560.0,2014-08-22,283748.0
1460000080,3.0,2.25,1600.0,7620.0,1.0,0.0,0.0,3,7,1280.0,320.0,1987,0.0,98011,47.774,-122.208,1600.0,8215.0,2014-07-31,370000.0
3444120130,4.0,2.75,3210.0,41689.0,1.0,0.0,0.0,4,8,1610.0,1600.0,1989,0.0,98042,47.3493,-122.062,2100.0,41384.0,2015-03-27,399950.0
908000010,5.0,2.5,2880.0,6902.0,1.0,0.0,0.0,3,8,1680.0,1200.0,1976,0.0,98058,47.4332,-122.144,2080.0,5586.0,2014-12-12,360000.0
3123800080,2.0,1.5,1160.0,8060.0,1.0,0.0,0.0,4,7,1160.0,0.0,1950,0.0,98136,47.5146,-122.386,1500.0,8060.0,2014-11-12,365000.0
8641500345,3.0,2.0,1360.0,3120.0,2.0,0.0,0.0,3,7,1360.0,0.0,1989,0.0,98115,47.6943,-122.307,1360.0,3120.0,2014-12-19,396900.0
3717000250,3.0,2.5,2014.0,4500.0,2.0,0.0,0.0,3,7,2014.0,0.0,2005,0.0,98001,47.3371,-122.256,2014.0,4500.0,2015-04-22,321000.0
7697860130,3.0,2.0,1440.0,7008.0,1.0,0.0,0.0,3,7,1440.0,0.0,1985,0.0,98030,47.3702,-122.182,1680.0,7200.0,2015-01-06,245000.0
9169100130,2.0,1.0,1570.0,4704.0,1.5,0.0,1.0,3,8,1570.0,0.0,1931,0.0,98136,47.5256,-122.392,1820.0,4704.0,2014-10-07,502000.0
2944500470,4.0,2.75,2330.0,7642.0,1.0,0.0,0.0,3,8,1800.0,530.0,1990,0.0,98023,47.2946,-122.37,2320.0,7933.0,2014-06-05,257000.0
7424110130,4.0,1.75,1880.0,7303.0,1.0,0.0,0.0,3,7,1010.0,870.0,1976,0.0,98034,47.7129,-122.203,1710.0,7200.0,2014-05-15,423000.0
4037000635,4.0,2.25,1850.0,9911.0,1.0,0.0,0.0,4,7,1850.0,0.0,1957,0.0,98008,47.6019,-122.116,1650.0,8670.0,2015-03-27,485000.0
2141500020,4.0,2.5,2230.0,8560.0,2.0,0.0,0.0,3,8,2230.0,0.0,2002,0.0,98059,47.4877,-122.143,2400.0,7756.0,2014-12-17,500000.0
952000725,2.0,1.0,990.0,4313.0,1.5,0.0,2.0,4,6,990.0,0.0,1917,0.0,98126,47.5677,-122.38,1480.0,5750.0,2014-10-21,442000.0
9550204620,3.0,1.75,1720.0,3825.0,1.5,0.0,0.0,3,7,1720.0,0.0,1925,0.0,98105,47.666,-122.327,2000.0,3825.0,2015-05-12,475000.0
6891800250,4.0,2.25,3230.0,9935.0,2.0,,0.0,3,8,3230.0,0.0,1986,0.0,98028,47.7685,-122.257,2820.0,9722.0,2015-04-06,625000.0
7812801850,3.0,1.0,1180.0,6050.0,1.0,0.0,0.0,3,6,820.0,360.0,1944,0.0,98178,47.4945,-122.249,1070.0,6050.0,2014-10-15,194000.0
7504180170,3.0,2.25,1450.0,19206.0,2.0,,0.0,3,7,1450.0,0.0,1989,0.0,98074,47.62,-122.052,1710.0,21485.0,2014-07-07,410000.0
686800080,4.0,2.5,2370.0,10858.0,2.0,0.0,0.0,3,9,2370.0,,2003,0.0,98004,47.6336,-122.192,2510.0,21673.0,2014-06-12,1030000.0
7853300290,4.0,2.5,2570.0,6157.0,2.0,0.0,0.0,3,7,2570.0,0.0,2006,0.0,98065,47.5389,-121.89,2060.0,5292.0,2015-03-24,490000.0
7905380380,4.0,1.75,1870.0,7575.0,1.0,0.0,0.0,3,7,1480.0,390.0,1972,0.0,98034,47.7205,-122.218,1670.0,7575.0,2014-12-09,348500.0
1972202320,3.0,1.0,1220.0,3000.0,1.5,0.0,0.0,3,6,1220.0,0.0,1901,0.0,98103,47.6506,-122.346,1350.0,3000.0,2015-04-27,380000.0
1710400007,3.0,2.0,1770.0,2150.0,3.0,0.0,0.0,3,8,1770.0,0.0,1999,0.0,98122,47.6102,-122.314,2010.0,3200.0,2014-12-11,660000.0
2985800225,3.0,1.0,1500.0,6800.0,1.0,0.0,0.0,3,7,1500.0,0.0,1943,0.0,98105,47.6706,-122.268,1500.0,6800.0,2015-04-01,525000.0
1721059069,3.0,2.0,1110.0,8724.0,1.0,0.0,0.0,4,7,1110.0,0.0,1990,0.0,98002,47.3056,-122.206,1390.0,7750.0,2014-07-17,235000.0
7852160170,4.0,3.75,4980.0,18069.0,2.0,0.0,3.0,3,11,4980.0,0.0,2006,0.0,98065,47.5348,-121.856,4080.0,14577.0,2015-04-22,1210000.0
626049102,4.0,1.75,2360.0,8116.0,1.0,0.0,0.0,4,7,1180.0,1180.0,1916,19700.0,98133,47.7635,-122.335,1670.0,8160.0,2015-03-24,397950.0
7349660050,3.0,1.75,1600.0,7711.0,1.0,0.0,0.0,3,7,1600.0,0.0,1999,0.0,98002,47.284,-122.202,2100.0,7711.0,2014-11-18,268000.0
1231000660,3.0,1.0,1450.0,4000.0,1.0,0.0,1.0,4,8,950.0,500.0,1948,0.0,98118,47.5554,-122.266,1880.0,4000.0,2014-05-21,525000.0
9558900010,3.0,2.5,2680.0,5860.0,2.0,0.0,0.0,3,8,2680.0,0.0,2001,0.0,98011,47.7557,-122.223,2680.0,5860.0,2014-10-06,549950.0
3897100170,3.0,1.75,1150.0,6600.0,1.5,,0.0,4,6,1150.0,0.0,1970,0.0,98033,47.6709,-122.185,1530.0,6600.0,2014-08-27,370000.0
1150700170,4.0,2.25,1870.0,6693.0,2.0,0.0,0.0,3,7,1870.0,0.0,1996,0.0,98003,47.2774,-122.299,1650.0,6518.0,2014-09-26,299000.0
2769600305,6.0,2.75,3400.0,5000.0,2.0,0.0,2.0,3,8,2860.0,540.0,1977,0.0,98107,47.6728,-122.362,1800.0,5000.0,2015-01-15,715000.0
3876001330,4.0,1.5,1810.0,7200.0,1.0,0.0,0.0,3,7,1810.0,0.0,1966,0.0,98034,47.7207,-122.186,2060.0,7200.0,2015-04-24,430000.0
984220290,3.0,1.75,1860.0,7191.0,1.0,0.0,0.0,4,7,1260.0,600.0,1975,0.0,98058,47.4338,-122.168,1850.0,7490.0,2015-02-10,345000.0
3616600250,3.0,3.25,3790.0,19000.0,2.0,0.0,4.0,3,10,3790.0,0.0,1985,0.0,98177,47.724,-122.373,2740.0,18628.0,2014-05-27,1600000.0
1529200480,3.0,2.5,2130.0,3500.0,1.0,0.0,0.0,4,8,1210.0,920.0,1994,0.0,98072,47.736,-122.159,2030.0,3710.0,2014-05-18,534640.0
2533300680,3.0,2.5,2860.0,4500.0,2.0,0.0,2.0,3,8,1980.0,880.0,1915,0.0,98119,47.6463,-122.371,2310.0,4500.0,2014-10-07,1230000.0
6752600130,4.0,2.5,2370.0,7274.0,2.0,0.0,0.0,3,7,2370.0,0.0,1997,0.0,98031,47.3982,-122.171,2090.0,7656.0,2015-04-13,351000.0
9332800020,4.0,2.25,2290.0,10409.0,2.0,0.0,0.0,3,8,2290.0,0.0,1972,0.0,98005,47.6351,-122.168,2040.0,10409.0,2014-07-15,745000.0
1121000095,2.0,1.0,1120.0,5329.0,1.0,0.0,1.0,3,6,750.0,370.0,1929,0.0,98126,47.5421,-122.378,1530.0,5330.0,2014-11-05,320000.0
6751500285,3.0,2.0,1810.0,12420.0,1.0,0.0,0.0,4,7,1810.0,0.0,1957,0.0,98008,47.5888,-122.127,2230.0,12330.0,2014-07-31,555700.0
1310370020,4.0,2.5,3220.0,35400.0,2.0,0.0,0.0,3,9,3220.0,0.0,1991,0.0,98072,47.7547,-122.114,3050.0,35252.0,2014-07-08,690000.0
4019300680,3.0,1.75,1660.0,9697.0,1.0,0.0,0.0,4,7,1660.0,0.0,1952,0.0,98155,47.7564,-122.286,2060.0,20624.0,2014-12-31,449000.0
4408100095,2.0,1.0,850.0,6174.0,1.0,0.0,0.0,4,7,850.0,0.0,1950,0.0,98155,47.7352,-122.328,1100.0,6174.0,2014-05-02,308500.0
8944460020,4.0,2.5,2665.0,5868.0,2.0,0.0,0.0,3,9,2665.0,0.0,2006,0.0,98030,47.3831,-122.185,2665.0,6092.0,2015-03-05,340000.0
8824900020,4.0,2.75,2580.0,3560.0,1.5,0.0,0.0,5,7,1710.0,870.0,1917,0.0,98115,47.6753,-122.304,1980.0,3800.0,2015-03-27,937750.0
7135520780,4.0,2.5,3200.0,12369.0,2.0,0.0,0.0,3,10,3200.0,,1998,0.0,98059,47.5273,-122.143,3770.0,12960.0,2014-05-06,725126.0
179001101,3.0,1.0,840.0,3000.0,1.0,,0.0,3,5,840.0,0.0,1943,0.0,98178,47.494,-122.275,1010.0,6000.0,2015-01-05,135000.0
4177100005,4.0,2.5,2970.0,7961.0,1.0,0.0,0.0,3,8,2020.0,950.0,1969,0.0,98125,47.7118,-122.29,1410.0,7959.0,2015-04-03,635000.0
910000104,2.0,1.0,790.0,7500.0,1.0,0.0,0.0,3,6,790.0,0.0,1950,0.0,98011,47.7644,-122.198,1970.0,8970.0,2014-08-06,245500.0
3353400840,6.0,1.5,2140.0,36509.0,1.5,0.0,0.0,4,8,2140.0,0.0,1903,0.0,98001,47.2668,-122.252,1710.0,12000.0,2014-12-02,230000.0
8964800050,3.0,2.5,2580.0,14603.0,1.0,0.0,2.0,4,9,2580.0,0.0,1951,0.0,98004,47.6199,-122.212,2410.0,14347.0,2015-03-04,1770000.0
726049217,5.0,2.5,2180.0,7875.0,1.0,0.0,0.0,4,7,1200.0,980.0,1955,0.0,98133,47.7543,-122.341,1840.0,5105.0,2014-11-10,425000.0
2926049376,2.0,1.0,1060.0,10423.0,1.5,0.0,0.0,3,7,1060.0,0.0,1965,0.0,98125,47.705,-122.313,2240.0,10200.0,2015-04-20,220000.0
5589300715,3.0,2.0,1860.0,9100.0,1.5,0.0,0.0,3,8,1860.0,0.0,1939,20060.0,98155,47.7522,-122.304,1620.0,9519.0,2014-08-29,370000.0
7229900285,3.0,2.0,1840.0,16815.0,1.0,0.0,0.0,5,7,960.0,880.0,1972,0.0,98059,47.4837,-122.11,1810.0,16732.0,2014-09-17,390000.0
2722059215,3.0,1.75,1340.0,16480.0,1.0,0.0,0.0,4,7,1340.0,0.0,1968,0.0,98042,47.364,-122.162,1520.0,10451.0,2014-06-03,239000.0
2473372040,4.0,2.25,2320.0,7350.0,2.0,0.0,0.0,3,8,2320.0,0.0,1973,0.0,98058,47.4512,-122.131,2170.0,7350.0,2015-01-02,345000.0
3546000630,3.0,2.5,2110.0,8304.0,1.0,0.0,0.0,4,7,2110.0,0.0,1985,0.0,98030,47.3558,-122.173,1680.0,7508.0,2014-08-26,289000.0
7888400500,5.0,1.5,1840.0,8050.0,1.5,0.0,0.0,4,7,1840.0,0.0,1962,0.0,98198,47.3668,-122.312,1690.0,8151.0,2015-05-08,285000.0
1823049182,3.0,2.0,1080.0,9225.0,1.0,0.0,0.0,2,7,1080.0,0.0,1955,0.0,98146,47.4842,-122.346,1410.0,9840.0,2014-09-15,147400.0
8712100020,2.0,1.0,1290.0,4636.0,1.0,0.0,0.0,3,7,1290.0,,1924,0.0,98112,47.6393,-122.301,1940.0,4635.0,2015-01-27,600000.0
7961500010,3.0,2.25,2210.0,10794.0,1.0,0.0,0.0,3,7,1540.0,670.0,1967,0.0,98178,47.4911,-122.224,2230.0,10753.0,2014-08-06,245000.0
7961500010,3.0,2.25,2210.0,10794.0,1.0,0.0,0.0,3,7,1540.0,670.0,1967,0.0,98178,47.4911,-122.224,2230.0,10753.0,2015-03-04,520000.0
2424400130,3.0,2.25,1410.0,14110.0,1.0,0.0,2.0,3,7,1170.0,240.0,1987,0.0,98065,47.5336,-121.76,1560.0,18336.0,2014-05-18,352500.0
9406510130,5.0,3.5,3740.0,24684.0,2.0,0.0,0.0,3,9,2760.0,980.0,1998,0.0,98038,47.3832,-122.057,2880.0,26023.0,2015-05-05,448000.0
3832700250,4.0,2.75,2440.0,7150.0,1.0,,0.0,3,7,1200.0,1240.0,1963,19850.0,98032,47.3662,-122.282,1790.0,7150.0,2014-09-29,270000.0
809000525,3.0,2.5,2040.0,6000.0,1.0,0.0,0.0,3,8,1840.0,200.0,1951,0.0,98109,47.6334,-122.35,1820.0,4920.0,2014-08-26,872500.0
1370800225,4.0,3.25,3840.0,6214.0,1.5,0.0,3.0,4,10,2590.0,1250.0,1939,0.0,98199,47.6388,-122.406,3280.0,5915.0,2015-03-18,2150000.0
3388100020,3.0,1.5,1660.0,7221.0,1.0,0.0,0.0,3,7,980.0,680.0,1962,0.0,98168,47.4962,-122.32,1770.0,8083.0,2014-08-12,225000.0
2770604615,4.0,2.0,1640.0,6000.0,1.5,0.0,0.0,4,9,1640.0,0.0,1911,0.0,98119,47.6505,-122.375,1900.0,6000.0,2014-11-21,735000.0
3754700420,3.0,1.0,1310.0,8400.0,1.0,0.0,0.0,3,7,1310.0,0.0,1972,19890.0,98034,47.7253,-122.197,1680.0,8000.0,2015-04-01,375000.0
6669020290,3.0,1.75,1720.0,9775.0,1.0,0.0,0.0,3,8,1720.0,0.0,1978,0.0,98032,47.3731,-122.286,1970.0,8400.0,2014-10-23,169000.0
6669020290,3.0,1.75,1720.0,9775.0,1.0,0.0,0.0,3,8,1720.0,0.0,1978,0.0,98032,47.3731,-122.286,1970.0,8400.0,2015-03-04,279950.0
5493110020,4.0,2.75,4020.0,18745.0,2.0,0.0,4.0,4,10,2830.0,1190.0,1989,0.0,98004,47.6042,-122.21,3150.0,20897.0,2015-01-16,1950000.0
6064800470,3.0,2.25,1960.0,2345.0,2.0,0.0,0.0,3,7,1750.0,210.0,2003,0.0,98118,47.5419,-122.288,1760.0,1958.0,2014-08-05,310000.0
9304400010,4.0,2.5,3240.0,35083.0,2.0,0.0,0.0,4,9,3240.0,0.0,1978,0.0,98005,47.6337,-122.154,3340.0,24501.0,2014-07-30,975000.0
5566100170,10.0,2.0,3610.0,11914.0,2.0,0.0,0.0,4,7,3010.0,600.0,1958,0.0,98006,47.5705,-122.175,2040.0,11914.0,2014-10-29,650000.0
3025049028,2.0,1.5,1800.0,4500.0,1.0,0.0,2.0,3,7,1000.0,800.0,1942,0.0,98109,47.6305,-122.347,2270.0,3840.0,2014-12-16,930000.0
2848700095,4.0,1.5,1960.0,5000.0,1.0,0.0,0.0,3,7,980.0,980.0,1912,0.0,98106,47.5688,-122.363,1300.0,5000.0,2015-04-02,412000.0
2172000894,3.0,1.0,1250.0,10200.0,1.0,0.0,0.0,3,6,1250.0,0.0,1965,0.0,98178,47.4902,-122.256,1800.0,8283.0,2015-04-17,225000.0
3034200660,3.0,2.5,2120.0,7201.0,2.0,0.0,0.0,3,8,2120.0,,2003,0.0,98133,47.7174,-122.337,1930.0,7206.0,2014-06-19,507000.0
3304700130,4.0,4.0,3860.0,67953.0,2.0,0.0,2.0,4,12,3860.0,0.0,1927,0.0,98177,47.7469,-122.378,4410.0,128066.0,2015-01-28,1760000.0
6661200080,3.0,2.5,1340.0,3011.0,2.0,0.0,0.0,3,7,1340.0,0.0,1995,0.0,98038,47.3839,-122.038,1060.0,3232.0,2014-11-17,230000.0
8835800480,1.0,2.0,1780.0,188465.0,2.0,0.0,0.0,3,10,1780.0,0.0,2001,0.0,98045,47.4506,-121.768,1780.0,21094.0,2015-02-23,316000.0
7853430660,5.0,3.25,3920.0,4832.0,2.0,0.0,0.0,3,9,3030.0,890.0,2014,0.0,98065,47.5202,-121.885,2660.0,4832.0,2014-09-10,616200.0
7511200020,3.0,1.75,1690.0,53578.0,1.0,0.0,0.0,3,8,1690.0,0.0,1984,0.0,98053,47.6546,-122.049,2290.0,52707.0,2014-08-29,509900.0
2597670080,4.0,2.5,2570.0,7753.0,2.0,0.0,0.0,3,8,2570.0,0.0,1987,0.0,98058,47.4237,-122.162,2140.0,7615.0,2015-03-16,370000.0
2423010130,3.0,1.75,1870.0,7030.0,1.0,,0.0,3,7,1870.0,0.0,1977,0.0,98033,47.6999,-122.17,1820.0,7500.0,2015-03-06,619100.0
2927600415,3.0,2.25,2860.0,11250.0,1.0,0.0,1.0,5,8,2290.0,570.0,1956,0.0,98166,47.4534,-122.372,2030.0,11250.0,2014-08-21,805000.0
2770604665,2.0,1.5,1670.0,6000.0,1.0,0.0,0.0,3,7,1090.0,580.0,1950,0.0,98119,47.6517,-122.374,1670.0,6000.0,2015-02-02,612125.0
425049181,2.0,1.5,1070.0,937.0,3.0,0.0,0.0,3,8,1070.0,0.0,2003,0.0,98115,47.6761,-122.3,1100.0,3200.0,2014-09-12,350000.0
3223059217,2.0,1.0,940.0,15000.0,1.0,0.0,0.0,3,7,940.0,0.0,1960,0.0,98055,47.4312,-122.195,1450.0,15000.0,2014-11-04,225000.0
6669240130,3.0,2.5,2588.0,5701.0,2.0,,0.0,3,8,2588.0,0.0,2008,0.0,98042,47.3449,-122.151,2389.0,5702.0,2014-10-22,335000.0
3303960080,5.0,3.25,3500.0,10457.0,2.0,0.0,0.0,3,11,3500.0,0.0,2001,0.0,98059,47.5198,-122.157,3500.0,11734.0,2015-03-31,972800.0
2413910190,3.0,1.75,1690.0,48096.0,1.0,0.0,0.0,3,7,1690.0,0.0,1973,0.0,98053,47.6745,-122.061,2070.0,35160.0,2015-02-02,500000.0
9185700285,4.0,3.75,3790.0,7200.0,2.0,0.0,0.0,3,10,2530.0,1260.0,1931,0.0,98112,47.6264,-122.289,3250.0,7200.0,2014-12-23,2200000.0
4040800050,3.0,1.5,1090.0,8400.0,1.0,0.0,0.0,4,7,1090.0,0.0,1966,0.0,98008,47.6219,-122.115,1320.0,8400.0,2014-11-19,415000.0
3438500742,3.0,3.0,2240.0,10479.0,2.0,0.0,0.0,4,7,1710.0,530.0,1950,0.0,98106,47.5529,-122.356,1530.0,5244.0,2014-08-26,399000.0
2326300010,2.0,1.0,1150.0,4000.0,1.0,0.0,0.0,3,7,1150.0,0.0,1947,0.0,98199,47.6575,-122.394,1150.0,4288.0,2014-05-20,376000.0
4322200050,3.0,2.0,1870.0,3378.0,1.0,0.0,0.0,3,7,1120.0,750.0,1913,0.0,98136,47.5371,-122.393,1870.0,1872.0,2014-12-17,340000.0
6403510130,5.0,2.75,2990.0,7200.0,2.0,0.0,0.0,3,8,2990.0,0.0,1997,0.0,98059,47.4955,-122.16,2710.0,7620.0,2014-11-14,490000.0
4307340130,4.0,2.5,2580.0,6260.0,2.0,0.0,0.0,3,7,2580.0,0.0,2004,0.0,98056,47.4858,-122.185,2160.0,3600.0,2014-06-22,374000.0
7237600130,4.0,1.0,2220.0,3588.0,1.5,0.0,0.0,4,7,1470.0,750.0,1927,0.0,98115,47.6854,-122.308,1740.0,3588.0,2015-03-26,852000.0
5706300020,3.0,2.25,1620.0,12309.0,2.0,0.0,0.0,3,7,1620.0,0.0,1987,0.0,98074,47.6188,-122.029,2030.0,13963.0,2014-11-25,473000.0
6446200050,3.0,1.75,2590.0,25992.0,1.0,0.0,0.0,3,8,1970.0,620.0,1968,0.0,98029,47.5521,-122.03,2590.0,29250.0,2015-05-04,540000.0
7744500020,2.0,2.0,1390.0,12530.0,1.0,0.0,0.0,3,8,970.0,420.0,1959,0.0,98155,47.7499,-122.29,1940.0,12530.0,2014-08-26,431000.0
3971700635,4.0,3.0,2270.0,7245.0,1.0,0.0,0.0,3,7,1410.0,860.0,1979,0.0,98155,47.7722,-122.315,1740.0,7571.0,2015-05-06,435000.0
3625059109,4.0,3.0,2920.0,33976.0,1.0,0.0,3.0,5,8,1460.0,1460.0,1964,0.0,98008,47.6164,-122.104,2970.0,15210.0,2014-05-08,1050000.0
6379500216,3.0,2.75,1250.0,892.0,2.0,0.0,0.0,3,8,1040.0,,2010,0.0,98116,47.5826,-122.387,1250.0,1296.0,2014-05-13,450000.0
1123049027,3.0,1.0,1100.0,27008.0,1.0,0.0,0.0,3,6,960.0,140.0,1935,0.0,98178,47.4963,-122.249,1280.0,8890.0,2015-03-19,157500.0
1938400010,3.0,1.75,1500.0,7475.0,1.0,0.0,0.0,4,8,1500.0,0.0,1976,0.0,98023,47.3155,-122.365,1940.0,7475.0,2014-12-17,244000.0
3204900010,3.0,2.5,2800.0,10603.0,2.0,,0.0,3,9,2800.0,0.0,2001,0.0,98011,47.7528,-122.195,2580.0,10603.0,2015-02-11,550000.0
6979900010,4.0,2.5,3420.0,183387.0,2.0,,0.0,3,10,3420.0,0.0,2000,0.0,98053,47.633,-121.972,2260.0,34613.0,2014-09-05,975000.0
1422069069,4.0,2.75,2100.0,88426.0,1.0,,0.0,3,6,2100.0,0.0,1990,0.0,98038,47.399,-122.011,2150.0,63162.0,2015-02-05,426500.0
9834200305,3.0,1.0,1790.0,3876.0,1.5,0.0,0.0,5,7,1090.0,700.0,1904,0.0,98144,47.575,-122.288,1360.0,4080.0,2014-07-16,350000.0
9834200305,3.0,1.0,1790.0,3876.0,1.5,0.0,0.0,5,7,1090.0,700.0,1904,0.0,98144,47.575,-122.288,1360.0,4080.0,2015-02-10,615000.0
3396820010,3.0,2.25,2220.0,12056.0,2.0,,0.0,3,8,2220.0,0.0,1985,0.0,98052,47.7148,-122.101,2320.0,12025.0,2015-02-23,542000.0
1929300415,4.0,1.75,2000.0,6000.0,1.0,,3.0,5,7,1000.0,1000.0,1956,0.0,98109,47.6428,-122.348,2610.0,4377.0,2014-11-19,710000.0
8001600130,3.0,2.5,1770.0,9450.0,1.0,0.0,0.0,3,8,1770.0,0.0,1988,0.0,98001,47.3196,-122.272,2200.0,8582.0,2015-05-01,289950.0
3835500585,4.0,2.75,4280.0,12668.0,2.0,0.0,0.0,3,9,3900.0,380.0,1947,20080.0,98004,47.6185,-122.219,3590.0,12670.0,2014-10-16,1900000.0
7518505910,2.0,1.0,1260.0,5100.0,1.5,0.0,0.0,4,7,1120.0,140.0,1925,0.0,98117,47.6805,-122.384,1260.0,5100.0,2014-11-19,528000.0
7518505610,2.0,1.0,840.0,5100.0,1.0,0.0,0.0,4,7,840.0,0.0,1949,0.0,98117,47.6779,-122.384,1550.0,5100.0,2015-03-25,471000.0
5412100920,4.0,2.75,1830.0,6643.0,2.0,0.0,0.0,3,8,1830.0,0.0,2001,0.0,98001,47.2601,-122.286,2400.0,6472.0,2014-12-03,250000.0
2329700440,3.0,1.5,970.0,8400.0,1.0,0.0,0.0,3,7,970.0,0.0,1966,0.0,98003,47.3284,-122.331,1230.0,8400.0,2014-10-27,155000.0
923000413,4.0,1.5,1740.0,8160.0,1.5,0.0,0.0,4,7,1400.0,340.0,1946,0.0,98177,47.7243,-122.363,1600.0,8160.0,2014-08-18,515000.0
9406521150,3.0,2.25,1654.0,8464.0,2.0,0.0,0.0,3,7,1654.0,0.0,1995,0.0,98038,47.3618,-122.033,1975.0,8515.0,2015-03-05,336600.0
810000080,3.0,2.25,2390.0,2750.0,2.0,0.0,0.0,5,8,1580.0,810.0,1925,0.0,98109,47.6339,-122.354,2200.0,5160.0,2015-03-10,915000.0
3762900130,2.0,1.75,1080.0,7242.0,2.0,0.0,0.0,4,7,1080.0,0.0,1984,0.0,98034,47.7065,-122.235,1800.0,7321.0,2014-07-15,350000.0
1651800010,4.0,1.75,2610.0,21600.0,1.0,0.0,0.0,4,8,2610.0,0.0,1966,0.0,98004,47.6245,-122.227,2920.0,20330.0,2014-07-02,1300000.0
3876500290,3.0,1.0,1070.0,6164.0,1.0,0.0,0.0,3,7,1070.0,0.0,1967,0.0,98001,47.3377,-122.291,1320.0,7920.0,2015-03-05,175000.0
4443800545,2.0,2.0,1430.0,3880.0,1.0,0.0,0.0,4,7,1430.0,0.0,1949,0.0,98117,47.6844,-122.392,1430.0,3880.0,2015-03-30,545000.0
9218400050,4.0,3.0,2400.0,5400.0,2.0,0.0,2.0,4,7,1600.0,800.0,1965,0.0,98178,47.5099,-122.26,2400.0,5400.0,2014-12-27,475000.0
1023059108,2.0,1.0,670.0,11505.0,1.0,0.0,0.0,3,5,670.0,0.0,2003,0.0,98059,47.499,-122.157,2180.0,11505.0,2015-04-30,390000.0
2787250190,4.0,2.5,2860.0,14000.0,2.0,0.0,0.0,3,8,2860.0,0.0,1995,0.0,98019,47.7306,-121.973,2650.0,14564.0,2014-07-17,645000.0
4019301205,3.0,1.5,2270.0,8187.0,1.0,0.0,0.0,4,8,1420.0,850.0,1954,0.0,98155,47.7573,-122.278,2020.0,14092.0,2014-12-02,410000.0
2607760190,4.0,2.5,2180.0,9861.0,2.0,0.0,2.0,3,8,2180.0,0.0,1997,0.0,98045,47.4817,-121.802,2390.0,9761.0,2015-03-31,480000.0
1250203135,3.0,1.75,1860.0,6000.0,2.0,0.0,2.0,4,8,1860.0,0.0,1959,0.0,98144,47.5981,-122.288,3030.0,7119.0,2014-07-01,725000.0
1424069069,6.0,4.5,6040.0,219542.0,2.0,0.0,0.0,3,11,4100.0,1940.0,1996,0.0,98029,47.5622,-122.003,2010.0,32362.0,2014-05-22,1150000.0
7304301300,2.0,1.0,1010.0,11919.0,1.0,0.0,0.0,3,6,1010.0,0.0,1947,0.0,98155,47.7461,-122.322,1220.0,11240.0,2014-07-02,300000.0
8835400290,4.0,2.5,2570.0,8178.0,1.0,0.0,2.0,3,8,1710.0,860.0,1961,0.0,98118,47.5483,-122.261,2050.0,7500.0,2015-03-09,752000.0
3630030440,4.0,2.5,1950.0,3720.0,2.0,0.0,0.0,3,8,1950.0,0.0,2004,0.0,98029,47.5503,-121.997,1720.0,3720.0,2014-09-23,585000.0
1088000050,3.0,1.75,1970.0,10548.0,1.0,0.0,0.0,4,8,1300.0,670.0,1973,0.0,98033,47.6669,-122.179,2500.0,8548.0,2015-02-13,678700.0
7504010480,4.0,2.25,2110.0,11155.0,2.0,0.0,0.0,3,9,2110.0,0.0,1975,0.0,98074,47.6386,-122.058,2660.0,11900.0,2015-04-17,603000.0
8644500010,3.0,1.75,1650.0,7276.0,1.5,0.0,4.0,4,7,1150.0,500.0,1928,0.0,98117,47.6989,-122.399,2300.0,8088.0,2015-03-20,715000.0
1326059142,4.0,3.0,3520.0,128502.0,2.0,0.0,2.0,4,10,3520.0,0.0,1981,0.0,98072,47.7448,-122.117,3260.0,79714.0,2014-10-28,1400000.0
3754501205,3.0,2.5,2840.0,7500.0,2.0,0.0,3.0,3,11,2840.0,0.0,1997,0.0,98034,47.7049,-122.224,2580.0,5918.0,2015-04-29,1090000.0
7625701900,2.0,1.75,1490.0,4800.0,1.0,0.0,0.0,4,7,750.0,740.0,1918,0.0,98136,47.5496,-122.391,1400.0,6000.0,2015-02-22,467500.0
1926049398,3.0,2.25,1650.0,7218.0,1.0,0.0,0.0,3,7,1230.0,420.0,1985,0.0,98133,47.7237,-122.335,1690.0,7459.0,2014-10-13,359000.0
6372000190,4.0,2.0,1960.0,4520.0,1.0,0.0,0.0,3,8,960.0,1000.0,1922,20010.0,98116,47.58,-122.405,1680.0,4520.0,2014-08-26,745000.0
3622059088,3.0,2.25,2450.0,42180.0,1.0,0.0,0.0,4,7,2450.0,0.0,1978,20000.0,98042,47.3549,-122.111,1440.0,42180.0,2014-05-13,450000.0
809003105,3.0,2.0,1720.0,2000.0,1.5,,0.0,3,8,1060.0,660.0,1910,20000.0,98109,47.6384,-122.35,1590.0,4000.0,2015-04-08,935000.0
8956000250,3.0,2.5,1980.0,3128.0,2.0,0.0,0.0,3,8,1890.0,90.0,2009,0.0,98027,47.5456,-122.016,2160.0,2240.0,2014-09-03,615000.0
1241500351,3.0,2.5,4110.0,35741.0,2.0,0.0,0.0,3,7,4110.0,0.0,1976,0.0,98033,47.6642,-122.171,2710.0,8865.0,2014-09-29,1030000.0
7457400250,4.0,2.5,1990.0,5577.0,2.0,,0.0,3,7,1990.0,,1999,0.0,98092,47.3191,-122.191,2020.0,6400.0,2015-01-06,283500.0
6154900130,2.0,1.0,860.0,7102.0,1.0,0.0,0.0,3,6,860.0,0.0,1947,0.0,98177,47.7042,-122.369,1450.0,7102.0,2014-12-02,340000.0
1853500130,4.0,2.5,2320.0,9264.0,2.0,0.0,0.0,3,8,2320.0,0.0,1994,0.0,98188,47.4449,-122.274,2320.0,9129.0,2015-02-25,370000.0
1854750010,3.0,2.5,4190.0,9624.0,2.0,0.0,0.0,3,10,4190.0,0.0,1999,0.0,98006,47.5642,-122.127,3650.0,8321.0,2014-08-20,1150000.0
9320500080,4.0,1.0,1940.0,9533.0,1.0,0.0,0.0,3,7,1080.0,860.0,1962,0.0,98031,47.4139,-122.208,1940.0,8839.0,2014-05-10,265000.0
7228500415,4.0,2.25,2520.0,2370.0,2.0,0.0,0.0,3,8,1690.0,830.0,1908,0.0,98122,47.6109,-122.303,1530.0,2370.0,2014-08-26,480000.0
3142600130,3.0,2.0,1880.0,3800.0,1.0,0.0,0.0,5,7,1030.0,850.0,1927,0.0,98115,47.6841,-122.309,1700.0,3800.0,2014-06-17,667500.0
629000605,3.0,2.5,2910.0,10044.0,2.0,0.0,0.0,4,10,2910.0,,1989,0.0,98004,47.5845,-122.199,2420.0,12287.0,2015-02-27,1400000.0
5536100005,7.0,4.75,5310.0,8816.0,2.0,0.0,0.0,3,10,3650.0,1660.0,2013,0.0,98004,47.6221,-122.208,2920.0,10610.0,2014-08-08,2300000.0
3990000050,3.0,2.25,2670.0,7500.0,1.0,,0.0,4,7,1640.0,1030.0,1966,0.0,98166,47.4608,-122.354,1970.0,9598.0,2014-06-16,465000.0
1320069249,1.0,1.0,470.0,63737.0,1.0,0.0,2.0,5,5,470.0,0.0,1924,0.0,98022,47.2163,-121.984,1350.0,46762.0,2014-10-20,192500.0
9357000635,3.0,1.0,1060.0,5600.0,1.0,0.0,0.0,4,6,760.0,300.0,1943,0.0,98146,47.5116,-122.379,1310.0,5600.0,2015-03-23,345000.0
2207200635,3.0,1.5,1120.0,6900.0,1.0,0.0,0.0,5,7,1120.0,0.0,1956,0.0,98007,47.6023,-122.132,1300.0,7000.0,2014-06-02,439800.0
3798000130,4.0,1.75,2250.0,8580.0,1.0,0.0,0.0,4,7,1330.0,920.0,1958,0.0,98011,47.7633,-122.199,2250.0,10032.0,2014-07-25,468000.0
2680700010,4.0,2.5,2070.0,8473.0,1.0,,0.0,4,8,1250.0,820.0,1976,0.0,98033,47.6608,-122.19,2070.0,9499.0,2014-07-24,775000.0
3066200440,4.0,2.25,2370.0,9360.0,2.0,,0.0,4,8,2370.0,0.0,1979,0.0,98052,47.6518,-122.123,2370.0,9720.0,2014-06-08,684680.0
3293400020,4.0,3.5,3570.0,27699.0,2.0,0.0,0.0,3,11,3570.0,0.0,1990,0.0,98052,47.7173,-122.098,3800.0,35880.0,2015-01-16,910000.0
2425049063,4.0,3.25,4830.0,22257.0,2.0,1.0,4.0,4,11,4830.0,0.0,1990,0.0,98039,47.6409,-122.241,3820.0,25582.0,2014-09-11,3640000.0
114101426,3.0,1.75,1160.0,22470.0,1.0,0.0,0.0,4,7,1160.0,0.0,1976,0.0,98028,47.7595,-122.23,1940.0,15999.0,2014-06-17,375000.0
100500020,3.0,2.5,1610.0,6600.0,2.0,0.0,0.0,3,7,1610.0,0.0,1994,0.0,98003,47.2827,-122.302,1660.0,7689.0,2014-09-11,250000.0
1732800780,5.0,3.0,4150.0,7500.0,2.5,0.0,4.0,5,11,3510.0,640.0,1909,0.0,98119,47.6303,-122.362,2250.0,4050.0,2015-02-12,3070000.0
7955050250,4.0,2.25,1840.0,7575.0,1.0,0.0,0.0,4,7,1390.0,450.0,1973,0.0,98034,47.7328,-122.198,1820.0,7500.0,2014-11-25,442500.0
3521059134,3.0,3.5,4080.0,217697.0,1.5,0.0,3.0,3,10,4080.0,0.0,2000,0.0,98092,47.2604,-122.139,2710.0,217790.0,2014-05-23,900000.0
6908200006,3.0,2.0,1820.0,4080.0,2.0,0.0,2.0,3,8,1820.0,0.0,1937,19870.0,98107,47.6735,-122.401,2160.0,5400.0,2014-09-19,699000.0
4012800010,4.0,2.0,2680.0,18768.0,1.0,0.0,0.0,5,8,2680.0,0.0,1965,0.0,98001,47.3182,-122.279,1230.0,15750.0,2014-05-06,360000.0
629800660,4.0,4.75,4790.0,25412.0,2.0,,0.0,3,12,4790.0,0.0,1999,0.0,98074,47.603,-122.012,3830.0,16314.0,2014-09-09,1680000.0
425059024,5.0,2.0,2420.0,21000.0,1.5,0.0,0.0,3,8,2420.0,0.0,1966,0.0,98033,47.677,-122.165,1940.0,8085.0,2015-01-29,675000.0
8911000425,2.0,1.0,1130.0,8081.0,1.0,0.0,0.0,4,7,1130.0,,1921,0.0,98133,47.7064,-122.355,1220.0,7800.0,2014-09-18,345000.0
3438502066,4.0,1.0,1320.0,5000.0,1.5,0.0,0.0,3,7,1320.0,0.0,1928,0.0,98106,47.5457,-122.363,1640.0,5164.0,2015-04-08,229000.0
3022039069,3.0,1.0,1290.0,12415.0,1.5,0.0,0.0,3,6,1290.0,0.0,1908,0.0,98070,47.3719,-122.461,1620.0,12415.0,2015-03-26,300000.0
1862400471,3.0,3.25,1600.0,1289.0,3.0,0.0,0.0,3,8,1600.0,0.0,1998,0.0,98117,47.6957,-122.375,1600.0,1376.0,2014-08-20,392500.0
7518505851,3.0,1.0,1120.0,2300.0,1.0,0.0,0.0,4,7,820.0,300.0,1912,0.0,98117,47.6797,-122.384,1430.0,5100.0,2014-06-16,552000.0
5101408678,2.0,1.75,2060.0,7192.0,1.0,0.0,0.0,3,7,1420.0,640.0,1940,0.0,98125,47.7038,-122.317,1860.0,7140.0,2014-11-20,457000.0
3296900130,4.0,2.5,2830.0,13760.0,2.0,0.0,0.0,3,8,2830.0,0.0,1993,0.0,98019,47.7334,-121.97,2350.0,14029.0,2014-10-07,518000.0
9513900050,3.0,2.0,1210.0,6634.0,1.0,0.0,0.0,4,7,1210.0,0.0,1985,0.0,98031,47.4097,-122.193,1560.0,7200.0,2014-08-12,237000.0
2624089022,3.0,2.25,1560.0,11997.0,1.0,0.0,0.0,3,7,1260.0,300.0,1988,0.0,98065,47.5378,-121.742,1820.0,36590.0,2015-03-14,399950.0
4024100670,3.0,2.25,2260.0,17114.0,2.0,0.0,0.0,3,7,2260.0,0.0,1990,0.0,98155,47.7537,-122.296,2360.0,14893.0,2015-05-06,605000.0
1862910050,4.0,2.5,1850.0,8198.0,2.0,0.0,0.0,3,7,1850.0,0.0,1993,0.0,98031,47.4079,-122.186,1850.0,7924.0,2014-07-22,295000.0
8651720420,4.0,2.5,1930.0,8040.0,1.0,0.0,0.0,3,7,1380.0,550.0,1978,0.0,98034,47.7283,-122.218,2080.0,7200.0,2015-04-28,513000.0
2619920170,4.0,2.5,3230.0,4290.0,2.0,0.0,0.0,3,9,3230.0,0.0,2004,0.0,98033,47.6874,-122.161,3220.0,5083.0,2014-10-01,772500.0
2619920170,4.0,2.5,3230.0,4290.0,2.0,0.0,0.0,3,9,3230.0,0.0,2004,0.0,98033,47.6874,-122.161,3220.0,5083.0,2014-12-19,765000.0
225039069,4.0,2.75,2450.0,5376.0,1.5,0.0,0.0,4,7,1550.0,900.0,1920,0.0,98117,47.6865,-122.396,1920.0,5264.0,2014-10-10,696950.0
3878900525,3.0,1.0,1200.0,5650.0,1.5,0.0,0.0,3,7,1200.0,0.0,1928,0.0,98178,47.5065,-122.249,1610.0,5650.0,2015-02-13,329000.0
7137970130,3.0,2.5,2360.0,8093.0,2.0,0.0,0.0,3,8,2360.0,0.0,1995,0.0,98092,47.3257,-122.17,1860.0,6762.0,2014-12-18,339999.0
6632300122,3.0,1.0,1060.0,9506.0,1.0,0.0,0.0,3,7,1060.0,0.0,1959,0.0,98125,47.7317,-122.31,1520.0,8469.0,2014-07-14,364500.0
2770602135,5.0,1.75,2220.0,6000.0,1.5,0.0,0.0,3,7,1420.0,800.0,1923,0.0,98199,47.648,-122.384,1550.0,1715.0,2014-05-14,607500.0
3584800010,3.0,1.0,880.0,6664.0,1.0,0.0,0.0,3,6,880.0,0.0,1961,0.0,98033,47.6855,-122.199,1690.0,6564.0,2015-04-08,550000.0
8950500250,4.0,2.0,2510.0,9750.0,1.0,0.0,0.0,3,8,1630.0,880.0,1960,0.0,98028,47.7438,-122.229,1980.0,9750.0,2015-04-21,479900.0
7011201306,4.0,4.0,2530.0,1774.0,3.0,0.0,2.0,3,9,2100.0,430.0,2013,0.0,98119,47.6362,-122.369,2160.0,2400.0,2015-02-12,1120000.0
4438400020,2.0,1.0,700.0,10540.0,1.0,0.0,0.0,3,6,700.0,0.0,1953,0.0,98166,47.438,-122.336,890.0,10540.0,2014-05-12,192000.0
8651440250,3.0,2.0,1500.0,5200.0,1.0,0.0,0.0,3,7,1060.0,440.0,1977,0.0,98042,47.3653,-122.09,1640.0,5200.0,2015-04-13,250000.0
203900920,3.0,2.0,1130.0,9879.0,2.0,0.0,0.0,3,6,1130.0,0.0,1996,0.0,98053,47.635,-121.964,1900.0,14907.0,2014-07-15,340000.0
2458400345,3.0,2.0,1420.0,6060.0,1.0,0.0,0.0,5,7,830.0,,1942,0.0,98146,47.5102,-122.372,1420.0,6360.0,2014-10-28,340000.0
6664000130,3.0,2.25,2210.0,22040.0,1.0,0.0,0.0,5,8,1510.0,700.0,1976,0.0,98004,47.5904,-122.194,2470.0,14258.0,2014-10-13,635250.0
2685600005,2.0,1.0,1170.0,5043.0,1.0,0.0,0.0,3,6,880.0,290.0,1949,0.0,98108,47.5492,-122.302,1430.0,5692.0,2015-04-07,324800.0
40000362,2.0,1.0,780.0,16344.0,1.0,0.0,0.0,1,5,780.0,0.0,1942,0.0,98168,47.4739,-122.28,1700.0,10387.0,2014-05-06,78000.0
3582700130,4.0,1.75,1770.0,12875.0,1.0,0.0,0.0,3,8,1770.0,0.0,1988,0.0,98028,47.7438,-122.247,2150.0,12875.0,2015-04-09,400000.0
3013300980,3.0,1.0,1070.0,4505.0,1.0,0.0,2.0,4,7,1070.0,0.0,1919,0.0,98136,47.5305,-122.384,1380.0,4505.0,2015-05-06,640500.0
2597000130,3.0,2.0,1930.0,10929.0,1.0,0.0,0.0,3,8,1260.0,670.0,1964,0.0,98155,47.7657,-122.272,2030.0,8750.0,2015-04-30,570000.0
6169900545,3.0,1.5,1940.0,2885.0,1.5,0.0,2.0,3,8,1940.0,0.0,1900,0.0,98119,47.6308,-122.369,2550.0,3600.0,2014-06-25,1330000.0
1328340630,3.0,2.75,1440.0,7350.0,1.0,0.0,0.0,4,7,1040.0,400.0,1980,0.0,98058,47.4431,-122.138,1510.0,7350.0,2015-04-03,330490.0
705730280,3.0,2.5,1740.0,5267.0,2.0,0.0,0.0,3,7,1740.0,0.0,1999,0.0,98038,47.3777,-122.023,2180.0,5000.0,2014-08-19,325000.0
705730280,3.0,2.5,1740.0,5267.0,2.0,0.0,0.0,3,7,1740.0,0.0,1999,0.0,98038,47.3777,-122.023,2180.0,5000.0,2015-04-21,335000.0
5379805910,5.0,2.75,2210.0,13500.0,1.0,0.0,0.0,5,7,1460.0,750.0,1963,0.0,98188,47.4468,-122.282,1590.0,10850.0,2014-11-13,314000.0
2887700091,4.0,2.0,2190.0,3622.0,1.5,0.0,0.0,5,8,1990.0,200.0,1925,0.0,98115,47.6887,-122.312,1450.0,3082.0,2014-09-23,625000.0
7732410420,3.0,2.5,2590.0,7720.0,2.0,0.0,0.0,3,9,2590.0,0.0,1988,0.0,98007,47.659,-122.146,2600.0,9490.0,2014-06-17,809000.0
7806500290,3.0,2.5,2790.0,19485.0,2.0,0.0,0.0,3,9,2790.0,0.0,1990,0.0,98059,47.4688,-122.124,2580.0,17859.0,2014-08-18,535000.0
1565600130,5.0,1.75,2180.0,9178.0,1.0,0.0,0.0,3,7,1140.0,1040.0,1963,0.0,98188,47.4364,-122.28,2140.0,9261.0,2014-08-21,275000.0
2473100280,4.0,2.75,2580.0,11900.0,1.0,,0.0,4,7,1620.0,960.0,1967,0.0,98058,47.4475,-122.159,1570.0,9375.0,2015-04-17,358000.0
3826000460,3.0,2.25,2820.0,8100.0,1.0,0.0,0.0,4,7,1720.0,1100.0,1947,0.0,98168,47.4944,-122.304,1040.0,8100.0,2015-03-13,297975.0
1823069088,2.0,1.75,1300.0,22239.0,1.0,0.0,0.0,4,7,1300.0,0.0,1945,19860.0,98059,47.4801,-122.092,1300.0,14810.0,2015-05-04,492000.0
1901600095,2.0,1.0,720.0,8040.0,1.0,0.0,0.0,3,6,720.0,0.0,1943,0.0,98166,47.4662,-122.359,2300.0,9500.0,2014-06-26,210000.0
9285800020,3.0,2.5,2260.0,4550.0,1.5,,0.0,4,7,1380.0,880.0,1928,0.0,98126,47.5714,-122.376,1870.0,4582.0,2014-08-27,622500.0
3383900048,3.0,2.5,1550.0,1092.0,3.0,0.0,0.0,3,8,1390.0,160.0,2004,0.0,98102,47.6355,-122.324,1550.0,1079.0,2014-10-22,550000.0
1423700680,3.0,1.75,1390.0,7700.0,1.0,0.0,0.0,5,7,1390.0,0.0,1965,0.0,98058,47.4559,-122.183,1260.0,7700.0,2015-02-26,190000.0
9264930980,4.0,2.5,2380.0,9362.0,2.0,0.0,0.0,3,8,2380.0,0.0,2000,0.0,98023,47.3148,-122.349,2190.0,9840.0,2014-07-28,340000.0
3825311190,3.0,2.5,2640.0,5964.0,2.0,0.0,0.0,3,9,2640.0,0.0,2003,0.0,98052,47.7043,-122.128,2680.0,5211.0,2014-07-25,678000.0
9122500080,5.0,2.0,2260.0,11970.0,1.0,0.0,0.0,4,7,1250.0,,1962,0.0,98031,47.3896,-122.218,1950.0,11970.0,2015-04-28,275000.0
1189000130,3.0,2.75,1720.0,6720.0,1.0,0.0,0.0,4,7,1270.0,450.0,1947,0.0,98122,47.6138,-122.298,1690.0,3248.0,2014-09-15,493000.0
3347400525,3.0,1.0,1070.0,14000.0,1.0,,0.0,3,7,1070.0,0.0,1960,0.0,98178,47.4971,-122.279,920.0,12500.0,2014-12-16,147000.0
8091411100,3.0,2.25,2000.0,7225.0,2.0,0.0,0.0,4,7,2000.0,0.0,1985,0.0,98030,47.349,-122.167,1950.0,7464.0,2015-02-04,334000.0
4384000020,4.0,2.5,2800.0,10786.0,1.0,0.0,0.0,3,8,1420.0,1380.0,1970,0.0,98008,47.5959,-122.116,2140.0,10788.0,2014-07-03,605000.0
321059132,3.0,1.75,1450.0,61419.0,1.0,0.0,0.0,4,8,1450.0,0.0,1976,0.0,98092,47.3343,-122.16,2256.0,82328.0,2015-04-27,365000.0
1016000080,3.0,1.0,1620.0,10610.0,1.0,0.0,0.0,4,6,1620.0,0.0,1958,0.0,98059,47.474,-122.125,1680.0,10795.0,2014-11-25,345000.0
3585900305,3.0,2.5,2710.0,23292.0,1.0,0.0,4.0,3,9,2080.0,630.0,1956,0.0,98177,47.7608,-122.374,2430.0,20000.0,2014-10-30,999000.0
2922701305,2.0,1.75,1520.0,4220.0,1.0,0.0,0.0,4,7,840.0,680.0,1910,0.0,98117,47.6876,-122.366,1120.0,5700.0,2015-04-02,470000.0
8123500050,5.0,2.75,2730.0,22572.0,1.0,0.0,0.0,3,7,2080.0,650.0,1968,19920.0,98075,47.5951,-122.037,2260.0,15458.0,2014-06-24,599000.0
5547500050,3.0,2.25,1740.0,10378.0,1.0,,0.0,5,7,1740.0,0.0,1977,0.0,98042,47.3815,-122.09,1420.0,10167.0,2014-09-17,255000.0
5469700020,4.0,1.75,1800.0,28650.0,1.0,0.0,0.0,4,7,1800.0,0.0,1975,0.0,98031,47.3926,-122.166,1800.0,5234.0,2015-02-06,295000.0
9358400080,4.0,3.5,4150.0,16197.0,2.0,0.0,0.0,3,10,4150.0,0.0,2006,0.0,98003,47.3423,-122.183,3618.0,15210.0,2014-06-27,550000.0
1257200050,5.0,3.5,3270.0,4080.0,2.0,0.0,0.0,3,9,2180.0,,2011,0.0,98115,47.6754,-122.327,1410.0,4080.0,2014-07-31,1310000.0
1180005220,2.0,1.0,1070.0,6000.0,1.0,,0.0,4,5,1070.0,0.0,1922,0.0,98178,47.495,-122.227,1910.0,6000.0,2015-05-05,225000.0
9536600010,4.0,0.75,1960.0,8277.0,1.0,1.0,4.0,4,7,1320.0,640.0,1923,19860.0,98198,47.3648,-122.325,1940.0,8402.0,2014-12-23,520000.0
6140100022,3.0,3.25,1600.0,1882.0,2.0,0.0,0.0,3,8,1360.0,240.0,2000,0.0,98133,47.7151,-122.355,1390.0,1379.0,2014-08-26,345000.0
6140100095,4.0,1.75,1650.0,7775.0,1.0,0.0,0.0,4,7,1150.0,500.0,1950,0.0,98133,47.715,-122.354,1390.0,7200.0,2014-05-20,475000.0
4037800020,5.0,1.5,2170.0,8610.0,1.0,0.0,0.0,4,7,1230.0,940.0,1959,0.0,98008,47.6111,-122.126,1670.0,8610.0,2014-10-08,497500.0
322069180,3.0,3.0,3730.0,383328.0,1.5,,0.0,4,9,2230.0,1500.0,1990,0.0,98038,47.4257,-122.03,1940.0,217800.0,2014-11-20,649500.0
9348700020,4.0,2.75,3280.0,6845.0,2.0,0.0,0.0,3,10,3280.0,0.0,2003,0.0,98052,47.7042,-122.107,3280.0,7467.0,2014-08-25,734500.0
7414200010,3.0,1.0,870.0,8040.0,1.0,0.0,0.0,3,7,870.0,0.0,1953,0.0,98177,47.7048,-122.368,1440.0,8040.0,2014-12-18,276000.0
7849200635,2.0,1.0,900.0,28800.0,1.0,0.0,0.0,1,6,900.0,0.0,1928,0.0,98065,47.5245,-121.822,1360.0,7200.0,2014-06-30,235000.0
1524800005,2.0,1.0,1400.0,10800.0,1.0,0.0,0.0,4,7,1400.0,0.0,1974,0.0,98011,47.7726,-122.21,1560.0,11280.0,2014-08-12,325000.0
8045600130,4.0,2.75,1680.0,9545.0,1.0,0.0,0.0,4,7,1080.0,600.0,1979,0.0,98028,47.739,-122.243,1890.0,9545.0,2014-05-28,425000.0
5559200170,4.0,2.0,2390.0,23972.0,2.0,0.0,0.0,3,7,1720.0,670.0,1949,0.0,98023,47.3197,-122.343,1950.0,22750.0,2015-04-30,307000.0
5700000275,3.0,2.5,2300.0,5500.0,1.5,0.0,0.0,4,8,2000.0,300.0,1921,0.0,98144,47.5785,-122.293,2100.0,5000.0,2014-05-28,635000.0
3224900130,3.0,1.75,1340.0,7473.0,1.0,0.0,0.0,4,7,1340.0,0.0,1973,0.0,98002,47.3087,-122.206,1510.0,8240.0,2014-05-14,223000.0
4397010480,3.0,2.75,2600.0,10874.0,2.0,,0.0,3,9,2600.0,0.0,1994,0.0,98042,47.3815,-122.146,2800.0,11504.0,2015-04-13,425000.0
2310000250,3.0,2.25,1640.0,7730.0,1.0,,0.0,4,7,1220.0,420.0,1989,0.0,98038,47.3576,-122.039,1560.0,7566.0,2015-05-06,190000.0
8731902340,4.0,1.75,1960.0,6177.0,1.0,0.0,0.0,4,8,1960.0,0.0,1967,0.0,98023,47.3131,-122.383,2010.0,8162.0,2014-09-18,275000.0
3630000080,3.0,2.5,1480.0,1961.0,2.0,0.0,0.0,3,8,1480.0,0.0,2005,0.0,98029,47.5478,-122.0,1400.0,1138.0,2014-06-06,450000.0
4139900050,4.0,3.25,5010.0,34460.0,2.0,0.0,0.0,3,12,5010.0,0.0,1988,0.0,98006,47.5469,-122.127,4760.0,34460.0,2014-05-19,1470000.0
9191200380,4.0,2.0,1540.0,5000.0,1.5,0.0,0.0,4,7,1540.0,0.0,1913,0.0,98105,47.6713,-122.3,1790.0,4000.0,2014-12-22,550000.0
930000415,4.0,2.75,4030.0,10240.0,2.0,0.0,2.0,3,8,3310.0,720.0,1943,0.0,98177,47.7168,-122.365,2490.0,7680.0,2014-12-04,835000.0
5450300020,6.0,3.0,3020.0,13783.0,2.0,0.0,0.0,3,8,3020.0,0.0,1952,0.0,98040,47.5722,-122.226,1720.0,13500.0,2014-06-18,900000.0
8898700440,2.0,2.0,1590.0,9375.0,1.0,0.0,0.0,3,7,910.0,680.0,1983,0.0,98055,47.4585,-122.205,1560.0,8524.0,2014-11-24,290000.0
1238501188,4.0,2.5,2910.0,9131.0,2.0,0.0,0.0,3,10,2910.0,0.0,2014,0.0,98033,47.6826,-122.186,1880.0,11212.0,2014-08-08,1040000.0
644210020,4.0,2.5,3020.0,15164.0,1.0,0.0,0.0,4,8,1730.0,1290.0,1976,0.0,98004,47.5882,-122.192,2600.0,11556.0,2015-01-05,780000.0
3066200460,3.0,2.0,2290.0,11200.0,2.0,0.0,0.0,3,9,2290.0,0.0,1979,0.0,98052,47.6517,-122.124,2250.0,10000.0,2014-12-18,572500.0
3422049088,3.0,1.75,2180.0,9220.0,1.0,0.0,0.0,4,7,1090.0,1090.0,1938,0.0,98001,47.3547,-122.285,2050.0,22400.0,2015-03-24,389000.0
6433000050,4.0,1.75,2740.0,10086.0,1.0,0.0,0.0,3,7,1440.0,1300.0,1972,0.0,98168,47.5112,-122.329,1710.0,9840.0,2014-08-21,350000.0
7215410430,4.0,2.5,2740.0,33158.0,2.0,0.0,0.0,3,9,2740.0,0.0,1993,0.0,98042,47.3333,-122.074,2740.0,36074.0,2014-07-28,476000.0
5316100255,2.0,3.0,2330.0,3600.0,2.0,0.0,0.0,5,10,1870.0,460.0,1927,19790.0,98112,47.6316,-122.282,2950.0,7200.0,2014-09-04,1050000.0
2413300980,3.0,2.25,2300.0,7200.0,1.0,0.0,0.0,4,8,1550.0,750.0,1978,0.0,98003,47.324,-122.328,2000.0,7350.0,2014-12-17,287000.0
1175000280,4.0,4.0,1550.0,6596.0,1.5,0.0,0.0,5,7,1550.0,0.0,1907,0.0,98107,47.6711,-122.398,1830.0,4850.0,2014-11-07,707500.0
7304300420,4.0,2.5,1750.0,11381.0,1.0,0.0,0.0,4,7,1610.0,,1947,0.0,98155,47.7425,-122.321,1080.0,11375.0,2014-08-01,464500.0
59000250,3.0,1.5,2180.0,5000.0,1.0,0.0,3.0,4,8,1090.0,1090.0,1941,0.0,98116,47.5787,-122.402,2070.0,5000.0,2014-12-03,720000.0
1441300130,3.0,2.5,1610.0,8544.0,2.0,0.0,0.0,5,7,1610.0,0.0,1994,0.0,98038,47.3714,-122.054,1840.0,8190.0,2014-12-24,319000.0
1075100050,3.0,1.0,1570.0,9136.0,1.0,0.0,0.0,3,7,1570.0,0.0,1953,0.0,98133,47.7688,-122.337,1380.0,9127.0,2014-09-16,330000.0
7972000010,3.0,1.75,1140.0,9628.0,1.0,0.0,0.0,4,7,1140.0,0.0,1969,0.0,98023,47.2933,-122.372,1510.0,9633.0,2014-05-20,120750.0
7972000010,3.0,1.75,1140.0,9628.0,1.0,0.0,0.0,4,7,1140.0,0.0,1969,0.0,98023,47.2933,-122.372,1510.0,9633.0,2014-10-21,195000.0
5113400364,4.0,1.5,2480.0,6383.0,1.0,0.0,0.0,3,7,1380.0,1100.0,1946,0.0,98119,47.6445,-122.374,1440.0,6000.0,2015-01-26,650000.0
5076900010,3.0,1.75,1690.0,8190.0,1.0,0.0,0.0,4,8,1690.0,0.0,1958,0.0,98005,47.5857,-122.172,1840.0,8705.0,2014-05-13,530000.0
3526039193,4.0,3.0,2910.0,8027.0,1.0,0.0,0.0,5,8,1800.0,1110.0,1970,0.0,98117,47.6939,-122.391,2390.0,7660.0,2015-04-07,825000.0
7905380280,4.0,2.0,1600.0,15044.0,1.0,0.0,0.0,3,7,1600.0,0.0,1972,0.0,98034,47.72,-122.216,1660.0,8102.0,2014-08-22,436000.0
7936500221,2.0,1.0,1010.0,14244.0,1.0,1.0,4.0,1,5,1010.0,0.0,1926,0.0,98136,47.5476,-122.399,1820.0,15792.0,2015-01-14,658000.0
5100404761,3.0,2.0,1850.0,9570.0,1.0,0.0,0.0,4,7,950.0,900.0,1940,0.0,98115,47.697,-122.322,1430.0,6380.0,2014-08-13,547500.0
510000050,3.0,1.75,2150.0,2527.0,2.0,0.0,0.0,4,8,1400.0,750.0,1906,0.0,98103,47.6629,-122.329,1610.0,3663.0,2014-12-03,762000.0
7148700050,3.0,1.75,2650.0,7378.0,1.0,0.0,0.0,3,7,1460.0,1190.0,1952,0.0,98155,47.7525,-122.315,1600.0,7616.0,2015-01-26,340000.0
3271800185,4.0,1.75,2510.0,5800.0,1.0,0.0,2.0,4,9,1830.0,680.0,1953,0.0,98199,47.648,-122.41,2190.0,5800.0,2014-11-21,880000.0
2652501470,4.0,2.5,3240.0,3600.0,2.0,0.0,0.0,3,9,2060.0,1180.0,2008,0.0,98109,47.6405,-122.356,1820.0,3600.0,2014-05-21,1220000.0
1568100920,4.0,2.5,3440.0,14554.0,2.0,,4.0,3,8,2170.0,1270.0,2012,0.0,98155,47.7364,-122.286,3170.0,11810.0,2015-04-08,1950000.0
7738500185,3.0,2.0,1150.0,6249.0,1.0,0.0,0.0,3,7,1150.0,0.0,1952,20060.0,98155,47.7489,-122.284,2470.0,7751.0,2014-09-23,382500.0
9133600130,3.0,1.75,1890.0,9535.0,1.0,0.0,0.0,3,7,1210.0,680.0,1976,0.0,98055,47.4872,-122.223,2040.0,11108.0,2015-01-05,344500.0
3298720010,4.0,2.75,1430.0,7403.0,1.0,0.0,0.0,3,7,1030.0,400.0,1982,0.0,98106,47.5346,-122.344,1480.0,7663.0,2015-04-12,375000.0
2856101479,1.0,0.75,370.0,1801.0,1.0,0.0,0.0,5,5,370.0,0.0,1923,0.0,98117,47.6778,-122.389,1340.0,5000.0,2014-07-01,276000.0
5710610250,5.0,3.25,3130.0,12087.0,2.0,0.0,0.0,3,8,2180.0,950.0,1975,0.0,98027,47.5336,-122.052,2410.0,10350.0,2014-07-01,500000.0
163000010,4.0,2.5,2105.0,6093.0,2.0,0.0,0.0,3,8,2105.0,0.0,2003,0.0,98042,47.3531,-122.147,1930.0,8022.0,2014-07-02,330000.0
1062100095,3.0,1.0,890.0,5965.0,1.0,0.0,0.0,3,7,890.0,0.0,1950,0.0,98155,47.7518,-122.279,1930.0,7500.0,2014-08-22,328000.0
1437900020,3.0,1.5,1340.0,7200.0,1.0,0.0,0.0,3,7,1340.0,0.0,1972,0.0,98034,47.718,-122.193,1730.0,8820.0,2015-02-25,450000.0
8073000585,4.0,2.25,2290.0,12174.0,1.0,1.0,4.0,3,7,1490.0,800.0,1948,0.0,98178,47.5114,-122.245,2290.0,9379.0,2014-07-15,840500.0
3342700491,3.0,2.5,2770.0,9350.0,2.0,0.0,3.0,3,8,2770.0,0.0,1957,20000.0,98056,47.5253,-122.201,2660.0,9695.0,2014-08-14,679000.0
3395800305,3.0,1.5,1890.0,9450.0,1.0,0.0,0.0,3,7,1090.0,800.0,1957,0.0,98146,47.4829,-122.341,1470.0,8100.0,2014-06-05,270000.0
2923500010,5.0,2.25,3160.0,8065.0,2.0,0.0,0.0,3,8,3160.0,0.0,1977,0.0,98027,47.5678,-122.089,2540.0,7917.0,2015-01-14,757500.0
3629970680,2.0,2.5,1830.0,2856.0,2.0,0.0,0.0,3,7,1830.0,0.0,2005,0.0,98029,47.5524,-121.996,1850.0,2667.0,2014-11-12,524950.0
2408800130,4.0,2.75,2950.0,49658.0,1.0,0.0,0.0,4,8,2950.0,0.0,1960,19980.0,98010,47.3596,-121.922,1720.0,54672.0,2014-07-23,424900.0
2204500480,3.0,1.0,1430.0,8640.0,1.0,0.0,0.0,5,7,1430.0,0.0,1954,0.0,98006,47.572,-122.147,1430.0,9840.0,2015-01-07,551100.0
7708000010,3.0,2.0,1420.0,12655.0,1.0,0.0,0.0,5,7,1420.0,0.0,1968,0.0,98056,47.5309,-122.186,2020.0,9655.0,2014-11-07,421000.0
2639400020,4.0,1.75,2460.0,7560.0,2.0,0.0,0.0,4,8,2460.0,0.0,1952,0.0,98177,47.7256,-122.367,2760.0,8918.0,2014-08-01,635000.0
7883604095,3.0,1.0,1340.0,6120.0,1.5,0.0,0.0,4,7,1340.0,0.0,1920,0.0,98108,47.5272,-122.322,1260.0,6000.0,2014-12-09,255000.0
3055800020,4.0,1.0,1530.0,7920.0,1.0,0.0,0.0,3,7,1030.0,500.0,1955,0.0,98166,47.4544,-122.36,1690.0,7920.0,2015-03-10,419950.0
7195800009,6.0,3.0,2650.0,12870.0,1.0,,0.0,4,7,2650.0,0.0,1977,0.0,98022,47.2069,-121.989,1450.0,8668.0,2014-12-10,325000.0
8946750170,4.0,2.25,1677.0,3600.0,2.0,0.0,0.0,3,7,1677.0,0.0,2012,0.0,98092,47.32,-122.178,1677.0,3600.0,2015-04-21,281000.0
5603700095,3.0,1.75,2050.0,11856.0,1.0,0.0,0.0,3,7,1460.0,590.0,1962,0.0,98006,47.5735,-122.162,2670.0,11856.0,2014-06-10,655275.0
8819900170,3.0,2.0,2520.0,3959.0,1.0,0.0,0.0,5,8,1270.0,1250.0,1931,0.0,98105,47.6693,-122.289,1660.0,3959.0,2014-08-25,861000.0
3999300290,3.0,3.5,2620.0,11148.0,2.0,0.0,4.0,4,9,2060.0,560.0,1977,0.0,98008,47.5845,-122.115,2590.0,10796.0,2014-10-16,850000.0
2791500280,3.0,2.5,1650.0,6675.0,1.0,0.0,0.0,3,8,1290.0,360.0,1990,0.0,98023,47.2899,-122.372,1880.0,6675.0,2014-11-19,246000.0
8820903560,2.0,1.0,700.0,4836.0,1.0,0.0,0.0,4,6,700.0,0.0,1926,0.0,98125,47.7139,-122.288,1190.0,7050.0,2014-12-16,380000.0
4401200460,4.0,2.5,3430.0,7508.0,2.0,0.0,0.0,3,10,3430.0,0.0,1998,0.0,98052,47.6866,-122.11,3110.0,8741.0,2014-10-20,813000.0
3394100020,4.0,2.5,3140.0,11049.0,2.0,0.0,0.0,3,10,3140.0,0.0,1988,0.0,98004,47.5817,-122.192,2750.0,11049.0,2014-11-20,990000.0
2880100795,3.0,2.5,2350.0,3750.0,2.0,0.0,0.0,3,7,1740.0,610.0,2003,0.0,98117,47.6767,-122.365,1590.0,4700.0,2014-11-05,650000.0
104560280,4.0,3.0,1990.0,6180.0,2.0,,0.0,3,7,1990.0,0.0,1990,0.0,98023,47.3083,-122.36,1910.0,6180.0,2014-05-22,273000.0
2133010290,4.0,2.5,2050.0,14724.0,2.0,0.0,0.0,3,7,2050.0,0.0,1989,0.0,98019,47.73,-121.969,1920.0,12841.0,2014-07-24,398000.0
1723049008,2.0,1.0,930.0,8665.0,1.0,0.0,0.0,4,6,930.0,0.0,1938,0.0,98168,47.4822,-122.318,1630.0,12375.0,2014-08-22,200000.0
8146100095,3.0,1.0,1230.0,12305.0,1.0,0.0,0.0,3,7,1230.0,0.0,1955,19900.0,98004,47.6095,-122.195,2100.0,7960.0,2014-05-15,839000.0
7715800430,3.0,2.5,1870.0,9135.0,1.0,0.0,0.0,3,7,1250.0,620.0,1984,0.0,98074,47.6269,-122.06,1550.0,9100.0,2014-11-04,502000.0
9510900630,3.0,2.25,2110.0,7665.0,1.0,0.0,0.0,4,7,1360.0,750.0,1973,0.0,98023,47.3082,-122.372,1660.0,8436.0,2014-06-17,305000.0
9414610020,5.0,3.25,3160.0,10000.0,2.0,0.0,0.0,4,8,3160.0,0.0,1980,0.0,98027,47.52,-122.047,2130.0,10000.0,2014-06-18,574950.0
1160000255,3.0,1.0,1120.0,8631.0,1.0,0.0,0.0,3,7,1120.0,0.0,1942,0.0,98125,47.7077,-122.314,1350.0,7714.0,2014-08-18,311000.0
777100005,3.0,2.25,2750.0,6203.0,1.0,1.0,4.0,5,7,1620.0,1130.0,1959,0.0,98074,47.6163,-122.068,2570.0,7009.0,2014-11-22,1650000.0
3205100130,3.0,1.0,1230.0,9568.0,1.0,0.0,0.0,5,7,1230.0,0.0,1962,0.0,98056,47.539,-122.179,1270.0,9575.0,2014-05-06,387000.0
2929600020,3.0,1.5,1190.0,20672.0,1.5,0.0,3.0,3,7,1190.0,0.0,1948,0.0,98166,47.4459,-122.359,2150.0,16239.0,2014-08-05,375000.0
2420069242,2.0,1.0,740.0,3434.0,1.0,0.0,0.0,5,6,740.0,0.0,1920,0.0,98022,47.2088,-121.992,1160.0,6000.0,2014-09-25,175000.0
5009600010,4.0,2.5,1770.0,5855.0,2.0,0.0,0.0,3,7,1770.0,0.0,2003,0.0,98038,47.3483,-122.053,1790.0,5679.0,2014-06-12,248000.0
2414600255,4.0,2.25,1720.0,7803.0,1.0,0.0,0.0,3,8,1350.0,370.0,1955,0.0,98146,47.5119,-122.337,1720.0,7803.0,2015-04-03,336750.0
9359300250,4.0,2.5,2770.0,45514.0,2.0,0.0,0.0,4,9,2770.0,0.0,1989,0.0,98077,47.7751,-122.088,2940.0,49495.0,2014-06-04,685000.0
3629980920,4.0,2.75,2330.0,3917.0,2.0,0.0,0.0,3,9,2330.0,0.0,2004,0.0,98029,47.5527,-121.99,2620.0,4400.0,2014-07-15,645000.0
6679001060,3.0,2.5,1660.0,7388.0,2.0,0.0,0.0,3,7,1660.0,0.0,2003,0.0,98038,47.3865,-122.027,2240.0,6228.0,2014-12-18,279000.0
1702900664,2.0,2.5,1730.0,1037.0,3.5,0.0,0.0,3,8,1730.0,0.0,2008,0.0,98118,47.5594,-122.285,1280.0,1026.0,2015-04-16,479000.0
928000020,3.0,2.25,1880.0,7279.0,1.0,0.0,0.0,3,7,1280.0,600.0,1962,0.0,98155,47.7574,-122.322,2020.0,8274.0,2015-01-28,466000.0
705710290,4.0,2.75,2190.0,6740.0,2.0,0.0,0.0,3,7,2190.0,0.0,1995,0.0,98038,47.3804,-122.027,1950.0,7150.0,2015-04-20,361500.0
8155830020,3.0,1.75,1720.0,7202.0,1.0,,0.0,3,7,1720.0,0.0,1995,0.0,98056,47.5044,-122.19,1720.0,7625.0,2014-12-02,404000.0
9378700190,4.0,3.25,2360.0,8344.0,2.0,0.0,0.0,3,8,2360.0,0.0,1990,0.0,98058,47.4403,-122.126,1860.0,8410.0,2015-03-16,319000.0
5104200420,3.0,1.5,1490.0,10132.0,1.0,0.0,0.0,4,6,1490.0,0.0,1969,0.0,98059,47.4779,-122.145,1720.0,9915.0,2015-03-16,320000.0
9550202140,4.0,3.75,3490.0,5625.0,2.0,0.0,0.0,3,9,2610.0,880.0,2014,0.0,98103,47.6685,-122.332,1940.0,5000.0,2014-11-17,1310000.0
7855300460,3.0,2.75,2370.0,8900.0,1.0,0.0,4.0,4,9,1670.0,700.0,1971,0.0,98006,47.5648,-122.156,2840.0,8956.0,2014-09-23,1000000.0
9346960050,4.0,2.5,2290.0,9120.0,2.0,0.0,0.0,4,8,2290.0,0.0,1977,0.0,98006,47.5613,-122.128,2290.0,9120.0,2014-11-07,660000.0
2254501440,4.0,3.0,1790.0,3600.0,1.5,0.0,0.0,3,8,1790.0,0.0,1901,0.0,98122,47.6117,-122.313,1770.0,3119.0,2015-04-21,546000.0
3732800525,4.0,1.75,1820.0,5015.0,1.0,0.0,0.0,4,6,1190.0,630.0,1926,0.0,98108,47.5569,-122.31,1530.0,9130.0,2014-07-09,300000.0
2525059134,2.0,1.5,1760.0,12000.0,1.0,0.0,0.0,4,7,1760.0,0.0,1964,0.0,98052,47.6288,-122.109,2200.0,12088.0,2014-10-16,500000.0
8562891100,4.0,2.5,2430.0,5556.0,2.0,0.0,0.0,4,8,2430.0,0.0,2003,0.0,98042,47.3762,-122.126,2430.0,5556.0,2014-09-10,381500.0
4094800380,3.0,2.25,2630.0,12899.0,2.0,,0.0,4,9,2630.0,0.0,1966,0.0,98040,47.5479,-122.233,3140.0,15320.0,2015-04-27,990000.0
5104530680,4.0,2.5,2390.0,4639.0,2.0,0.0,0.0,3,8,2390.0,0.0,2006,0.0,98038,47.3527,-121.999,2390.0,4521.0,2015-01-16,278226.0
2917200675,2.0,1.75,1500.0,4158.0,1.0,0.0,0.0,4,7,1220.0,280.0,1947,0.0,98103,47.7006,-122.35,1270.0,4081.0,2015-01-27,340000.0
8732030440,4.0,2.5,2510.0,12000.0,1.0,0.0,0.0,3,8,1520.0,990.0,1977,0.0,98023,47.3086,-122.384,2210.0,8320.0,2014-08-13,305000.0
7779200275,4.0,2.5,2420.0,10285.0,1.0,0.0,4.0,3,8,1700.0,720.0,1958,0.0,98146,47.4871,-122.36,2540.0,9900.0,2014-06-13,760000.0
6121800050,4.0,1.5,2170.0,9948.0,2.0,0.0,0.0,3,7,2170.0,0.0,1952,0.0,98148,47.4263,-122.331,1500.0,9750.0,2014-10-29,195000.0
5652601155,4.0,1.75,1960.0,6138.0,1.0,,0.0,4,7,1260.0,700.0,1960,0.0,98115,47.6968,-122.299,2000.0,7057.0,2015-04-15,564000.0
3261020080,4.0,2.25,2280.0,8550.0,1.0,0.0,0.0,3,8,1660.0,620.0,1977,0.0,98034,47.701,-122.231,2590.0,9500.0,2014-12-24,539500.0
4060000020,4.0,1.5,1580.0,10230.0,1.0,0.0,0.0,3,6,790.0,790.0,1945,20080.0,98178,47.5002,-122.246,1130.0,6955.0,2014-09-18,299980.0
5468730280,4.0,2.5,1850.0,5674.0,2.0,0.0,0.0,3,7,1850.0,0.0,1993,0.0,98042,47.3536,-122.142,1750.0,6875.0,2014-10-13,290000.0
7304301045,2.0,1.0,770.0,11084.0,1.0,0.0,0.0,4,6,770.0,0.0,1947,0.0,98155,47.7482,-122.321,1010.0,11084.0,2015-02-03,257000.0
4077800507,4.0,3.0,2120.0,5520.0,1.5,0.0,0.0,3,8,1420.0,700.0,1985,0.0,98125,47.7085,-122.286,2020.0,8700.0,2014-08-21,518500.0
1041500020,4.0,2.75,3060.0,35380.0,1.0,0.0,0.0,3,9,1810.0,1250.0,1982,0.0,98074,47.6198,-122.038,1980.0,10425.0,2014-09-08,657000.0
1423089134,3.0,2.25,2680.0,41250.0,2.0,0.0,0.0,3,7,2680.0,0.0,1984,0.0,98045,47.4817,-121.749,1940.0,47044.0,2014-08-15,590000.0
3992700048,4.0,1.75,2220.0,6350.0,1.0,0.0,0.0,3,7,1110.0,1110.0,1959,0.0,98125,47.7136,-122.29,1950.0,8100.0,2014-07-18,526000.0
2172000285,2.0,1.0,1150.0,11250.0,1.0,0.0,0.0,3,6,1150.0,0.0,1920,0.0,98178,47.486,-122.264,1100.0,11400.0,2015-03-23,254500.0
8813400345,2.0,1.0,980.0,3663.0,1.0,,0.0,5,7,980.0,0.0,1909,0.0,98105,47.6645,-122.288,1620.0,3706.0,2015-04-14,575000.0
5487300020,3.0,1.5,1690.0,10500.0,1.0,,0.0,4,7,1690.0,0.0,1967,0.0,98033,47.7018,-122.165,1570.0,10500.0,2015-01-21,464550.0
7201800280,3.0,1.75,1320.0,6030.0,1.0,0.0,0.0,4,7,1320.0,0.0,1969,0.0,98052,47.6993,-122.13,1840.0,6565.0,2014-07-15,409950.0
8856000545,2.0,1.0,910.0,22000.0,1.0,0.0,0.0,3,6,910.0,0.0,1956,0.0,98001,47.2777,-122.252,1326.0,9891.0,2014-05-07,100000.0
567000380,2.0,1.5,820.0,1270.0,2.0,,0.0,3,7,820.0,0.0,2009,0.0,98144,47.5925,-122.295,1130.0,1201.0,2015-03-02,365000.0
1450100020,3.0,1.0,1300.0,7420.0,1.0,0.0,0.0,4,6,1300.0,0.0,1960,0.0,98002,47.2899,-122.219,1250.0,7420.0,2015-02-09,208000.0
7950302995,4.0,2.5,1950.0,3000.0,2.0,,0.0,3,7,1550.0,400.0,1998,0.0,98118,47.565,-122.281,1540.0,4300.0,2014-11-10,497950.0
1446110020,5.0,3.5,3672.0,9742.0,2.0,0.0,0.0,3,9,3006.0,666.0,2006,0.0,98092,47.3255,-122.192,2140.0,9118.0,2014-09-10,405000.0
8914100080,3.0,2.5,2740.0,22499.0,2.0,0.0,0.0,3,9,2740.0,0.0,1994,0.0,98058,47.4597,-122.153,2710.0,22499.0,2015-03-11,568000.0
3333000655,2.0,1.0,890.0,6000.0,1.0,0.0,0.0,3,6,890.0,0.0,1941,0.0,98118,47.5437,-122.281,1090.0,5900.0,2015-05-11,334000.0
8019201061,3.0,2.0,1090.0,8400.0,1.0,0.0,0.0,4,6,1090.0,0.0,1961,0.0,98168,47.4942,-122.322,1100.0,10850.0,2015-01-15,235000.0
8570900328,2.0,1.0,1170.0,10621.0,1.0,,0.0,3,7,1170.0,0.0,1963,0.0,98045,47.497,-121.78,1340.0,9832.0,2014-06-03,295000.0
5631500947,4.0,3.0,2600.0,29539.0,1.0,0.0,0.0,3,8,2600.0,0.0,1994,0.0,98028,47.746,-122.231,1810.0,11600.0,2015-01-22,610000.0
254000020,4.0,1.75,2000.0,6032.0,1.0,0.0,2.0,3,7,1300.0,700.0,1959,0.0,98146,47.5132,-122.389,1930.0,6032.0,2014-06-05,453500.0
1929300305,4.0,3.75,3520.0,3944.0,1.5,0.0,0.0,5,8,2200.0,1320.0,1913,0.0,98109,47.6424,-122.348,2310.0,4725.0,2014-06-23,1220000.0
4202400078,2.0,1.0,1410.0,7000.0,1.0,0.0,0.0,3,7,1410.0,0.0,1968,0.0,98055,47.4908,-122.223,1540.0,6000.0,2015-01-28,175000.0
4202400078,2.0,1.0,1410.0,7000.0,1.0,0.0,0.0,3,7,1410.0,0.0,1968,0.0,98055,47.4908,-122.223,1540.0,6000.0,2015-04-28,335000.0
2968800010,3.0,1.5,1950.0,7620.0,1.0,0.0,0.0,4,7,1010.0,940.0,1956,0.0,98166,47.4594,-122.346,1850.0,7620.0,2014-09-04,275000.0
2880100675,2.0,1.0,980.0,2130.0,1.0,0.0,0.0,4,6,860.0,120.0,1918,0.0,98117,47.6769,-122.366,980.0,2800.0,2014-05-14,400000.0
1024000050,3.0,2.75,3390.0,7000.0,1.0,0.0,3.0,4,8,1740.0,1650.0,1979,0.0,98116,47.5701,-122.408,1770.0,6500.0,2014-07-18,915000.0
6072400280,4.0,2.5,2270.0,9247.0,1.0,0.0,0.0,5,8,1500.0,770.0,1972,0.0,98006,47.5602,-122.176,2270.0,9163.0,2014-06-19,619850.0
2329600280,3.0,1.0,1510.0,8800.0,1.0,0.0,0.0,4,7,1010.0,500.0,1963,0.0,98003,47.329,-122.33,1290.0,8470.0,2015-02-02,225900.0
6822100050,2.0,1.5,960.0,7200.0,1.0,0.0,0.0,3,7,960.0,0.0,1910,19870.0,98199,47.649,-122.403,1550.0,6000.0,2014-09-18,525000.0
1420400130,4.0,2.25,1900.0,9600.0,1.0,0.0,0.0,4,7,1900.0,0.0,1967,0.0,98031,47.4208,-122.2,2040.0,9600.0,2014-12-26,215000.0
7732400280,3.0,2.5,2580.0,13096.0,2.0,0.0,0.0,3,9,2580.0,0.0,1986,0.0,98052,47.6616,-122.144,2580.0,7988.0,2014-05-14,802000.0
4397000500,4.0,2.5,2340.0,11784.0,2.0,0.0,0.0,3,9,2340.0,0.0,1997,0.0,98042,47.384,-122.149,2250.0,10760.0,2014-06-30,330000.0
9560700010,3.0,2.25,1580.0,11680.0,1.0,0.0,0.0,4,7,1580.0,0.0,1958,0.0,98005,47.5872,-122.17,2270.0,10948.0,2014-08-01,549800.0
6131600285,4.0,1.0,1230.0,8636.0,1.5,0.0,0.0,4,6,1230.0,0.0,1954,0.0,98002,47.3231,-122.219,1168.0,8316.0,2014-10-24,195500.0
8956500020,3.0,2.5,1590.0,7819.0,2.0,0.0,0.0,3,7,1590.0,0.0,1992,0.0,98055,47.4367,-122.199,1790.0,7733.0,2014-08-18,338000.0
624069108,4.0,3.25,7000.0,28206.0,1.0,1.0,4.0,4,12,3500.0,3500.0,1991,0.0,98075,47.5928,-122.086,4913.0,14663.0,2014-08-12,3200000.0
1727500280,4.0,2.25,1770.0,7000.0,1.0,0.0,0.0,5,7,1770.0,0.0,1972,0.0,98034,47.7193,-122.218,1780.0,6500.0,2014-08-20,480000.0
4029400080,4.0,2.5,1850.0,8310.0,1.0,0.0,0.0,3,7,1200.0,650.0,1962,0.0,98155,47.7717,-122.29,1840.0,10080.0,2015-04-06,383000.0
2873000920,3.0,1.75,1430.0,7210.0,1.0,0.0,0.0,3,7,1430.0,0.0,1975,0.0,98031,47.4189,-122.168,1220.0,7777.0,2015-03-31,257000.0
1402900460,4.0,2.75,2190.0,9209.0,2.0,0.0,0.0,4,8,2190.0,0.0,1996,0.0,98092,47.3341,-122.188,2430.0,6687.0,2015-02-23,335000.0
8125200480,4.0,2.5,2310.0,6650.0,2.0,0.0,2.0,3,8,2310.0,0.0,2012,0.0,98166,47.4513,-122.267,1800.0,9819.0,2015-05-08,422000.0
1087900050,3.0,1.75,2000.0,10182.0,1.0,0.0,0.0,5,7,1400.0,600.0,1963,0.0,98033,47.6616,-122.175,2050.0,10182.0,2014-06-03,560000.0
7937900280,4.0,2.75,3620.0,35429.0,2.0,0.0,0.0,3,10,3620.0,0.0,2006,0.0,98058,47.4238,-122.098,3310.0,54193.0,2015-04-24,680000.0
1096100010,2.0,1.0,1210.0,7040.0,1.0,0.0,0.0,3,7,1210.0,0.0,1952,0.0,98155,47.745,-122.297,1210.0,7205.0,2014-10-28,320000.0
2050100250,3.0,2.5,2330.0,15536.0,1.0,0.0,2.0,3,10,2330.0,,1996,0.0,98074,47.655,-122.087,3320.0,17461.0,2014-09-03,665000.0
8691370500,3.0,2.5,2840.0,6854.0,2.0,0.0,0.0,3,9,2840.0,0.0,2002,0.0,98075,47.6006,-121.978,2840.0,7398.0,2015-03-26,751000.0
7147600225,6.0,2.75,2410.0,10763.0,1.0,0.0,0.0,5,7,1310.0,1100.0,1957,0.0,98188,47.4429,-122.282,1310.0,10746.0,2014-11-13,320000.0
4021100095,4.0,1.75,1820.0,22043.0,2.5,0.0,0.0,4,7,1820.0,0.0,1918,0.0,98155,47.7606,-122.28,1880.0,19961.0,2015-01-21,290000.0
7524000280,4.0,2.0,1470.0,7412.0,1.0,0.0,0.0,3,7,1470.0,0.0,1967,0.0,98198,47.3702,-122.318,1390.0,7825.0,2014-10-30,250000.0
3205200430,3.0,1.75,1100.0,10005.0,1.0,,0.0,5,7,1100.0,0.0,1964,0.0,98056,47.5374,-122.173,1340.0,9709.0,2015-04-15,423000.0
7922720250,4.0,2.5,2050.0,8094.0,1.0,0.0,0.0,3,8,1050.0,1000.0,1976,0.0,98052,47.6614,-122.138,1990.0,9020.0,2015-05-06,601002.0
3644100095,2.0,1.5,1240.0,1892.0,2.0,,0.0,3,7,1240.0,0.0,2002,0.0,98144,47.5915,-122.295,1220.0,1740.0,2015-02-05,352900.0
3425079088,3.0,2.5,2210.0,70567.0,2.0,0.0,3.0,3,9,2210.0,0.0,1995,0.0,98014,47.6087,-121.895,2000.0,73616.0,2014-08-19,509950.0
8730000250,2.0,1.75,1340.0,1050.0,3.0,,0.0,3,8,1340.0,0.0,2009,0.0,98133,47.7053,-122.343,1340.0,1090.0,2015-02-05,360000.0
2581900235,4.0,2.75,2580.0,8100.0,2.0,0.0,1.0,4,8,1780.0,800.0,1964,0.0,98040,47.5387,-122.215,2840.0,10006.0,2014-11-10,1080000.0
3793500920,3.0,2.5,2390.0,6441.0,2.0,0.0,0.0,3,7,2390.0,0.0,2002,0.0,98038,47.3659,-122.029,2180.0,7346.0,2014-07-31,349950.0
2472920780,4.0,2.5,2250.0,6840.0,2.0,0.0,0.0,3,9,2250.0,0.0,1987,0.0,98058,47.4398,-122.151,2480.0,7386.0,2014-11-26,395000.0
8860200010,3.0,1.5,2000.0,15265.0,1.0,0.0,0.0,3,8,1540.0,460.0,1967,0.0,98032,47.387,-122.281,1920.0,15265.0,2015-01-07,273500.0
6823100225,4.0,1.75,1870.0,6000.0,1.0,0.0,0.0,5,8,1670.0,200.0,1949,0.0,98199,47.6435,-122.399,1710.0,6000.0,2015-04-14,700000.0
6669070080,3.0,2.5,2370.0,10968.0,2.0,0.0,0.0,4,9,2370.0,0.0,1985,0.0,98033,47.6679,-122.172,2380.0,8144.0,2015-04-17,699000.0
7214810050,4.0,2.25,2640.0,8800.0,1.0,0.0,0.0,3,8,1620.0,1020.0,1980,0.0,98072,47.7552,-122.148,2500.0,11700.0,2015-04-16,537000.0
3791500050,3.0,1.5,1240.0,9975.0,1.0,0.0,0.0,3,6,1240.0,0.0,1977,0.0,98024,47.5667,-121.905,1390.0,10735.0,2015-04-29,405000.0
4340610080,2.0,1.0,800.0,1200.0,2.0,0.0,0.0,3,7,800.0,0.0,1999,0.0,98103,47.6969,-122.347,806.0,1200.0,2014-08-04,269500.0
7686203620,4.0,2.5,2050.0,12500.0,1.0,0.0,0.0,3,7,1300.0,750.0,1965,0.0,98198,47.42,-122.319,1790.0,7900.0,2014-09-25,260000.0
2013800095,3.0,2.25,1650.0,10000.0,2.0,,0.0,3,7,1650.0,0.0,1988,0.0,98198,47.3862,-122.315,1420.0,10000.0,2014-09-04,266750.0
4030100005,5.0,3.75,4320.0,39094.0,2.0,1.0,4.0,3,8,4320.0,0.0,1938,0.0,98155,47.7519,-122.276,1920.0,7750.0,2014-12-09,1800000.0
8931100095,2.0,2.25,2130.0,5920.0,1.0,0.0,0.0,3,8,1830.0,300.0,1950,0.0,98115,47.6792,-122.275,2130.0,7192.0,2014-08-21,779000.0
1954630080,3.0,2.5,2840.0,48716.0,1.0,0.0,3.0,3,9,1870.0,970.0,1994,0.0,98014,47.6832,-121.915,2710.0,43676.0,2014-06-19,500000.0
3361402066,4.0,1.75,3080.0,32997.0,1.5,0.0,0.0,4,7,3080.0,0.0,1950,0.0,98168,47.498,-122.321,1980.0,5711.0,2015-04-03,365000.0
579000595,2.0,1.0,1560.0,5000.0,1.5,0.0,1.0,4,7,1560.0,0.0,1942,0.0,98117,47.7006,-122.386,2620.0,5400.0,2014-09-06,724000.0
7701960250,4.0,2.75,3220.0,15467.0,2.0,0.0,0.0,3,11,3220.0,0.0,1994,0.0,98077,47.7128,-122.083,3670.0,16641.0,2014-08-11,890000.0
1250200595,4.0,2.5,1450.0,3600.0,1.5,0.0,0.0,3,7,1250.0,200.0,1902,0.0,98144,47.5985,-122.298,1680.0,3600.0,2014-07-24,431000.0
2632000080,2.0,1.0,960.0,21850.0,1.0,0.0,0.0,3,6,960.0,0.0,1947,0.0,98032,47.4122,-122.267,1020.0,21850.0,2014-07-10,242000.0
9323000010,4.0,2.5,2670.0,8279.0,2.0,0.0,0.0,3,7,2670.0,0.0,1999,0.0,98148,47.4292,-122.328,2290.0,7504.0,2015-04-16,415000.0
3052700225,7.0,3.75,2310.0,5000.0,2.0,0.0,0.0,3,8,2310.0,0.0,1984,0.0,98117,47.6781,-122.376,1360.0,1552.0,2014-08-14,727160.0
3459900305,4.0,3.25,3520.0,19354.0,1.0,,2.0,4,9,2010.0,1510.0,1978,0.0,98006,47.5572,-122.147,2630.0,19354.0,2014-12-11,1110000.0
3530410020,2.0,1.75,1090.0,3272.0,1.0,0.0,0.0,5,8,1090.0,0.0,1970,0.0,98198,47.3794,-122.32,1160.0,5475.0,2015-01-14,265000.0
461005435,3.0,1.75,2000.0,5680.0,1.0,0.0,0.0,4,7,1080.0,920.0,1903,0.0,98117,47.6805,-122.366,1230.0,4535.0,2015-02-02,519000.0
8851500050,4.0,1.5,1840.0,9009.0,2.0,0.0,0.0,3,7,1840.0,0.0,1965,0.0,98198,47.406,-122.318,1390.0,8025.0,2015-01-12,262000.0
4094800190,4.0,2.5,3160.0,13194.0,2.0,0.0,0.0,5,10,3160.0,0.0,1965,0.0,98040,47.5472,-122.233,3490.0,13194.0,2014-06-23,1190000.0
2025701190,3.0,1.75,1520.0,6559.0,1.0,0.0,0.0,4,7,1170.0,350.0,1992,0.0,98038,47.35,-122.037,1520.0,6095.0,2015-05-07,295000.0
226059120,3.0,1.75,2110.0,56192.0,1.0,0.0,0.0,3,7,1480.0,630.0,1978,0.0,98072,47.7701,-122.138,2570.0,46609.0,2015-01-23,615000.0
1818800235,4.0,2.75,3410.0,7750.0,1.0,0.0,4.0,5,8,1710.0,1700.0,1958,0.0,98116,47.5718,-122.406,3080.0,8525.0,2014-09-05,1100000.0
3905080250,4.0,2.5,2630.0,6247.0,2.0,0.0,0.0,3,8,2630.0,0.0,1992,0.0,98029,47.5662,-122.0,2130.0,4668.0,2014-09-26,575000.0
3126049415,3.0,1.75,1350.0,2325.0,3.0,0.0,0.0,3,7,1350.0,0.0,1999,0.0,98103,47.6965,-122.35,1520.0,1652.0,2015-04-07,388000.0
1245000500,4.0,2.5,2860.0,9159.0,1.0,0.0,0.0,4,8,1530.0,1330.0,1989,0.0,98033,47.6923,-122.2,2070.0,8680.0,2014-11-03,750500.0
2924069132,3.0,1.75,2310.0,78844.0,1.0,0.0,0.0,3,8,1760.0,550.0,1977,0.0,98027,47.5406,-122.066,2830.0,6230.0,2014-05-27,527500.0
922069169,3.0,2.0,2590.0,108900.0,2.0,,0.0,3,8,1980.0,610.0,1988,0.0,98038,47.4088,-122.055,3170.0,108900.0,2014-05-29,503000.0
5015000346,4.0,3.5,3500.0,4000.0,2.0,0.0,0.0,3,10,2560.0,940.0,2000,0.0,98112,47.628,-122.299,1910.0,4000.0,2014-11-04,1050000.0
8122101440,2.0,1.0,800.0,7260.0,1.0,0.0,0.0,3,7,800.0,0.0,1953,0.0,98126,47.5359,-122.367,1010.0,7440.0,2014-07-08,325000.0
6413600285,3.0,1.75,1580.0,6127.0,1.5,,0.0,5,7,1580.0,0.0,1947,0.0,98125,47.7192,-122.32,1500.0,6128.0,2014-08-25,402000.0
6145601995,3.0,1.5,1560.0,6774.0,1.0,0.0,0.0,4,6,1060.0,500.0,1927,0.0,98133,47.7024,-122.35,1320.0,3844.0,2014-09-24,370000.0
1214000080,3.0,1.0,1750.0,7800.0,1.0,0.0,0.0,4,7,1150.0,600.0,1956,0.0,98166,47.4596,-122.343,1750.0,7560.0,2014-06-26,329950.0
3361400980,2.0,1.0,600.0,6120.0,1.0,0.0,0.0,3,5,600.0,,1943,19890.0,98168,47.5,-122.317,1090.0,6120.0,2015-05-12,135000.0
2826049260,4.0,3.0,1630.0,7626.0,1.0,0.0,0.0,5,7,1110.0,520.0,1990,0.0,98125,47.7168,-122.308,1630.0,8082.0,2014-06-20,482500.0
1001200050,4.0,1.5,1260.0,7248.0,1.5,,0.0,5,7,1260.0,0.0,1955,0.0,98188,47.433,-122.292,1300.0,7732.0,2014-09-23,259000.0
8732130680,3.0,2.25,2140.0,9775.0,1.0,0.0,0.0,4,7,1470.0,670.0,1978,0.0,98023,47.306,-122.379,2050.0,8625.0,2014-10-27,210000.0
1310430130,4.0,2.75,2790.0,6600.0,2.0,0.0,0.0,3,9,2790.0,0.0,2000,0.0,98058,47.4362,-122.109,2900.0,6752.0,2014-10-09,459000.0
2380000190,3.0,1.75,2530.0,35150.0,1.0,0.0,0.0,4,7,1800.0,730.0,1977,0.0,98042,47.3913,-122.121,2460.0,36386.0,2014-07-01,375000.0
123039626,3.0,2.25,1330.0,7200.0,1.0,0.0,0.0,3,7,900.0,430.0,1974,0.0,98146,47.5102,-122.364,1380.0,9570.0,2014-10-22,295000.0
1257200290,3.0,2.0,2700.0,6120.0,1.0,,0.0,4,8,1350.0,1350.0,1962,0.0,98115,47.6731,-122.327,1700.0,4590.0,2014-05-12,910000.0
318900080,4.0,1.0,1740.0,37238.0,1.5,,0.0,4,7,1740.0,0.0,1932,0.0,98024,47.5651,-121.902,1810.0,18352.0,2014-10-10,470000.0
8118600080,4.0,2.0,2070.0,7980.0,1.5,0.0,0.0,4,7,2070.0,0.0,1940,0.0,98146,47.5092,-122.386,1600.0,7980.0,2015-02-20,565000.0
2023049372,4.0,2.25,2670.0,9040.0,1.0,0.0,0.0,3,8,2170.0,,1955,0.0,98148,47.4666,-122.326,1880.0,2648.0,2014-11-07,339950.0
126059005,5.0,3.0,2200.0,103237.0,1.0,0.0,0.0,3,7,1160.0,1040.0,1971,0.0,98072,47.7726,-122.111,2300.0,103237.0,2015-01-15,547000.0
6303401150,2.0,1.0,810.0,8382.0,1.0,0.0,0.0,4,5,810.0,0.0,1942,0.0,98146,47.5033,-122.358,1040.0,8382.0,2014-09-24,125000.0
1732801150,4.0,4.75,3970.0,9778.0,2.0,0.0,2.0,4,11,3390.0,580.0,1928,0.0,98119,47.6312,-122.366,3970.0,8460.0,2014-07-01,2300000.0
7893800250,3.0,2.5,2370.0,7500.0,1.0,0.0,3.0,3,8,1620.0,750.0,1979,0.0,98198,47.4091,-122.331,1960.0,8062.0,2015-04-30,348000.0
1922059298,3.0,1.0,1460.0,11880.0,1.0,0.0,0.0,2,7,1460.0,0.0,1961,0.0,98030,47.3762,-122.219,1310.0,9315.0,2015-04-14,175000.0
2391600950,3.0,2.5,1770.0,2875.0,2.0,0.0,0.0,3,8,1770.0,0.0,1990,0.0,98116,47.5631,-122.397,1770.0,3833.0,2014-05-02,439950.0
3623029034,3.0,1.0,1120.0,32250.0,1.0,0.0,0.0,4,6,1120.0,0.0,1934,0.0,98070,47.447,-122.482,1010.0,335289.0,2015-03-11,230000.0
13001991,3.0,2.5,1520.0,2550.0,2.0,,0.0,3,7,1520.0,0.0,2005,0.0,98108,47.5245,-122.33,1460.0,2550.0,2014-09-02,207000.0
1156000250,5.0,2.5,3020.0,21441.0,1.0,0.0,0.0,4,8,1510.0,1510.0,1978,0.0,98042,47.3392,-122.131,1610.0,16445.0,2014-06-02,320000.0
1326059182,5.0,3.25,5600.0,107157.0,2.0,0.0,0.0,3,10,3440.0,2160.0,1988,0.0,98072,47.7341,-122.102,3470.0,75794.0,2015-04-06,1090000.0
3755500080,4.0,1.5,1320.0,14250.0,1.0,,0.0,4,7,1320.0,0.0,1954,0.0,98033,47.7016,-122.199,1720.0,14250.0,2014-06-06,510000.0
5042300095,4.0,1.0,1870.0,4992.0,1.5,0.0,0.0,4,7,1670.0,200.0,1940,0.0,98199,47.6437,-122.396,2160.0,5239.0,2014-10-31,730000.0
7772800020,3.0,3.75,2460.0,7630.0,1.0,,0.0,5,8,1940.0,520.0,1976,0.0,98177,47.7147,-122.373,2000.0,7326.0,2014-08-13,750000.0
3629000080,3.0,1.5,960.0,7400.0,1.0,0.0,0.0,3,7,960.0,0.0,1962,0.0,98198,47.3798,-122.306,1640.0,8060.0,2015-04-10,237000.0
5126210280,3.0,2.5,3440.0,103672.0,2.0,0.0,0.0,3,9,3440.0,0.0,1990,0.0,98038,47.3895,-121.986,2710.0,112820.0,2014-09-26,560000.0
3062600050,3.0,2.75,3010.0,12432.0,1.0,0.0,0.0,4,8,1890.0,1120.0,1970,0.0,98052,47.6392,-122.108,2500.0,12432.0,2014-07-14,745000.0
5493110080,3.0,3.75,6030.0,39317.0,2.0,0.0,0.0,3,11,4440.0,1590.0,1991,0.0,98004,47.6055,-122.21,4040.0,12333.0,2014-08-15,1830000.0
2560801222,3.0,2.25,1990.0,6350.0,2.0,,0.0,3,7,1990.0,0.0,1967,0.0,98198,47.3822,-122.316,1220.0,6250.0,2014-06-18,180000.0
2560801222,3.0,2.25,1990.0,6350.0,2.0,,0.0,3,7,1990.0,0.0,1967,0.0,98198,47.3822,-122.316,1220.0,6250.0,2014-11-13,309950.0
2660500095,4.0,1.0,1710.0,6050.0,1.5,0.0,0.0,3,7,1410.0,300.0,1913,0.0,98118,47.5569,-122.288,1560.0,4950.0,2015-05-06,715000.0
4083800345,4.0,2.25,1890.0,4300.0,1.5,,0.0,3,7,1350.0,540.0,1918,0.0,98103,47.6649,-122.337,1830.0,3800.0,2015-04-27,620000.0
587800130,3.0,2.5,1990.0,9995.0,2.0,0.0,0.0,3,7,1990.0,0.0,1996,0.0,98198,47.383,-122.305,1680.0,7511.0,2014-12-31,330000.0
8901000585,4.0,1.75,1600.0,7400.0,1.0,,0.0,3,7,1210.0,390.0,1973,0.0,98125,47.7111,-122.309,1640.0,7500.0,2015-04-01,525000.0
8650000250,6.0,2.5,3820.0,53173.0,1.0,0.0,0.0,4,9,2040.0,1780.0,1974,0.0,98027,47.5209,-122.052,2510.0,15314.0,2014-06-07,611000.0
4137050130,4.0,2.5,2210.0,8465.0,1.0,0.0,0.0,3,8,1490.0,720.0,1990,0.0,98092,47.2647,-122.221,2210.0,7917.0,2014-06-12,294000.0
3288300920,3.0,1.75,2020.0,11095.0,1.0,0.0,0.0,4,7,1480.0,540.0,1975,0.0,98034,47.7351,-122.183,2030.0,10710.0,2015-04-21,463000.0
3374500290,3.0,2.0,1770.0,7251.0,1.0,0.0,0.0,4,8,1770.0,0.0,1990,0.0,98031,47.4087,-122.17,2560.0,7210.0,2014-07-14,320900.0
1137400420,4.0,2.5,2050.0,4502.0,2.0,0.0,0.0,3,7,2050.0,0.0,2005,0.0,98059,47.5002,-122.15,2480.0,4504.0,2014-10-28,369950.0
3222059130,4.0,2.75,3130.0,139392.0,2.0,0.0,0.0,4,9,3130.0,,1981,0.0,98030,47.3535,-122.19,2720.0,104544.0,2014-06-16,565000.0
3959400345,4.0,1.5,3520.0,4933.0,1.5,0.0,0.0,4,8,2270.0,1250.0,1929,0.0,98108,47.5655,-122.315,1710.0,5400.0,2015-03-11,589500.0
3971701990,4.0,1.75,1810.0,9750.0,2.0,,0.0,4,7,1810.0,0.0,1977,0.0,98155,47.7681,-122.311,1570.0,10000.0,2014-08-12,400000.0
686530170,3.0,2.25,2150.0,9900.0,1.0,0.0,0.0,3,8,1450.0,700.0,1977,0.0,98052,47.6647,-122.149,2170.0,9500.0,2014-10-22,458000.0
808300470,4.0,2.5,2495.0,5751.0,2.0,0.0,0.0,3,7,2495.0,0.0,2002,0.0,98019,47.7243,-121.957,2490.0,6300.0,2014-12-02,436000.0
7129303180,3.0,2.0,1290.0,6150.0,1.0,0.0,1.0,5,6,1290.0,0.0,1950,0.0,98118,47.5181,-122.257,1960.0,6150.0,2014-10-02,310000.0
8944460290,5.0,2.5,3004.0,5700.0,2.0,0.0,0.0,3,9,3004.0,0.0,2006,0.0,98030,47.3801,-122.185,2665.0,5700.0,2014-10-23,398000.0
2128000050,4.0,2.25,2070.0,7200.0,1.0,0.0,0.0,5,8,1390.0,680.0,1977,0.0,98033,47.697,-122.169,2110.0,8400.0,2014-08-15,625000.0
4139910170,5.0,3.25,4050.0,35600.0,2.0,0.0,0.0,3,12,4050.0,0.0,1990,0.0,98006,47.5465,-122.122,4770.0,33880.0,2014-12-16,1010000.0
8122100235,2.0,1.0,960.0,6250.0,1.0,0.0,0.0,4,6,740.0,220.0,1940,0.0,98126,47.5378,-122.375,1090.0,6000.0,2015-04-13,435000.0
1117000050,3.0,2.25,1900.0,9990.0,1.0,0.0,0.0,3,7,1300.0,600.0,1961,0.0,98003,47.3478,-122.298,1900.0,9990.0,2015-03-13,250000.0
5361700020,3.0,1.5,1450.0,7316.0,1.0,,0.0,3,7,1450.0,0.0,1961,0.0,98133,47.7725,-122.349,1440.0,7316.0,2015-03-17,430000.0
1315300095,4.0,3.5,2720.0,3000.0,2.0,0.0,0.0,3,9,2250.0,470.0,2014,0.0,98136,47.5371,-122.388,1600.0,4600.0,2014-08-12,790000.0
5093300280,5.0,5.25,4830.0,18707.0,2.0,0.0,1.0,5,9,3930.0,900.0,1952,19980.0,98040,47.5858,-122.247,2880.0,10520.0,2014-07-09,1680000.0
3438503214,4.0,2.75,1920.0,7102.0,1.0,0.0,0.0,3,7,1130.0,790.0,1992,0.0,98106,47.539,-122.356,1830.0,6440.0,2015-04-07,250000.0
2346800461,5.0,1.5,2540.0,6660.0,2.0,0.0,3.0,4,8,2340.0,200.0,1954,0.0,98136,47.5144,-122.393,2460.0,9000.0,2014-06-13,1120000.0
1826049408,3.0,1.5,1600.0,8040.0,1.0,0.0,0.0,4,7,1050.0,550.0,1965,0.0,98133,47.7471,-122.337,1810.0,7819.0,2015-04-27,383900.0
5468780020,4.0,2.5,2210.0,5929.0,2.0,0.0,0.0,3,8,2210.0,0.0,2004,0.0,98042,47.35,-122.139,2200.0,5901.0,2015-03-26,330000.0
1126059091,3.0,2.5,2510.0,47044.0,1.0,0.0,0.0,4,7,1910.0,600.0,1975,0.0,98072,47.7531,-122.14,2510.0,42803.0,2014-09-15,624000.0
3010300415,5.0,2.0,2280.0,5750.0,1.0,0.0,0.0,4,8,1140.0,1140.0,1951,0.0,98116,47.5672,-122.39,1780.0,5750.0,2015-02-11,383000.0
619079016,4.0,3.25,4400.0,186846.0,2.0,0.0,0.0,4,9,4400.0,0.0,1993,0.0,98022,47.1593,-121.957,2280.0,186846.0,2014-06-02,687000.0
3449800010,4.0,3.25,3160.0,8876.0,2.0,0.0,0.0,3,9,2460.0,700.0,1997,0.0,98056,47.5153,-122.178,2900.0,10000.0,2015-03-09,558000.0
1231000500,3.0,2.0,1380.0,3500.0,2.0,0.0,0.0,3,7,1380.0,0.0,1971,0.0,98118,47.5558,-122.27,1620.0,3900.0,2014-09-05,275000.0
4191500130,5.0,2.75,3320.0,10500.0,1.0,,0.0,4,7,2020.0,1300.0,1963,0.0,98033,47.692,-122.166,1840.0,10425.0,2014-07-28,687500.0
104550660,3.0,2.5,1870.0,6821.0,2.0,0.0,0.0,3,7,1870.0,0.0,1989,0.0,98023,47.3065,-122.358,1970.0,6821.0,2014-07-28,275000.0
1769600066,3.0,3.5,3030.0,11550.0,2.0,0.0,2.0,3,8,3030.0,0.0,1971,0.0,98146,47.5051,-122.381,2340.0,10560.0,2014-12-11,700000.0
3762900020,2.0,1.75,1210.0,7507.0,1.0,0.0,0.0,3,7,1210.0,0.0,1982,0.0,98034,47.7078,-122.234,1840.0,7500.0,2014-06-24,342500.0
1626069253,4.0,2.5,2740.0,45732.0,2.0,,0.0,3,8,2740.0,0.0,1995,0.0,98077,47.74,-122.048,2080.0,43560.0,2014-05-06,483500.0
3904100089,3.0,1.75,1350.0,7370.0,1.0,0.0,0.0,4,6,1350.0,0.0,1912,0.0,98118,47.5336,-122.278,1440.0,6000.0,2014-08-01,190000.0
3904100089,3.0,1.75,1350.0,7370.0,1.0,0.0,0.0,4,6,1350.0,0.0,1912,0.0,98118,47.5336,-122.278,1440.0,6000.0,2015-03-18,300000.0
1797500780,3.0,2.0,1470.0,1691.0,2.0,0.0,0.0,3,8,1000.0,,2007,0.0,98115,47.6743,-122.316,1660.0,4000.0,2014-05-21,540000.0
7614100080,3.0,1.75,1270.0,8991.0,2.0,,0.0,3,7,1270.0,0.0,1981,0.0,98042,47.3563,-122.149,1270.0,8993.0,2015-02-11,140000.0
87000006,4.0,1.75,1680.0,19405.0,1.0,0.0,0.0,4,7,1560.0,120.0,1959,0.0,98055,47.4552,-122.202,2000.0,12900.0,2015-04-13,275000.0
8074200185,3.0,2.75,2120.0,7650.0,1.0,0.0,0.0,4,7,2120.0,0.0,1958,0.0,98056,47.4923,-122.178,1180.0,7650.0,2014-08-25,370000.0
9310300185,2.0,1.0,1040.0,9100.0,1.0,0.0,0.0,4,7,1040.0,0.0,1937,0.0,98133,47.7407,-122.347,1950.0,13228.0,2015-03-25,227000.0
1433100010,4.0,1.0,1730.0,8706.0,1.0,,0.0,4,7,1010.0,720.0,1962,0.0,98058,47.4586,-122.175,1369.0,8418.0,2015-01-28,312000.0
7129302555,2.0,1.0,1410.0,5650.0,1.5,0.0,0.0,3,6,1410.0,0.0,1918,0.0,98118,47.5159,-122.258,1430.0,5650.0,2014-10-03,260000.0
809002705,3.0,2.5,1370.0,1911.0,2.0,,0.0,3,9,1370.0,0.0,1907,20110.0,98109,47.6375,-122.354,1630.0,2090.0,2014-07-10,797000.0
3026079005,6.0,2.0,2840.0,228690.0,1.5,0.0,0.0,3,6,2720.0,120.0,1948,0.0,98019,47.7158,-121.966,2330.0,228690.0,2014-10-17,640000.0
2413910050,4.0,1.75,3280.0,35160.0,1.0,0.0,0.0,3,7,2080.0,1200.0,1976,0.0,98053,47.6728,-122.061,2510.0,31331.0,2015-02-13,605000.0
8078550190,3.0,2.25,2070.0,7995.0,1.0,0.0,0.0,3,7,1350.0,720.0,1987,0.0,98031,47.403,-122.175,1620.0,6799.0,2015-03-02,329950.0
2225079030,2.0,1.0,960.0,87991.0,1.5,0.0,0.0,3,5,960.0,0.0,1946,0.0,98014,47.63,-121.9,1940.0,392040.0,2014-12-12,180000.0
2019200480,3.0,2.25,1470.0,7518.0,1.0,0.0,0.0,3,7,1160.0,310.0,1985,0.0,98003,47.2725,-122.3,1720.0,8300.0,2014-08-13,220000.0
9274202005,4.0,2.25,2430.0,4748.0,1.5,0.0,0.0,3,8,1630.0,800.0,1928,0.0,98116,47.5904,-122.389,2430.0,4748.0,2014-07-02,723000.0
3834500170,3.0,1.75,1430.0,8412.0,1.0,,0.0,4,7,1070.0,360.0,1928,0.0,98125,47.7218,-122.299,1490.0,8410.0,2015-01-16,375000.0
1223039242,3.0,1.75,1760.0,9277.0,1.0,0.0,0.0,4,7,1760.0,,1962,0.0,98146,47.4977,-122.358,1760.0,7650.0,2015-01-26,388000.0
7657600005,5.0,2.0,1730.0,7375.0,1.0,0.0,0.0,4,6,1730.0,0.0,1944,0.0,98178,47.4953,-122.238,1550.0,7125.0,2014-10-31,249950.0
8963300005,5.0,1.75,2290.0,7900.0,1.0,0.0,0.0,4,7,1190.0,1100.0,1965,0.0,98133,47.7577,-122.358,1870.0,8250.0,2014-11-06,390000.0
2287000280,4.0,1.75,1690.0,11739.0,1.0,,0.0,4,8,1690.0,0.0,1959,0.0,98040,47.552,-122.219,2300.0,11600.0,2014-09-17,705000.0
686300420,4.0,2.5,3220.0,7875.0,1.5,0.0,0.0,4,8,3220.0,0.0,1966,0.0,98008,47.626,-122.12,1600.0,7875.0,2014-06-23,590000.0
9335400005,4.0,1.75,2130.0,11097.0,1.0,0.0,0.0,3,7,1370.0,760.0,1952,0.0,98166,47.4629,-122.356,1850.0,11097.0,2014-10-10,292000.0
2321059093,3.0,2.5,2100.0,213008.0,1.0,0.0,0.0,3,8,2100.0,0.0,1990,0.0,98092,47.2984,-122.144,1330.0,214315.0,2014-08-05,506000.0
7732410380,4.0,2.5,2770.0,8642.0,2.0,0.0,0.0,4,9,2770.0,0.0,1987,0.0,98007,47.6599,-122.146,2670.0,9000.0,2014-06-04,907500.0
3625049088,4.0,3.25,4040.0,18916.0,1.0,0.0,0.0,4,9,4040.0,0.0,1954,0.0,98039,47.6155,-122.238,3000.0,18831.0,2014-07-02,2270000.0
13001795,4.0,2.75,2500.0,5100.0,1.5,0.0,0.0,4,7,1420.0,1080.0,1907,0.0,98108,47.523,-122.332,1430.0,5100.0,2014-10-14,319500.0
1604602195,5.0,1.75,1580.0,5292.0,1.0,0.0,0.0,3,6,980.0,600.0,1913,0.0,98118,47.5677,-122.29,1600.0,2976.0,2015-02-23,265000.0
1003400250,3.0,1.0,1130.0,10650.0,1.0,0.0,0.0,3,7,1130.0,0.0,1954,0.0,98188,47.4363,-122.286,1320.0,10650.0,2014-06-05,237000.0
42000006,5.0,1.0,1500.0,9282.0,1.5,0.0,0.0,5,6,1500.0,0.0,1966,0.0,98168,47.4702,-122.281,1520.0,9639.0,2014-09-10,235000.0
1193000380,4.0,2.25,2230.0,6000.0,1.5,,2.0,3,8,1810.0,420.0,1928,0.0,98199,47.6464,-122.391,2840.0,6000.0,2015-03-30,740000.0
6300500545,3.0,1.5,1550.0,4980.0,1.0,,0.0,3,7,1080.0,470.0,1978,0.0,98133,47.7035,-122.34,940.0,4980.0,2014-07-09,359000.0
538000190,4.0,2.5,2230.0,5500.0,2.0,0.0,0.0,3,7,2230.0,0.0,1999,0.0,98038,47.3533,-122.023,1910.0,5500.0,2015-02-13,334950.0
2826049091,2.0,1.0,790.0,8100.0,1.0,0.0,0.0,3,6,790.0,0.0,1947,0.0,98125,47.7159,-122.305,1420.0,8100.0,2014-09-29,259950.0
6147650170,4.0,2.5,2230.0,4541.0,2.0,0.0,0.0,3,7,2230.0,0.0,2006,0.0,98042,47.3848,-122.1,2800.0,4860.0,2014-05-14,253000.0
3630030500,3.0,2.25,1710.0,4140.0,2.0,,0.0,3,8,1710.0,0.0,2004,0.0,98029,47.5498,-121.997,1730.0,3680.0,2014-06-12,561000.0
6844701680,2.0,1.5,1260.0,5100.0,1.0,0.0,0.0,3,7,1260.0,0.0,1941,0.0,98115,47.6914,-122.288,1640.0,5100.0,2015-03-25,455000.0
9542000275,4.0,2.5,2420.0,18470.0,1.0,0.0,0.0,3,8,920.0,1500.0,1968,0.0,98005,47.6001,-122.176,2690.0,13800.0,2015-04-06,675000.0
1423600020,3.0,1.5,1090.0,8160.0,1.0,,0.0,3,7,1090.0,0.0,1967,0.0,98058,47.4551,-122.175,1260.0,7560.0,2014-06-26,267000.0
8944460170,4.0,2.5,2689.0,5724.0,2.0,0.0,0.0,3,9,2689.0,0.0,2006,0.0,98030,47.3799,-122.184,2665.0,5700.0,2014-11-06,368000.0
6431000005,3.0,1.0,1620.0,3000.0,1.5,0.0,0.0,5,7,1620.0,0.0,1928,0.0,98103,47.6888,-122.347,1420.0,3060.0,2014-11-23,599995.0
3755000020,3.0,1.0,940.0,10500.0,1.0,0.0,0.0,4,7,940.0,,1966,0.0,98034,47.7268,-122.229,1660.0,10500.0,2014-09-17,342500.0
1503200050,4.0,1.75,1940.0,13370.0,1.0,0.0,0.0,4,8,1940.0,0.0,1974,0.0,98023,47.3215,-122.369,2405.0,11769.0,2014-11-18,252000.0
2599000130,3.0,1.0,1590.0,11200.0,1.0,0.0,0.0,4,7,1590.0,0.0,1961,0.0,98092,47.2894,-122.188,1560.0,9750.0,2014-07-16,247200.0
871001980,3.0,3.5,3020.0,4082.0,2.0,0.0,0.0,3,9,2080.0,940.0,1954,20040.0,98199,47.651,-122.409,2060.0,5102.0,2014-05-06,910000.0
1774000170,4.0,1.75,1870.0,16549.0,1.0,,0.0,3,8,1870.0,0.0,1969,0.0,98072,47.7482,-122.083,1870.0,10804.0,2015-01-05,419950.0
8945300290,3.0,1.0,880.0,8976.0,1.0,,0.0,4,6,880.0,0.0,1966,0.0,98023,47.3056,-122.368,990.0,8760.0,2015-02-26,160000.0
9433000480,4.0,3.5,3030.0,5494.0,3.0,0.0,0.0,3,9,3030.0,,2014,0.0,98052,47.7103,-122.109,2910.0,5314.0,2014-09-22,799950.0
6672920050,3.0,2.25,2140.0,11266.0,2.0,0.0,0.0,3,7,2140.0,0.0,1986,0.0,98019,47.7267,-121.966,2000.0,14174.0,2014-06-17,400000.0
7893805650,5.0,2.0,2050.0,10200.0,1.0,0.0,0.0,3,6,1430.0,620.0,1956,0.0,98198,47.4136,-122.333,1940.0,8625.0,2014-05-05,210000.0
7893805650,5.0,2.0,2050.0,10200.0,1.0,0.0,0.0,3,6,1430.0,620.0,1956,0.0,98198,47.4136,-122.333,1940.0,8625.0,2015-03-13,475000.0
9542830480,3.0,2.5,2090.0,3821.0,2.0,0.0,0.0,3,7,2090.0,0.0,2008,0.0,98038,47.3655,-122.017,2040.0,4200.0,2015-05-04,355900.0
3824100364,3.0,2.25,2520.0,26943.0,1.0,0.0,0.0,3,7,1760.0,760.0,1977,0.0,98028,47.7728,-122.25,2300.0,10004.0,2015-01-20,420000.0
9542850290,4.0,2.5,2630.0,8580.0,1.0,0.0,0.0,4,9,1700.0,930.0,1977,0.0,98005,47.5916,-122.166,2430.0,10240.0,2014-08-25,710000.0
5726500130,4.0,1.75,2560.0,15000.0,1.0,0.0,0.0,3,7,1880.0,680.0,1974,0.0,98075,47.5952,-122.053,2210.0,15150.0,2015-04-07,518000.0
1862400285,3.0,1.0,1200.0,5404.0,1.0,0.0,0.0,3,6,1200.0,0.0,1937,0.0,98117,47.6969,-122.368,1200.0,5987.0,2014-10-16,375000.0
6123600285,3.0,1.5,1010.0,7755.0,1.0,,0.0,3,6,1010.0,0.0,1953,0.0,98148,47.4238,-122.332,1270.0,8350.0,2014-11-07,185000.0
6838000170,3.0,2.5,1520.0,3425.0,2.0,0.0,0.0,3,7,1520.0,0.0,1986,0.0,98052,47.6801,-122.161,1640.0,3425.0,2014-08-29,402000.0
2922069134,3.0,1.75,2170.0,153767.0,1.0,0.0,0.0,3,7,2170.0,0.0,1976,0.0,98042,47.3694,-122.065,2840.0,49500.0,2014-08-29,585000.0
2767603165,4.0,2.0,1980.0,4500.0,2.0,0.0,0.0,4,7,1980.0,0.0,1910,0.0,98107,47.6728,-122.379,1550.0,2541.0,2015-01-22,500000.0
1118001835,4.0,2.5,3070.0,7207.0,2.0,0.0,0.0,4,10,2670.0,400.0,1927,0.0,98112,47.6325,-122.29,3190.0,7523.0,2014-12-23,1720000.0
4030100290,5.0,3.5,5170.0,7197.0,3.0,1.0,4.0,3,11,3520.0,1650.0,1998,0.0,98155,47.7561,-122.271,3020.0,12880.0,2014-10-01,1680000.0
9828702335,2.0,2.0,1140.0,690.0,2.0,0.0,0.0,3,8,760.0,,2014,0.0,98112,47.6205,-122.3,1480.0,1171.0,2015-02-12,570000.0
8141200080,8.0,2.75,2530.0,4800.0,2.0,0.0,0.0,4,7,1390.0,1140.0,1901,0.0,98112,47.6241,-122.305,1540.0,4800.0,2014-08-14,680000.0
9407101850,3.0,2.25,1690.0,14615.0,2.0,0.0,0.0,4,7,1690.0,0.0,1979,0.0,98045,47.4492,-121.78,1390.0,11360.0,2014-12-09,345000.0
9542830050,4.0,2.5,2150.0,3600.0,2.0,0.0,0.0,3,7,2150.0,0.0,2010,0.0,98038,47.3658,-122.019,2220.0,3915.0,2015-04-22,355000.0
4038300010,3.0,1.5,1180.0,7700.0,1.0,0.0,0.0,4,7,1180.0,0.0,1959,0.0,98007,47.6133,-122.133,1510.0,8800.0,2014-09-22,390000.0
1898700050,3.0,1.0,1400.0,9690.0,1.0,0.0,0.0,3,7,1400.0,0.0,1969,0.0,98023,47.3201,-122.398,1280.0,9600.0,2015-04-28,128000.0
826000480,3.0,1.75,1300.0,4800.0,2.0,0.0,1.0,4,7,1300.0,0.0,1912,0.0,98136,47.5457,-122.383,1300.0,4800.0,2014-08-26,448500.0
6163901150,3.0,1.75,1590.0,9636.0,1.5,0.0,0.0,4,6,1590.0,0.0,1953,0.0,98155,47.754,-122.321,1800.0,9975.0,2014-11-09,346000.0
3956900480,3.0,1.75,1990.0,5600.0,1.0,0.0,1.0,3,8,1330.0,660.0,1941,0.0,98199,47.65,-122.415,2630.0,6780.0,2014-09-03,779000.0
3824100020,3.0,1.75,1510.0,9720.0,1.0,0.0,0.0,3,7,1510.0,0.0,1948,0.0,98028,47.7728,-122.258,1520.0,10037.0,2015-02-03,335000.0
5026900235,4.0,3.25,2910.0,1880.0,2.0,0.0,3.0,5,9,1830.0,1080.0,1914,0.0,98122,47.616,-122.282,3100.0,8200.0,2014-09-11,1850000.0
1330850130,3.0,2.5,2850.0,21780.0,2.0,0.0,0.0,3,10,2850.0,0.0,1994,0.0,98053,47.6455,-122.04,3020.0,21798.0,2015-02-18,799990.0
1726059134,3.0,2.5,2830.0,56628.0,2.0,0.0,0.0,3,11,2830.0,0.0,2001,0.0,98011,47.7409,-122.198,2830.0,16430.0,2014-10-10,1080000.0
2767604551,2.0,1.5,1110.0,1189.0,3.0,0.0,0.0,3,8,1110.0,0.0,2000,0.0,98107,47.6711,-122.377,1420.0,1311.0,2014-08-22,371000.0
7424600020,4.0,2.5,1900.0,9775.0,1.0,0.0,0.0,5,7,1900.0,0.0,1967,0.0,98033,47.6856,-122.168,1990.0,10500.0,2014-10-27,620000.0
8731000010,4.0,1.75,2290.0,10290.0,1.0,,0.0,3,7,1340.0,950.0,1960,0.0,98146,47.5045,-122.369,1800.0,7605.0,2014-05-15,343000.0
5104200380,3.0,1.0,1010.0,14948.0,1.0,0.0,0.0,5,6,1010.0,0.0,1969,0.0,98059,47.4772,-122.144,1510.0,9600.0,2014-10-14,265000.0
1311030430,5.0,2.5,4670.0,15857.0,2.0,0.0,0.0,3,11,4670.0,0.0,1998,0.0,98074,47.63,-122.011,3810.0,14824.0,2014-08-04,1000000.0
3585900190,3.0,2.5,3400.0,38400.0,1.0,0.0,4.0,3,8,1870.0,1530.0,1955,20150.0,98177,47.7611,-122.372,3400.0,24338.0,2014-10-06,825000.0
98020630,4.0,3.5,4070.0,10976.0,2.0,0.0,0.0,3,10,4070.0,0.0,2004,0.0,98075,47.5805,-121.97,4080.0,10106.0,2015-04-14,889000.0
3826500470,3.0,2.25,1630.0,10962.0,1.0,0.0,0.0,4,8,1100.0,530.0,1977,0.0,98030,47.3801,-122.166,1830.0,8470.0,2015-04-15,305000.0
5422560660,2.0,2.5,1700.0,6635.0,2.0,0.0,0.0,4,8,1700.0,0.0,1976,0.0,98052,47.6655,-122.13,1700.0,6635.0,2014-10-30,407000.0
267000130,5.0,2.5,2070.0,12000.0,1.0,0.0,0.0,4,7,1340.0,730.0,1967,0.0,98008,47.626,-122.104,2090.0,12000.0,2014-06-03,613000.0
6117502230,3.0,3.5,4660.0,21164.0,2.0,1.0,4.0,3,12,4660.0,0.0,1975,19900.0,98166,47.4418,-122.354,3140.0,24274.0,2014-12-01,1640000.0
2402100675,3.0,3.75,2050.0,6000.0,2.0,0.0,0.0,5,7,1550.0,500.0,1910,0.0,98103,47.6873,-122.332,1780.0,4000.0,2015-02-10,645000.0
1624059224,4.0,3.5,4680.0,9700.0,2.0,0.0,0.0,3,10,3360.0,1320.0,2005,0.0,98006,47.5703,-122.165,2800.0,12343.0,2014-06-18,1160000.0
3811000250,3.0,2.25,2320.0,38186.0,2.0,0.0,0.0,3,8,2320.0,0.0,1980,0.0,98053,47.6645,-122.068,2875.0,37523.0,2014-09-29,610000.0
8029520250,3.0,2.5,3800.0,13071.0,2.0,0.0,0.0,3,10,2730.0,1070.0,1994,0.0,98023,47.3076,-122.397,2980.0,11110.0,2015-03-18,450000.0
3438501150,3.0,2.0,720.0,7598.0,1.0,0.0,0.0,5,6,720.0,0.0,1947,0.0,98106,47.5483,-122.36,1080.0,7209.0,2014-07-28,300000.0
3582900280,5.0,2.75,4400.0,18500.0,1.0,0.0,3.0,5,9,2250.0,2150.0,1963,0.0,98028,47.7424,-122.263,3290.0,19257.0,2014-06-06,1120000.0
3521069142,3.0,2.5,2260.0,74297.0,2.0,0.0,0.0,3,9,2260.0,0.0,1992,0.0,98022,47.2704,-122.013,3110.0,98000.0,2015-02-24,418200.0
646910020,3.0,2.5,1650.0,2802.0,2.0,0.0,0.0,3,7,1650.0,,2004,0.0,98055,47.4328,-122.196,1490.0,2084.0,2014-08-28,250000.0
1026069134,3.0,2.5,2560.0,43608.0,2.0,0.0,0.0,3,9,2560.0,0.0,2002,0.0,98077,47.7614,-122.026,3000.0,54088.0,2014-08-25,619000.0
5230000020,4.0,3.0,3720.0,15048.0,3.0,0.0,0.0,3,7,3720.0,0.0,1979,20140.0,98059,47.5116,-122.144,2020.0,15180.0,2014-06-30,500000.0
1442740010,4.0,2.5,2590.0,16437.0,2.0,0.0,0.0,3,8,2590.0,0.0,1986,0.0,98038,47.3714,-122.059,2320.0,15625.0,2014-11-07,465000.0
7937600010,4.0,1.0,1750.0,68841.0,1.0,0.0,0.0,3,7,1750.0,0.0,1942,0.0,98058,47.4442,-122.081,1550.0,32799.0,2014-12-12,322000.0
1545801410,3.0,2.5,1620.0,7320.0,2.0,0.0,0.0,3,7,1620.0,0.0,1989,0.0,98038,47.3617,-122.054,1550.0,7686.0,2015-01-28,276900.0
1235700073,3.0,2.25,1700.0,12615.0,1.0,,0.0,4,7,1300.0,400.0,1990,0.0,98033,47.6965,-122.197,1950.0,13163.0,2015-03-18,660000.0
7806450050,3.0,2.5,2450.0,28185.0,2.0,0.0,0.0,3,9,2450.0,0.0,1990,0.0,98058,47.4665,-122.122,2440.0,33541.0,2014-10-29,480000.0
3250500103,3.0,1.75,1610.0,10796.0,1.0,0.0,0.0,3,7,1070.0,540.0,1951,0.0,98004,47.6272,-122.208,1940.0,10796.0,2015-04-08,925000.0
2624300080,3.0,3.0,3730.0,35900.0,1.0,0.0,0.0,3,9,2960.0,770.0,1979,0.0,98008,47.5814,-122.122,2280.0,16026.0,2014-07-24,825000.0
7568700525,2.0,1.0,1210.0,7440.0,1.0,0.0,0.0,3,6,780.0,430.0,1940,0.0,98155,47.7376,-122.322,1070.0,7440.0,2015-03-18,326000.0
7683800010,3.0,1.0,1300.0,9880.0,1.0,0.0,0.0,4,7,1300.0,0.0,1959,0.0,98003,47.3352,-122.297,2140.0,9600.0,2015-04-21,205000.0
3089000005,2.0,1.0,850.0,54000.0,1.5,0.0,0.0,1,4,850.0,0.0,1950,0.0,98023,47.2959,-122.377,1550.0,14440.0,2014-07-24,150000.0
9510970010,3.0,2.5,1770.0,3205.0,2.0,0.0,0.0,3,9,1770.0,0.0,2005,0.0,98052,47.6658,-122.084,2120.0,4134.0,2015-04-29,593567.0
9560800290,3.0,2.5,2060.0,11231.0,2.0,0.0,0.0,3,8,2060.0,,1987,0.0,98072,47.7571,-122.141,2140.0,10224.0,2014-08-14,440000.0
1385100050,3.0,2.5,3090.0,13316.0,2.0,,0.0,3,10,3090.0,0.0,1992,0.0,98075,47.588,-122.079,2980.0,14437.0,2014-07-16,751000.0
3294700101,2.0,1.75,1050.0,6500.0,1.5,0.0,2.0,4,6,1050.0,0.0,1925,0.0,98055,47.4727,-122.2,1320.0,10075.0,2014-09-09,295000.0
8021700725,3.0,2.0,1300.0,2250.0,2.0,0.0,0.0,3,7,1300.0,0.0,1988,0.0,98103,47.6923,-122.332,1300.0,4500.0,2014-09-04,422500.0
4038200480,3.0,1.0,1160.0,8800.0,1.0,0.0,0.0,4,7,1160.0,0.0,1959,0.0,98008,47.6112,-122.128,1750.0,8400.0,2014-12-01,480000.0
3630180380,4.0,2.5,3420.0,6233.0,2.0,0.0,0.0,3,9,3420.0,0.0,2006,0.0,98027,47.5416,-121.998,3350.0,5000.0,2014-07-25,890900.0
2782100280,4.0,2.75,2620.0,6707.0,2.0,0.0,0.0,3,9,2620.0,0.0,2000,0.0,98075,47.5965,-122.038,2590.0,6530.0,2014-05-29,672500.0
3797002575,4.0,1.5,1880.0,3500.0,1.0,0.0,0.0,4,7,1080.0,800.0,1926,0.0,98103,47.6835,-122.347,1690.0,3500.0,2014-10-10,605000.0
9315600050,5.0,3.25,4560.0,19080.0,1.0,0.0,0.0,5,9,2490.0,2070.0,1963,0.0,98004,47.6291,-122.226,3390.0,20140.0,2015-03-17,1680000.0
1939110080,4.0,2.5,2330.0,7936.0,2.0,0.0,0.0,3,9,2330.0,0.0,1987,0.0,98074,47.6269,-122.03,2460.0,8137.0,2014-09-26,565000.0
5423030380,4.0,1.75,2350.0,7574.0,1.0,,0.0,3,8,1720.0,630.0,1979,0.0,98027,47.5634,-122.087,2220.0,8496.0,2015-05-06,725000.0
5693501100,3.0,3.0,1560.0,1466.0,3.0,,0.0,3,8,1560.0,0.0,2006,0.0,98103,47.6604,-122.352,1530.0,2975.0,2014-07-31,640000.0
1612500170,4.0,1.0,1380.0,7110.0,1.5,0.0,0.0,3,6,1380.0,0.0,1939,0.0,98030,47.3846,-122.226,1430.0,7110.0,2015-02-26,253750.0
6116500290,6.0,2.75,3040.0,36721.0,1.0,0.0,3.0,4,9,1760.0,1280.0,1958,0.0,98166,47.4488,-122.356,2420.0,21075.0,2014-07-14,799950.0
2450000275,4.0,1.5,1350.0,8113.0,1.0,0.0,0.0,4,7,1350.0,0.0,1959,0.0,98004,47.5807,-122.196,1930.0,8113.0,2014-07-16,595000.0
2194100050,4.0,2.5,3180.0,11652.0,2.0,0.0,1.0,3,9,3180.0,0.0,1977,0.0,98040,47.567,-122.212,3110.0,15183.0,2014-09-29,850000.0
3782760280,3.0,2.5,1790.0,4065.0,2.0,0.0,0.0,3,8,1790.0,0.0,2009,0.0,98019,47.7344,-121.965,2480.0,4252.0,2014-10-02,366000.0
4320200020,4.0,3.0,1986.0,6000.0,2.0,,2.0,4,8,1746.0,240.0,1922,0.0,98136,47.5374,-122.39,1930.0,6200.0,2014-09-22,715000.0
2944500420,4.0,2.5,2400.0,7215.0,2.0,,0.0,3,8,2400.0,0.0,1992,0.0,98023,47.2944,-122.371,2220.0,7760.0,2014-12-11,300000.0
3616600231,4.0,3.0,4590.0,9150.0,2.0,0.0,0.0,3,10,3490.0,1100.0,1981,0.0,98177,47.7234,-122.372,2910.0,12348.0,2014-06-03,960000.0
6758700050,3.0,2.0,1970.0,3420.0,2.0,0.0,3.0,5,8,1970.0,0.0,1913,0.0,98103,47.6762,-122.354,1770.0,3420.0,2015-04-01,812000.0
2545900050,3.0,1.0,1360.0,9948.0,1.0,0.0,0.0,3,6,1360.0,0.0,1977,0.0,98010,47.3422,-122.053,1670.0,8475.0,2014-05-09,234950.0
8824900050,4.0,2.0,2710.0,4750.0,1.0,,0.0,4,7,1460.0,1250.0,1919,0.0,98115,47.6756,-122.305,1700.0,3800.0,2014-06-12,656500.0
6300000213,2.0,1.5,920.0,1598.0,2.0,0.0,0.0,3,7,920.0,0.0,1995,0.0,98133,47.7081,-122.342,1110.0,1598.0,2014-07-03,255000.0
2211700290,3.0,2.75,2000.0,7204.0,1.0,,0.0,5,7,1250.0,750.0,1960,0.0,98006,47.565,-122.116,2480.0,17633.0,2014-12-04,538000.0
739500050,3.0,2.25,1920.0,9680.0,1.0,0.0,0.0,4,7,1300.0,620.0,1961,0.0,98031,47.412,-122.195,1500.0,9516.0,2014-07-01,260000.0
6190500380,3.0,2.5,2678.0,6607.0,2.0,0.0,0.0,3,9,2678.0,0.0,1998,0.0,98028,47.738,-122.235,2780.0,6607.0,2014-10-27,546200.0
5129000006,3.0,1.0,1220.0,4541.0,1.0,0.0,0.0,3,7,890.0,330.0,1952,0.0,98108,47.5387,-122.294,1670.0,3429.0,2015-04-19,280500.0
2112700280,3.0,1.75,1440.0,4000.0,1.0,0.0,0.0,4,7,1050.0,390.0,1979,0.0,98106,47.5329,-122.354,1560.0,4000.0,2014-08-11,295000.0
9828702895,4.0,1.75,2420.0,520.0,1.5,0.0,0.0,3,7,2420.0,0.0,1900,0.0,98112,47.6209,-122.302,1200.0,1170.0,2014-10-22,700000.0
2026059181,3.0,2.0,2090.0,15790.0,1.0,0.0,0.0,3,9,2090.0,0.0,1992,0.0,98034,47.7296,-122.199,1820.0,8770.0,2014-11-20,560000.0
3295610080,4.0,2.75,4030.0,10888.0,2.0,0.0,0.0,3,10,4030.0,0.0,1997,0.0,98075,47.5651,-122.034,3720.0,10756.0,2015-04-01,912000.0
1474000050,3.0,1.75,1310.0,9282.0,1.0,0.0,0.0,4,7,1310.0,0.0,1976,0.0,98052,47.6844,-122.111,1310.0,8748.0,2014-05-08,437000.0
2896400170,3.0,2.5,1800.0,3074.0,2.0,0.0,0.0,3,7,1800.0,0.0,2003,0.0,98072,47.7631,-122.149,1610.0,2929.0,2015-03-16,447000.0
3342103281,4.0,1.0,1160.0,20100.0,1.0,0.0,0.0,4,6,820.0,340.0,1913,0.0,98056,47.5175,-122.201,1670.0,10200.0,2014-10-20,500000.0
7172200080,3.0,1.0,1160.0,5969.0,1.0,0.0,0.0,3,7,880.0,280.0,1930,0.0,98115,47.6844,-122.306,1550.0,5120.0,2015-03-19,508300.0
5209200010,3.0,1.5,1870.0,7853.0,1.0,0.0,0.0,3,7,1300.0,570.0,1962,0.0,98125,47.7045,-122.281,1870.0,8300.0,2014-07-31,485000.0
6744700427,7.0,5.75,3700.0,7647.0,2.0,0.0,1.0,3,8,3700.0,0.0,1948,19840.0,98155,47.7393,-122.289,2510.0,7479.0,2014-05-07,540000.0
1328310440,3.0,2.25,2280.0,8765.0,2.0,0.0,0.0,3,8,2280.0,0.0,1977,0.0,98058,47.4419,-122.133,1920.0,8265.0,2014-09-16,356000.0
2710600080,4.0,2.0,1720.0,6099.0,1.0,0.0,0.0,4,7,860.0,860.0,1949,0.0,98115,47.6765,-122.287,1100.0,5671.0,2014-08-25,525000.0
8651611980,4.0,2.75,3630.0,11775.0,2.0,0.0,0.0,3,10,3630.0,0.0,1999,0.0,98074,47.6378,-122.066,3800.0,12451.0,2015-03-24,962800.0
1541700010,4.0,2.5,2040.0,6300.0,2.0,0.0,0.0,3,8,2040.0,0.0,2003,0.0,98031,47.3918,-122.185,2260.0,5877.0,2014-10-01,315000.0
477000019,3.0,2.25,1750.0,1879.0,3.0,0.0,0.0,3,8,1750.0,0.0,2001,0.0,98107,47.6722,-122.391,1750.0,3155.0,2014-06-20,525000.0
8165501700,2.0,2.25,1550.0,2285.0,2.0,,0.0,3,8,1550.0,0.0,2007,0.0,98106,47.5398,-122.369,1550.0,2135.0,2015-04-30,325000.0
9534400010,4.0,1.75,2500.0,8725.0,1.0,0.0,0.0,4,8,1500.0,1000.0,1966,0.0,98004,47.6304,-122.205,1900.0,8998.0,2015-04-23,965800.0
7577700185,4.0,1.0,1440.0,3600.0,1.5,0.0,0.0,4,7,1440.0,,1924,0.0,98116,47.5694,-122.385,1010.0,5175.0,2014-07-09,550000.0
257000263,4.0,1.0,1130.0,13927.0,1.5,0.0,0.0,3,6,1130.0,0.0,1929,0.0,98168,47.4939,-122.3,1800.0,8274.0,2014-10-21,182200.0
8638500020,3.0,1.0,1210.0,8505.0,1.5,0.0,0.0,3,7,1210.0,0.0,1958,0.0,98106,47.5389,-122.353,1430.0,8505.0,2014-09-11,315000.0
452001310,2.0,1.0,960.0,5000.0,1.0,0.0,0.0,4,7,960.0,0.0,1900,0.0,98107,47.6755,-122.367,1330.0,5000.0,2014-08-25,500000.0
7852000500,5.0,2.5,2160.0,7737.0,2.0,0.0,0.0,3,7,2160.0,0.0,1998,0.0,98065,47.5381,-121.872,2460.0,7737.0,2014-07-02,480000.0
4219401236,3.0,1.75,3400.0,8965.0,1.0,0.0,2.0,5,9,1820.0,1580.0,1957,0.0,98105,47.6569,-122.273,3200.0,8500.0,2014-05-20,1690000.0
1622069127,5.0,3.25,3960.0,321908.0,2.0,0.0,0.0,4,9,2690.0,1270.0,1989,0.0,98038,47.3984,-122.055,2360.0,96703.0,2014-11-18,525000.0
2644300005,4.0,2.5,1900.0,9075.0,2.0,0.0,0.0,3,7,1900.0,0.0,1988,0.0,98133,47.7776,-122.352,1800.0,8460.0,2015-04-12,407500.0
3211260290,4.0,3.0,2620.0,35124.0,2.0,0.0,0.0,3,9,2620.0,0.0,1987,0.0,98092,47.3067,-122.116,2920.0,35807.0,2015-03-09,443000.0
3625500130,4.0,2.5,3150.0,13700.0,2.0,0.0,0.0,4,9,3150.0,0.0,1966,0.0,98040,47.5309,-122.224,3200.0,11900.0,2014-05-30,1260000.0
6819100380,3.0,1.0,1040.0,4480.0,1.0,,0.0,3,7,870.0,170.0,1924,0.0,98109,47.6461,-122.356,1730.0,4200.0,2014-08-30,642000.0
8562600500,3.0,1.75,1540.0,7558.0,1.0,0.0,0.0,3,8,1540.0,0.0,1964,0.0,98052,47.6707,-122.156,1540.0,7863.0,2015-01-09,520000.0
9279200280,3.0,2.0,1820.0,5000.0,1.5,0.0,0.0,4,8,1720.0,100.0,1941,0.0,98116,47.5845,-122.395,2220.0,7200.0,2014-06-23,750000.0
6788201440,5.0,1.5,1930.0,4500.0,1.5,0.0,0.0,3,8,1930.0,0.0,1929,0.0,98112,47.6401,-122.303,2083.0,4500.0,2015-04-07,855000.0
2624089026,4.0,1.0,1430.0,27153.0,1.5,0.0,0.0,4,5,1430.0,0.0,1934,0.0,98065,47.5372,-121.744,1880.0,27153.0,2014-10-02,275000.0
8698600080,5.0,2.75,2920.0,5250.0,1.5,0.0,0.0,5,7,1800.0,1120.0,1911,0.0,98002,47.3072,-122.221,1220.0,5250.0,2014-09-10,265000.0
425069136,3.0,2.5,3100.0,45738.0,2.0,0.0,0.0,3,10,3100.0,0.0,1991,0.0,98053,47.6854,-122.048,3340.0,45738.0,2015-04-10,894400.0
5528600050,2.0,1.0,1200.0,12856.0,1.0,0.0,0.0,4,6,1200.0,,1948,0.0,98027,47.5321,-122.034,1740.0,6098.0,2015-02-11,546000.0
8682290660,2.0,2.5,2390.0,7489.0,1.0,0.0,0.0,3,8,2390.0,0.0,2007,0.0,98053,47.7243,-122.032,2170.0,7489.0,2014-11-26,699950.0
1839920050,3.0,2.0,1270.0,10713.0,1.0,0.0,0.0,4,7,1270.0,0.0,1969,0.0,98034,47.7247,-122.181,1620.0,8250.0,2015-04-14,435000.0
6624010010,4.0,1.5,1300.0,7200.0,1.0,0.0,0.0,4,7,1300.0,0.0,1970,0.0,98031,47.4179,-122.181,1420.0,7200.0,2015-05-06,259500.0
9406590010,4.0,3.25,2290.0,4785.0,2.0,0.0,0.0,3,9,2290.0,0.0,2007,0.0,98038,47.3833,-122.037,2290.0,4785.0,2014-10-29,359950.0
3575305362,3.0,1.75,1740.0,10000.0,1.0,0.0,0.0,3,7,1740.0,0.0,1976,20090.0,98074,47.617,-122.058,1350.0,7500.0,2014-12-15,517000.0
8835900010,3.0,1.0,1590.0,5400.0,1.0,0.0,1.0,3,8,1280.0,310.0,1948,0.0,98118,47.5509,-122.261,2140.0,7161.0,2014-08-04,579000.0
7199000290,4.0,2.0,2420.0,10735.0,1.5,0.0,0.0,3,7,2420.0,0.0,1967,0.0,98052,47.6899,-122.122,1570.0,9540.0,2014-09-05,525000.0
6669150280,4.0,2.5,2130.0,9653.0,1.0,0.0,0.0,3,7,1500.0,630.0,1978,0.0,98031,47.4068,-122.175,2000.0,7988.0,2015-04-14,320000.0
2619600010,4.0,1.75,1950.0,13320.0,1.0,0.0,0.0,4,8,1370.0,580.0,1969,0.0,98007,47.6196,-122.139,2120.0,12051.0,2014-05-13,635000.0
2314300420,4.0,2.5,2150.0,5397.0,2.0,0.0,0.0,3,8,2150.0,0.0,1998,0.0,98058,47.4644,-122.151,2260.0,5080.0,2014-09-16,400000.0
9512500380,3.0,1.75,1270.0,7700.0,1.0,0.0,0.0,4,7,1270.0,0.0,1968,0.0,98052,47.6711,-122.148,1510.0,7700.0,2014-10-10,455000.0
8653600050,3.0,1.75,1850.0,22767.0,1.5,0.0,4.0,5,6,1850.0,0.0,1908,0.0,98074,47.6144,-122.067,2700.0,17906.0,2015-02-25,572000.0
4045900020,2.0,1.5,1440.0,136778.0,1.0,0.0,0.0,4,8,1140.0,300.0,1956,0.0,98072,47.7608,-122.118,1740.0,21600.0,2015-04-13,650000.0
1311800130,3.0,1.5,1390.0,7417.0,1.0,0.0,0.0,3,7,1390.0,0.0,1967,0.0,98001,47.3369,-122.275,1390.0,7665.0,2015-01-23,162500.0
9542890010,2.0,2.5,1340.0,1240.0,2.0,0.0,0.0,3,8,1150.0,190.0,2008,0.0,98052,47.6858,-122.102,1280.0,1312.0,2014-11-13,400000.0
4027700795,3.0,1.0,1190.0,9000.0,1.0,0.0,0.0,3,7,1190.0,0.0,1968,0.0,98028,47.77,-122.264,1960.0,7200.0,2015-03-18,268300.0
7013200280,6.0,4.5,3830.0,4800.0,3.0,0.0,0.0,3,9,3050.0,780.0,1919,20040.0,98119,47.6404,-122.361,1990.0,4800.0,2014-07-02,989000.0
2460700430,3.0,1.75,1780.0,10409.0,1.0,0.0,0.0,3,7,1280.0,500.0,1981,0.0,98058,47.4627,-122.168,1780.0,7415.0,2014-06-27,342000.0
6147650280,4.0,2.5,3130.0,5999.0,2.0,0.0,0.0,3,7,3130.0,0.0,2006,0.0,98042,47.3837,-122.099,3020.0,5997.0,2015-03-25,315000.0
3574800010,4.0,2.75,1830.0,8384.0,1.0,0.0,0.0,3,7,1320.0,510.0,1979,0.0,98034,47.733,-122.22,2190.0,7695.0,2015-04-28,485000.0
8731981640,4.0,2.5,2550.0,7500.0,1.0,0.0,0.0,3,8,1750.0,800.0,1976,0.0,98023,47.3165,-122.386,2260.0,8800.0,2014-12-04,277500.0
1525069134,4.0,3.5,3790.0,90169.0,2.0,0.0,0.0,3,11,3790.0,0.0,1998,0.0,98053,47.6587,-122.022,3410.0,46951.0,2015-03-12,1300000.0
2824069180,4.0,1.75,1800.0,10890.0,1.5,0.0,0.0,4,6,1800.0,0.0,1912,0.0,98027,47.5312,-122.04,1530.0,9818.0,2014-08-06,385000.0
751000080,2.0,1.0,1630.0,7680.0,1.0,0.0,0.0,3,7,830.0,800.0,1947,0.0,98125,47.7092,-122.291,1250.0,7740.0,2014-11-17,426000.0
2044500213,4.0,2.0,1870.0,6000.0,1.5,0.0,0.0,3,7,1870.0,0.0,1956,0.0,98125,47.7155,-122.315,1520.0,7169.0,2014-06-17,310000.0
2044500213,4.0,2.0,1870.0,6000.0,1.5,0.0,0.0,3,7,1870.0,0.0,1956,0.0,98125,47.7155,-122.315,1520.0,7169.0,2015-01-26,449000.0
1703400470,2.0,1.0,980.0,3915.0,1.0,0.0,0.0,4,7,980.0,0.0,1919,0.0,98118,47.5589,-122.29,1425.0,1576.0,2014-12-19,375000.0
7363600185,3.0,2.25,2860.0,10625.0,1.0,0.0,4.0,3,10,1920.0,940.0,1976,0.0,98115,47.6915,-122.273,2860.0,8075.0,2015-03-30,1190000.0
3904901300,3.0,2.25,1470.0,5597.0,2.0,0.0,0.0,3,7,1470.0,0.0,1985,0.0,98029,47.5674,-122.019,1610.0,5217.0,2015-04-14,468000.0
7548300425,1.0,1.0,1160.0,5000.0,2.0,0.0,0.0,3,7,1160.0,,2000,0.0,98144,47.5883,-122.311,2060.0,5000.0,2015-04-03,336000.0
4123830480,4.0,2.75,1940.0,6555.0,2.0,0.0,0.0,3,8,1940.0,0.0,1990,0.0,98038,47.3701,-122.041,1840.0,6912.0,2014-06-10,392000.0
9477000280,4.0,2.25,1630.0,7969.0,1.0,0.0,0.0,3,7,1100.0,530.0,1977,0.0,98034,47.7336,-122.19,1580.0,7440.0,2014-08-07,412500.0
8567450080,4.0,2.5,2755.0,11612.0,2.0,0.0,0.0,3,8,2755.0,0.0,2001,0.0,98019,47.7394,-121.965,2820.0,12831.0,2015-03-25,545000.0
7129304540,5.0,2.0,1430.0,5600.0,1.5,0.0,0.0,3,6,1430.0,0.0,1947,0.0,98118,47.5192,-122.266,1860.0,5980.0,2014-12-20,133000.0
7129304540,5.0,2.0,1430.0,5600.0,1.5,0.0,0.0,3,6,1430.0,0.0,1947,0.0,98118,47.5192,-122.266,1860.0,5980.0,2015-05-14,440000.0
2250000010,4.0,2.25,1400.0,7341.0,1.0,0.0,0.0,3,7,1300.0,100.0,1961,0.0,98155,47.7565,-122.305,2090.0,7410.0,2014-12-05,294450.0
5162100660,4.0,2.5,2520.0,7205.0,2.0,0.0,0.0,3,8,2520.0,0.0,1987,0.0,98003,47.343,-122.316,2350.0,7632.0,2014-08-26,335000.0
4140500050,3.0,1.0,1290.0,10125.0,1.0,0.0,0.0,4,7,1290.0,0.0,1956,0.0,98028,47.7641,-122.265,1760.0,14460.0,2014-09-08,362000.0
2129700525,3.0,1.75,1400.0,18002.0,1.0,0.0,0.0,3,6,1400.0,0.0,1977,0.0,98019,47.725,-121.967,2240.0,14068.0,2014-10-28,322000.0
4337000275,2.0,1.0,740.0,8853.0,1.0,0.0,0.0,3,6,740.0,0.0,1943,0.0,98166,47.4793,-122.336,850.0,8775.0,2015-03-17,230500.0
3942900010,4.0,2.0,1710.0,9996.0,1.0,0.0,0.0,3,7,1710.0,0.0,1950,0.0,98108,47.5472,-122.3,1550.0,6768.0,2015-03-05,380000.0
8699100321,4.0,2.75,2414.0,7693.0,2.0,0.0,0.0,3,8,2414.0,0.0,2006,0.0,98002,47.3046,-122.222,1500.0,7177.0,2014-06-11,292000.0
7686203180,3.0,1.0,1040.0,7500.0,1.0,,0.0,4,6,1040.0,0.0,1954,0.0,98198,47.4206,-122.316,1270.0,8000.0,2014-08-12,172500.0
1193000480,4.0,2.75,3540.0,7091.0,1.5,0.0,1.0,4,8,1970.0,1570.0,1947,0.0,98199,47.6467,-122.394,2200.0,6000.0,2014-07-24,784000.0
1234000630,4.0,2.75,2530.0,11549.0,1.0,0.0,0.0,3,7,1700.0,830.0,1942,0.0,98033,47.6557,-122.197,2530.0,10000.0,2014-10-02,525000.0
8562750250,3.0,2.5,2320.0,7609.0,2.0,0.0,0.0,3,8,2320.0,0.0,2003,0.0,98027,47.5391,-122.069,2590.0,4000.0,2014-07-04,600000.0
5088500170,3.0,2.5,2530.0,16102.0,2.0,0.0,0.0,3,9,2530.0,0.0,1989,0.0,98038,47.371,-122.055,2370.0,14957.0,2014-10-27,435000.0
1061500630,5.0,2.75,2790.0,7600.0,1.5,0.0,0.0,4,7,2790.0,0.0,1965,0.0,98056,47.4999,-122.165,1480.0,7600.0,2015-02-05,359900.0
8073000491,4.0,1.75,1950.0,7139.0,1.0,1.0,4.0,3,7,1150.0,800.0,1957,0.0,98178,47.5121,-122.248,1600.0,13122.0,2014-12-11,700000.0
3277801448,3.0,2.0,1020.0,889.0,2.0,0.0,0.0,3,7,720.0,300.0,2009,0.0,98126,47.5434,-122.375,1130.0,972.0,2015-03-12,280000.0
1656600280,4.0,2.5,3110.0,24466.0,2.0,0.0,0.0,3,9,3110.0,0.0,1997,0.0,98059,47.4898,-122.127,3080.0,22185.0,2014-10-02,655000.0
4139420190,4.0,5.0,5310.0,16909.0,1.0,0.0,4.0,3,12,3090.0,2220.0,1992,0.0,98006,47.5515,-122.113,5220.0,15701.0,2015-05-12,2480000.0
5360200052,3.0,2.5,2580.0,23925.0,2.0,0.0,0.0,3,9,2580.0,0.0,2001,0.0,98023,47.2978,-122.376,1660.0,8460.0,2015-02-24,499950.0
7234601025,3.0,2.5,1380.0,1021.0,2.0,0.0,0.0,3,8,1160.0,220.0,2008,0.0,98122,47.6148,-122.309,1440.0,1021.0,2014-08-05,540000.0
8001470480,4.0,2.75,3980.0,9209.0,2.0,,0.0,3,11,3980.0,0.0,2002,0.0,98074,47.6286,-122.064,3800.0,9333.0,2015-03-06,970000.0
2597670470,4.0,2.5,2080.0,7000.0,1.0,0.0,0.0,4,8,1400.0,680.0,1989,0.0,98058,47.4252,-122.163,2090.0,7082.0,2014-08-13,330000.0
7199330130,3.0,1.75,1530.0,8000.0,2.0,0.0,0.0,3,7,1530.0,0.0,1978,0.0,98052,47.6971,-122.13,1530.0,7500.0,2014-07-03,474000.0
4039700080,4.0,1.75,1930.0,9310.0,1.0,0.0,0.0,4,9,1930.0,0.0,1968,0.0,98008,47.6158,-122.108,2110.0,10290.0,2015-03-17,670000.0
5317100780,4.0,3.25,2330.0,9687.0,2.0,0.0,3.0,3,9,2330.0,0.0,1918,0.0,98112,47.6264,-122.283,3880.0,9017.0,2014-05-12,1300000.0
2597450250,4.0,2.5,3860.0,10361.0,2.0,0.0,2.0,4,10,2940.0,920.0,1985,0.0,98006,47.5517,-122.147,3720.0,13155.0,2014-07-30,1160000.0
2472920680,4.0,2.5,2880.0,8061.0,2.0,0.0,0.0,3,9,2880.0,0.0,1988,0.0,98058,47.439,-122.152,2650.0,7660.0,2015-01-12,440000.0
7436300170,2.0,2.5,1590.0,2088.0,2.0,0.0,0.0,3,9,1590.0,0.0,1997,0.0,98033,47.6897,-122.175,2320.0,3174.0,2014-07-28,411000.0
3964400470,3.0,1.5,2150.0,4000.0,1.5,0.0,0.0,3,7,1470.0,680.0,1928,0.0,98144,47.5733,-122.312,1750.0,4000.0,2014-07-25,500000.0
7351200050,4.0,1.75,2300.0,13342.0,1.5,1.0,4.0,3,7,2300.0,0.0,1934,19580.0,98125,47.7308,-122.282,2500.0,13342.0,2014-12-18,1340000.0
1377800277,6.0,3.25,2900.0,6400.0,2.0,0.0,0.0,4,8,2300.0,600.0,1977,0.0,98199,47.6464,-122.401,2480.0,6400.0,2014-12-15,696000.0
3862400050,3.0,2.25,1970.0,11088.0,1.0,0.0,0.0,4,8,1180.0,790.0,1967,0.0,98155,47.7651,-122.277,1970.0,10470.0,2014-05-06,465000.0
7199310170,4.0,2.5,1740.0,7500.0,1.0,0.0,0.0,4,7,1220.0,520.0,1976,0.0,98052,47.6927,-122.124,1790.0,7350.0,2014-06-16,518000.0
8039900086,3.0,1.75,1220.0,7250.0,1.0,0.0,0.0,3,7,1220.0,0.0,1962,0.0,98045,47.4887,-121.784,1700.0,15251.0,2014-05-09,251000.0
1137600190,3.0,2.0,1290.0,13282.0,1.0,0.0,0.0,3,7,1290.0,0.0,1978,0.0,98030,47.3787,-122.169,1290.0,12357.0,2015-04-30,255000.0
1566100130,2.0,1.0,780.0,8271.0,1.0,0.0,0.0,4,6,780.0,0.0,1924,0.0,98115,47.7,-122.3,2220.0,8271.0,2014-08-20,319000.0
9547205610,4.0,2.75,2210.0,3400.0,1.5,0.0,0.0,5,7,1470.0,,1926,0.0,98115,47.6826,-122.311,1500.0,3400.0,2014-09-29,719000.0
5608000190,5.0,3.5,5930.0,13288.0,2.0,,2.0,3,11,3920.0,2010.0,1996,0.0,98027,47.5542,-122.097,3860.0,12062.0,2014-07-14,1520000.0
3295450050,4.0,2.5,1950.0,4553.0,2.0,0.0,0.0,3,7,1950.0,0.0,2000,0.0,98056,47.5066,-122.175,1780.0,4598.0,2015-01-09,322000.0
3751602249,4.0,1.0,1340.0,7920.0,1.0,0.0,0.0,4,7,1340.0,0.0,1970,0.0,98001,47.2845,-122.267,1090.0,9600.0,2015-03-05,205000.0
7889600190,3.0,1.0,1590.0,6240.0,1.0,0.0,0.0,3,7,1060.0,530.0,1956,0.0,98146,47.4936,-122.337,1410.0,6240.0,2015-01-13,229000.0
217700050,3.0,2.25,1780.0,9672.0,1.0,,0.0,3,8,1350.0,430.0,1960,0.0,98133,47.7774,-122.35,1860.0,10080.0,2014-10-30,395000.0
7943000020,2.0,1.0,760.0,7272.0,1.0,0.0,0.0,4,7,760.0,0.0,1980,0.0,98003,47.3205,-122.33,1370.0,7866.0,2015-03-26,183000.0
7199310290,3.0,1.75,1720.0,7800.0,1.0,0.0,0.0,4,7,1170.0,550.0,1978,0.0,98052,47.6928,-122.125,1760.0,7276.0,2014-09-05,583500.0
192700080,3.0,2.5,2070.0,25710.0,1.0,,0.0,5,6,2070.0,0.0,1917,0.0,98022,47.2032,-121.964,1350.0,17998.0,2015-02-13,312000.0
23520380,3.0,1.75,1790.0,9860.0,1.0,0.0,0.0,4,7,1410.0,380.0,1978,0.0,98052,47.6989,-122.12,1820.0,9555.0,2014-09-09,539000.0
8961950050,4.0,2.75,3230.0,12651.0,2.0,0.0,0.0,4,8,3230.0,0.0,2002,0.0,98001,47.3157,-122.251,2550.0,12081.0,2015-03-20,409000.0
3300701365,3.0,1.75,1400.0,4000.0,1.0,0.0,0.0,3,7,870.0,530.0,1951,0.0,98117,47.6913,-122.381,1400.0,4000.0,2014-05-28,510250.0
871000170,2.0,2.0,1370.0,3827.0,1.0,,0.0,3,7,1020.0,350.0,1952,0.0,98199,47.652,-122.404,1550.0,5102.0,2014-12-02,535000.0
9407150250,3.0,2.5,1600.0,7936.0,2.0,0.0,0.0,3,7,1600.0,0.0,1996,0.0,98038,47.3673,-122.017,1830.0,7936.0,2014-09-24,280000.0
7789000235,3.0,1.0,950.0,8400.0,1.0,0.0,0.0,3,7,950.0,0.0,1958,0.0,98056,47.5104,-122.166,1250.0,8400.0,2015-04-09,286000.0
8587400050,3.0,2.75,2210.0,7660.0,1.0,,1.0,4,7,1460.0,750.0,1968,0.0,98116,47.5619,-122.4,2110.0,8750.0,2015-03-25,710000.0
5100401315,2.0,1.0,930.0,6380.0,1.0,0.0,0.0,4,7,930.0,0.0,1940,0.0,98115,47.6915,-122.321,1180.0,6380.0,2014-07-09,395000.0
2634500005,2.0,1.0,810.0,8494.0,1.0,0.0,0.0,3,6,810.0,0.0,1949,0.0,98155,47.7389,-122.324,1050.0,7975.0,2014-09-08,237500.0
6332000050,3.0,2.0,1630.0,6550.0,1.0,0.0,0.0,5,7,850.0,780.0,1912,0.0,98126,47.5452,-122.379,1440.0,6550.0,2015-01-21,464000.0
2126049265,3.0,1.75,1770.0,10080.0,1.0,,0.0,3,8,1770.0,0.0,1968,0.0,98125,47.7218,-122.306,1860.0,10456.0,2014-10-21,495000.0
7950304095,1.0,1.0,710.0,6060.0,1.0,0.0,0.0,4,6,710.0,0.0,1916,0.0,98118,47.5621,-122.283,1440.0,4545.0,2015-02-17,257500.0
587550010,4.0,3.5,3990.0,23544.0,1.0,0.0,2.0,3,10,2300.0,1690.0,1999,0.0,98023,47.3245,-122.38,3410.0,15932.0,2015-01-16,570000.0
1402630190,3.0,2.5,2310.0,7485.0,2.0,0.0,0.0,3,8,2310.0,0.0,1986,0.0,98058,47.439,-122.135,2310.0,8142.0,2014-11-11,362000.0
2402100895,33.0,1.75,1620.0,6000.0,1.0,0.0,0.0,5,7,1040.0,580.0,1947,0.0,98103,47.6878,-122.331,1330.0,4700.0,2014-06-25,640000.0
3750604417,3.0,1.0,1140.0,8800.0,1.0,0.0,0.0,3,7,1140.0,0.0,1972,0.0,98001,47.2629,-122.275,1270.0,13560.0,2014-05-26,172500.0
9547202890,2.0,1.0,1040.0,4880.0,1.0,0.0,0.0,3,7,1040.0,0.0,1910,19750.0,98115,47.6809,-122.311,1500.0,4590.0,2015-01-20,596000.0
2600110250,4.0,2.5,2170.0,9796.0,1.0,0.0,0.0,4,8,1650.0,520.0,1980,0.0,98006,47.5505,-122.152,2350.0,9796.0,2015-04-30,840000.0
7403200050,3.0,2.25,3370.0,23065.0,1.0,1.0,4.0,3,10,1920.0,1450.0,1980,0.0,98028,47.7434,-122.263,3410.0,19688.0,2014-11-13,1600000.0
9528104360,2.0,1.5,901.0,1245.0,3.0,0.0,0.0,3,7,901.0,0.0,2001,0.0,98115,47.6774,-122.325,1138.0,1137.0,2014-09-12,435000.0
2634500050,2.0,1.0,840.0,7870.0,1.0,0.0,0.0,3,6,840.0,0.0,1949,0.0,98155,47.7389,-122.326,1442.0,8131.0,2014-09-10,251000.0
268500020,4.0,1.0,1650.0,9750.0,1.0,0.0,0.0,4,7,1650.0,0.0,1964,0.0,98059,47.4991,-122.164,1650.0,10112.0,2014-11-06,282500.0
1796361100,3.0,2.25,1380.0,7226.0,1.0,0.0,0.0,4,7,1140.0,240.0,1987,0.0,98042,47.3677,-122.091,1640.0,7823.0,2014-10-17,265000.0
8807300130,3.0,1.0,910.0,10240.0,1.0,0.0,0.0,4,6,910.0,0.0,1969,0.0,98053,47.6729,-122.064,1140.0,10720.0,2014-12-17,330000.0
7170200080,2.0,1.0,1230.0,3800.0,1.0,0.0,0.0,3,7,1230.0,0.0,1928,0.0,98115,47.6797,-122.292,1610.0,3800.0,2014-06-17,435000.0
1877500005,3.0,1.75,1740.0,8560.0,1.0,0.0,0.0,3,8,1500.0,240.0,1948,0.0,98199,47.6475,-122.409,2240.0,5800.0,2014-12-01,827235.0
7211400525,4.0,1.0,1290.0,5000.0,1.5,0.0,0.0,3,7,1290.0,0.0,1957,0.0,98146,47.513,-122.358,1440.0,2500.0,2014-05-30,249950.0
2549000020,3.0,2.5,1950.0,18533.0,2.0,0.0,0.0,3,8,1950.0,0.0,1988,0.0,98024,47.5647,-121.903,1810.0,18401.0,2015-03-24,400000.0
4137040250,4.0,2.5,2150.0,7944.0,2.0,0.0,0.0,3,8,2150.0,0.0,1990,0.0,98092,47.259,-122.215,2170.0,8319.0,2014-10-21,300499.0
5101400461,4.0,2.0,1560.0,5220.0,1.0,0.0,0.0,3,7,1560.0,0.0,1959,0.0,98115,47.6905,-122.305,1300.0,5220.0,2015-04-17,449000.0
2306400010,2.0,1.0,1120.0,3220.0,1.0,0.0,0.0,4,7,1120.0,0.0,1923,0.0,98103,47.6588,-122.344,1440.0,3220.0,2014-10-17,500000.0
8861000095,3.0,1.5,1790.0,7526.0,1.0,0.0,0.0,3,7,1790.0,0.0,1953,20140.0,98004,47.6387,-122.207,2080.0,10943.0,2014-09-30,865000.0
3754500010,4.0,3.5,3290.0,5414.0,2.0,0.0,1.0,3,9,2360.0,930.0,2006,0.0,98034,47.7074,-122.219,1820.0,9609.0,2014-06-16,899950.0
4326000190,4.0,1.0,1540.0,9541.0,1.5,0.0,0.0,4,7,1540.0,0.0,1961,0.0,98034,47.7104,-122.213,1290.0,9541.0,2014-08-28,370000.0
1525069088,5.0,3.25,4240.0,226097.0,2.0,0.0,0.0,3,8,3410.0,830.0,1980,0.0,98053,47.6472,-122.017,2980.0,217800.0,2015-05-04,442500.0
9474700020,3.0,1.0,1010.0,9945.0,1.0,0.0,0.0,4,6,1010.0,0.0,1973,0.0,98065,47.5324,-121.763,1390.0,12710.0,2014-05-03,310000.0
4389200876,4.0,2.75,2970.0,12750.0,1.5,0.0,1.0,4,7,2130.0,840.0,1918,0.0,98004,47.6135,-122.213,1980.0,15300.0,2014-07-01,1570000.0
6084600420,4.0,2.25,2190.0,9113.0,2.0,0.0,0.0,3,7,2190.0,0.0,1986,0.0,98001,47.3241,-122.275,1570.0,8306.0,2014-09-05,245000.0
6668900010,2.0,1.0,700.0,8100.0,1.0,0.0,0.0,3,6,700.0,0.0,1949,0.0,98155,47.7492,-122.311,1230.0,8100.0,2014-11-17,254950.0
125059178,6.0,4.5,3300.0,7480.0,2.0,0.0,0.0,3,8,3300.0,0.0,1980,0.0,98052,47.6796,-122.104,2470.0,7561.0,2014-07-22,510000.0
2131701410,3.0,2.25,1370.0,5000.0,2.0,0.0,0.0,3,7,1370.0,0.0,1990,0.0,98019,47.7372,-121.981,1600.0,7724.0,2015-04-27,299950.0
3158500130,4.0,2.5,2680.0,4500.0,2.0,0.0,0.0,3,8,2680.0,0.0,2011,0.0,98038,47.3561,-122.056,2010.0,4500.0,2014-08-21,379950.0
6300500275,3.0,1.0,1390.0,4820.0,1.0,0.0,0.0,4,7,910.0,480.0,1926,0.0,98133,47.704,-122.343,1320.0,4820.0,2014-08-07,350000.0
3395040920,3.0,2.5,1700.0,3575.0,2.0,0.0,0.0,3,7,1700.0,0.0,2000,0.0,98108,47.5418,-122.295,1590.0,3380.0,2014-06-18,300000.0
1193000280,3.0,2.25,2510.0,6339.0,1.5,0.0,2.0,5,8,1810.0,700.0,1932,0.0,98199,47.6496,-122.391,1820.0,5741.0,2014-05-27,994000.0
8022900005,3.0,1.5,1700.0,8067.0,1.0,0.0,0.0,3,7,1250.0,450.0,1956,0.0,98155,47.7384,-122.324,1340.0,7869.0,2014-11-19,315000.0
1774000050,4.0,2.5,2180.0,11200.0,1.0,0.0,0.0,4,8,2180.0,0.0,1968,0.0,98072,47.7476,-122.086,1790.0,11200.0,2014-05-07,480500.0
1725800280,3.0,1.0,1770.0,5720.0,1.5,0.0,0.0,4,7,1140.0,630.0,1926,0.0,98126,47.5546,-122.377,1500.0,4406.0,2014-06-16,373000.0
8691390980,4.0,2.5,3290.0,5951.0,2.0,0.0,0.0,3,9,3290.0,0.0,2003,0.0,98075,47.5999,-121.976,3240.0,6159.0,2014-09-02,728000.0
1180008370,4.0,3.5,3040.0,7125.0,2.0,0.0,1.0,3,8,2240.0,800.0,2002,0.0,98178,47.492,-122.225,2220.0,7800.0,2014-09-25,415000.0
9558020460,4.0,2.5,2460.0,5091.0,2.0,0.0,0.0,3,9,2460.0,0.0,2003,0.0,98058,47.45,-122.121,2490.0,4750.0,2014-06-04,427500.0
3575302880,3.0,2.0,970.0,10000.0,1.0,,0.0,5,7,970.0,0.0,1972,0.0,98074,47.6205,-122.063,1230.0,7500.0,2014-11-10,339300.0
6671900095,3.0,1.75,1320.0,6205.0,1.0,0.0,0.0,5,7,1320.0,0.0,1948,0.0,98133,47.7412,-122.343,1210.0,6205.0,2014-05-27,313000.0
5637500094,3.0,3.5,1900.0,1612.0,2.0,0.0,0.0,3,8,1430.0,470.0,2008,0.0,98136,47.544,-122.385,1780.0,1525.0,2014-05-22,431500.0
4310701330,3.0,1.5,1220.0,835.0,1.5,0.0,0.0,4,6,1220.0,0.0,1950,0.0,98103,47.6981,-122.341,1360.0,1251.0,2015-03-09,415000.0
23520190,3.0,1.75,1470.0,9750.0,1.0,0.0,0.0,4,7,1470.0,0.0,1978,0.0,98052,47.6975,-122.12,1800.0,9600.0,2015-03-16,490000.0
98000130,4.0,5.0,4630.0,24054.0,2.0,0.0,3.0,3,11,4630.0,0.0,2005,0.0,98075,47.587,-121.966,4630.0,17584.0,2015-03-24,1430000.0
6829900080,3.0,1.5,1400.0,9750.0,1.0,0.0,0.0,4,6,1400.0,0.0,1964,0.0,98030,47.3768,-122.17,1160.0,9750.0,2015-03-30,275000.0
5370200170,2.0,1.0,1070.0,5080.0,1.0,,0.0,5,6,1070.0,0.0,1942,0.0,98106,47.5224,-122.35,900.0,5080.0,2015-02-17,325000.0
3885805896,5.0,3.75,3630.0,6000.0,1.5,0.0,0.0,3,9,2470.0,1160.0,2004,0.0,98033,47.6816,-122.199,2560.0,7560.0,2014-06-10,1180000.0
9550200470,4.0,1.5,1970.0,4590.0,2.5,0.0,0.0,3,7,1970.0,0.0,1909,0.0,98103,47.666,-122.332,1900.0,4590.0,2014-10-01,690000.0
6111400020,4.0,2.0,2010.0,9474.0,2.0,0.0,0.0,3,7,2010.0,0.0,1953,20030.0,98166,47.4234,-122.342,2140.0,10164.0,2015-03-30,410000.0
5135000050,4.0,2.5,2820.0,5934.0,1.0,0.0,3.0,5,9,1770.0,1050.0,1952,0.0,98116,47.5706,-122.403,2230.0,6000.0,2014-08-01,960000.0
8029510010,3.0,2.5,2530.0,8669.0,2.0,0.0,0.0,3,9,2530.0,0.0,1990,0.0,98023,47.3073,-122.395,2530.0,9469.0,2014-10-30,299250.0
4438400050,2.0,1.0,710.0,14000.0,1.0,0.0,0.0,4,6,710.0,0.0,1953,0.0,98166,47.4379,-122.337,1500.0,10540.0,2014-07-14,239000.0
7831800460,2.0,1.0,1210.0,9400.0,1.0,0.0,0.0,2,6,1210.0,0.0,1949,0.0,98106,47.5342,-122.36,1580.0,6026.0,2014-05-02,235000.0
2425069069,3.0,2.25,2370.0,217800.0,2.0,0.0,0.0,3,7,2370.0,0.0,1979,0.0,98053,47.6364,-121.984,3100.0,86248.0,2014-05-27,587000.0
8029550020,4.0,2.5,2300.0,6087.0,2.0,,0.0,3,7,2300.0,0.0,2001,0.0,98056,47.5125,-122.192,1770.0,5907.0,2014-07-01,431000.0
7533800170,3.0,2.5,3110.0,6765.0,2.0,0.0,1.0,4,9,2550.0,560.0,1946,0.0,98115,47.6886,-122.276,2630.0,7626.0,2014-07-07,1640000.0
9460000010,3.0,1.75,1990.0,6500.0,1.0,0.0,0.0,3,7,1090.0,900.0,1961,0.0,98055,47.488,-122.221,2150.0,6500.0,2014-12-03,285000.0
2600130020,3.0,3.0,2630.0,10156.0,1.0,,0.0,4,9,2630.0,0.0,1987,0.0,98006,47.5481,-122.156,2660.0,10455.0,2014-11-06,778000.0
4037700285,3.0,1.0,1300.0,7975.0,1.0,0.0,0.0,4,7,1300.0,0.0,1958,0.0,98008,47.611,-122.122,1570.0,9075.0,2014-07-31,415000.0
8682261190,2.0,1.75,1680.0,4500.0,1.0,0.0,0.0,3,8,1680.0,,2004,0.0,98053,47.7132,-122.032,1670.0,4500.0,2015-01-12,550285.0
5453700020,3.0,2.25,2180.0,9865.0,1.0,0.0,0.0,4,8,1660.0,,1966,0.0,98040,47.5358,-122.235,2600.0,10034.0,2014-08-25,910000.0
4139400630,3.0,2.5,2770.0,9136.0,2.0,0.0,0.0,3,10,2770.0,0.0,1991,0.0,98006,47.5605,-122.115,2890.0,8442.0,2014-05-29,860000.0
9550201495,3.0,1.75,2120.0,5000.0,2.0,0.0,0.0,3,7,1980.0,140.0,1920,20100.0,98103,47.6666,-122.331,2020.0,5000.0,2014-10-03,765000.0
9808610190,4.0,2.5,2830.0,20345.0,2.0,0.0,0.0,3,10,1980.0,850.0,1979,0.0,98004,47.6462,-122.191,2830.0,13732.0,2014-05-09,782000.0
7443000514,3.0,3.5,1370.0,1764.0,2.0,0.0,0.0,3,8,1180.0,190.0,2000,0.0,98119,47.6511,-122.368,1400.0,1398.0,2015-03-10,525000.0
1823099056,3.0,2.5,2810.0,435600.0,2.0,,0.0,3,9,2810.0,0.0,1995,0.0,98045,47.4816,-121.701,2380.0,92007.0,2014-12-22,745000.0
6055000010,3.0,3.5,3520.0,35512.0,2.0,0.0,2.0,3,8,2760.0,760.0,2005,0.0,98022,47.2416,-121.979,2860.0,39614.0,2014-07-25,470000.0
3878900225,3.0,1.75,1990.0,5650.0,1.0,0.0,1.0,3,7,1320.0,670.0,1963,0.0,98178,47.5086,-122.252,2130.0,5650.0,2014-06-02,345000.0
4222700130,3.0,2.25,2070.0,7800.0,1.0,0.0,0.0,3,7,1170.0,900.0,1964,0.0,98003,47.3431,-122.305,1570.0,8400.0,2015-03-04,279000.0
1124000010,3.0,1.5,1320.0,8100.0,1.0,0.0,0.0,4,7,1320.0,0.0,1951,0.0,98177,47.7194,-122.371,1480.0,8100.0,2014-07-11,500000.0
428000225,3.0,1.0,1300.0,8160.0,1.0,0.0,0.0,4,7,1300.0,0.0,1960,0.0,98056,47.511,-122.172,1290.0,8970.0,2014-06-20,237000.0
8133300050,3.0,1.75,1260.0,9346.0,1.0,0.0,0.0,4,7,1260.0,0.0,1963,0.0,98030,47.3713,-122.186,1800.0,9705.0,2014-06-26,200500.0
2423039134,4.0,1.75,2400.0,9900.0,1.0,,0.0,3,7,1250.0,1150.0,1957,0.0,98166,47.4631,-122.362,1960.0,9900.0,2015-03-24,387500.0
2726049150,4.0,2.0,1950.0,8040.0,1.0,0.0,0.0,3,7,1950.0,0.0,1961,0.0,98125,47.7074,-122.29,1950.0,8092.0,2014-07-17,392500.0
8074200080,3.0,2.0,1430.0,12430.0,1.0,0.0,0.0,4,7,1430.0,0.0,1957,0.0,98056,47.4903,-122.178,1200.0,8250.0,2015-02-13,305000.0
7856600170,4.0,2.5,2110.0,10100.0,1.0,0.0,2.0,3,8,2110.0,0.0,1968,20050.0,98006,47.567,-122.151,2230.0,10100.0,2014-09-24,981000.0
8649900440,4.0,2.5,2980.0,8770.0,2.0,0.0,0.0,3,10,2980.0,0.0,1990,0.0,98075,47.5814,-122.029,2940.0,9238.0,2014-12-09,680000.0
7696630170,4.0,2.5,2068.0,7242.0,2.0,0.0,0.0,4,7,2068.0,0.0,1976,0.0,98001,47.3318,-122.281,1560.0,7524.0,2014-06-05,276000.0
226039075,4.0,3.5,3380.0,8330.0,2.0,0.0,0.0,3,8,3380.0,0.0,2000,0.0,98177,47.7741,-122.379,2220.0,8330.0,2014-05-06,655500.0
3296000170,5.0,2.75,2810.0,13144.0,1.0,,0.0,3,8,1440.0,1370.0,1964,0.0,98007,47.6199,-122.141,2480.0,13144.0,2014-12-29,555000.0
3223049073,2.0,1.0,930.0,10505.0,1.0,,0.0,3,6,930.0,,1930,0.0,98148,47.4337,-122.329,1520.0,8881.0,2015-04-13,235000.0
7300700050,3.0,1.0,1300.0,8879.0,1.0,,0.0,3,7,920.0,380.0,1950,0.0,98155,47.7465,-122.326,1530.0,6960.0,2015-02-19,325000.0
9900000190,3.0,1.0,1320.0,8100.0,1.0,0.0,0.0,3,6,880.0,440.0,1943,0.0,98166,47.4697,-122.351,1000.0,8100.0,2014-10-30,268950.0
3751600635,3.0,1.5,1580.0,14040.0,1.0,0.0,0.0,3,7,1050.0,530.0,1980,0.0,98001,47.2932,-122.267,2240.0,12000.0,2014-11-10,264500.0
7575600430,3.0,2.5,1620.0,5250.0,2.0,0.0,0.0,3,8,1620.0,0.0,1987,0.0,98003,47.3538,-122.301,1650.0,5250.0,2014-11-10,240000.0
3223039109,3.0,2.5,2750.0,226512.0,2.0,0.0,0.0,3,9,2750.0,0.0,2000,0.0,98070,47.4376,-122.456,1250.0,211266.0,2015-02-20,819000.0
7151700190,2.0,1.5,2210.0,5000.0,1.0,0.0,2.0,3,8,1530.0,680.0,1951,0.0,98122,47.6122,-122.288,2700.0,5000.0,2015-03-31,850000.0
2076400050,4.0,2.25,1740.0,9600.0,1.0,0.0,2.0,3,7,1160.0,580.0,1957,0.0,98188,47.432,-122.276,1630.0,9600.0,2014-10-22,294950.0
2162000190,3.0,2.25,2120.0,13644.0,2.0,,0.0,4,9,1420.0,700.0,1973,0.0,98040,47.5574,-122.214,2950.0,17060.0,2014-12-15,693000.0
5226500250,4.0,2.5,2780.0,7290.0,2.0,0.0,0.0,3,8,2780.0,0.0,1989,0.0,98059,47.509,-122.157,2450.0,7738.0,2014-10-15,478000.0
1787600294,2.0,1.0,830.0,6893.0,1.0,0.0,0.0,3,7,830.0,0.0,1950,0.0,98125,47.7234,-122.328,1470.0,7200.0,2015-02-05,222000.0
6388930170,4.0,2.5,2070.0,11286.0,2.0,0.0,0.0,3,8,2070.0,0.0,1996,0.0,98056,47.5284,-122.173,2440.0,10826.0,2015-04-08,635000.0
2767704332,3.0,3.25,1390.0,1278.0,2.0,,0.0,3,8,1140.0,250.0,2005,0.0,98107,47.6735,-122.375,1390.0,1256.0,2014-09-30,469000.0
6699940250,4.0,2.5,2610.0,5866.0,2.0,0.0,0.0,3,8,2610.0,0.0,2005,0.0,98038,47.3441,-122.04,2480.0,5188.0,2014-07-25,350000.0
8151601190,5.0,1.0,1460.0,11726.0,1.5,0.0,0.0,3,6,1290.0,170.0,1936,0.0,98146,47.5039,-122.361,1460.0,10450.0,2014-12-03,180000.0
5561000420,4.0,2.25,3390.0,39356.0,1.0,0.0,0.0,4,8,1640.0,1750.0,1964,0.0,98027,47.461,-121.992,2160.0,38061.0,2015-04-08,490000.0
3797001900,3.0,1.5,1360.0,6000.0,1.0,0.0,0.0,3,6,860.0,500.0,1911,0.0,98103,47.6846,-122.345,1560.0,3000.0,2014-09-22,360000.0
6641020050,4.0,2.5,2807.0,9430.0,2.0,0.0,0.0,3,8,2807.0,0.0,1996,0.0,98028,47.7449,-122.223,2028.0,11056.0,2014-06-18,630000.0
3232200095,4.0,1.0,1340.0,2006.0,1.5,,0.0,3,7,1340.0,0.0,1931,0.0,98119,47.6357,-122.373,2040.0,3625.0,2015-04-14,615000.0
2310000440,3.0,2.25,1340.0,7202.0,2.0,0.0,0.0,4,7,1340.0,0.0,1989,0.0,98038,47.3563,-122.039,1470.0,7395.0,2014-10-27,279950.0
6414600321,3.0,1.0,1160.0,8813.0,1.0,0.0,0.0,3,7,1160.0,0.0,1952,0.0,98125,47.7257,-122.329,1200.0,7615.0,2014-06-11,317000.0
7199320190,4.0,2.25,2470.0,7350.0,1.0,0.0,0.0,3,7,1600.0,870.0,1978,0.0,98052,47.6936,-122.128,1970.0,7700.0,2014-10-16,618000.0
7922800190,5.0,1.75,2000.0,8713.0,1.0,0.0,2.0,3,7,1000.0,1000.0,1962,0.0,98008,47.5882,-122.117,2040.0,8449.0,2015-03-11,620000.0
9553200052,3.0,1.0,1110.0,6250.0,1.0,0.0,0.0,3,7,1110.0,0.0,1956,0.0,98115,47.6977,-122.292,2010.0,6944.0,2014-05-06,345000.0
4083802425,3.0,1.5,2240.0,3750.0,1.0,0.0,0.0,3,7,1220.0,1020.0,1952,0.0,98103,47.6624,-122.336,1570.0,3400.0,2014-10-10,608000.0
984000130,4.0,2.25,1920.0,11603.0,2.0,0.0,0.0,4,7,1920.0,0.0,1967,0.0,98058,47.4315,-122.169,1840.0,7350.0,2014-12-23,325000.0
2473002500,3.0,1.75,2270.0,13000.0,1.0,0.0,0.0,5,8,2270.0,0.0,1968,0.0,98058,47.4474,-122.144,2440.0,10000.0,2014-11-12,475000.0
3356403304,3.0,3.0,1530.0,9997.0,1.0,0.0,0.0,3,6,1020.0,510.0,1992,0.0,98001,47.2861,-122.252,1410.0,9997.0,2014-10-16,154000.0
8651200080,5.0,3.0,3330.0,19126.0,2.0,0.0,0.0,4,11,2610.0,720.0,1977,0.0,98040,47.5485,-122.214,3330.0,16893.0,2014-06-19,1190000.0
1329300480,4.0,2.5,2643.0,5750.0,2.0,0.0,0.0,3,8,2643.0,0.0,2012,0.0,98030,47.3519,-122.173,2406.0,5772.0,2014-10-23,376950.0
1972201305,2.0,2.0,1250.0,3360.0,1.0,0.0,0.0,3,7,1250.0,0.0,1957,0.0,98103,47.6526,-122.349,1250.0,3360.0,2014-07-29,500000.0
425079001,3.0,2.5,3230.0,129578.0,1.0,0.0,0.0,4,8,2100.0,1130.0,1964,0.0,98014,47.682,-121.913,2760.0,62059.0,2015-04-23,499950.0
9347900020,3.0,1.0,880.0,9035.0,1.0,0.0,0.0,4,6,880.0,0.0,1967,0.0,98059,47.476,-122.151,1440.0,10350.0,2015-01-27,230000.0
1015000050,4.0,2.5,2220.0,5900.0,2.0,0.0,0.0,3,8,2220.0,0.0,2014,0.0,98117,47.6956,-122.36,1620.0,5900.0,2015-01-06,652600.0
9542802000,3.0,1.75,1130.0,7000.0,1.0,0.0,0.0,3,7,1130.0,0.0,1978,0.0,98023,47.307,-122.372,1830.0,8880.0,2014-12-29,185000.0
8088600080,3.0,1.0,1450.0,8820.0,1.0,0.0,0.0,3,6,1050.0,400.0,1958,0.0,98168,47.4698,-122.264,1510.0,8820.0,2014-06-02,274950.0
5637500250,2.0,1.0,760.0,6035.0,1.0,0.0,0.0,3,6,760.0,0.0,1920,0.0,98136,47.5443,-122.382,2110.0,6046.0,2015-02-10,447000.0
87000213,2.0,1.0,1150.0,30184.0,1.0,0.0,0.0,3,6,1150.0,0.0,1950,0.0,98055,47.4492,-122.2,1670.0,19684.0,2014-06-13,129000.0
5104200470,5.0,3.0,2720.0,9856.0,2.0,0.0,0.0,4,8,2720.0,0.0,1969,0.0,98059,47.4778,-122.146,1420.0,9685.0,2015-03-25,436000.0
455000190,3.0,1.75,2080.0,5000.0,2.0,,0.0,5,8,2080.0,0.0,1906,0.0,98103,47.6717,-122.356,1820.0,5000.0,2014-10-06,825000.0
3356403140,3.0,1.0,1080.0,16000.0,1.0,0.0,0.0,3,6,1080.0,0.0,1952,0.0,98001,47.2873,-122.251,1610.0,10007.0,2014-10-10,225000.0
4472000050,3.0,2.5,1890.0,6088.0,2.0,,0.0,3,7,1890.0,0.0,1996,0.0,98002,47.2886,-122.218,1700.0,6600.0,2015-03-09,265000.0
5350200425,3.0,1.5,1500.0,5111.0,2.0,0.0,0.0,5,8,1500.0,0.0,1984,0.0,98122,47.6118,-122.284,2380.0,4519.0,2015-03-09,765000.0
3975400190,4.0,2.0,1960.0,2166.0,1.5,0.0,0.0,4,7,1260.0,700.0,1926,0.0,98103,47.6545,-122.344,1670.0,4000.0,2014-11-04,509000.0
9541600255,4.0,1.75,2570.0,8640.0,1.0,0.0,0.0,4,8,2570.0,0.0,1958,0.0,98005,47.5956,-122.172,2520.0,8800.0,2015-03-10,762450.0
5538300460,5.0,1.5,1830.0,9000.0,1.0,0.0,2.0,3,7,1030.0,800.0,1955,0.0,98155,47.7488,-122.292,2610.0,11175.0,2014-12-10,465000.0
7625700305,3.0,1.75,1980.0,6250.0,1.0,0.0,1.0,5,7,1090.0,890.0,1910,0.0,98136,47.554,-122.385,1980.0,6250.0,2014-06-05,564000.0
2895600420,2.0,1.0,1130.0,5236.0,1.0,0.0,0.0,4,6,1130.0,0.0,1942,0.0,98146,47.5103,-122.386,1010.0,5320.0,2015-04-21,384500.0
2320069260,3.0,2.0,2010.0,33090.0,1.5,0.0,2.0,5,8,2010.0,0.0,1986,0.0,98022,47.2133,-122.007,1840.0,22620.0,2014-10-27,415000.0
7305300470,2.0,1.75,1820.0,8409.0,1.0,0.0,0.0,4,6,910.0,910.0,1948,0.0,98155,47.7538,-122.327,1300.0,8409.0,2014-12-01,345000.0
9477940440,4.0,2.5,2340.0,6896.0,2.0,0.0,0.0,3,7,2340.0,0.0,2001,0.0,98059,47.4896,-122.14,2950.0,6775.0,2014-06-17,465950.0
2561340020,3.0,1.75,1780.0,11096.0,1.0,,0.0,3,7,1210.0,570.0,1979,0.0,98074,47.617,-122.051,1780.0,10640.0,2014-08-04,325000.0
2561340020,3.0,1.75,1780.0,11096.0,1.0,,0.0,3,7,1210.0,570.0,1979,0.0,98074,47.617,-122.051,1780.0,10640.0,2015-02-17,500000.0
524069075,4.0,2.5,2450.0,20348.0,1.0,0.0,0.0,3,8,1410.0,1040.0,1978,0.0,98075,47.5887,-122.064,2450.0,50094.0,2014-10-24,450000.0
2296700050,4.0,3.0,2410.0,8284.0,1.0,0.0,0.0,5,7,1210.0,1200.0,1969,0.0,98034,47.7202,-122.22,2050.0,7940.0,2014-10-10,475000.0
4122900190,5.0,1.75,3380.0,20021.0,1.0,0.0,0.0,4,8,1690.0,1690.0,1963,0.0,98004,47.6395,-122.211,3260.0,19809.0,2014-05-12,1350000.0
2754700095,3.0,1.5,1710.0,5120.0,2.0,0.0,0.0,4,7,1710.0,0.0,1920,0.0,98115,47.6801,-122.305,1530.0,5170.0,2015-03-16,747000.0
9265700005,3.0,1.75,1740.0,6220.0,1.0,0.0,0.0,4,6,1740.0,0.0,1954,0.0,98177,47.762,-122.362,1630.0,8418.0,2014-08-22,395000.0
9826700726,3.0,2.5,1995.0,1483.0,3.0,0.0,0.0,3,8,1760.0,235.0,2005,0.0,98102,47.6025,-122.31,1520.0,1173.0,2014-10-06,505000.0
321049193,3.0,2.0,1760.0,9282.0,1.0,0.0,0.0,5,7,1100.0,660.0,1947,0.0,98001,47.3413,-122.29,1730.0,7500.0,2014-10-17,215000.0
1923099034,4.0,3.5,3970.0,210830.0,2.0,0.0,0.0,3,9,3970.0,0.0,2000,0.0,98045,47.4614,-121.713,1680.0,42665.0,2015-01-16,775000.0
4305600250,4.0,2.5,3000.0,5471.0,2.0,0.0,0.0,3,8,3000.0,0.0,2013,0.0,98059,47.4797,-122.126,2730.0,5471.0,2014-10-27,540000.0
6648100010,3.0,1.75,1540.0,8925.0,1.0,0.0,0.0,4,7,1540.0,0.0,1957,0.0,98133,47.7762,-122.337,1620.0,10397.0,2014-11-19,392500.0
5536100020,3.0,2.0,2160.0,15788.0,1.0,0.0,0.0,3,8,2160.0,0.0,1951,0.0,98004,47.6227,-122.207,2260.0,9787.0,2014-12-15,987000.0
5536100020,3.0,2.0,2160.0,15788.0,1.0,0.0,0.0,3,8,2160.0,0.0,1951,0.0,98004,47.6227,-122.207,2260.0,9787.0,2015-05-12,1190000.0
5104450440,3.0,2.0,1810.0,10684.0,2.0,0.0,0.0,3,8,1810.0,0.0,1987,0.0,98058,47.4619,-122.153,2140.0,9657.0,2014-11-13,252500.0
7560000050,3.0,3.5,2440.0,3502.0,2.0,0.0,0.0,3,7,1970.0,470.0,2000,0.0,98005,47.589,-122.165,2440.0,3417.0,2015-04-23,730000.0
7784400130,6.0,2.75,3200.0,9200.0,1.0,0.0,2.0,4,8,1600.0,1600.0,1953,0.0,98146,47.492,-122.364,2220.0,9500.0,2014-05-05,497300.0
7298900010,4.0,2.5,2970.0,34981.0,2.0,0.0,0.0,3,9,2970.0,0.0,1998,0.0,98077,47.7365,-122.037,3170.0,30277.0,2014-09-24,640000.0
259601100,5.0,2.0,2290.0,7125.0,1.0,,0.0,3,7,1190.0,1100.0,1964,0.0,98008,47.634,-122.119,1460.0,7920.0,2014-05-13,580000.0
8041100010,3.0,1.75,1820.0,34800.0,1.0,0.0,0.0,4,6,1820.0,0.0,1967,0.0,98027,47.4616,-121.98,2570.0,52707.0,2014-08-18,377000.0
5318100840,4.0,3.5,3010.0,3600.0,2.0,0.0,0.0,3,9,2370.0,640.0,1999,0.0,98112,47.6341,-122.284,2650.0,4200.0,2014-06-06,1280000.0
2771101964,3.0,1.5,1360.0,1488.0,2.0,0.0,0.0,3,7,1120.0,240.0,2003,0.0,98199,47.6526,-122.384,1360.0,1573.0,2014-08-12,396500.0
1560870470,4.0,2.5,2080.0,2999.0,2.0,0.0,0.0,3,8,2080.0,0.0,1998,0.0,98059,47.4909,-122.157,1630.0,3148.0,2014-07-31,300000.0
1232000950,3.0,1.0,1110.0,4800.0,1.5,,0.0,3,7,1110.0,0.0,1946,0.0,98117,47.6857,-122.378,1510.0,4320.0,2015-03-12,532000.0
8682261440,2.0,1.75,1560.0,4500.0,1.0,0.0,0.0,3,8,1560.0,,2004,0.0,98053,47.7128,-122.032,1860.0,4500.0,2015-01-13,579000.0
1370801440,4.0,2.5,3520.0,7815.0,2.0,0.0,3.0,3,10,3140.0,380.0,1929,0.0,98199,47.6429,-122.412,2790.0,6644.0,2015-03-25,1400000.0
7680400050,5.0,1.75,2280.0,43560.0,1.0,0.0,1.0,4,8,1380.0,900.0,1949,0.0,98166,47.4558,-122.362,1940.0,17664.0,2014-10-22,571000.0
6928000440,3.0,1.75,1370.0,9288.0,1.0,0.0,0.0,4,7,1370.0,0.0,1988,0.0,98059,47.4824,-122.152,1500.0,9864.0,2014-07-18,301950.0
3797000290,3.0,3.0,2340.0,2970.0,2.0,,0.0,5,8,2160.0,180.0,1925,0.0,98103,47.6868,-122.348,1370.0,4000.0,2014-06-12,660000.0
9264030470,4.0,2.5,3170.0,10688.0,2.0,0.0,2.0,3,9,3170.0,0.0,2001,0.0,98001,47.3179,-122.257,3100.0,12610.0,2014-06-11,455000.0
6300000396,3.0,1.75,1380.0,5060.0,1.0,,0.0,3,7,1380.0,0.0,1986,0.0,98133,47.7059,-122.341,1030.0,5060.0,2014-12-16,375000.0
1786700080,4.0,2.5,2700.0,6769.0,2.0,0.0,0.0,3,9,2700.0,0.0,1999,0.0,98042,47.3753,-122.155,2880.0,7968.0,2015-01-15,470000.0
5116000170,3.0,2.5,1300.0,10484.0,2.0,0.0,0.0,3,8,1300.0,0.0,1983,0.0,98028,47.7768,-122.268,1380.0,7868.0,2015-03-31,374990.0
8682282210,2.0,2.5,1900.0,3690.0,2.0,0.0,0.0,3,8,1900.0,0.0,2006,0.0,98053,47.7082,-122.019,1900.0,5153.0,2015-04-17,541500.0
8651611640,3.0,2.5,3750.0,7821.0,2.0,0.0,0.0,3,9,3750.0,0.0,2001,0.0,98074,47.6325,-122.064,3210.0,8405.0,2015-04-24,782500.0
8946750020,3.0,2.25,1552.0,3677.0,2.0,0.0,0.0,3,7,1552.0,,2012,0.0,98092,47.3205,-122.178,1677.0,3677.0,2015-05-07,264000.0
1939130420,4.0,2.5,2500.0,7417.0,2.0,0.0,0.0,3,9,2500.0,0.0,1991,0.0,98074,47.6251,-122.026,2770.0,8188.0,2014-07-15,640000.0
7640400190,3.0,2.0,1770.0,8141.0,1.0,0.0,0.0,5,8,1770.0,0.0,1952,0.0,98177,47.7232,-122.371,1770.0,8100.0,2015-02-13,660000.0
4139420430,5.0,3.5,4210.0,17258.0,2.0,0.0,3.0,3,12,4210.0,0.0,1995,0.0,98006,47.553,-122.114,4630.0,17909.0,2014-06-11,1370000.0
1509500080,3.0,2.5,2170.0,8140.0,2.0,0.0,0.0,3,9,2170.0,0.0,1994,0.0,98030,47.385,-122.169,2390.0,8100.0,2015-03-17,389950.0
6341000020,2.0,1.0,1510.0,19874.0,1.0,0.0,0.0,3,7,1510.0,0.0,1951,0.0,98146,47.4924,-122.34,1540.0,10000.0,2015-03-04,226000.0
1022069071,3.0,1.75,1870.0,40250.0,1.0,0.0,0.0,5,7,1870.0,0.0,1959,0.0,98038,47.4038,-122.036,1870.0,40250.0,2014-08-08,390000.0
8078400020,3.0,2.25,1570.0,8111.0,2.0,,0.0,3,8,1570.0,0.0,1984,0.0,98074,47.6324,-122.028,1990.0,7875.0,2015-02-23,485000.0
9113200250,4.0,2.5,2480.0,4602.0,2.0,,0.0,3,9,2480.0,0.0,2000,0.0,98052,47.6835,-122.161,3480.0,5739.0,2015-04-13,840000.0
1592300010,5.0,3.5,3580.0,21343.0,1.5,0.0,0.0,4,8,2140.0,1440.0,1937,0.0,98155,47.7646,-122.302,2430.0,21343.0,2014-09-26,600000.0
9250900095,2.0,1.0,1480.0,6210.0,1.0,0.0,0.0,3,7,1080.0,400.0,1950,0.0,98133,47.774,-122.351,1290.0,7509.0,2014-08-19,331000.0
8815400670,3.0,2.0,2610.0,6000.0,1.0,0.0,0.0,5,7,1310.0,1300.0,1941,0.0,98115,47.675,-122.289,2330.0,4800.0,2014-10-16,780000.0
7212680080,3.0,1.75,1700.0,8481.0,2.0,0.0,0.0,3,7,1700.0,0.0,1993,0.0,98003,47.2623,-122.305,1830.0,6600.0,2014-10-15,300000.0
2968801315,3.0,1.75,1240.0,7620.0,1.0,0.0,0.0,3,7,1240.0,0.0,1968,20140.0,98166,47.4576,-122.348,1150.0,7620.0,2014-09-17,361810.0
6141100255,3.0,1.0,1660.0,6582.0,1.0,0.0,0.0,5,7,1000.0,660.0,1946,0.0,98133,47.7169,-122.353,1110.0,6584.0,2014-05-15,467000.0
8068000440,3.0,1.75,1620.0,10000.0,1.5,0.0,0.0,5,6,1620.0,0.0,1918,0.0,98178,47.5091,-122.262,1880.0,10000.0,2014-12-26,399000.0
7883605900,3.0,1.75,1130.0,7500.0,1.5,0.0,0.0,4,7,1130.0,0.0,1908,0.0,98108,47.5254,-122.318,1240.0,6000.0,2014-10-15,315450.0
9521101315,3.0,1.0,1310.0,5000.0,1.5,0.0,0.0,3,7,1310.0,0.0,1906,0.0,98103,47.6624,-122.347,1530.0,4800.0,2015-05-01,600000.0
8651442910,4.0,2.0,1710.0,5200.0,1.0,0.0,0.0,4,7,910.0,800.0,1977,0.0,98042,47.3634,-122.09,1560.0,5200.0,2015-03-25,247500.0
8113101233,3.0,1.0,2140.0,5037.0,1.0,0.0,0.0,3,7,2140.0,0.0,1957,0.0,98118,47.5494,-122.274,1630.0,6054.0,2015-01-30,330000.0
7016200460,4.0,2.25,2350.0,7210.0,1.5,0.0,0.0,4,7,2350.0,0.0,1972,0.0,98011,47.7407,-122.183,1930.0,7519.0,2014-08-26,500000.0
4189800020,3.0,1.0,1570.0,10050.0,1.0,0.0,0.0,3,7,1570.0,0.0,1963,0.0,98028,47.736,-122.231,2540.0,9940.0,2014-08-20,367500.0
5506500170,3.0,2.5,2780.0,32880.0,1.0,0.0,0.0,3,9,2780.0,0.0,1993,0.0,98045,47.4798,-121.727,2780.0,40091.0,2014-09-12,560000.0
5135000170,4.0,1.75,2540.0,7620.0,1.0,0.0,3.0,3,8,1320.0,1220.0,1948,0.0,98116,47.5709,-122.406,2540.0,8613.0,2014-08-06,655000.0
8155500020,5.0,2.75,2500.0,7140.0,1.0,0.0,0.0,4,7,1250.0,1250.0,1968,0.0,98008,47.6225,-122.108,2230.0,8400.0,2014-10-18,530000.0
2597501190,3.0,2.25,2080.0,26574.0,1.0,0.0,2.0,3,7,1380.0,700.0,1993,0.0,98002,47.2846,-122.192,1770.0,8140.0,2015-05-12,270000.0
5288200225,3.0,2.0,1760.0,2875.0,2.0,0.0,2.0,3,7,1290.0,470.0,1988,0.0,98126,47.5602,-122.378,1760.0,4830.0,2014-11-25,437500.0
6189200050,3.0,1.75,1760.0,10349.0,1.0,0.0,0.0,3,8,1760.0,0.0,1957,0.0,98005,47.6347,-122.173,1970.0,10933.0,2015-02-03,575000.0
6664900470,4.0,2.5,1940.0,6887.0,2.0,0.0,0.0,3,7,1940.0,0.0,1990,0.0,98023,47.2911,-122.353,1870.0,6144.0,2014-11-07,278000.0
7954300460,4.0,2.5,3010.0,6181.0,2.0,0.0,0.0,3,9,3010.0,0.0,2000,0.0,98056,47.5212,-122.192,2960.0,6515.0,2014-09-04,568500.0
8018600655,4.0,3.0,2460.0,9606.0,1.0,0.0,0.0,3,8,2460.0,0.0,2012,0.0,98168,47.4889,-122.317,1730.0,7500.0,2015-03-26,280000.0
2508000020,2.0,1.0,750.0,6350.0,1.0,,0.0,3,5,750.0,0.0,1920,0.0,98103,47.6938,-122.356,920.0,6350.0,2014-08-19,250000.0
1424059130,3.0,0.75,1300.0,72309.0,1.0,0.0,0.0,3,6,680.0,620.0,1950,19870.0,98006,47.567,-122.124,3080.0,8395.0,2015-03-18,247500.0
7856660130,5.0,2.75,3710.0,13874.0,1.5,0.0,3.0,4,9,2340.0,1370.0,1977,0.0,98006,47.5686,-122.154,3370.0,13874.0,2014-12-04,1250000.0
5302400080,4.0,2.5,2360.0,15008.0,1.0,0.0,0.0,3,9,1920.0,440.0,1986,0.0,98028,47.7363,-122.254,2680.0,15344.0,2014-10-15,535000.0
3026059368,3.0,2.5,3190.0,6899.0,2.0,0.0,0.0,3,9,3190.0,0.0,2014,0.0,98034,47.7153,-122.221,3190.0,6899.0,2014-07-11,814842.0
3275910020,4.0,2.5,2181.0,5521.0,2.0,0.0,0.0,3,8,2181.0,0.0,2006,0.0,98001,47.3503,-122.291,2333.0,5143.0,2015-02-13,340000.0
2229900020,3.0,1.75,1890.0,9100.0,2.0,0.0,0.0,4,7,1890.0,0.0,1952,0.0,98133,47.7676,-122.339,1640.0,9100.0,2014-06-10,359950.0
7748000020,3.0,1.75,2610.0,5544.0,1.5,0.0,0.0,3,8,1680.0,930.0,1934,0.0,98117,47.684,-122.376,1330.0,5074.0,2014-06-21,750000.0
7457000005,4.0,2.0,3090.0,8125.0,2.5,0.0,0.0,5,8,3090.0,0.0,1918,0.0,98117,47.6851,-122.395,1560.0,6250.0,2014-09-26,1220000.0
9268200285,2.0,1.0,860.0,5040.0,1.0,0.0,0.0,3,7,860.0,,1956,0.0,98117,47.6977,-122.365,1570.0,5040.0,2014-07-03,370000.0
1328330780,3.0,1.0,1000.0,9170.0,1.0,,0.0,3,7,1000.0,0.0,1980,0.0,98058,47.4405,-122.134,1610.0,9170.0,2015-04-15,329950.0
7806450190,3.0,2.5,2760.0,35171.0,2.0,,0.0,3,9,2760.0,0.0,1990,0.0,98058,47.465,-122.123,2720.0,35171.0,2015-01-02,500000.0
626400020,4.0,2.5,3490.0,18521.0,2.0,0.0,0.0,4,9,3490.0,0.0,1990,0.0,98077,47.7406,-122.07,2850.0,18521.0,2014-09-18,734000.0
5416510920,4.0,2.5,2960.0,5054.0,2.0,,0.0,3,9,2960.0,0.0,2006,0.0,98038,47.3601,-122.035,2960.0,5000.0,2014-06-16,385000.0
3330500345,2.0,1.0,1280.0,4635.0,1.0,0.0,0.0,3,6,840.0,440.0,1917,0.0,98118,47.5532,-122.28,1660.0,6180.0,2015-04-20,230000.0
3885801190,4.0,3.5,3230.0,7200.0,1.0,0.0,1.0,3,10,1640.0,1590.0,2000,0.0,98033,47.6838,-122.212,2660.0,7200.0,2014-07-30,1390000.0
1035000007,3.0,2.0,1830.0,4992.0,1.0,,0.0,3,7,1230.0,600.0,1953,0.0,98118,47.5145,-122.27,2050.0,7740.0,2014-12-18,210000.0
1471701470,3.0,1.75,1420.0,13187.0,1.0,0.0,0.0,4,7,1420.0,0.0,1974,0.0,98059,47.4608,-122.065,1620.0,13824.0,2014-07-31,293000.0
7519000225,3.0,1.0,1580.0,3774.0,1.5,0.0,0.0,3,6,1580.0,0.0,1900,0.0,98117,47.6839,-122.361,1580.0,3860.0,2014-10-30,465000.0
1433290010,3.0,2.25,1960.0,44634.0,1.0,0.0,0.0,3,7,1130.0,830.0,1984,0.0,98028,47.7769,-122.253,1970.0,44634.0,2015-01-12,449000.0
1223049150,2.0,1.75,1670.0,10725.0,1.0,0.0,0.0,3,7,1670.0,0.0,1965,0.0,98178,47.4893,-122.229,1600.0,10725.0,2015-04-14,325000.0
5198600010,3.0,2.0,1670.0,7056.0,1.0,0.0,0.0,4,7,1670.0,0.0,1958,0.0,98002,47.3139,-122.212,1330.0,8415.0,2014-08-19,180000.0
4310703070,6.0,3.0,2960.0,5000.0,1.0,0.0,0.0,3,8,1790.0,1170.0,1968,0.0,98103,47.6971,-122.341,1280.0,1251.0,2015-04-13,650000.0
6154900005,4.0,2.75,2420.0,7102.0,1.0,0.0,0.0,5,7,1670.0,750.0,1946,0.0,98177,47.7042,-122.371,1620.0,7102.0,2014-09-24,665000.0
3541700170,3.0,2.0,1420.0,16000.0,1.0,0.0,0.0,3,7,1420.0,0.0,1966,0.0,98166,47.478,-122.358,1900.0,12630.0,2014-10-17,324450.0
952001495,4.0,1.75,2170.0,5750.0,1.0,0.0,2.0,3,7,1370.0,800.0,1975,0.0,98116,47.5668,-122.383,1450.0,5750.0,2015-03-06,588000.0
8122600020,4.0,1.0,1310.0,5200.0,1.5,0.0,0.0,3,6,1160.0,150.0,1945,0.0,98126,47.5384,-122.37,1090.0,5180.0,2014-05-21,200000.0
3579700080,4.0,1.75,1830.0,11090.0,1.0,0.0,0.0,3,7,1060.0,770.0,1962,0.0,98028,47.7333,-122.246,1990.0,10917.0,2014-09-05,383000.0
2769602140,3.0,2.0,1360.0,2500.0,1.0,0.0,0.0,3,7,730.0,630.0,1986,0.0,98107,47.6753,-122.363,1630.0,5000.0,2014-12-15,499950.0
5152920170,5.0,2.5,3440.0,12350.0,1.0,,2.0,4,9,1760.0,1680.0,1976,0.0,98003,47.3427,-122.325,3440.0,12763.0,2015-04-21,549000.0
3226049530,5.0,3.0,2010.0,7264.0,1.0,0.0,0.0,3,7,1290.0,720.0,1990,0.0,98103,47.6945,-122.33,1510.0,7326.0,2015-01-22,465000.0
4017050020,3.0,2.5,2450.0,19744.0,2.0,0.0,0.0,3,10,2450.0,0.0,1990,0.0,98038,47.3746,-122.026,2650.0,19597.0,2014-08-14,450000.0
3982700250,4.0,2.5,3030.0,7800.0,2.0,0.0,0.0,3,9,1580.0,1450.0,1991,0.0,98033,47.689,-122.196,2840.0,7435.0,2015-04-23,799900.0
2523069134,4.0,2.5,2480.0,91911.0,1.0,0.0,2.0,4,7,1470.0,1010.0,1973,0.0,98027,47.4579,-121.981,2540.0,91911.0,2015-04-06,495000.0
7281300010,3.0,3.5,4310.0,10842.0,2.0,0.0,2.0,3,10,3140.0,1170.0,1988,0.0,98177,47.7735,-122.386,2280.0,11106.0,2014-08-22,1200000.0
3396800280,4.0,2.5,2120.0,15000.0,2.0,0.0,0.0,4,8,2120.0,0.0,1983,0.0,98052,47.7159,-122.1,2170.0,15000.0,2015-02-23,637000.0
7234600851,4.0,1.0,2210.0,4366.0,2.0,0.0,0.0,3,8,2210.0,0.0,1901,0.0,98122,47.6105,-122.309,1740.0,1745.0,2014-12-16,589000.0
7418000020,3.0,1.75,1400.0,10350.0,1.0,0.0,0.0,4,7,1400.0,0.0,1976,0.0,98059,47.479,-122.132,1780.0,10457.0,2014-07-24,305000.0
7548300170,4.0,2.25,2760.0,5200.0,2.0,,0.0,3,7,1790.0,970.0,1910,20030.0,98144,47.589,-122.313,1310.0,2059.0,2015-03-31,600000.0
1446300020,4.0,2.5,2550.0,6256.0,2.0,0.0,0.0,3,9,2550.0,0.0,1992,0.0,98072,47.7742,-122.166,2460.0,8256.0,2014-05-31,587000.0
4385700425,2.0,2.5,2220.0,4000.0,2.0,0.0,0.0,3,9,2220.0,0.0,2000,0.0,98112,47.6364,-122.28,1870.0,4000.0,2014-05-05,1430000.0
16000545,4.0,1.0,1320.0,11212.0,1.0,0.0,0.0,5,6,1320.0,0.0,1914,0.0,98002,47.3098,-122.209,1060.0,6766.0,2015-03-12,250000.0
7996720050,3.0,3.0,2440.0,3202.0,2.0,0.0,0.0,4,8,1640.0,800.0,1982,0.0,98133,47.7152,-122.342,2440.0,3200.0,2015-04-24,515000.0
8691310840,4.0,2.75,3780.0,10308.0,2.0,0.0,0.0,3,10,3780.0,0.0,1999,0.0,98075,47.589,-121.983,3500.0,10740.0,2014-05-09,833000.0
4309700130,3.0,3.25,4720.0,32467.0,2.0,0.0,2.0,3,10,3190.0,1530.0,1998,0.0,98059,47.508,-122.113,3260.0,26386.0,2014-06-04,860000.0
5100401060,4.0,3.0,2360.0,6678.0,1.0,0.0,0.0,3,8,1760.0,600.0,1949,0.0,98115,47.6919,-122.313,1640.0,6380.0,2014-09-08,550000.0
1180002580,2.0,1.0,890.0,6000.0,1.0,0.0,0.0,2,6,890.0,0.0,1919,0.0,98178,47.4976,-122.225,1100.0,6000.0,2015-03-19,180000.0
3379100130,4.0,1.75,1770.0,9375.0,1.0,0.0,0.0,4,7,1170.0,600.0,1968,0.0,98052,47.6935,-122.112,1540.0,9375.0,2014-06-18,507000.0
8645900080,3.0,2.0,1720.0,128066.0,1.0,0.0,0.0,3,7,1720.0,0.0,1994,0.0,98027,47.4487,-121.981,2360.0,111078.0,2014-08-27,427000.0
7569500010,3.0,3.5,2490.0,2722.0,2.0,0.0,0.0,3,8,2020.0,470.0,1999,0.0,98005,47.5893,-122.165,2490.0,2755.0,2014-11-20,616950.0
8026200080,4.0,1.75,1890.0,10550.0,1.0,0.0,0.0,5,7,1010.0,880.0,1969,0.0,98056,47.5147,-122.193,1930.0,7291.0,2014-07-15,372000.0
5101404555,2.0,1.0,1020.0,6380.0,1.0,0.0,0.0,3,7,1020.0,0.0,1930,19730.0,98115,47.6971,-122.317,1380.0,6380.0,2014-10-06,290000.0
9432900250,4.0,2.75,2420.0,8438.0,2.0,0.0,0.0,3,8,2420.0,0.0,1997,0.0,98022,47.2089,-122.011,2270.0,8770.0,2015-03-09,329990.0
3995700250,3.0,1.75,1600.0,8156.0,1.0,,0.0,5,7,1600.0,0.0,1948,0.0,98155,47.7397,-122.3,1200.0,8156.0,2014-10-13,393500.0
2574900080,5.0,3.25,3370.0,17458.0,1.0,0.0,2.0,5,10,2000.0,1370.0,1982,0.0,98040,47.5591,-122.229,4240.0,15202.0,2014-05-13,1550000.0
8731982630,4.0,2.25,1720.0,8300.0,1.0,0.0,0.0,4,8,1720.0,0.0,1973,0.0,98023,47.3192,-122.385,2010.0,8000.0,2014-05-22,240000.0
2968800660,3.0,1.0,1090.0,8640.0,1.0,,0.0,4,6,1090.0,0.0,1973,0.0,98166,47.459,-122.355,1260.0,8400.0,2014-05-13,285000.0
2872900010,3.0,1.5,1090.0,9862.0,1.0,0.0,0.0,3,8,1090.0,0.0,1987,0.0,98074,47.6256,-122.036,1710.0,9862.0,2015-04-14,382500.0
1118000080,4.0,3.75,3600.0,16101.0,1.0,0.0,0.0,3,9,3600.0,0.0,1951,0.0,98112,47.6308,-122.287,3650.0,9506.0,2015-03-31,1930000.0
8923600185,3.0,2.5,2760.0,9471.0,1.0,0.0,2.0,3,8,1760.0,1000.0,1956,0.0,98115,47.676,-122.272,3040.0,6765.0,2014-08-29,800000.0
1725059252,4.0,3.5,2770.0,24140.0,2.0,0.0,0.0,3,8,2770.0,0.0,1967,0.0,98033,47.6585,-122.186,1720.0,16011.0,2015-04-02,550000.0
3818700190,4.0,1.75,2520.0,15205.0,1.0,0.0,0.0,4,7,2040.0,480.0,1954,0.0,98028,47.7642,-122.264,1680.0,10000.0,2014-12-15,387846.0
5125400305,4.0,2.0,1960.0,16015.0,1.0,0.0,0.0,3,7,1960.0,0.0,1980,0.0,98002,47.33,-122.22,1960.0,16015.0,2014-08-21,367500.0
4232400010,5.0,1.0,1760.0,4264.0,2.0,0.0,0.0,3,8,1760.0,0.0,1902,0.0,98112,47.6246,-122.312,2130.0,4264.0,2014-08-04,780500.0
5100402606,3.0,1.75,1090.0,6775.0,1.0,0.0,0.0,4,7,850.0,240.0,1950,0.0,98115,47.6934,-122.321,1580.0,5760.0,2015-05-05,680000.0
3876300080,5.0,1.75,1960.0,7875.0,1.0,0.0,0.0,4,7,1960.0,0.0,1968,0.0,98034,47.7256,-122.18,1800.0,7764.0,2014-12-24,434400.0
1246700050,2.0,1.0,1220.0,17172.0,1.0,0.0,0.0,4,6,1220.0,0.0,1947,0.0,98033,47.6934,-122.163,1510.0,12915.0,2014-06-12,370000.0
1837010010,3.0,1.75,1730.0,8073.0,1.0,0.0,0.0,3,8,1350.0,380.0,1971,0.0,98177,47.7694,-122.367,2500.0,8073.0,2015-03-13,465000.0
1328320280,3.0,2.0,1830.0,6925.0,1.0,,0.0,4,8,1830.0,0.0,1979,0.0,98058,47.4445,-122.123,2010.0,7350.0,2015-03-27,323000.0
5468760050,4.0,2.5,1600.0,9921.0,2.0,0.0,0.0,3,7,1600.0,0.0,2009,0.0,98042,47.3678,-122.124,2140.0,5806.0,2015-01-05,270000.0
5556300114,3.0,1.75,2040.0,42693.0,1.0,0.0,2.0,3,10,2040.0,0.0,1980,0.0,98052,47.6479,-122.12,2640.0,11957.0,2014-12-19,1320000.0
2316800020,4.0,2.5,2710.0,6583.0,2.0,0.0,0.0,3,9,2710.0,0.0,2003,0.0,98059,47.4922,-122.141,2710.0,6583.0,2014-06-27,560000.0
7133300675,3.0,1.0,1140.0,4500.0,1.0,0.0,0.0,3,6,840.0,300.0,1907,0.0,98144,47.5897,-122.314,1150.0,3000.0,2015-04-28,450000.0
751000020,2.0,1.0,930.0,7740.0,1.0,0.0,0.0,3,6,930.0,0.0,1924,0.0,98125,47.7091,-122.292,1250.0,7740.0,2014-06-26,290000.0
3578400670,3.0,2.0,1010.0,21340.0,1.0,,0.0,3,8,1010.0,0.0,1980,0.0,98074,47.6223,-122.043,1700.0,13045.0,2014-09-24,354000.0
2767603890,5.0,3.0,2380.0,5000.0,2.0,0.0,0.0,5,7,2380.0,0.0,1909,0.0,98107,47.6722,-122.389,1800.0,4650.0,2015-03-04,705000.0
9477000190,3.0,2.25,1860.0,7200.0,1.0,0.0,0.0,4,7,1240.0,620.0,1977,0.0,98034,47.7332,-122.192,1560.0,7630.0,2014-08-08,445000.0
2268000500,3.0,1.0,1440.0,11925.0,1.0,0.0,0.0,3,7,1440.0,0.0,1968,0.0,98003,47.2738,-122.3,1440.0,10425.0,2014-07-21,229900.0
7202271060,4.0,2.5,2980.0,5896.0,2.0,0.0,0.0,3,8,2980.0,0.0,2001,0.0,98053,47.6872,-122.036,2900.0,5712.0,2015-03-10,610000.0
7852020080,3.0,3.25,2670.0,5108.0,2.0,0.0,2.0,3,9,2670.0,0.0,2000,0.0,98065,47.5342,-121.866,2670.0,6500.0,2014-12-10,535000.0
3298400470,3.0,1.75,2150.0,8925.0,1.0,0.0,0.0,4,7,2150.0,0.0,1960,0.0,98008,47.6253,-122.119,1100.0,7875.0,2015-02-04,437400.0
8854000010,5.0,2.75,3160.0,10059.0,2.0,0.0,0.0,3,10,1740.0,1420.0,1978,0.0,98011,47.7477,-122.217,3120.0,11557.0,2014-08-12,540000.0
1624059093,3.0,2.0,1890.0,29185.0,1.0,0.0,0.0,3,7,1470.0,420.0,1949,20130.0,98006,47.5621,-122.168,2580.0,11600.0,2014-06-30,570000.0
8564950280,3.0,2.5,2810.0,4607.0,2.0,0.0,0.0,3,8,2810.0,0.0,2004,0.0,98011,47.7735,-122.227,2540.0,4871.0,2014-10-09,533000.0
7853230460,3.0,2.5,2690.0,4819.0,2.0,0.0,0.0,3,7,2690.0,0.0,2004,0.0,98065,47.5302,-121.849,2360.0,4829.0,2015-04-03,555000.0
1796350080,3.0,1.75,1230.0,9600.0,1.0,0.0,0.0,4,7,1230.0,0.0,1984,0.0,98042,47.3675,-122.095,1330.0,8250.0,2014-06-23,239950.0
9477200460,3.0,1.0,950.0,9451.0,1.0,0.0,0.0,4,7,950.0,0.0,1977,0.0,98034,47.7308,-122.19,1480.0,8352.0,2015-01-08,350000.0
7972601995,2.0,1.0,1200.0,4880.0,1.0,,0.0,3,6,980.0,220.0,1943,0.0,98106,47.5276,-122.346,1040.0,4880.0,2014-06-16,245000.0
1454100440,4.0,1.75,1670.0,9886.0,1.0,,0.0,5,7,1670.0,0.0,1947,0.0,98125,47.7249,-122.287,2590.0,9997.0,2014-06-05,456000.0
2558690130,4.0,2.25,2140.0,7701.0,1.0,0.0,0.0,4,7,1470.0,670.0,1977,0.0,98034,47.7213,-122.171,2130.0,8050.0,2014-08-13,465000.0
8682310470,2.0,1.75,1440.0,4660.0,1.0,0.0,2.0,3,8,1440.0,0.0,2008,0.0,98053,47.7092,-122.015,1680.0,4989.0,2015-01-07,445000.0
3876000440,5.0,2.75,3050.0,7500.0,1.0,0.0,0.0,4,8,1800.0,1250.0,1966,0.0,98034,47.7249,-122.187,2060.0,7848.0,2014-07-28,517850.0
4137070440,5.0,2.75,2570.0,7260.0,2.0,0.0,0.0,3,8,2570.0,0.0,1996,0.0,98092,47.2622,-122.212,2200.0,7421.0,2014-09-30,329000.0
2391602500,3.0,2.5,1840.0,2875.0,2.0,0.0,0.0,4,7,1840.0,0.0,1997,0.0,98116,47.562,-122.393,1240.0,5750.0,2014-05-15,512500.0
8632100010,2.0,1.0,1250.0,8100.0,1.0,0.0,0.0,4,7,1250.0,0.0,1947,0.0,98125,47.7294,-122.329,1710.0,8100.0,2014-06-04,365000.0
3034200426,3.0,1.0,1410.0,9384.0,1.0,0.0,0.0,3,7,1410.0,0.0,1948,0.0,98133,47.7161,-122.33,1990.0,9384.0,2015-03-20,450500.0
5078400190,3.0,1.0,1560.0,8232.0,1.0,0.0,0.0,3,7,1560.0,0.0,1952,0.0,98004,47.623,-122.205,1930.0,8286.0,2014-10-16,915000.0
1450100420,3.0,1.0,960.0,7314.0,1.0,0.0,0.0,5,6,960.0,0.0,1960,0.0,98002,47.2891,-122.221,990.0,7314.0,2014-06-20,205000.0
1853500290,4.0,2.5,1870.0,8449.0,2.0,0.0,0.0,3,8,1870.0,0.0,1992,0.0,98188,47.4435,-122.274,2160.0,8113.0,2014-08-11,314000.0
8133700020,2.0,1.0,900.0,9260.0,1.0,0.0,0.0,3,7,900.0,0.0,1946,0.0,98107,47.6695,-122.36,1230.0,6913.0,2014-07-02,496000.0
723059073,4.0,1.0,2050.0,7590.0,1.0,0.0,0.0,3,7,1280.0,770.0,1957,0.0,98178,47.4916,-122.224,2050.0,7800.0,2015-04-16,329950.0
2374200005,4.0,2.0,2400.0,6000.0,2.0,0.0,0.0,3,6,2400.0,,1913,19450.0,98011,47.7607,-122.209,1780.0,8732.0,2014-06-16,375000.0
7420200050,3.0,2.5,1850.0,7777.0,2.0,0.0,0.0,5,8,1850.0,0.0,1989,0.0,98033,47.6908,-122.169,1850.0,8482.0,2014-06-20,623000.0
7211350130,4.0,1.5,1220.0,9600.0,1.0,0.0,0.0,3,6,1220.0,0.0,1980,0.0,98014,47.6462,-121.909,1180.0,9000.0,2014-06-19,310000.0
7802900500,3.0,3.25,3140.0,37120.0,1.0,0.0,0.0,3,9,1760.0,,1984,0.0,98065,47.5244,-121.842,2100.0,13500.0,2015-03-04,532500.0
8081900101,4.0,2.25,2410.0,4560.0,2.0,0.0,2.0,5,9,1800.0,610.0,1929,0.0,98117,47.6796,-122.402,2150.0,5100.0,2014-05-28,960000.0
9510300130,4.0,2.5,3130.0,40918.0,2.0,0.0,0.0,3,9,3130.0,0.0,1994,0.0,98045,47.4761,-121.723,2760.0,35440.0,2014-06-28,598000.0
8582010290,3.0,2.5,2300.0,9218.0,2.0,0.0,2.0,3,9,2300.0,0.0,1998,0.0,98027,47.5504,-122.077,2730.0,9930.0,2014-08-14,683000.0
4023500352,5.0,2.5,2840.0,9425.0,1.0,0.0,0.0,4,7,1590.0,1250.0,1962,0.0,98155,47.7609,-122.297,1900.0,11600.0,2015-02-17,425000.0
9482700440,5.0,2.75,1800.0,3780.0,1.5,,0.0,3,7,1400.0,400.0,1926,0.0,98103,47.6831,-122.343,1400.0,3780.0,2014-05-06,533000.0
6117502455,3.0,1.0,1190.0,9486.0,1.0,0.0,0.0,4,7,1190.0,0.0,1953,0.0,98166,47.4319,-122.339,2100.0,10400.0,2014-05-13,375000.0
2791500020,3.0,2.0,1710.0,7225.0,2.0,0.0,0.0,4,7,1710.0,0.0,1988,0.0,98023,47.2917,-122.373,1710.0,7225.0,2014-06-04,250500.0
5643600351,4.0,1.75,1900.0,22896.0,1.5,0.0,0.0,3,7,1360.0,540.0,1922,19900.0,98010,47.3102,-122.023,1300.0,8960.0,2014-08-06,257000.0
4059400585,3.0,1.0,880.0,18205.0,1.0,0.0,0.0,4,6,880.0,0.0,1945,0.0,98178,47.5013,-122.244,1110.0,16115.0,2014-06-24,218000.0
9285800585,3.0,2.0,2060.0,4437.0,1.0,0.0,0.0,3,7,1030.0,1030.0,1929,0.0,98126,47.5705,-122.376,1750.0,4452.0,2014-06-11,460000.0
5727500561,3.0,1.0,1360.0,6186.0,1.5,0.0,0.0,4,6,760.0,600.0,1941,0.0,98133,47.7503,-122.334,1610.0,7453.0,2015-04-14,255544.0
8682310430,2.0,2.0,1680.0,4647.0,1.0,0.0,0.0,3,8,1680.0,0.0,2008,0.0,98053,47.7088,-122.015,1680.0,4950.0,2014-09-14,560000.0
3782760170,4.0,2.5,2980.0,4074.0,2.0,0.0,0.0,3,8,2980.0,0.0,2011,0.0,98019,47.734,-121.965,2320.0,4255.0,2015-02-11,480000.0
1925059073,5.0,1.75,2130.0,19180.0,1.0,0.0,0.0,3,8,1500.0,630.0,1968,0.0,98004,47.638,-122.213,3650.0,19180.0,2014-10-10,1300000.0
6891800500,3.0,2.75,2650.0,9752.0,1.0,0.0,0.0,3,9,2650.0,0.0,1989,0.0,98028,47.768,-122.259,3030.0,9910.0,2015-04-26,580000.0
4319200605,3.0,2.5,1700.0,9100.0,1.0,0.0,0.0,3,8,1160.0,540.0,1998,0.0,98126,47.5369,-122.378,1590.0,8374.0,2014-06-28,475000.0
6117500460,4.0,2.5,2680.0,12215.0,1.0,1.0,4.0,3,9,1590.0,1090.0,1956,0.0,98166,47.4396,-122.353,2960.0,19964.0,2014-06-30,1310000.0
522079022,3.0,2.5,2530.0,623779.0,1.0,0.0,0.0,4,8,2530.0,0.0,1980,0.0,98038,47.4188,-121.949,2120.0,100623.0,2015-03-27,700000.0
3066410080,3.0,2.5,2520.0,10223.0,2.0,0.0,0.0,3,10,2520.0,0.0,1988,0.0,98074,47.631,-122.042,2630.0,10091.0,2014-09-17,590000.0
4137000280,3.0,2.5,1630.0,8346.0,1.0,0.0,0.0,3,8,1630.0,0.0,1990,0.0,98092,47.2622,-122.219,2110.0,8619.0,2015-02-22,264500.0
2767600920,2.0,1.0,730.0,2600.0,1.0,0.0,0.0,4,6,730.0,0.0,1918,0.0,98107,47.6751,-122.379,1480.0,3900.0,2014-10-27,465000.0
7972601680,3.0,1.0,910.0,7620.0,1.0,0.0,2.0,3,7,910.0,0.0,1971,0.0,98106,47.5278,-122.343,1660.0,7620.0,2015-03-23,290000.0
1725059136,4.0,4.5,4510.0,12873.0,2.0,0.0,2.0,3,12,4510.0,0.0,1998,0.0,98033,47.6491,-122.201,2200.0,8528.0,2014-11-21,1820000.0
4037000080,3.0,1.0,1110.0,12150.0,1.0,0.0,0.0,4,7,1110.0,0.0,1957,0.0,98008,47.6034,-122.122,1490.0,8200.0,2014-06-15,416000.0
3580900290,4.0,2.0,1450.0,8940.0,1.0,0.0,0.0,3,7,1450.0,0.0,1962,0.0,98034,47.7304,-122.24,1310.0,8914.0,2015-01-28,360000.0
7527410080,5.0,2.75,2910.0,36250.0,1.0,0.0,0.0,3,8,1590.0,1320.0,1977,0.0,98075,47.5916,-122.076,2910.0,37376.0,2014-06-02,585083.0
2653000005,4.0,2.75,2600.0,2750.0,1.5,0.0,0.0,3,7,1620.0,980.0,1936,0.0,98119,47.6413,-122.357,1960.0,3705.0,2014-05-12,840000.0
3028200080,2.0,1.0,730.0,9975.0,1.0,,0.0,1,5,730.0,0.0,1943,0.0,98168,47.4808,-122.315,860.0,9000.0,2015-03-24,81000.0
4218400005,3.0,2.25,2440.0,9200.0,1.0,0.0,1.0,4,8,2440.0,0.0,1950,0.0,98105,47.6629,-122.269,2750.0,6211.0,2015-01-30,1290000.0
4058802335,4.0,1.75,2290.0,7380.0,1.0,0.0,0.0,3,7,1390.0,900.0,1963,0.0,98178,47.5034,-122.245,1170.0,7381.0,2014-11-25,326000.0
2487200680,2.0,1.0,720.0,7500.0,1.0,0.0,2.0,3,6,720.0,0.0,1925,0.0,98136,47.5185,-122.392,1390.0,5000.0,2015-02-24,447000.0
1950900005,3.0,1.0,940.0,7125.0,1.5,0.0,0.0,4,7,940.0,,1958,0.0,98032,47.3756,-122.297,1170.0,7125.0,2014-10-03,185000.0
6647400250,3.0,2.5,1540.0,7773.0,2.0,0.0,0.0,4,8,1540.0,0.0,1982,0.0,98034,47.722,-122.194,1630.0,7340.0,2014-07-23,439950.0
9407000920,3.0,1.5,1140.0,10300.0,1.5,0.0,0.0,4,6,1140.0,0.0,1967,0.0,98045,47.4452,-121.77,1250.0,9975.0,2014-10-01,234000.0
8617000020,4.0,2.5,2100.0,8886.0,2.0,0.0,0.0,4,7,2100.0,0.0,1964,0.0,98007,47.5947,-122.134,1840.0,9058.0,2014-12-31,485000.0
1193000190,4.0,1.75,2670.0,6250.0,2.0,0.0,0.0,4,8,2020.0,650.0,1941,0.0,98199,47.6499,-122.391,1820.0,6250.0,2014-07-15,750000.0
7443000480,4.0,2.0,2750.0,5527.0,2.0,0.0,0.0,3,8,2130.0,620.0,1901,19870.0,98119,47.6513,-122.368,1290.0,1764.0,2015-05-07,865000.0
2557000380,4.0,2.5,2570.0,9000.0,1.0,0.0,0.0,4,8,1590.0,980.0,1979,0.0,98023,47.2986,-122.372,2120.0,8571.0,2014-06-18,287500.0
4450700010,3.0,1.75,1660.0,9673.0,1.0,,0.0,3,7,1130.0,530.0,1976,0.0,98072,47.7628,-122.162,1260.0,9681.0,2014-07-08,375000.0
1236300307,3.0,2.25,1700.0,8800.0,1.0,0.0,0.0,5,7,850.0,850.0,1969,0.0,98033,47.6863,-122.189,2180.0,8960.0,2014-09-05,565000.0
3422059249,4.0,3.0,1530.0,8306.0,2.0,0.0,0.0,3,7,1530.0,0.0,2010,0.0,98042,47.3528,-122.146,1930.0,6925.0,2015-02-19,260000.0
9476200290,3.0,1.0,1260.0,10900.0,1.0,,0.0,4,6,1260.0,0.0,1943,0.0,98056,47.491,-122.188,1090.0,8137.0,2014-10-17,190000.0
3812400898,5.0,2.0,2760.0,6420.0,1.0,,0.0,5,7,1380.0,1380.0,1964,0.0,98118,47.5396,-122.276,1400.0,7112.0,2014-09-09,399950.0
5422420470,3.0,2.5,1830.0,7062.0,2.0,0.0,0.0,3,7,1830.0,0.0,1990,0.0,98023,47.2895,-122.352,1820.0,6434.0,2015-03-26,275000.0
2492200280,3.0,2.75,2160.0,4086.0,1.0,0.0,0.0,3,7,1380.0,780.0,1987,0.0,98126,47.5352,-122.38,1300.0,4080.0,2014-12-02,528000.0
4331000130,3.0,2.0,1770.0,9685.0,1.0,0.0,0.0,3,5,1770.0,0.0,1948,0.0,98166,47.4753,-122.342,1520.0,11122.0,2014-10-17,315000.0
6073500190,2.0,2.25,2210.0,5500.0,1.0,,0.0,4,8,1410.0,800.0,1968,0.0,98117,47.697,-122.39,2140.0,6600.0,2014-08-21,614306.0
9522300010,3.0,3.5,4560.0,14608.0,2.0,0.0,2.0,3,12,4560.0,0.0,1990,0.0,98034,47.6995,-122.228,4050.0,14226.0,2015-03-31,1490000.0
3629910470,3.0,2.5,2110.0,3870.0,2.0,0.0,0.0,3,9,2110.0,0.0,2004,0.0,98029,47.5513,-121.994,2300.0,3870.0,2014-07-29,590000.0
1250200285,3.0,1.0,1130.0,3600.0,1.0,0.0,0.0,3,6,1130.0,0.0,1908,0.0,98144,47.5978,-122.299,1710.0,2231.0,2015-03-17,261500.0
1509700050,4.0,2.5,1960.0,9898.0,2.0,0.0,0.0,3,8,1960.0,0.0,2001,0.0,98030,47.3834,-122.168,2130.0,7662.0,2014-05-23,300000.0
2045800006,3.0,2.25,2230.0,4551.0,1.5,0.0,2.0,5,8,1450.0,780.0,1928,0.0,98178,47.5078,-122.236,2060.0,7200.0,2014-09-04,439000.0
2171400199,5.0,2.25,2350.0,13000.0,1.0,,0.0,3,7,2350.0,0.0,1961,0.0,98178,47.4939,-122.256,1570.0,11440.0,2014-09-04,277554.0
2123049502,3.0,2.0,1340.0,8505.0,1.0,,0.0,3,6,1340.0,0.0,1931,0.0,98168,47.4727,-122.297,1370.0,9000.0,2014-06-23,215000.0
284000095,2.0,2.25,2160.0,17861.0,2.0,1.0,4.0,4,9,2160.0,0.0,1956,0.0,98146,47.502,-122.385,2660.0,18530.0,2014-09-22,1200000.0
5652600427,4.0,2.0,1700.0,6375.0,1.0,0.0,0.0,4,7,850.0,850.0,1950,0.0,98115,47.6973,-122.295,1470.0,8360.0,2015-02-24,420000.0
7202330470,3.0,2.5,1650.0,3436.0,2.0,0.0,0.0,3,7,1650.0,0.0,2003,0.0,98053,47.6819,-122.036,1680.0,3446.0,2015-04-08,485000.0
6131600255,3.0,2.0,1540.0,8316.0,1.0,0.0,0.0,5,6,1540.0,0.0,1954,0.0,98002,47.323,-122.216,1250.0,8316.0,2014-12-22,202500.0
7853301660,5.0,3.25,3920.0,8572.0,2.0,0.0,0.0,3,9,3920.0,0.0,2007,0.0,98065,47.5427,-121.887,3335.0,7258.0,2015-02-23,710000.0
9211010440,4.0,2.5,3250.0,6933.0,2.0,0.0,0.0,3,8,3250.0,0.0,2009,0.0,98059,47.4956,-122.151,3030.0,5308.0,2015-04-30,535000.0
1423900080,4.0,1.75,1360.0,7700.0,1.0,0.0,0.0,4,7,1360.0,0.0,1966,0.0,98058,47.4558,-122.177,1321.0,7756.0,2014-12-18,260000.0
2215901190,3.0,2.0,1480.0,7480.0,1.0,0.0,0.0,4,7,1480.0,0.0,1992,0.0,98038,47.3542,-122.055,1680.0,7146.0,2014-05-28,254000.0
251100020,4.0,2.5,2360.0,5226.0,2.0,0.0,0.0,3,8,2360.0,0.0,2001,0.0,98034,47.712,-122.229,2440.0,5156.0,2014-05-21,600000.0
3395041206,3.0,2.5,1800.0,2516.0,2.0,0.0,0.0,3,7,1800.0,0.0,2001,0.0,98108,47.5401,-122.293,1800.0,2562.0,2014-09-25,285000.0
224069169,4.0,3.75,2540.0,20662.0,2.0,0.0,0.0,3,10,2540.0,0.0,1998,0.0,98075,47.5882,-122.01,2490.0,37731.0,2014-10-23,800000.0
3365901435,3.0,1.0,1200.0,13100.0,1.0,0.0,0.0,3,6,1200.0,0.0,1943,0.0,98168,47.475,-122.258,1960.0,11285.0,2014-06-23,165000.0
7689600630,2.0,1.0,710.0,6960.0,1.0,,0.0,4,6,710.0,0.0,1943,0.0,98178,47.4886,-122.246,940.0,7680.0,2014-11-06,216500.0
3158500290,4.0,2.5,2640.0,5595.0,2.0,0.0,0.0,3,8,2640.0,0.0,2011,0.0,98038,47.3551,-122.054,1840.0,5011.0,2014-09-19,387990.0
7189800095,4.0,2.5,3010.0,5040.0,2.0,0.0,0.0,3,8,3010.0,0.0,2006,0.0,98133,47.709,-122.35,1090.0,5040.0,2014-11-04,500000.0
7202270440,4.0,2.5,2770.0,5612.0,2.0,0.0,0.0,3,7,2770.0,0.0,2001,0.0,98053,47.686,-122.036,2770.0,5177.0,2014-10-23,650000.0
3501600114,4.0,2.5,2310.0,4079.0,2.0,,0.0,3,8,2310.0,0.0,2008,0.0,98117,47.6937,-122.361,1220.0,4800.0,2014-06-19,646000.0
8097000250,4.0,3.0,2060.0,9138.0,1.0,0.0,0.0,3,8,1430.0,630.0,1992,0.0,98092,47.321,-122.185,2250.0,7820.0,2015-01-30,323400.0
9542830430,3.0,2.5,1880.0,4200.0,2.0,0.0,0.0,3,7,1880.0,,2007,0.0,98038,47.366,-122.017,2090.0,4200.0,2014-08-06,300000.0
6012500170,5.0,2.0,2280.0,5400.0,1.5,0.0,0.0,4,7,1340.0,940.0,1947,0.0,98105,47.6674,-122.279,1770.0,5000.0,2014-10-07,712500.0
7217400895,3.0,1.75,1380.0,3402.0,1.5,0.0,0.0,3,7,1380.0,0.0,1900,20000.0,98122,47.6109,-122.302,1500.0,5496.0,2014-06-09,550000.0
2651100050,3.0,1.0,1180.0,7537.0,1.0,0.0,0.0,3,7,1180.0,0.0,1969,0.0,98034,47.7233,-122.221,1220.0,7425.0,2015-02-17,400000.0
2212200050,4.0,1.75,1650.0,7200.0,1.0,0.0,0.0,3,7,1100.0,550.0,1977,0.0,98031,47.3944,-122.187,1620.0,7374.0,2014-10-28,255000.0
7922900460,3.0,1.75,2030.0,9032.0,2.0,0.0,2.0,4,7,2030.0,,1963,0.0,98008,47.586,-122.117,2350.0,8937.0,2014-12-05,660000.0
8925100440,4.0,2.25,2110.0,6375.0,1.0,0.0,2.0,4,8,1600.0,,1941,0.0,98115,47.6819,-122.272,2760.0,6375.0,2015-03-23,925000.0
259800680,4.0,2.25,2130.0,7210.0,1.0,,0.0,5,7,1330.0,800.0,1965,0.0,98008,47.629,-122.117,1310.0,7896.0,2014-08-05,534000.0
271200130,3.0,1.0,1690.0,7700.0,1.0,0.0,0.0,4,7,1690.0,0.0,1969,0.0,98003,47.3444,-122.304,1590.0,7700.0,2014-11-19,215000.0
3760500280,3.0,2.5,2510.0,12779.0,1.5,,4.0,3,10,2510.0,0.0,1968,0.0,98034,47.6982,-122.231,2810.0,12225.0,2014-10-14,1950000.0
5315100277,5.0,4.25,3530.0,7924.0,2.0,,0.0,3,10,3530.0,0.0,2001,0.0,98040,47.5894,-122.243,1750.0,9226.0,2014-05-13,1400000.0
9265410010,3.0,1.75,1470.0,8350.0,1.0,0.0,0.0,3,7,1470.0,0.0,1990,0.0,98001,47.2587,-122.253,1590.0,8182.0,2015-02-03,212000.0
8731800840,3.0,1.75,1840.0,7300.0,1.0,0.0,0.0,3,8,1840.0,0.0,1966,0.0,98023,47.3122,-122.369,1920.0,8010.0,2014-06-19,265000.0
7579200715,3.0,1.75,1860.0,5750.0,1.5,0.0,0.0,5,6,1300.0,560.0,1918,0.0,98116,47.5586,-122.383,1550.0,5750.0,2014-12-05,400000.0
9485300010,4.0,2.5,1940.0,10133.0,2.0,0.0,0.0,3,8,1940.0,0.0,1992,0.0,98031,47.3877,-122.171,1940.0,7265.0,2015-02-13,311500.0
1652500010,4.0,3.5,4420.0,20759.0,2.0,0.0,0.0,3,11,4420.0,0.0,2003,0.0,98004,47.6354,-122.221,3020.0,20666.0,2015-03-26,2330000.0
4059400190,2.0,1.0,800.0,6050.0,1.0,0.0,0.0,4,6,800.0,0.0,1944,0.0,98178,47.5001,-122.242,880.0,6050.0,2014-10-17,225000.0
8965510190,4.0,2.5,3700.0,21755.0,1.0,0.0,4.0,3,11,2620.0,1080.0,1988,0.0,98006,47.5662,-122.108,3480.0,13786.0,2014-06-10,1250000.0
7100000250,3.0,1.0,1400.0,8710.0,1.0,0.0,0.0,4,7,1400.0,0.0,1948,0.0,98146,47.5066,-122.377,1460.0,8710.0,2015-02-11,380000.0
2541100010,4.0,2.5,2250.0,11370.0,2.0,0.0,0.0,3,8,2250.0,0.0,1991,0.0,98034,47.7115,-122.239,2190.0,9611.0,2014-07-08,600000.0
7732410130,3.0,2.25,2230.0,9053.0,2.0,0.0,0.0,4,9,2230.0,0.0,1987,0.0,98007,47.6594,-122.144,2390.0,8038.0,2014-05-21,600000.0
7889600285,3.0,2.5,1950.0,3000.0,2.0,0.0,0.0,3,7,1950.0,0.0,2001,0.0,98146,47.4938,-122.337,1620.0,6000.0,2014-12-18,315000.0
1556200005,5.0,1.0,2550.0,4623.0,2.5,0.0,0.0,4,9,2550.0,0.0,1905,0.0,98122,47.6092,-122.294,1570.0,3875.0,2014-06-03,847000.0
8691310980,4.0,2.5,2750.0,10351.0,2.0,0.0,0.0,3,10,2750.0,0.0,1998,0.0,98075,47.5894,-121.98,3370.0,10351.0,2015-04-09,730000.0
1561600095,4.0,2.0,2290.0,11137.0,1.0,,0.0,4,8,2290.0,0.0,1955,0.0,98004,47.5887,-122.201,2300.0,10463.0,2014-05-14,1060000.0
3025300250,4.0,2.25,2350.0,17709.0,2.0,0.0,0.0,4,9,2350.0,0.0,1977,0.0,98039,47.6232,-122.236,3360.0,19855.0,2015-05-13,1620000.0
5297200089,2.0,1.75,1720.0,5785.0,1.0,0.0,0.0,3,6,860.0,860.0,1948,20020.0,98118,47.5554,-122.274,1680.0,5184.0,2015-04-15,664000.0
3303860630,4.0,3.0,2810.0,6000.0,2.0,,0.0,3,9,2810.0,0.0,2007,0.0,98038,47.3689,-122.057,2790.0,6000.0,2015-04-27,454450.0
6430500086,3.0,1.0,940.0,4200.0,1.0,0.0,0.0,3,7,940.0,0.0,1955,0.0,98103,47.6878,-122.35,1380.0,4080.0,2015-01-16,341000.0
4025300285,4.0,1.0,1190.0,8875.0,1.5,0.0,0.0,4,7,1190.0,0.0,1946,0.0,98155,47.7487,-122.303,1190.0,8875.0,2014-10-29,276693.0
923049400,2.0,1.0,1390.0,11340.0,1.0,0.0,0.0,4,7,1390.0,0.0,1969,0.0,98168,47.4969,-122.3,1200.0,10224.0,2014-11-19,185000.0
5466300130,2.0,2.5,1660.0,2258.0,2.0,0.0,0.0,3,7,1660.0,0.0,1981,0.0,98042,47.3793,-122.146,1740.0,2390.0,2014-09-17,160000.0
4136900250,4.0,2.5,1920.0,8497.0,2.0,0.0,0.0,3,8,1920.0,0.0,1998,0.0,98092,47.2608,-122.209,1940.0,8436.0,2014-06-02,270000.0
7635800313,4.0,1.5,1460.0,8760.0,1.0,0.0,0.0,3,7,1460.0,0.0,1958,0.0,98166,47.4698,-122.36,1610.0,9375.0,2014-07-18,300000.0
2938100005,3.0,1.5,1370.0,10115.0,1.0,0.0,0.0,4,7,1370.0,0.0,1957,0.0,98022,47.2027,-122.0,1450.0,9282.0,2014-08-29,264950.0
796000235,2.0,1.0,1050.0,6250.0,1.0,0.0,0.0,4,6,840.0,210.0,1943,0.0,98168,47.5024,-122.333,1310.0,12500.0,2015-04-01,209950.0
8682280170,3.0,2.5,3360.0,8708.0,2.0,0.0,0.0,3,9,3360.0,0.0,2006,0.0,98053,47.7037,-122.016,1810.0,4764.0,2015-03-30,850000.0
7504110780,4.0,2.5,3160.0,11380.0,2.0,0.0,0.0,3,9,3160.0,0.0,1983,0.0,98074,47.6318,-122.039,2970.0,10385.0,2014-05-16,645000.0
1445500010,4.0,2.25,2480.0,36974.0,2.0,0.0,0.0,4,9,2480.0,0.0,1973,0.0,98005,47.6441,-122.154,3160.0,35070.0,2015-01-13,855000.0
7574910420,4.0,1.5,2720.0,37258.0,2.0,0.0,0.0,3,10,2720.0,0.0,1994,0.0,98077,47.7402,-122.035,3270.0,39714.0,2014-12-01,632500.0
2115720130,3.0,2.5,2070.0,5013.0,2.0,0.0,0.0,3,8,2070.0,0.0,1987,0.0,98023,47.3202,-122.395,1670.0,5013.0,2014-08-21,289950.0
3586500630,2.0,1.75,2170.0,25732.0,1.0,0.0,2.0,4,8,2170.0,0.0,1952,0.0,98177,47.7542,-122.372,3020.0,23135.0,2014-09-24,850000.0
9475960050,4.0,2.75,3260.0,4900.0,2.0,0.0,0.0,3,9,3260.0,0.0,2013,0.0,98059,47.4812,-122.123,3260.0,6132.0,2014-06-20,565000.0
7527000020,3.0,2.5,2250.0,19270.0,2.0,0.0,0.0,3,8,2250.0,0.0,1999,0.0,98074,47.6569,-122.088,2940.0,19541.0,2015-04-25,792000.0
3668000500,3.0,2.25,1950.0,9600.0,1.0,0.0,0.0,4,7,1200.0,750.0,1987,0.0,98092,47.2762,-122.148,1760.0,8850.0,2014-12-22,260000.0
1549500585,3.0,2.0,2220.0,209523.0,1.0,0.0,0.0,3,7,2220.0,0.0,1991,0.0,98019,47.7586,-121.911,1600.0,210830.0,2015-04-27,585000.0
8898700680,3.0,1.75,1330.0,10523.0,1.0,0.0,0.0,3,7,1000.0,330.0,1981,0.0,98055,47.4605,-122.206,1320.0,8775.0,2014-07-30,295500.0
6163901061,4.0,2.0,1190.0,7877.0,1.5,0.0,0.0,5,7,1190.0,0.0,1946,0.0,98155,47.7538,-122.322,1480.0,9975.0,2014-12-11,329000.0
7855600080,3.0,1.75,2770.0,15232.0,1.0,0.0,0.0,3,8,1570.0,1200.0,1976,0.0,98006,47.5706,-122.16,2340.0,11400.0,2015-03-30,750000.0
4024100807,4.0,2.5,2310.0,7555.0,2.0,0.0,0.0,3,9,2310.0,0.0,1997,0.0,98155,47.7544,-122.303,1980.0,8416.0,2015-02-25,495000.0
5037300130,3.0,1.75,1580.0,5750.0,1.0,0.0,2.0,4,8,1330.0,250.0,1947,0.0,98199,47.6339,-122.392,2480.0,5750.0,2015-05-04,672500.0
3528900086,5.0,3.25,2800.0,3200.0,1.5,0.0,0.0,5,10,1910.0,890.0,1932,20020.0,98109,47.6421,-122.35,2450.0,3500.0,2014-05-08,1310000.0
1552520010,3.0,2.5,1500.0,9636.0,2.0,0.0,0.0,3,7,1500.0,0.0,1994,0.0,98011,47.75,-122.176,1700.0,9656.0,2014-08-01,405000.0
5113400168,3.0,1.75,2140.0,5808.0,1.0,0.0,1.0,3,7,1070.0,1070.0,1947,0.0,98119,47.6435,-122.373,1930.0,5808.0,2015-01-16,620000.0
9346900170,4.0,2.25,2330.0,7020.0,1.0,,0.0,4,8,1450.0,880.0,1973,0.0,98006,47.562,-122.139,2330.0,8500.0,2014-09-22,615000.0
3999300080,6.0,2.25,3830.0,11180.0,1.0,0.0,2.0,5,9,2440.0,1390.0,1962,0.0,98008,47.5849,-122.113,2500.0,10400.0,2014-09-04,887000.0
472000895,4.0,2.75,4510.0,5000.0,2.5,0.0,2.0,3,8,3270.0,1240.0,1941,20000.0,98117,47.6852,-122.4,2010.0,5000.0,2014-09-22,1060000.0
687600010,4.0,1.75,2160.0,39430.0,1.0,0.0,0.0,4,8,1660.0,500.0,1974,0.0,98005,47.6378,-122.185,2430.0,35329.0,2014-08-05,753000.0
1130000005,3.0,2.25,3170.0,5000.0,2.0,0.0,0.0,5,10,2230.0,940.0,1975,0.0,98102,47.6349,-122.318,3170.0,5400.0,2014-07-15,1600000.0
7397300170,4.0,3.5,5550.0,28078.0,2.0,0.0,2.0,4,12,3350.0,2200.0,2000,0.0,98039,47.6395,-122.234,2980.0,19602.0,2014-05-30,3710000.0
1077100020,3.0,1.5,1520.0,8519.0,1.0,0.0,0.0,3,7,1520.0,0.0,1954,0.0,98133,47.7712,-122.339,1570.0,9000.0,2014-12-31,365000.0
7856570190,4.0,2.75,3410.0,23000.0,2.0,0.0,0.0,4,10,3410.0,0.0,1982,0.0,98006,47.5559,-122.149,2490.0,15512.0,2014-08-22,870000.0
5104510010,4.0,2.5,1830.0,9601.0,2.0,0.0,0.0,3,7,1830.0,0.0,2003,0.0,98038,47.3541,-122.015,1830.0,5892.0,2014-07-01,321000.0
2895550050,3.0,2.5,1550.0,4486.0,2.0,0.0,0.0,3,7,1550.0,0.0,2000,0.0,98001,47.3299,-122.269,1700.0,4487.0,2015-05-07,280000.0
4142450480,3.0,2.5,1520.0,3593.0,2.0,0.0,0.0,3,7,1520.0,0.0,2004,0.0,98038,47.3842,-122.042,1610.0,3612.0,2014-07-03,288000.0
5559200020,3.0,2.0,1240.0,12285.0,1.0,0.0,0.0,3,7,620.0,620.0,1939,19910.0,98023,47.3219,-122.341,1560.0,11564.0,2015-02-27,248500.0
5381000352,4.0,2.5,2380.0,13550.0,2.0,0.0,0.0,3,7,2380.0,0.0,1999,0.0,98188,47.4486,-122.288,1230.0,9450.0,2014-06-22,330000.0
2474300050,5.0,3.5,2720.0,11454.0,2.0,0.0,0.0,3,9,1830.0,890.0,1988,0.0,98052,47.6466,-122.119,2920.0,11310.0,2014-07-22,740000.0
7787110680,3.0,2.5,2210.0,8010.0,2.0,0.0,0.0,3,8,2210.0,0.0,1998,0.0,98045,47.4845,-121.775,2430.0,9600.0,2014-09-23,445000.0
1788700185,2.0,1.0,1050.0,9600.0,1.0,0.0,0.0,4,6,1050.0,0.0,1959,0.0,98023,47.3274,-122.346,990.0,8880.0,2015-03-06,198500.0
2887950020,7.0,2.5,1940.0,5458.0,2.0,0.0,0.0,3,7,1940.0,0.0,1994,0.0,98092,47.3191,-122.177,1710.0,5688.0,2014-06-25,280000.0
8835210480,3.0,2.25,1420.0,3433.0,2.0,0.0,0.0,4,7,1420.0,0.0,1981,0.0,98034,47.7245,-122.163,1150.0,3432.0,2014-07-10,336500.0
844000225,3.0,2.5,1690.0,10336.0,2.0,0.0,0.0,4,7,1690.0,0.0,1989,0.0,98010,47.311,-122.003,1580.0,7700.0,2015-02-11,267000.0
1771000430,3.0,1.0,1160.0,9180.0,1.0,0.0,0.0,3,7,1160.0,0.0,1968,0.0,98077,47.7427,-122.072,1160.0,10282.0,2014-05-02,315000.0
8078430480,4.0,2.5,2040.0,7412.0,2.0,0.0,0.0,3,8,2040.0,0.0,1988,0.0,98074,47.6347,-122.026,2050.0,7830.0,2014-08-06,545000.0
8001450170,3.0,1.75,1840.0,16679.0,1.0,0.0,0.0,3,8,1840.0,0.0,1989,0.0,98001,47.3207,-122.275,1910.0,15571.0,2014-08-04,274950.0
8924100430,2.0,1.0,1440.0,7130.0,1.0,,2.0,3,7,1210.0,230.0,1948,0.0,98115,47.6778,-122.267,1970.0,7130.0,2014-12-24,500000.0
7418700050,3.0,1.0,1390.0,9624.0,1.5,0.0,0.0,4,7,1390.0,0.0,1954,0.0,98155,47.7758,-122.301,1440.0,9624.0,2014-05-28,299000.0
3630020430,3.0,2.5,1470.0,1445.0,2.0,0.0,0.0,3,8,1160.0,310.0,2005,0.0,98029,47.5468,-121.998,1470.0,1525.0,2015-05-05,420000.0
1972200725,3.0,2.5,1776.0,1248.0,3.0,0.0,0.0,3,8,1604.0,172.0,2006,0.0,98103,47.6539,-122.352,1780.0,1248.0,2015-04-07,620000.0
267000170,3.0,2.25,1640.0,12000.0,1.0,0.0,0.0,3,7,1180.0,460.0,1967,0.0,98008,47.6252,-122.104,1620.0,12000.0,2014-12-10,575950.0
8961980290,4.0,2.5,2860.0,6600.0,2.0,0.0,0.0,3,9,2860.0,0.0,2000,0.0,98074,47.6067,-122.017,2790.0,6723.0,2014-09-04,666500.0
1551500130,4.0,1.5,1740.0,7292.0,1.0,0.0,0.0,3,7,1020.0,720.0,1962,0.0,98168,47.4787,-122.302,1740.0,7573.0,2014-05-22,180000.0
5557800010,3.0,1.75,1390.0,18200.0,1.0,0.0,0.0,4,7,1390.0,0.0,1962,0.0,98023,47.3208,-122.337,1810.0,9675.0,2014-06-23,261350.0
3776300010,4.0,3.5,2730.0,5607.0,1.0,0.0,0.0,5,9,1660.0,1070.0,1948,0.0,98199,47.6387,-122.396,1720.0,5400.0,2015-02-24,1030000.0
2473000680,3.0,1.75,1435.0,8960.0,1.0,0.0,0.0,4,8,1435.0,0.0,1969,0.0,98058,47.4525,-122.149,2030.0,9450.0,2015-04-29,390000.0
7984400005,3.0,1.0,1640.0,12384.0,1.0,0.0,0.0,4,7,1090.0,550.0,1954,0.0,98003,47.3256,-122.298,1550.0,11200.0,2014-06-26,253500.0
9238430680,4.0,2.5,2630.0,48706.0,2.0,0.0,0.0,3,8,2630.0,0.0,1986,0.0,98072,47.775,-122.125,2680.0,48706.0,2014-05-21,625000.0
3211000170,4.0,2.5,1580.0,7800.0,1.0,0.0,0.0,4,7,1580.0,0.0,1959,0.0,98059,47.481,-122.163,1320.0,7800.0,2014-09-22,255000.0
7338220280,3.0,2.5,1740.0,3721.0,2.0,0.0,0.0,3,8,1740.0,0.0,2009,0.0,98002,47.3363,-122.213,2030.0,3794.0,2014-10-10,257000.0
8073000480,2.0,1.75,1900.0,13122.0,1.0,1.0,4.0,3,7,1100.0,800.0,1954,0.0,98178,47.5121,-122.248,1650.0,13160.0,2014-07-22,869000.0
7525530670,4.0,2.5,3130.0,10860.0,2.0,0.0,0.0,3,10,3130.0,0.0,1990,0.0,98075,47.56,-122.04,3130.0,10860.0,2014-11-12,745000.0
191100275,4.0,3.5,3500.0,9525.0,2.0,0.0,0.0,3,10,3500.0,0.0,1999,0.0,98040,47.5641,-122.221,2630.0,9525.0,2014-09-26,1350000.0
1214000050,3.0,1.75,2130.0,7500.0,1.0,0.0,0.0,4,7,1090.0,1040.0,1956,0.0,98166,47.4593,-122.343,1590.0,7500.0,2014-10-20,350000.0
6852700279,3.0,2.5,950.0,1110.0,2.0,,0.0,3,8,950.0,0.0,2003,0.0,98102,47.6226,-122.319,1230.0,1215.0,2014-06-19,475000.0
5423600080,3.0,2.5,1720.0,11656.0,2.0,0.0,0.0,3,8,1720.0,0.0,1987,19990.0,98052,47.6791,-122.113,1890.0,10336.0,2014-09-18,540000.0
6661200050,2.0,1.0,830.0,2699.0,1.0,0.0,0.0,3,7,830.0,0.0,1996,0.0,98038,47.3839,-122.038,1030.0,3574.0,2014-05-28,175000.0
6146600170,2.0,0.75,660.0,5240.0,1.0,0.0,0.0,4,4,660.0,0.0,1912,0.0,98032,47.3881,-122.234,850.0,5080.0,2014-07-03,100000.0
366000095,5.0,1.0,2590.0,4652.0,2.0,0.0,0.0,4,8,2310.0,280.0,1907,0.0,98122,47.6038,-122.294,2360.0,4650.0,2014-10-09,890000.0
2895550280,3.0,2.5,1600.0,4271.0,2.0,0.0,0.0,3,7,1600.0,0.0,2000,0.0,98001,47.3303,-122.269,1700.0,4746.0,2014-05-07,280000.0
293760050,4.0,4.25,4390.0,13833.0,2.0,0.0,3.0,3,10,3320.0,1070.0,2003,0.0,98029,47.5566,-122.026,3850.0,11652.0,2014-06-27,1050000.0
7298040500,4.0,2.5,3560.0,12047.0,2.0,0.0,0.0,3,10,3560.0,0.0,1988,0.0,98023,47.3019,-122.341,3420.0,11250.0,2014-07-09,486000.0
7802900224,5.0,2.5,2860.0,68519.0,2.0,0.0,0.0,5,8,2860.0,0.0,1958,0.0,98065,47.5265,-121.835,1670.0,35910.0,2014-07-07,670000.0
3904910010,3.0,2.5,1640.0,7847.0,2.0,0.0,0.0,3,8,1640.0,0.0,1987,0.0,98029,47.5684,-122.018,1870.0,6079.0,2014-07-23,480000.0
8121100255,3.0,1.75,1500.0,6180.0,1.0,0.0,0.0,4,6,1060.0,440.0,1947,0.0,98118,47.5689,-122.284,1740.0,6180.0,2014-05-07,440000.0
5700004040,3.0,3.25,3990.0,8505.0,2.0,0.0,2.0,3,9,2870.0,1120.0,1922,19990.0,98144,47.5744,-122.283,3640.0,8505.0,2014-09-05,1500000.0
3528000290,4.0,2.5,2610.0,33206.0,2.0,0.0,0.0,3,10,2610.0,0.0,1988,0.0,98053,47.6662,-122.057,2870.0,28295.0,2014-06-09,743700.0
9268200050,3.0,1.75,1470.0,7590.0,1.0,0.0,0.0,3,7,1470.0,0.0,1988,0.0,98117,47.6964,-122.362,1700.0,5080.0,2014-08-14,449950.0
6132600221,2.0,1.0,700.0,2334.0,1.0,0.0,0.0,3,7,700.0,0.0,1945,0.0,98117,47.701,-122.39,2300.0,5000.0,2014-05-19,367000.0
3303980470,4.0,3.25,3960.0,12895.0,2.0,,0.0,3,11,3960.0,0.0,2001,0.0,98059,47.5211,-122.151,3870.0,12040.0,2014-12-01,1190000.0
1450000050,3.0,1.0,900.0,7576.0,1.0,0.0,0.0,4,6,900.0,0.0,1959,0.0,98002,47.2881,-122.22,1220.0,7452.0,2015-05-01,201000.0
6788200605,3.0,1.75,2010.0,3800.0,2.0,,0.0,2,7,2010.0,0.0,1922,0.0,98112,47.6408,-122.307,1540.0,3800.0,2014-12-23,575000.0
2214800170,3.0,2.5,1940.0,10350.0,1.0,0.0,0.0,3,7,1420.0,520.0,1979,0.0,98001,47.3385,-122.256,1810.0,7800.0,2015-04-15,295000.0
7116000225,3.0,1.0,1510.0,8760.0,1.0,0.0,0.0,4,6,1510.0,0.0,1946,0.0,98002,47.3015,-122.216,1040.0,7828.0,2015-02-20,190000.0
2767600635,2.0,3.0,2020.0,5000.0,1.0,0.0,0.0,3,8,1350.0,670.0,1952,0.0,98117,47.6758,-122.375,1160.0,1118.0,2015-05-07,742500.0
1644500050,6.0,3.5,4430.0,11453.0,2.0,0.0,0.0,3,9,3000.0,1430.0,2001,0.0,98056,47.5156,-122.204,2730.0,5661.0,2015-03-12,875000.0
2579500101,4.0,3.5,4010.0,10880.0,2.0,0.0,3.0,4,11,3150.0,860.0,1990,0.0,98040,47.5359,-122.213,3530.0,17310.0,2015-04-21,1390000.0
3876311650,4.0,2.25,3070.0,8400.0,2.0,0.0,0.0,4,8,3070.0,0.0,1970,0.0,98034,47.7316,-122.169,1880.0,8000.0,2014-06-19,600000.0
7984400050,3.0,1.5,1460.0,11100.0,1.0,0.0,0.0,3,7,1460.0,0.0,1956,0.0,98003,47.3253,-122.298,1460.0,11100.0,2014-09-22,207000.0
7852170130,4.0,2.75,3260.0,5335.0,2.0,0.0,0.0,3,9,3260.0,0.0,2003,0.0,98065,47.5414,-121.864,3180.0,5438.0,2015-04-21,650000.0
9358000780,2.0,1.0,830.0,5610.0,1.0,0.0,0.0,3,6,830.0,0.0,1922,0.0,98126,47.5674,-122.367,1310.0,2793.0,2015-05-12,275000.0
2663000345,4.0,2.5,2390.0,4200.0,2.0,0.0,0.0,3,9,2150.0,240.0,1924,0.0,98102,47.6272,-122.318,2800.0,5250.0,2015-04-08,1200000.0
4338800500,3.0,2.0,1130.0,7200.0,1.0,0.0,0.0,4,6,1130.0,0.0,1944,0.0,98166,47.4779,-122.342,1270.0,7500.0,2014-10-14,262500.0
5101407350,2.0,1.0,1120.0,8661.0,1.0,0.0,0.0,3,7,1120.0,0.0,1946,0.0,98125,47.7034,-122.307,1470.0,7205.0,2014-09-25,399000.0
3512100050,4.0,1.5,1410.0,10648.0,1.0,0.0,0.0,4,7,1410.0,0.0,1966,0.0,98030,47.3736,-122.188,1410.0,10522.0,2015-02-24,139000.0
6633900050,3.0,2.5,1750.0,4797.0,2.0,0.0,0.0,4,7,1750.0,0.0,1991,0.0,98033,47.6954,-122.199,1750.0,4293.0,2014-08-26,575000.0
4083301950,2.0,1.0,1040.0,3200.0,1.0,0.0,0.0,3,7,1040.0,0.0,1926,0.0,98103,47.6558,-122.334,1890.0,4000.0,2014-11-20,580000.0
7202350010,3.0,2.25,1630.0,2490.0,2.0,0.0,0.0,3,7,1630.0,0.0,2004,0.0,98053,47.6807,-122.031,1630.0,2680.0,2014-07-25,468000.0
4168100130,3.0,1.0,1380.0,10112.0,1.0,0.0,0.0,4,7,940.0,440.0,1963,0.0,98023,47.3196,-122.351,1240.0,10112.0,2015-03-10,230000.0
8155850010,4.0,4.0,3680.0,18804.0,2.0,0.0,0.0,3,10,3680.0,0.0,1990,0.0,98074,47.6193,-122.014,3200.0,15954.0,2014-05-07,675000.0
7955030010,3.0,1.0,1250.0,20040.0,1.0,0.0,0.0,3,7,1250.0,0.0,1970,0.0,98072,47.7514,-122.108,1640.0,19840.0,2014-10-10,318000.0
4136870020,5.0,3.5,2660.0,6978.0,2.0,0.0,0.0,3,8,1980.0,680.0,1996,0.0,98092,47.2631,-122.212,2220.0,7294.0,2014-10-08,332100.0
1446401190,2.0,1.0,620.0,6600.0,1.0,0.0,0.0,3,6,620.0,0.0,1963,0.0,98168,47.4862,-122.33,1050.0,6600.0,2015-03-17,175000.0
9323600380,4.0,2.25,2600.0,10660.0,2.0,0.0,0.0,4,8,2600.0,0.0,1979,0.0,98006,47.5533,-122.156,3150.0,10660.0,2014-08-05,817000.0
3262300920,4.0,3.0,2150.0,8119.0,2.0,0.0,0.0,3,8,2150.0,0.0,1953,20040.0,98039,47.6335,-122.236,1590.0,8119.0,2015-04-08,1200000.0
6332000130,3.0,1.75,1470.0,6550.0,1.0,0.0,2.0,3,7,1070.0,400.0,1916,0.0,98126,47.5463,-122.381,1440.0,6550.0,2015-04-20,525000.0
9150100020,3.0,1.0,1380.0,7282.0,1.5,,0.0,5,6,1380.0,0.0,1915,0.0,98002,47.3006,-122.223,860.0,4826.0,2015-02-11,189000.0
2770604081,3.0,2.5,1680.0,1683.0,2.0,0.0,0.0,3,9,1120.0,560.0,2014,0.0,98119,47.6425,-122.374,1610.0,1618.0,2015-03-05,629950.0
6329000050,1.0,1.0,1000.0,9084.0,1.0,,3.0,3,7,1000.0,0.0,1950,0.0,98146,47.5007,-122.382,1090.0,6536.0,2015-03-10,641500.0
2125400010,3.0,2.25,1630.0,7573.0,1.0,,2.0,3,7,1230.0,400.0,1983,0.0,98034,47.7273,-122.211,1550.0,7695.0,2014-09-12,490000.0
3876313260,3.0,1.75,1790.0,15142.0,1.0,0.0,0.0,3,7,1360.0,430.0,1976,0.0,98072,47.7362,-122.172,1910.0,7500.0,2015-02-18,415000.0
5101400561,2.0,1.0,890.0,6380.0,1.0,0.0,0.0,3,6,890.0,0.0,1951,0.0,98115,47.691,-122.303,990.0,6380.0,2014-10-15,250000.0
9533100080,3.0,1.5,1290.0,8175.0,1.0,0.0,0.0,4,7,820.0,470.0,1952,0.0,98004,47.6296,-122.205,2130.0,8577.0,2014-08-20,781000.0
9561100080,4.0,2.25,2420.0,7927.0,1.0,0.0,0.0,4,7,1400.0,1020.0,1973,0.0,98133,47.7583,-122.343,2120.0,7693.0,2014-06-20,400000.0
5101402618,4.0,3.0,3680.0,7105.0,2.0,0.0,2.0,3,10,2890.0,790.0,2008,0.0,98115,47.6956,-122.311,1580.0,6815.0,2014-08-20,935000.0
4027700009,4.0,2.5,3020.0,17810.0,1.0,0.0,0.0,3,9,1600.0,1420.0,1979,0.0,98155,47.7735,-122.281,2500.0,15815.0,2014-05-15,575000.0
9544200277,4.0,3.25,4240.0,11189.0,2.0,0.0,2.0,3,10,4240.0,0.0,2006,0.0,98033,47.6526,-122.191,3390.0,12540.0,2014-10-15,1660000.0
8731960050,5.0,2.75,3130.0,9450.0,1.0,0.0,0.0,4,8,1580.0,1550.0,1973,0.0,98023,47.3099,-122.384,1900.0,9000.0,2014-12-29,302300.0
1393800005,2.0,1.0,900.0,6656.0,1.0,0.0,0.0,3,7,900.0,0.0,1940,0.0,98126,47.5467,-122.377,1230.0,6400.0,2015-05-07,355000.0
3896100130,3.0,2.25,2880.0,7599.0,1.0,,2.0,3,9,1710.0,1170.0,1958,20020.0,98033,47.6938,-122.215,2920.0,12401.0,2014-06-17,1540000.0
7785000130,4.0,1.75,2390.0,17717.0,1.0,,0.0,4,8,2390.0,0.0,1964,0.0,98040,47.5755,-122.218,2390.0,10730.0,2015-03-30,926250.0
2968800825,3.0,1.75,1450.0,7620.0,1.0,0.0,0.0,4,7,1050.0,400.0,1955,0.0,98166,47.4569,-122.354,1380.0,7620.0,2015-03-23,300000.0
7199330480,3.0,1.75,1070.0,9000.0,1.0,0.0,0.0,4,7,1070.0,0.0,1978,0.0,98052,47.6984,-122.132,1700.0,8400.0,2014-07-21,361500.0
5458800415,3.0,1.5,1740.0,9840.0,1.0,0.0,0.0,4,8,1740.0,0.0,1963,0.0,98040,47.5748,-122.237,1930.0,9840.0,2014-11-05,616000.0
8929000250,2.0,1.75,1210.0,1161.0,2.0,0.0,0.0,3,8,1210.0,0.0,2014,0.0,98029,47.5513,-121.998,1700.0,2285.0,2015-04-13,395000.0
7893206305,3.0,1.5,2100.0,10000.0,1.0,0.0,0.0,4,7,2100.0,0.0,1954,0.0,98198,47.4222,-122.331,1300.0,7500.0,2014-10-06,245000.0
7956300020,3.0,1.0,1060.0,9600.0,1.0,0.0,0.0,4,6,1060.0,0.0,1962,0.0,98023,47.2878,-122.358,1060.0,9604.0,2014-06-03,206000.0
240000130,4.0,2.5,3280.0,16575.0,1.0,0.0,0.0,3,9,2190.0,1090.0,1972,0.0,98188,47.426,-122.285,1570.0,13209.0,2014-10-13,706000.0
1370803730,3.0,1.5,1660.0,6000.0,1.5,0.0,0.0,3,7,1660.0,0.0,1937,0.0,98199,47.6409,-122.401,1640.0,6000.0,2015-01-26,578000.0
4299000130,5.0,3.0,3070.0,5252.0,2.0,0.0,0.0,3,8,3070.0,0.0,2005,0.0,98042,47.3666,-122.128,2760.0,5203.0,2014-07-28,341950.0
1233100351,3.0,1.0,1150.0,9048.0,1.0,0.0,0.0,2,7,1150.0,0.0,1922,0.0,98033,47.6755,-122.177,1550.0,8207.0,2014-12-11,305000.0
2652500225,3.0,2.75,1710.0,3600.0,1.0,,0.0,3,7,1590.0,120.0,1909,0.0,98119,47.642,-122.36,1710.0,3600.0,2014-10-10,575000.0
3224069026,3.0,1.0,1180.0,43124.0,1.0,0.0,0.0,4,6,1180.0,0.0,1959,0.0,98027,47.5278,-122.063,1410.0,43560.0,2014-05-20,330000.0
2592400250,4.0,2.25,2130.0,7200.0,2.0,,0.0,3,7,2130.0,0.0,1972,0.0,98034,47.7152,-122.168,1990.0,7200.0,2015-01-07,445000.0
4364700595,3.0,1.0,1050.0,7560.0,1.0,0.0,0.0,3,7,1050.0,0.0,1951,0.0,98126,47.525,-122.371,1490.0,7560.0,2014-08-18,333000.0
8562750660,4.0,2.5,2520.0,3980.0,2.0,0.0,0.0,3,8,2520.0,0.0,2005,0.0,98027,47.5401,-122.07,2610.0,3980.0,2014-08-07,598500.0
7231600098,2.0,1.0,700.0,6000.0,1.0,0.0,0.0,3,6,700.0,0.0,1943,0.0,98055,47.4671,-122.212,1320.0,6000.0,2014-10-14,225000.0
8635750980,4.0,2.5,2640.0,4200.0,2.0,0.0,0.0,3,8,2640.0,0.0,1998,0.0,98074,47.6038,-122.02,2460.0,4200.0,2014-07-14,570000.0
5652600605,5.0,2.0,2330.0,6783.0,1.0,0.0,0.0,3,7,1310.0,1020.0,1956,0.0,98115,47.6955,-122.295,1930.0,6783.0,2014-08-07,630000.0
2141310020,5.0,2.25,2830.0,7738.0,2.0,0.0,0.0,4,8,2830.0,0.0,1977,0.0,98006,47.5582,-122.136,2300.0,9840.0,2015-04-16,779000.0
7852160080,4.0,3.5,3720.0,13591.0,2.0,,3.0,3,10,3720.0,0.0,2004,0.0,98065,47.536,-121.858,4210.0,14282.0,2015-01-21,760000.0
3649100346,5.0,1.75,1890.0,9600.0,1.0,0.0,0.0,4,7,1890.0,0.0,1960,0.0,98028,47.7391,-122.241,2350.0,5308.0,2015-01-09,322968.0
7852010840,4.0,2.5,2910.0,7287.0,2.0,0.0,0.0,3,8,2910.0,0.0,1998,0.0,98065,47.5354,-121.869,2420.0,6180.0,2014-07-29,595000.0
823059145,4.0,1.0,1300.0,18836.0,1.0,0.0,0.0,4,7,1300.0,0.0,1941,0.0,98056,47.5029,-122.188,1540.0,8498.0,2014-10-13,321000.0
9238430660,3.0,2.25,2770.0,57745.0,2.0,0.0,0.0,3,8,2770.0,0.0,1985,0.0,98072,47.775,-122.124,2720.0,46765.0,2015-03-26,653000.0
6329000190,4.0,1.75,2520.0,21834.0,1.0,1.0,4.0,3,8,1420.0,1100.0,1960,0.0,98146,47.4996,-122.378,1700.0,8100.0,2014-07-29,750000.0
8818900250,3.0,1.0,1340.0,4284.0,1.0,0.0,0.0,3,7,1080.0,260.0,1910,0.0,98105,47.6633,-122.324,1960.0,4080.0,2014-05-07,530000.0
1250200415,2.0,1.75,1060.0,1241.0,2.0,0.0,0.0,3,7,960.0,100.0,2008,0.0,98144,47.5999,-122.3,1170.0,1400.0,2014-06-09,352750.0
3303951150,4.0,2.5,2480.0,8563.0,2.0,0.0,0.0,3,8,2480.0,0.0,1992,0.0,98038,47.381,-122.033,2460.0,8660.0,2015-02-04,424950.0
3083000048,5.0,2.75,2220.0,4000.0,1.0,,0.0,3,7,1230.0,990.0,1973,0.0,98144,47.5754,-122.305,1580.0,4000.0,2014-05-30,427000.0
1102000095,4.0,2.5,3220.0,5120.0,2.0,0.0,0.0,3,9,2420.0,800.0,2000,0.0,98118,47.5434,-122.27,1770.0,7680.0,2014-08-05,558000.0
3426049153,2.0,2.0,1600.0,5643.0,1.0,0.0,0.0,3,7,1600.0,0.0,1954,0.0,98115,47.6968,-122.279,1600.0,5746.0,2014-11-10,438200.0
7625700020,1.0,1.0,640.0,4800.0,1.0,0.0,0.0,3,6,640.0,0.0,1918,0.0,98136,47.5551,-122.382,1250.0,2847.0,2014-09-29,340000.0
586000020,4.0,3.75,3610.0,7904.0,3.0,0.0,0.0,3,11,3290.0,320.0,1994,0.0,98117,47.6992,-122.385,2460.0,7300.0,2014-08-28,830005.0
8724300010,4.0,3.25,3420.0,5012.0,2.0,0.0,0.0,3,10,2330.0,1090.0,2008,0.0,98019,47.732,-121.982,2320.0,5465.0,2014-09-09,548000.0
2741100741,3.0,1.75,1840.0,5101.0,1.0,0.0,0.0,5,7,1040.0,800.0,1952,0.0,98108,47.5585,-122.317,1340.0,5000.0,2014-06-04,411715.0
3425059173,4.0,4.0,2790.0,16117.0,2.0,0.0,0.0,4,9,2790.0,0.0,1999,0.0,98005,47.6033,-122.155,2740.0,25369.0,2014-10-28,865000.0
715010130,6.0,4.25,5860.0,13928.0,2.0,0.0,3.0,3,10,4150.0,1710.0,2013,0.0,98006,47.5382,-122.114,5790.0,13928.0,2015-02-02,1750000.0
7504100920,3.0,3.0,3450.0,16200.0,2.0,0.0,0.0,3,10,3450.0,0.0,1983,0.0,98074,47.6319,-122.041,3130.0,12150.0,2014-06-18,688000.0
5104520460,4.0,2.5,2350.0,5100.0,2.0,0.0,0.0,3,8,2350.0,0.0,2003,0.0,98038,47.3507,-122.007,2190.0,5100.0,2015-03-17,399950.0
1257200020,3.0,1.0,1250.0,4590.0,1.5,,0.0,3,6,970.0,280.0,1903,0.0,98115,47.6757,-122.327,1830.0,4080.0,2015-03-27,555000.0
4452300130,3.0,2.0,2000.0,3207.0,1.0,0.0,0.0,4,7,1100.0,900.0,1916,0.0,98103,47.6561,-122.341,1460.0,3200.0,2014-05-22,677000.0
8651520420,3.0,2.0,2260.0,9568.0,1.0,0.0,0.0,3,8,1780.0,480.0,1985,0.0,98074,47.6457,-122.058,2250.0,9744.0,2014-06-06,539000.0
6401700010,3.0,1.75,1510.0,6597.0,1.0,0.0,0.0,4,6,950.0,560.0,1939,0.0,98144,47.5938,-122.315,1460.0,5320.0,2014-08-19,410000.0
8857320130,2.0,2.25,1800.0,2748.0,2.0,0.0,0.0,4,9,1800.0,0.0,1979,0.0,98008,47.6104,-122.113,1800.0,2755.0,2015-03-10,472000.0
1102000759,3.0,2.5,2420.0,8856.0,1.0,0.0,3.0,3,9,1620.0,800.0,1957,0.0,98118,47.5405,-122.263,2650.0,9750.0,2014-10-26,755000.0
6457000080,5.0,1.75,1750.0,8325.0,1.0,0.0,0.0,5,7,1750.0,0.0,1966,0.0,98031,47.4007,-122.198,1430.0,8325.0,2014-08-05,269900.0
1126059022,4.0,2.5,2660.0,40312.0,2.0,0.0,0.0,4,8,2660.0,0.0,1977,0.0,98072,47.7532,-122.139,2650.0,45302.0,2014-07-22,667400.0
4340000010,3.0,2.25,2640.0,7544.0,1.0,0.0,0.0,3,10,2640.0,0.0,1995,0.0,98004,47.6224,-122.195,2650.0,7904.0,2014-10-30,1220000.0
3052700460,3.0,2.5,1460.0,1613.0,2.0,0.0,0.0,3,8,1180.0,280.0,2007,0.0,98117,47.6781,-122.375,1460.0,1403.0,2014-06-30,544000.0
567000020,2.0,1.0,1570.0,5000.0,1.5,0.0,3.0,4,8,1570.0,0.0,1924,0.0,98144,47.5955,-122.294,1760.0,3000.0,2015-04-28,800000.0
3575304017,3.0,1.0,1010.0,7500.0,1.0,0.0,0.0,4,7,1010.0,0.0,1975,0.0,98074,47.6172,-122.061,1250.0,10000.0,2014-08-22,315000.0
7812801700,4.0,1.0,1200.0,7200.0,1.5,,0.0,3,6,1200.0,0.0,1944,0.0,98178,47.4951,-122.248,1070.0,6050.0,2014-06-10,227000.0
5103300020,4.0,2.5,4040.0,25752.0,2.0,0.0,0.0,3,10,4040.0,0.0,2000,0.0,98038,47.4579,-122.068,3230.0,22247.0,2014-10-20,765000.0
9578080130,3.0,3.0,1820.0,1641.0,3.0,0.0,0.0,3,8,1540.0,280.0,2006,0.0,98119,47.6482,-122.358,1720.0,1501.0,2014-07-02,625000.0
3885803044,4.0,5.0,5810.0,7440.0,2.0,0.0,0.0,3,10,3790.0,2020.0,2004,0.0,98033,47.6878,-122.212,3010.0,7200.0,2014-09-02,1880000.0
9323600280,4.0,2.5,3010.0,9600.0,1.0,,2.0,3,9,1510.0,1500.0,1979,0.0,98006,47.5519,-122.156,2780.0,10000.0,2015-02-11,822600.0
7016100380,4.0,2.5,1910.0,8947.0,1.0,0.0,0.0,4,8,1160.0,750.0,1970,0.0,98011,47.7374,-122.183,1920.0,7350.0,2015-04-23,515000.0
3438500114,4.0,2.0,1640.0,5014.0,1.0,0.0,0.0,4,7,930.0,710.0,1982,0.0,98106,47.5545,-122.356,1600.0,5452.0,2015-05-12,377000.0
2597800010,3.0,1.0,1480.0,17360.0,1.0,0.0,1.0,3,8,1480.0,0.0,1954,0.0,98136,47.5179,-122.387,2250.0,8720.0,2015-03-04,600000.0
8018000020,4.0,1.75,2520.0,7770.0,1.0,0.0,0.0,3,8,1680.0,840.0,1965,0.0,98177,47.7721,-122.372,2340.0,7770.0,2014-11-14,525300.0
4055700167,4.0,3.0,2840.0,13554.0,1.0,0.0,2.0,4,9,1990.0,850.0,1974,0.0,98034,47.7153,-122.257,2840.0,16940.0,2014-08-14,760000.0
1863900190,2.0,1.0,840.0,7200.0,1.0,0.0,0.0,4,5,840.0,0.0,1907,0.0,98032,47.3769,-122.237,1030.0,7200.0,2014-12-29,202000.0
522079027,3.0,2.0,1730.0,38884.0,1.0,0.0,0.0,3,8,1730.0,0.0,1997,0.0,98038,47.4164,-121.951,2130.0,91040.0,2014-06-19,470000.0
7525530470,3.0,2.5,3140.0,10983.0,2.0,0.0,0.0,3,10,3140.0,0.0,1991,0.0,98075,47.5595,-122.04,3140.0,10983.0,2014-07-25,810000.0
8858100020,3.0,1.0,1480.0,8415.0,1.0,0.0,0.0,3,7,1080.0,400.0,1967,0.0,98188,47.4585,-122.283,1780.0,8512.0,2015-03-16,175000.0
6414100231,4.0,1.75,1920.0,7986.0,1.0,0.0,0.0,3,7,960.0,960.0,1952,0.0,98125,47.7209,-122.318,1700.0,7452.0,2014-10-15,440000.0
6303400460,2.0,1.0,770.0,8636.0,1.0,0.0,0.0,2,6,770.0,0.0,1951,0.0,98146,47.5075,-122.358,1110.0,8636.0,2015-03-30,197000.0
9476200020,3.0,1.0,1010.0,7384.0,1.0,0.0,2.0,5,6,1010.0,0.0,1943,0.0,98056,47.4905,-122.191,1010.0,8000.0,2015-03-06,254000.0
3575302938,3.0,1.0,1460.0,10000.0,1.5,,0.0,3,7,1460.0,0.0,2002,0.0,98074,47.6214,-122.063,1910.0,10000.0,2014-06-20,405000.0
2695600190,2.0,1.0,940.0,4264.0,1.0,,0.0,5,7,940.0,0.0,1949,0.0,98126,47.5314,-122.378,1630.0,4472.0,2015-03-27,416000.0
9433000470,4.0,2.75,2840.0,4864.0,3.0,0.0,0.0,3,9,2840.0,0.0,2014,0.0,98052,47.7103,-122.108,2990.0,5314.0,2014-09-19,779950.0
7140200250,4.0,2.75,1910.0,7210.0,1.0,0.0,0.0,4,7,1430.0,480.0,1980,0.0,98030,47.3693,-122.169,1750.0,7446.0,2015-01-12,200000.0
3905090130,4.0,2.5,2430.0,8509.0,2.0,0.0,0.0,3,9,2430.0,0.0,1992,0.0,98029,47.5714,-121.991,2760.0,8509.0,2014-07-17,658100.0
3335000050,2.0,1.75,1610.0,4104.0,1.0,0.0,0.0,3,7,950.0,660.0,1996,0.0,98118,47.5565,-122.275,1510.0,5284.0,2014-07-14,397000.0
4397650080,3.0,3.75,2780.0,5002.0,2.0,0.0,0.0,3,10,2780.0,0.0,1999,0.0,98007,47.5939,-122.15,3110.0,5717.0,2014-10-15,815000.0
1568100380,2.0,1.0,1160.0,8504.0,1.0,,0.0,4,7,1160.0,0.0,1949,0.0,98155,47.7364,-122.295,1320.0,8504.0,2014-10-16,345000.0
8078570460,4.0,2.5,1850.0,7199.0,2.0,0.0,0.0,4,7,1850.0,,1989,0.0,98031,47.4031,-122.172,1940.0,7432.0,2014-09-24,305500.0
6382000080,3.0,2.25,2120.0,13090.0,1.0,,0.0,3,8,2120.0,0.0,1997,0.0,98002,47.296,-122.219,1400.0,12039.0,2014-07-08,340000.0
7905380080,5.0,2.5,2620.0,12763.0,1.0,,0.0,3,7,1400.0,1220.0,1979,0.0,98034,47.72,-122.213,2390.0,9156.0,2015-02-26,330000.0
6600490250,4.0,2.5,2060.0,3608.0,2.0,0.0,0.0,3,7,2060.0,0.0,2004,0.0,98198,47.362,-122.309,2060.0,3608.0,2015-04-21,269000.0
7200001756,3.0,1.0,1060.0,9525.0,1.0,0.0,0.0,3,7,1060.0,,1966,0.0,98052,47.6855,-122.111,1630.0,9525.0,2014-06-12,349950.0
4427100130,3.0,1.0,1500.0,6240.0,1.0,0.0,0.0,4,7,1500.0,0.0,1953,0.0,98125,47.7281,-122.311,1230.0,6240.0,2015-03-04,431000.0
5606000255,4.0,1.75,2380.0,5700.0,2.0,0.0,1.0,4,7,1820.0,560.0,1946,0.0,98105,47.6656,-122.271,2190.0,5700.0,2014-10-17,735000.0
1402700170,5.0,3.0,3045.0,5030.0,2.0,0.0,0.0,3,8,3045.0,0.0,1999,0.0,98058,47.4386,-122.127,3045.0,5322.0,2014-07-17,414000.0
5366200460,3.0,2.5,1700.0,4105.0,2.0,0.0,0.0,3,8,1700.0,0.0,1992,0.0,98122,47.6078,-122.292,1880.0,3665.0,2014-05-20,619500.0
1245500725,3.0,1.75,1240.0,13869.0,1.0,0.0,0.0,4,7,1240.0,0.0,1957,0.0,98033,47.6919,-122.21,1970.0,7790.0,2014-10-30,675000.0
9477201060,3.0,1.0,1410.0,7854.0,1.0,0.0,0.0,4,7,1410.0,0.0,1971,0.0,98034,47.7303,-122.192,1460.0,7500.0,2015-04-23,380500.0
4060000290,3.0,1.5,880.0,6600.0,1.0,0.0,0.0,5,6,880.0,0.0,1945,0.0,98178,47.5002,-122.247,1020.0,6600.0,2014-06-17,253000.0
522059327,2.0,1.0,740.0,9003.0,1.0,,0.0,3,5,740.0,0.0,1949,0.0,98031,47.4217,-122.197,1230.0,8050.0,2014-05-28,157500.0
686530020,4.0,2.0,2030.0,9300.0,1.0,,0.0,4,8,2030.0,0.0,1976,0.0,98052,47.6658,-122.149,1800.0,9018.0,2014-06-09,627000.0
5145100460,4.0,2.5,2090.0,7241.0,1.0,0.0,0.0,4,7,1140.0,950.0,2001,0.0,98034,47.726,-122.221,1510.0,7402.0,2014-09-24,469500.0
6329000380,2.0,1.0,920.0,8341.0,1.0,,0.0,3,7,920.0,0.0,1939,0.0,98146,47.5015,-122.38,2330.0,9792.0,2014-06-19,319950.0
8960200280,3.0,1.0,1180.0,7200.0,1.0,,0.0,4,7,1180.0,0.0,1968,0.0,98058,47.4249,-122.178,1180.0,7200.0,2015-02-18,249500.0
2867100007,3.0,1.0,1260.0,3230.0,1.5,0.0,0.0,3,7,1260.0,0.0,1907,0.0,98119,47.644,-122.369,1700.0,3500.0,2015-02-23,485000.0
9542100005,5.0,3.0,3690.0,10260.0,1.0,0.0,4.0,4,9,2070.0,1620.0,1967,0.0,98005,47.5919,-122.176,3160.0,14000.0,2014-10-24,1130000.0
1545807280,3.0,1.75,1700.0,17355.0,1.0,0.0,0.0,3,7,1200.0,500.0,1978,0.0,98038,47.3637,-122.057,1900.0,9528.0,2014-06-28,314500.0
3996900460,2.0,1.0,770.0,8149.0,1.0,0.0,0.0,3,6,770.0,0.0,1948,0.0,98155,47.7467,-122.3,880.0,8149.0,2015-04-03,220000.0
217500005,3.0,2.5,2020.0,7800.0,1.0,0.0,0.0,4,7,1330.0,690.0,1958,0.0,98133,47.7368,-122.337,1870.0,7800.0,2014-11-24,444950.0
1513800080,4.0,2.5,2030.0,9825.0,1.0,0.0,0.0,3,8,1330.0,700.0,1985,0.0,98115,47.6892,-122.3,2180.0,7500.0,2014-08-25,598000.0
8691390460,4.0,3.5,2690.0,6164.0,2.0,0.0,0.0,3,9,2690.0,0.0,2002,0.0,98075,47.599,-121.973,2910.0,5000.0,2014-06-16,699850.0
6633900170,3.0,2.5,1750.0,3354.0,2.0,,0.0,4,7,1750.0,0.0,1991,0.0,98033,47.6953,-122.199,1750.0,4286.0,2014-05-08,595000.0
205000050,4.0,2.5,3270.0,45537.0,2.0,0.0,0.0,3,9,3270.0,0.0,1993,0.0,98053,47.6303,-121.984,2670.0,38827.0,2014-12-18,735000.0
8838900167,4.0,2.5,2330.0,14289.0,2.0,0.0,0.0,4,8,2330.0,0.0,1978,0.0,98007,47.5916,-122.148,2210.0,12823.0,2014-05-09,542500.0
7199330170,3.0,1.75,1720.0,6960.0,1.0,0.0,0.0,3,7,1140.0,580.0,1978,0.0,98052,47.6972,-122.129,1720.0,7280.0,2015-05-12,450000.0
236500050,3.0,2.0,2420.0,8800.0,1.0,0.0,0.0,4,7,1420.0,1000.0,1959,0.0,98188,47.4322,-122.291,1546.0,8666.0,2014-07-28,298500.0
2025049028,2.0,1.0,710.0,1136.0,2.0,0.0,0.0,4,7,710.0,0.0,1943,0.0,98102,47.6414,-122.329,1370.0,1173.0,2014-06-09,403950.0
3298700305,2.0,1.0,710.0,4240.0,1.0,0.0,0.0,4,6,710.0,,1942,0.0,98106,47.5226,-122.351,850.0,5200.0,2014-12-29,271000.0
6145600780,2.0,1.0,1510.0,3844.0,1.0,0.0,0.0,4,7,1510.0,0.0,1923,19700.0,98133,47.7038,-122.348,1170.0,3844.0,2014-09-11,335000.0
1332700010,2.0,2.25,1610.0,1968.0,2.0,0.0,0.0,5,7,1610.0,0.0,1979,0.0,98056,47.5184,-122.196,1950.0,1968.0,2014-12-16,305000.0
2768300655,3.0,3.0,1880.0,2200.0,2.0,0.0,0.0,3,8,1520.0,360.0,2007,0.0,98107,47.6666,-122.367,1500.0,1426.0,2015-03-17,630000.0
7224500010,2.0,1.75,1220.0,5000.0,1.0,0.0,0.0,5,7,860.0,360.0,1921,0.0,98055,47.4906,-122.204,1120.0,5000.0,2014-06-03,253000.0
4037000185,4.0,1.75,2060.0,7900.0,1.0,,0.0,4,7,1070.0,990.0,1957,0.0,98008,47.6028,-122.12,1830.0,8000.0,2014-09-19,395000.0
7614100020,3.0,2.5,1340.0,10290.0,1.0,0.0,0.0,4,7,1140.0,200.0,1981,0.0,98042,47.3553,-122.149,1760.0,7903.0,2014-10-17,265000.0
1423400225,2.0,1.0,1030.0,9192.0,1.0,0.0,0.0,4,6,1030.0,0.0,1959,0.0,98058,47.4565,-122.181,1030.0,9190.0,2014-07-21,225000.0
5419000050,4.0,2.5,2717.0,4513.0,2.0,0.0,0.0,3,8,2717.0,0.0,2005,0.0,98001,47.3373,-122.266,2550.0,4841.0,2014-09-17,338500.0
5151200290,2.0,1.75,1360.0,8100.0,1.0,0.0,0.0,3,7,860.0,500.0,1975,0.0,98177,47.7295,-122.359,1830.0,6766.0,2014-05-12,300000.0
4060000170,2.0,1.0,1260.0,7810.0,2.0,0.0,0.0,3,6,1260.0,0.0,1945,0.0,98178,47.5003,-122.248,1260.0,7755.0,2014-08-20,255000.0
1568100290,4.0,3.0,2240.0,8504.0,2.0,0.0,0.0,3,7,2240.0,0.0,1992,0.0,98155,47.7348,-122.295,1570.0,8460.0,2014-06-20,337000.0
4137010010,3.0,2.25,2080.0,9740.0,2.0,0.0,0.0,3,8,2080.0,0.0,1988,0.0,98092,47.261,-122.219,2080.0,8705.0,2015-04-16,324900.0
2581900284,3.0,2.75,2760.0,8476.0,1.0,,0.0,4,8,1690.0,1070.0,1967,0.0,98040,47.5402,-122.215,2610.0,9835.0,2014-07-07,821000.0
1222069136,4.0,2.75,3000.0,213008.0,1.0,0.0,0.0,4,8,3000.0,0.0,1975,0.0,98038,47.4032,-121.982,2300.0,74191.0,2014-12-12,500000.0
7625701795,4.0,3.5,3310.0,6000.0,2.0,,2.0,3,8,2200.0,1110.0,2010,0.0,98136,47.5511,-122.391,1420.0,6000.0,2015-03-02,885000.0
1771100440,4.0,2.0,1630.0,10375.0,1.0,0.0,0.0,5,7,1630.0,0.0,1968,0.0,98077,47.7566,-122.073,1360.0,10026.0,2014-06-10,360000.0
3211200290,3.0,1.0,900.0,7500.0,1.0,0.0,0.0,4,7,900.0,0.0,1972,0.0,98034,47.7314,-122.237,1960.0,7500.0,2014-05-27,304000.0
4154302045,2.0,1.0,880.0,2400.0,1.0,,0.0,3,6,760.0,120.0,1918,0.0,98118,47.5643,-122.275,1180.0,6300.0,2015-03-16,376000.0
4036801315,4.0,1.5,1620.0,7875.0,1.0,0.0,0.0,3,7,1620.0,0.0,1956,0.0,98008,47.6041,-122.126,1890.0,8400.0,2014-11-04,425000.0
9185700414,3.0,1.75,1610.0,7200.0,1.0,0.0,0.0,3,8,1090.0,520.0,1973,0.0,98112,47.6279,-122.287,3790.0,7200.0,2014-05-22,1180000.0
1221000562,3.0,2.5,1730.0,1803.0,2.0,0.0,0.0,3,7,1730.0,0.0,2005,0.0,98166,47.4648,-122.335,1190.0,7980.0,2014-07-22,187000.0
1890000250,2.0,1.5,1640.0,4080.0,1.5,0.0,0.0,5,7,1540.0,100.0,1916,0.0,98105,47.6624,-122.325,1880.0,4080.0,2014-06-27,710000.0
7436400020,3.0,1.75,1840.0,7350.0,1.0,0.0,0.0,3,8,1370.0,470.0,1974,0.0,98033,47.6729,-122.166,1920.0,8518.0,2015-03-25,585000.0
3303850290,5.0,4.0,4700.0,22326.0,2.0,0.0,0.0,3,11,4700.0,0.0,2002,0.0,98006,47.5417,-122.111,4730.0,27110.0,2015-04-09,1400000.0
2025059026,4.0,3.5,4500.0,44384.0,1.0,0.0,0.0,3,12,3340.0,1160.0,1990,0.0,98004,47.6323,-122.192,2540.0,26287.0,2015-02-25,1980000.0
3751600430,3.0,1.75,1780.0,35233.0,1.0,0.0,0.0,4,8,1420.0,360.0,1979,0.0,98001,47.2949,-122.269,1950.0,17334.0,2014-12-26,250000.0
7856640460,4.0,2.75,3800.0,12200.0,2.0,0.0,3.0,4,10,3800.0,0.0,1986,0.0,98006,47.5689,-122.156,3710.0,14796.0,2014-12-18,950000.0
9510920050,3.0,2.5,2980.0,16996.0,2.0,0.0,0.0,3,10,2980.0,0.0,1992,0.0,98075,47.595,-122.016,2980.0,15438.0,2014-09-02,725000.0
8651720020,4.0,2.5,2780.0,6369.0,1.0,0.0,0.0,3,8,1590.0,1190.0,1978,0.0,98034,47.7284,-122.216,2170.0,7490.0,2014-05-12,505000.0
2114700500,1.0,1.0,560.0,4120.0,1.0,0.0,0.0,3,4,560.0,0.0,1947,0.0,98106,47.5335,-122.348,980.0,4120.0,2015-04-18,90000.0
7950303530,4.0,2.0,2060.0,3060.0,2.0,0.0,0.0,3,7,2060.0,0.0,1968,0.0,98118,47.5631,-122.285,1630.0,3766.0,2015-04-09,400000.0
8910500471,3.0,1.0,1140.0,7785.0,1.0,0.0,0.0,3,8,1140.0,0.0,1954,0.0,98177,47.709,-122.363,2080.0,10620.0,2015-02-17,407000.0
9550204450,3.0,1.5,1890.0,4400.0,1.5,0.0,0.0,5,7,1890.0,0.0,1919,0.0,98105,47.6662,-122.326,1620.0,4080.0,2014-12-19,651000.0
4024101990,3.0,2.25,2090.0,7450.0,1.0,0.0,0.0,3,7,1350.0,740.0,1978,0.0,98155,47.7598,-122.303,1740.0,7644.0,2015-02-05,485000.0
5595900345,4.0,2.75,3460.0,13168.0,2.0,0.0,0.0,4,8,3460.0,0.0,1932,19860.0,98022,47.2046,-121.996,1500.0,7670.0,2015-01-13,460000.0
1782500095,2.0,1.0,1320.0,6135.0,1.0,0.0,0.0,4,7,880.0,440.0,1942,0.0,98126,47.5265,-122.379,1050.0,4693.0,2015-03-09,369000.0
8887001192,2.0,1.0,1240.0,27042.0,1.0,0.0,1.0,3,6,1000.0,240.0,1943,0.0,98070,47.5026,-122.465,2140.0,20059.0,2014-06-20,355000.0
4006000307,2.0,1.0,810.0,4755.0,1.0,,0.0,3,7,810.0,0.0,1980,0.0,98118,47.5313,-122.28,1180.0,4755.0,2014-09-16,155000.0
5605000440,3.0,1.0,1880.0,5450.0,1.5,0.0,0.0,4,8,1880.0,0.0,1924,0.0,98112,47.6453,-122.302,2580.0,5450.0,2014-12-15,1000000.0
2591840050,4.0,2.5,2680.0,11590.0,2.0,0.0,0.0,4,9,2680.0,0.0,1988,0.0,98058,47.4395,-122.163,2580.0,8225.0,2015-02-11,419625.0
1442300005,3.0,2.0,2040.0,6880.0,2.0,0.0,0.0,4,7,2040.0,0.0,1954,0.0,98133,47.7601,-122.351,1710.0,7597.0,2015-02-18,435000.0
3343901440,4.0,1.75,2180.0,7876.0,1.0,0.0,0.0,4,7,1290.0,890.0,1977,0.0,98056,47.5157,-122.191,1960.0,7225.0,2015-05-11,379000.0
9406590250,4.0,2.25,1870.0,5371.0,2.0,0.0,0.0,3,7,1870.0,0.0,2009,0.0,98038,47.3844,-122.036,2380.0,4502.0,2015-02-24,293000.0
2212250080,4.0,2.75,2310.0,7851.0,1.0,0.0,0.0,4,8,1790.0,520.0,1989,0.0,98006,47.5473,-122.187,2230.0,7359.0,2014-08-06,592100.0
3578700073,3.0,1.75,1120.0,9730.0,1.0,0.0,0.0,3,7,1120.0,0.0,1944,19890.0,98011,47.7372,-122.221,2530.0,8717.0,2014-11-10,362000.0
1123049126,3.0,1.0,1340.0,10035.0,1.0,0.0,0.0,3,7,1340.0,0.0,1959,0.0,98178,47.4916,-122.254,2090.0,10035.0,2014-12-03,227000.0
526059259,3.0,1.75,1260.0,8487.0,1.0,0.0,0.0,3,7,1260.0,0.0,1970,0.0,98011,47.7664,-122.201,1890.0,13051.0,2014-08-19,335500.0
3222079136,3.0,1.75,1200.0,55321.0,1.5,0.0,0.0,5,7,1200.0,0.0,1977,0.0,98010,47.3492,-121.935,1910.0,54450.0,2014-08-18,213000.0
7237300290,5.0,2.5,2400.0,4496.0,2.0,0.0,0.0,3,7,2400.0,0.0,2004,0.0,98042,47.3692,-122.126,1880.0,4319.0,2015-03-26,338000.0
7468900235,3.0,1.0,940.0,7200.0,1.0,0.0,0.0,4,7,940.0,0.0,1954,0.0,98002,47.2979,-122.223,1090.0,7800.0,2014-10-22,163500.0
3352401476,2.0,1.0,860.0,5000.0,1.0,0.0,0.0,3,7,860.0,0.0,1949,0.0,98178,47.5005,-122.267,1130.0,6000.0,2014-11-24,199988.0
4217402162,3.0,2.25,2390.0,7875.0,1.0,0.0,1.0,3,10,1980.0,410.0,1948,0.0,98105,47.6515,-122.278,3720.0,9075.0,2014-07-25,1190000.0
6147650430,4.0,2.5,3130.0,5200.0,2.0,0.0,0.0,3,7,3130.0,0.0,2005,0.0,98042,47.3828,-122.098,3020.0,5200.0,2015-04-07,320000.0
1133000235,6.0,2.25,3550.0,11780.0,1.0,0.0,0.0,4,8,2960.0,590.0,1948,0.0,98125,47.7218,-122.312,2360.0,8850.0,2014-06-16,450000.0
2781270080,2.0,2.0,1470.0,2541.0,2.0,,0.0,3,6,1470.0,0.0,2005,0.0,98038,47.3502,-122.02,1310.0,2721.0,2014-10-30,249900.0
1423200170,2.0,1.0,910.0,9869.0,1.0,0.0,0.0,3,6,910.0,0.0,1957,0.0,98058,47.4572,-122.184,1480.0,9750.0,2014-06-12,223000.0
3023059071,4.0,4.0,2630.0,59586.0,1.0,,0.0,3,7,1470.0,1160.0,1963,0.0,98055,47.4496,-122.209,2230.0,5715.0,2015-02-10,631000.0
511700170,4.0,2.25,1780.0,10416.0,1.0,0.0,0.0,5,7,1060.0,720.0,1963,0.0,98055,47.4414,-122.189,1780.0,9975.0,2015-05-05,350000.0
2124089028,3.0,1.75,1430.0,39160.0,1.0,0.0,0.0,3,7,900.0,530.0,1925,19870.0,98065,47.5513,-121.801,1430.0,40860.0,2014-07-14,279000.0
1431700280,5.0,2.0,2730.0,7344.0,1.0,0.0,0.0,5,7,1510.0,1220.0,1962,0.0,98058,47.4602,-122.171,1730.0,7700.0,2015-04-09,310000.0
7686202635,2.0,1.0,900.0,8000.0,1.0,0.0,0.0,4,6,900.0,0.0,1954,0.0,98198,47.4217,-122.317,1240.0,8000.0,2014-08-12,185000.0
3874400380,3.0,2.5,1740.0,22089.0,1.0,0.0,0.0,4,8,1130.0,610.0,1977,0.0,98070,47.3948,-122.435,2000.0,24925.0,2015-03-16,445000.0
642500080,4.0,2.5,2905.0,4874.0,2.0,0.0,0.0,3,9,2905.0,0.0,2003,0.0,98031,47.4084,-122.169,2900.0,5271.0,2014-12-12,365000.0
1591600527,3.0,1.5,2230.0,9120.0,1.0,0.0,0.0,3,7,1390.0,840.0,1959,0.0,98146,47.5008,-122.358,1420.0,8450.0,2015-04-23,333500.0
5587000010,3.0,2.25,1680.0,8450.0,1.0,0.0,0.0,3,8,1340.0,340.0,1960,0.0,98177,47.7575,-122.361,1850.0,8300.0,2014-11-20,385000.0
2201500440,3.0,1.5,1240.0,11200.0,1.0,0.0,0.0,4,7,1240.0,,1954,0.0,98006,47.5716,-122.138,1240.0,11008.0,2014-05-20,345000.0
7603100095,3.0,3.0,3230.0,8625.0,2.0,0.0,3.0,3,10,2220.0,1010.0,1998,0.0,98116,47.562,-122.404,2330.0,6022.0,2014-11-10,1260000.0
9412200080,4.0,2.5,2560.0,10400.0,1.0,0.0,0.0,4,7,1280.0,1280.0,1965,0.0,98027,47.5225,-122.04,1740.0,11050.0,2014-05-23,440000.0
7852130080,3.0,2.5,2600.0,4724.0,2.0,0.0,0.0,3,7,2600.0,0.0,2002,0.0,98065,47.5359,-121.878,2400.0,4724.0,2014-09-25,444500.0
2923039243,4.0,1.0,1200.0,11834.0,1.0,1.0,3.0,3,6,1200.0,0.0,1972,0.0,98070,47.4557,-122.443,1670.0,47462.0,2014-11-13,340000.0
6908200250,4.0,1.0,1660.0,6075.0,1.5,0.0,0.0,5,7,1660.0,0.0,1915,0.0,98117,47.6755,-122.403,1810.0,5400.0,2015-03-12,680000.0
3039000010,3.0,1.75,1140.0,8558.0,1.0,0.0,0.0,4,7,1140.0,0.0,1982,0.0,98033,47.7027,-122.198,1490.0,10530.0,2014-09-09,420000.0
1657300280,3.0,2.25,3050.0,10689.0,2.0,0.0,0.0,4,9,3050.0,0.0,1988,0.0,98092,47.3326,-122.201,2697.0,10925.0,2014-12-29,438500.0
9200000050,2.0,1.0,800.0,10625.0,1.0,0.0,0.0,3,6,800.0,0.0,1942,0.0,98168,47.496,-122.317,1130.0,10625.0,2014-09-18,109500.0
7508200080,4.0,2.75,1700.0,7495.0,1.0,0.0,0.0,4,7,1200.0,500.0,1964,0.0,98133,47.7589,-122.354,1650.0,7495.0,2015-04-10,461000.0
5454200080,4.0,1.75,2630.0,9645.0,1.0,0.0,0.0,4,9,2630.0,0.0,1963,0.0,98040,47.5459,-122.228,2690.0,10439.0,2014-08-11,968000.0
7972601100,3.0,1.75,1960.0,7705.0,1.0,,0.0,4,7,980.0,980.0,1950,0.0,98106,47.53,-122.347,1380.0,4349.0,2014-09-23,355000.0
5112800190,3.0,1.5,1180.0,11579.0,1.0,,0.0,4,7,1180.0,0.0,1962,0.0,98058,47.4502,-122.089,1780.0,22486.0,2015-03-27,249000.0
984210170,5.0,2.5,1960.0,7350.0,1.0,0.0,0.0,4,7,1360.0,600.0,1969,0.0,98058,47.4368,-122.165,1900.0,7350.0,2015-03-26,256500.0
8081500050,5.0,2.5,4250.0,20441.0,1.0,0.0,1.0,4,11,2490.0,1760.0,1984,0.0,98004,47.6377,-122.211,3620.0,16304.0,2015-03-02,1810000.0
8731801190,3.0,2.25,1950.0,8661.0,1.0,0.0,0.0,4,8,1950.0,0.0,1966,0.0,98023,47.3127,-122.362,1950.0,8800.0,2014-12-23,269000.0
9103000715,4.0,3.5,3600.0,5217.0,2.0,0.0,0.0,3,9,2720.0,880.0,1947,20140.0,98112,47.6189,-122.286,2270.0,5217.0,2014-11-12,1350000.0
8732300430,3.0,2.25,2060.0,9552.0,1.0,0.0,0.0,4,9,1610.0,450.0,1975,0.0,98040,47.5402,-122.231,2930.0,11212.0,2014-06-20,885000.0
3754700170,3.0,2.0,1640.0,9825.0,1.0,0.0,0.0,4,7,1090.0,550.0,1971,0.0,98034,47.7244,-122.2,1500.0,9750.0,2015-04-23,455000.0
2652500795,4.0,2.5,2730.0,4800.0,1.5,0.0,0.0,5,8,2230.0,500.0,1909,0.0,98119,47.642,-122.358,2190.0,4200.0,2014-06-09,980000.0
7454000470,3.0,1.75,1530.0,6300.0,1.0,,0.0,3,6,1530.0,0.0,1942,20040.0,98126,47.516,-122.375,920.0,6300.0,2014-08-01,412500.0
3630121060,4.0,3.5,3060.0,4777.0,2.0,0.0,0.0,3,9,3060.0,0.0,2007,0.0,98029,47.555,-122.0,3060.0,4935.0,2014-12-17,740000.0
1370800825,4.0,2.25,2860.0,5658.0,2.0,0.0,3.0,3,10,2130.0,730.0,1933,0.0,98199,47.6395,-122.409,2700.0,5221.0,2014-08-23,1300000.0
4310702759,2.0,1.5,1030.0,798.0,3.0,0.0,0.0,3,8,1030.0,0.0,2008,0.0,98103,47.6975,-122.34,1020.0,1026.0,2015-03-12,326000.0
8635750950,4.0,2.5,2460.0,4200.0,2.0,0.0,0.0,3,8,2460.0,0.0,1998,0.0,98074,47.6041,-122.02,2460.0,4200.0,2014-06-07,568500.0
3448900420,4.0,2.5,2500.0,8282.0,2.0,0.0,0.0,3,9,2500.0,0.0,2013,0.0,98056,47.5127,-122.169,2500.0,8046.0,2014-09-22,620000.0
2113700005,3.0,1.75,1830.0,7600.0,2.0,0.0,0.0,3,7,1490.0,340.0,1947,0.0,98106,47.5317,-122.351,1300.0,4000.0,2015-04-17,283000.0
8615800500,6.0,3.25,2820.0,4536.0,2.0,0.0,0.0,4,8,1930.0,890.0,1917,0.0,98105,47.6688,-122.309,2820.0,4536.0,2014-08-14,875000.0
9106000005,4.0,2.25,3750.0,5000.0,2.0,0.0,0.0,5,8,2440.0,1310.0,1924,0.0,98115,47.6747,-122.303,2170.0,4590.0,2015-05-27,1310000.0
806800420,3.0,2.5,2070.0,6145.0,2.0,0.0,0.0,3,7,2070.0,0.0,2003,0.0,98092,47.3357,-122.172,2070.0,5297.0,2014-10-23,289950.0
2787311190,3.0,2.5,1780.0,7192.0,1.0,0.0,0.0,4,7,1250.0,530.0,1974,0.0,98031,47.4093,-122.173,1870.0,8500.0,2014-11-14,252500.0
3342102385,4.0,2.25,2200.0,6750.0,1.0,0.0,0.0,5,8,1480.0,720.0,1959,0.0,98056,47.5215,-122.202,2710.0,6750.0,2014-10-29,376000.0
7504000290,4.0,2.5,3240.0,13978.0,1.0,,0.0,3,9,1860.0,1380.0,1977,0.0,98074,47.6298,-122.057,3150.0,12767.0,2014-05-22,635700.0
8691300500,4.0,2.5,2880.0,12349.0,2.0,0.0,0.0,3,10,2880.0,0.0,1996,0.0,98075,47.5879,-121.973,3490.0,11539.0,2014-10-28,710000.0
930000425,3.0,1.75,1570.0,5120.0,1.0,0.0,2.0,3,7,980.0,590.0,1947,0.0,98177,47.7166,-122.365,2420.0,7200.0,2015-03-01,440000.0
3291800670,3.0,2.5,3180.0,7904.0,1.0,0.0,0.0,3,8,1810.0,1370.0,2006,0.0,98056,47.489,-122.181,1950.0,7800.0,2014-06-30,439000.0
1425059145,2.0,1.5,1310.0,12196.0,1.5,0.0,0.0,3,6,1310.0,0.0,1970,0.0,98052,47.6487,-122.122,2970.0,12196.0,2014-06-16,455000.0
4406000050,2.0,1.0,910.0,9612.0,1.0,0.0,0.0,4,7,910.0,0.0,1981,0.0,98058,47.4297,-122.152,1410.0,9611.0,2014-05-19,225000.0
1432700420,3.0,1.0,1460.0,10914.0,1.0,0.0,0.0,4,7,1460.0,0.0,1959,0.0,98058,47.4511,-122.173,1490.0,8314.0,2014-07-28,250000.0
5561400470,4.0,3.25,3410.0,34939.0,2.0,0.0,0.0,4,9,2470.0,940.0,1992,0.0,98027,47.459,-122.003,2450.0,39045.0,2015-04-07,585000.0
8827901350,3.0,1.75,2720.0,4720.0,1.5,0.0,0.0,4,7,1580.0,1140.0,1925,0.0,98105,47.6691,-122.29,1660.0,4640.0,2015-04-07,685000.0
6190700284,5.0,2.75,2280.0,10319.0,1.0,0.0,0.0,3,8,1300.0,980.0,1959,0.0,98177,47.7566,-122.363,2370.0,8056.0,2014-06-20,420000.0
3644100073,2.0,1.0,670.0,1675.0,1.0,0.0,0.0,5,6,670.0,0.0,1960,0.0,98144,47.5918,-122.295,1220.0,1740.0,2014-11-22,245000.0
3223059173,4.0,2.0,1480.0,15000.0,1.0,0.0,0.0,4,7,1480.0,0.0,1957,0.0,98055,47.4312,-122.196,1450.0,8768.0,2014-11-04,275000.0
109210460,3.0,2.0,2330.0,8000.0,1.0,0.0,0.0,3,7,1390.0,940.0,1986,0.0,98023,47.2958,-122.368,1570.0,7227.0,2014-10-29,270000.0
9106000050,4.0,3.0,2170.0,2500.0,2.0,0.0,0.0,3,8,1710.0,460.0,1997,0.0,98115,47.6742,-122.303,2170.0,4080.0,2014-10-21,767250.0
4337600280,3.0,2.0,1760.0,9900.0,1.0,0.0,0.0,4,7,1760.0,0.0,1943,0.0,98166,47.4783,-122.338,1190.0,9900.0,2014-09-04,229000.0
3438501100,3.0,1.0,1240.0,4000.0,1.5,0.0,0.0,3,8,1240.0,0.0,1928,0.0,98106,47.5467,-122.359,1200.0,17707.0,2015-04-27,400000.0
7935000280,5.0,3.25,5210.0,35765.0,2.5,0.0,4.0,5,10,4940.0,270.0,1911,0.0,98136,47.5463,-122.397,2590.0,10250.0,2014-08-12,2200000.0
7419700010,5.0,2.0,2800.0,17788.0,1.0,0.0,0.0,4,8,1400.0,1400.0,1963,0.0,98033,47.6719,-122.163,1760.0,18282.0,2014-07-07,665000.0
1626069102,4.0,2.25,2060.0,44431.0,2.0,0.0,0.0,3,7,2060.0,0.0,1988,0.0,98077,47.744,-122.046,2160.0,45657.0,2015-03-23,500000.0
7574000080,5.0,2.0,2360.0,19899.0,1.0,0.0,0.0,4,7,2360.0,0.0,1968,0.0,98010,47.3299,-122.046,1860.0,19998.0,2015-04-01,355500.0
3830700010,4.0,2.5,2370.0,6557.0,2.0,,0.0,3,9,2370.0,0.0,1998,0.0,98042,47.423,-122.155,2370.0,7378.0,2014-12-05,369000.0
1454100010,2.0,1.0,720.0,6050.0,1.0,0.0,0.0,2,5,720.0,0.0,1951,0.0,98125,47.7259,-122.29,1480.0,7280.0,2015-02-02,338500.0
603001045,3.0,1.0,950.0,4000.0,1.0,0.0,0.0,3,7,780.0,170.0,1949,0.0,98118,47.5232,-122.284,1230.0,4000.0,2015-04-29,256000.0
2607720440,3.0,2.5,1980.0,9725.0,2.0,0.0,0.0,3,8,1980.0,0.0,1994,0.0,98045,47.4856,-121.802,2070.0,9834.0,2015-03-04,470000.0
930000470,3.0,2.5,2540.0,7680.0,2.0,0.0,1.0,4,9,2540.0,0.0,1940,20010.0,98177,47.7175,-122.364,2490.0,7680.0,2014-05-27,675000.0
2621750280,4.0,2.75,2760.0,7533.0,1.0,0.0,0.0,3,8,1400.0,1360.0,1997,0.0,98042,47.371,-122.108,2340.0,7943.0,2014-11-10,369950.0
7853220470,5.0,3.5,2950.0,7980.0,2.0,0.0,3.0,3,9,2350.0,600.0,2005,0.0,98065,47.5339,-121.858,2950.0,7980.0,2014-09-15,615000.0
4139660430,5.0,3.0,3640.0,28531.0,2.0,0.0,0.0,3,10,3640.0,0.0,1996,0.0,98006,47.5502,-122.13,3330.0,17186.0,2015-05-05,1200000.0
1338800430,3.0,1.75,2150.0,3503.0,2.0,0.0,0.0,3,8,1870.0,280.0,1921,0.0,98112,47.6285,-122.303,3920.0,6402.0,2014-07-28,950000.0
1338800491,4.0,2.5,2760.0,5750.0,2.0,0.0,0.0,3,8,2760.0,0.0,1993,0.0,98112,47.627,-122.303,2760.0,5390.0,2014-10-21,799500.0
792000006,2.0,1.0,840.0,11600.0,1.0,0.0,0.0,3,6,840.0,0.0,1952,0.0,98168,47.492,-122.302,1610.0,9120.0,2014-07-09,187000.0
7504020670,5.0,2.25,2890.0,12478.0,2.0,0.0,0.0,3,9,2890.0,0.0,1977,0.0,98074,47.6295,-122.052,2570.0,11880.0,2014-05-20,598000.0
4017600010,3.0,2.25,2060.0,10160.0,1.0,0.0,0.0,4,8,1340.0,720.0,1967,0.0,98155,47.7712,-122.285,2320.0,11186.0,2015-04-17,429950.0
1471701410,5.0,2.25,1700.0,13500.0,1.5,,0.0,4,7,1700.0,0.0,1962,0.0,98059,47.4611,-122.067,1810.0,14550.0,2015-03-31,347950.0
3528000470,3.0,2.5,3560.0,107290.0,2.0,0.0,0.0,3,10,3560.0,0.0,1987,0.0,98053,47.6652,-122.049,3660.0,89298.0,2014-05-09,851000.0
3192000080,3.0,1.0,1210.0,10185.0,1.0,0.0,0.0,3,6,1210.0,0.0,1957,0.0,98146,47.4873,-122.345,1320.0,10245.0,2014-10-29,205000.0
1565100010,3.0,2.25,1590.0,9200.0,1.0,,0.0,4,7,1110.0,480.0,1979,0.0,98092,47.2917,-122.184,1880.0,9200.0,2015-03-27,225000.0
9201000460,4.0,2.25,2620.0,10536.0,1.0,0.0,0.0,3,8,1520.0,1100.0,1979,0.0,98075,47.5847,-122.075,2760.0,12431.0,2014-10-06,705000.0
323059316,5.0,2.5,3190.0,6178.0,2.0,0.0,0.0,3,8,3190.0,0.0,2003,0.0,98059,47.5104,-122.154,2480.0,7548.0,2015-05-05,535000.0
6802200190,3.0,2.0,1450.0,9044.0,2.0,0.0,0.0,3,7,1450.0,0.0,1990,0.0,98022,47.1955,-121.987,1450.0,9044.0,2015-01-21,222500.0
1773100430,2.0,1.5,1270.0,1282.0,2.0,0.0,0.0,3,8,1000.0,270.0,2006,0.0,98106,47.5581,-122.363,1270.0,1325.0,2015-04-24,313500.0
6137610190,3.0,2.25,2730.0,7521.0,2.0,0.0,2.0,3,9,2730.0,0.0,1992,0.0,98011,47.7704,-122.196,2700.0,8204.0,2015-03-17,632000.0
1568100387,3.0,2.0,1840.0,3432.0,2.0,0.0,0.0,3,7,1840.0,0.0,2012,0.0,98155,47.7368,-122.295,1280.0,7573.0,2015-03-22,467000.0
3826500290,3.0,2.25,1970.0,7210.0,1.0,0.0,0.0,4,8,1380.0,590.0,1978,0.0,98030,47.3821,-122.171,1970.0,7350.0,2015-04-24,339000.0
629410190,3.0,2.75,3200.0,6699.0,2.0,,0.0,3,9,3200.0,0.0,2004,0.0,98075,47.5884,-121.991,3020.0,6699.0,2014-06-19,712000.0
4189800050,3.0,1.0,1060.0,10050.0,1.0,0.0,0.0,4,7,1060.0,0.0,1967,0.0,98028,47.7355,-122.231,1570.0,9938.0,2014-05-20,335000.0
6126600950,3.0,3.25,1740.0,1693.0,2.0,0.0,0.0,3,8,1360.0,380.0,2007,0.0,98116,47.558,-122.382,1130.0,1626.0,2014-07-17,470000.0
5411800250,3.0,1.0,810.0,7000.0,1.0,0.0,0.0,3,7,810.0,0.0,1968,0.0,98052,47.6591,-122.134,1820.0,7589.0,2014-07-24,367000.0
7853302140,3.0,2.5,2460.0,4399.0,2.0,0.0,0.0,3,7,2460.0,0.0,2007,0.0,98065,47.5415,-121.884,2060.0,4399.0,2014-05-24,440500.0
1423910670,4.0,1.0,2100.0,9288.0,1.0,,0.0,4,7,1050.0,1050.0,1968,0.0,98058,47.4558,-122.171,1600.0,8550.0,2014-05-27,305000.0
2301400470,3.0,1.75,1530.0,5000.0,1.0,0.0,2.0,3,7,1020.0,510.0,1948,0.0,98117,47.6806,-122.36,1530.0,5000.0,2014-09-08,635000.0
1860600290,3.0,2.25,1670.0,4800.0,1.5,,3.0,3,8,1670.0,0.0,1903,0.0,98119,47.6356,-122.367,2300.0,4800.0,2014-06-27,1020000.0
9267200345,2.0,2.5,1175.0,1366.0,2.0,0.0,0.0,3,8,740.0,435.0,2005,0.0,98103,47.6962,-122.342,1710.0,1255.0,2014-06-02,342000.0
3826500170,3.0,2.25,2130.0,8800.0,1.0,0.0,0.0,3,8,1270.0,860.0,1978,0.0,98030,47.383,-122.168,1960.0,8075.0,2014-11-11,283000.0
9804500420,4.0,2.75,2470.0,50123.0,1.0,0.0,0.0,3,8,1280.0,1190.0,1978,0.0,98022,47.2504,-122.0,2200.0,54520.0,2015-04-24,430000.0
2895550190,4.0,2.5,1700.0,4268.0,2.0,0.0,0.0,3,7,1700.0,0.0,2000,0.0,98001,47.3303,-122.268,1700.0,4488.0,2014-08-08,245000.0
6699930440,3.0,2.5,2600.0,5540.0,2.0,0.0,0.0,3,8,2600.0,0.0,2004,0.0,98038,47.3446,-122.041,2600.0,5540.0,2014-06-05,355500.0
3543900380,3.0,1.0,1460.0,5000.0,1.0,0.0,0.0,4,7,1460.0,0.0,1934,19600.0,98115,47.6837,-122.32,1790.0,4000.0,2015-04-09,395000.0
59500050,4.0,2.25,2010.0,7280.0,2.0,0.0,0.0,4,8,2010.0,0.0,1988,0.0,98032,47.3585,-122.286,1660.0,7579.0,2014-12-16,324900.0
9274202885,3.0,1.75,1320.0,5750.0,1.5,0.0,0.0,5,7,1320.0,0.0,1918,0.0,98116,47.5848,-122.391,1440.0,5750.0,2014-05-08,660000.0
7701930050,3.0,2.5,3150.0,20189.0,2.0,0.0,0.0,3,10,3150.0,0.0,1990,0.0,98058,47.447,-122.088,2920.0,20612.0,2014-08-11,570000.0
200800480,3.0,2.5,1960.0,8469.0,2.0,0.0,0.0,4,8,1960.0,0.0,1984,0.0,98052,47.7236,-122.105,2040.0,8189.0,2014-11-06,552321.0
3835500005,2.0,1.75,2050.0,11900.0,1.0,0.0,0.0,4,8,2050.0,0.0,1950,0.0,98004,47.6209,-122.219,2980.0,11900.0,2014-05-28,1100000.0
9543000896,3.0,1.5,1800.0,9216.0,1.0,0.0,0.0,4,7,1800.0,0.0,1950,0.0,98001,47.2739,-122.249,1400.0,10022.0,2014-08-25,237000.0
1090000005,2.0,1.0,1210.0,5600.0,1.5,0.0,0.0,3,7,1210.0,0.0,1922,0.0,98136,47.5322,-122.392,1400.0,5028.0,2015-05-04,402000.0
5561000430,3.0,2.25,1830.0,39165.0,1.0,0.0,0.0,5,8,1830.0,0.0,1963,0.0,98027,47.4612,-121.992,2020.0,36184.0,2014-10-16,470000.0
1568100670,3.0,1.75,1880.0,8706.0,1.0,0.0,0.0,3,7,940.0,940.0,1927,0.0,98155,47.7362,-122.292,1880.0,7200.0,2015-03-20,395900.0
6813600440,2.0,1.75,860.0,5535.0,1.0,0.0,0.0,3,7,860.0,0.0,1948,0.0,98103,47.6901,-122.331,1420.0,4960.0,2014-10-22,442000.0
7701990380,4.0,2.75,2890.0,16397.0,2.0,0.0,0.0,3,10,2890.0,,1997,0.0,98077,47.7102,-122.072,3170.0,16397.0,2014-10-15,795000.0
7153400010,3.0,2.0,1390.0,10155.0,1.0,0.0,0.0,3,7,1130.0,260.0,1980,0.0,98003,47.2575,-122.305,1790.0,10155.0,2014-08-12,190500.0
5608010420,4.0,2.75,3340.0,7230.0,2.0,0.0,0.0,3,9,3340.0,0.0,1996,0.0,98027,47.549,-122.096,3230.0,7529.0,2014-11-20,808000.0
9141100073,4.0,2.5,2040.0,6685.0,2.0,0.0,0.0,3,8,2040.0,0.0,1998,0.0,98133,47.7413,-122.354,1890.0,8253.0,2014-08-26,500000.0
629400480,4.0,2.75,3010.0,15992.0,2.0,0.0,0.0,3,11,3010.0,0.0,1996,0.0,98075,47.5895,-121.994,3330.0,12333.0,2014-06-19,775000.0
9250900104,5.0,1.75,2110.0,8500.0,1.0,0.0,0.0,3,7,1100.0,1010.0,1962,0.0,98133,47.7737,-122.35,2020.0,8500.0,2014-11-10,300000.0
9250900104,5.0,1.75,2110.0,8500.0,1.0,0.0,0.0,3,7,1100.0,1010.0,1962,0.0,98133,47.7737,-122.35,2020.0,8500.0,2015-04-10,496000.0
5104531700,4.0,2.5,2510.0,6853.0,2.0,0.0,2.0,3,9,2510.0,0.0,2006,0.0,98038,47.3547,-122.003,3400.0,6965.0,2014-06-20,448000.0
623039026,2.0,2.25,2770.0,11884.0,1.0,,3.0,4,8,1570.0,1200.0,1969,0.0,98070,47.5098,-122.474,2310.0,17097.0,2014-11-25,645000.0
7626200235,3.0,1.75,1120.0,5500.0,1.5,0.0,0.0,4,7,1120.0,0.0,1925,0.0,98136,47.5445,-122.391,1490.0,5500.0,2014-05-23,464600.0
7228500425,3.0,1.0,1530.0,2370.0,2.0,0.0,0.0,3,8,1530.0,0.0,1901,0.0,98122,47.6108,-122.303,1310.0,2370.0,2014-07-28,590000.0
3332500095,3.0,2.5,1800.0,3300.0,2.0,,0.0,3,7,1690.0,110.0,2004,0.0,98118,47.5491,-122.276,1570.0,3902.0,2014-10-07,399000.0
7950300440,2.0,1.0,1030.0,6000.0,1.0,0.0,0.0,3,7,1030.0,0.0,1925,0.0,98118,47.5669,-122.283,1510.0,5000.0,2014-10-15,305000.0
8143000280,3.0,1.75,1210.0,6175.0,1.0,0.0,0.0,3,7,1210.0,0.0,1976,0.0,98034,47.7291,-122.202,1520.0,7475.0,2014-11-21,478000.0
4045500715,1.0,1.0,1090.0,32010.0,1.0,0.0,0.0,4,6,1090.0,0.0,1958,0.0,98014,47.6928,-121.87,1870.0,25346.0,2014-12-17,598800.0
1155620190,4.0,2.25,1790.0,7203.0,1.0,0.0,0.0,4,7,1110.0,680.0,1973,0.0,98155,47.7709,-122.294,2270.0,9000.0,2014-06-03,430000.0
3332000715,4.0,1.5,1550.0,5053.0,1.0,0.0,0.0,4,7,1180.0,370.0,1963,0.0,98118,47.5499,-122.274,1450.0,5639.0,2014-07-01,433000.0
5113000420,4.0,2.75,2400.0,20000.0,1.0,0.0,0.0,3,8,1170.0,1230.0,1961,20150.0,98058,47.4556,-122.087,1690.0,20000.0,2015-03-20,420000.0
3223039181,4.0,1.75,2470.0,131790.0,2.0,0.0,2.0,3,8,2470.0,0.0,1937,0.0,98070,47.4421,-122.444,1470.0,92747.0,2014-06-09,585000.0
7399300420,3.0,1.0,1170.0,7395.0,1.0,0.0,0.0,4,7,1170.0,0.0,1969,0.0,98055,47.4627,-122.19,1430.0,7920.0,2014-08-18,255000.0
1088400190,3.0,1.0,1120.0,10125.0,1.0,0.0,0.0,3,6,1120.0,0.0,1961,0.0,98059,47.4794,-122.078,1120.0,8820.0,2015-04-22,305000.0
1588600177,4.0,1.0,1040.0,4420.0,1.5,0.0,0.0,3,6,1040.0,0.0,1944,0.0,98117,47.6945,-122.368,1310.0,4920.0,2015-02-25,396000.0
9264950420,4.0,2.5,2460.0,7350.0,2.0,0.0,0.0,3,9,2460.0,0.0,1989,0.0,98023,47.3061,-122.349,2390.0,8568.0,2014-05-08,347500.0
5418650080,4.0,2.5,3690.0,11468.0,2.0,0.0,0.0,3,11,3690.0,0.0,1987,0.0,98027,47.5699,-122.092,3370.0,10751.0,2014-08-14,900000.0
9492800020,3.0,1.75,1960.0,43332.0,1.0,0.0,0.0,4,7,1400.0,560.0,1982,0.0,98077,47.739,-122.048,2010.0,44431.0,2014-09-30,425000.0
323089173,3.0,2.5,1920.0,15124.0,2.0,,0.0,3,8,1920.0,0.0,1995,0.0,98045,47.5015,-121.773,1920.0,16477.0,2014-05-19,429000.0
6821102358,3.0,2.25,1670.0,3135.0,2.0,0.0,0.0,3,8,1220.0,450.0,2002,0.0,98199,47.6478,-122.396,1630.0,1596.0,2015-02-24,540000.0
943100689,3.0,2.0,1340.0,9750.0,1.0,0.0,0.0,4,7,890.0,450.0,1974,0.0,98024,47.5644,-121.898,1460.0,12900.0,2015-01-27,324950.0
8722100825,3.0,2.25,2610.0,3357.0,2.0,0.0,0.0,4,7,1980.0,630.0,1926,0.0,98112,47.638,-122.306,1940.0,3357.0,2015-04-29,1050000.0
4223000280,4.0,1.75,1540.0,7200.0,1.0,0.0,0.0,3,7,1260.0,280.0,1966,0.0,98003,47.3424,-122.308,1540.0,8416.0,2014-10-29,221000.0
1454100122,3.0,2.0,1640.0,7201.0,1.0,0.0,0.0,3,8,1640.0,0.0,1948,0.0,98125,47.7216,-122.289,1750.0,7201.0,2014-06-11,405000.0
3323500010,3.0,2.5,2100.0,15120.0,1.0,0.0,0.0,4,8,2100.0,0.0,1953,0.0,98004,47.6201,-122.222,3070.0,16078.0,2015-01-07,1150000.0
9557300080,4.0,1.75,1930.0,7245.0,1.0,0.0,0.0,4,8,1510.0,420.0,1972,0.0,98008,47.6396,-122.112,1880.0,7245.0,2014-08-22,588000.0
6306100080,3.0,2.0,1430.0,10850.0,1.0,0.0,0.0,3,7,1430.0,,1994,0.0,98001,47.2671,-122.233,1610.0,8015.0,2014-09-09,234950.0
5700001100,4.0,1.5,2430.0,4995.0,1.5,0.0,0.0,4,7,1730.0,700.0,1928,0.0,98144,47.5782,-122.292,2240.0,5000.0,2014-10-07,580000.0
6187500080,5.0,3.0,2460.0,7240.0,1.0,0.0,0.0,3,9,1840.0,620.0,1991,0.0,98006,47.5486,-122.189,2530.0,7885.0,2014-07-16,637000.0
7369600080,4.0,2.25,2490.0,6973.0,1.0,0.0,0.0,4,8,1490.0,,1953,0.0,98199,47.6516,-122.409,1780.0,5612.0,2014-10-30,704000.0
1623049145,2.0,1.0,880.0,9750.0,1.0,0.0,0.0,5,6,880.0,0.0,1938,0.0,98168,47.4885,-122.298,1220.0,9406.0,2014-09-25,210000.0
2877102330,4.0,2.5,2110.0,3750.0,2.0,0.0,0.0,3,8,2110.0,0.0,2000,0.0,98117,47.6789,-122.363,1700.0,5000.0,2014-05-16,772000.0
546001060,4.0,1.75,1850.0,4388.0,2.0,0.0,0.0,5,8,1850.0,0.0,1941,0.0,98117,47.6885,-122.381,1410.0,4107.0,2015-04-27,763000.0
2822059091,2.0,1.5,2060.0,7713.0,1.5,0.0,0.0,4,7,2060.0,0.0,1930,0.0,98030,47.3722,-122.185,1780.0,7713.0,2015-02-18,213500.0
3971701300,2.0,1.0,1360.0,9367.0,1.0,,0.0,4,6,680.0,680.0,1924,0.0,98155,47.7689,-122.315,1360.0,7543.0,2014-12-20,255000.0
1732600050,3.0,2.0,2000.0,10490.0,1.0,0.0,0.0,3,8,1430.0,570.0,1978,0.0,98033,47.6976,-122.166,1530.0,7659.0,2014-10-17,423500.0
3585900430,3.0,1.5,1810.0,18483.0,1.0,0.0,0.0,3,8,1810.0,0.0,1954,0.0,98177,47.7617,-122.378,2920.0,20279.0,2014-12-22,520000.0
6791000050,3.0,2.75,2230.0,14400.0,1.0,0.0,0.0,4,8,1460.0,770.0,1977,0.0,98075,47.5791,-122.048,2200.0,13280.0,2014-09-08,550000.0
1818800289,3.0,2.75,1820.0,7517.0,1.0,0.0,0.0,3,9,1820.0,0.0,1997,0.0,98116,47.5705,-122.406,2540.0,8035.0,2015-01-21,795000.0
2738600080,4.0,3.0,2740.0,2811.0,2.0,0.0,0.0,3,8,2240.0,500.0,2003,0.0,98072,47.7738,-122.158,2740.0,3596.0,2014-08-15,495000.0
1310440950,4.0,2.5,2710.0,6558.0,2.0,0.0,0.0,3,9,2710.0,0.0,1997,0.0,98058,47.434,-122.109,2710.0,7635.0,2015-03-02,455000.0
1322049150,2.0,1.0,910.0,9753.0,1.0,0.0,0.0,3,5,910.0,0.0,1947,0.0,98032,47.3897,-122.236,1160.0,7405.0,2015-03-05,85000.0
7200080,4.0,2.0,1980.0,10585.0,1.5,0.0,0.0,2,6,1980.0,0.0,1924,0.0,98055,47.4836,-122.214,1360.0,7810.0,2014-11-04,239000.0
1788800080,3.0,1.0,1040.0,10080.0,1.0,,0.0,3,6,1040.0,0.0,1959,0.0,98023,47.329,-122.343,1000.0,8736.0,2014-07-30,184900.0
1328320920,4.0,2.25,2810.0,8560.0,1.0,0.0,0.0,3,8,1610.0,1200.0,1979,0.0,98058,47.4437,-122.124,2400.0,7600.0,2015-04-21,386000.0
7283900185,4.0,2.5,2000.0,5962.0,2.0,0.0,0.0,3,8,2000.0,0.0,1999,0.0,98133,47.7695,-122.35,1790.0,10500.0,2014-06-04,415000.0
8685500020,3.0,1.0,1530.0,6372.0,1.0,0.0,0.0,3,7,1210.0,320.0,1962,0.0,98118,47.535,-122.289,1960.0,6426.0,2015-05-12,387000.0
1338800425,6.0,4.0,5110.0,7128.0,2.5,0.0,0.0,4,11,5110.0,0.0,1906,0.0,98112,47.6285,-122.304,4110.0,6480.0,2015-03-04,2140000.0
282500010,4.0,2.25,3133.0,16197.0,2.0,0.0,0.0,3,9,2533.0,600.0,1965,20100.0,98166,47.4255,-122.338,3090.0,15588.0,2015-01-07,685000.0
798000630,4.0,2.5,2020.0,32710.0,1.0,0.0,0.0,3,7,1070.0,950.0,1941,0.0,98168,47.4969,-122.33,1340.0,17700.0,2014-10-31,340000.0
5583200345,2.0,1.0,750.0,4000.0,1.0,0.0,0.0,4,6,750.0,0.0,1926,0.0,98118,47.5547,-122.272,1120.0,5038.0,2015-05-11,422000.0
1036100130,3.0,2.5,1980.0,39932.0,2.0,0.0,0.0,3,8,1980.0,0.0,1994,0.0,98011,47.7433,-122.196,2610.0,12769.0,2014-08-08,442000.0
795002375,3.0,1.0,1200.0,6250.0,1.0,0.0,0.0,3,6,920.0,280.0,1943,0.0,98168,47.5095,-122.331,1280.0,9375.0,2014-05-27,280000.0
1245000461,5.0,2.5,3580.0,8921.0,2.0,0.0,0.0,3,9,3580.0,0.0,2000,0.0,98033,47.693,-122.202,2710.0,9308.0,2014-07-03,1150000.0
6802200280,3.0,2.5,2010.0,11618.0,2.0,0.0,0.0,3,7,2010.0,0.0,1990,0.0,98022,47.1956,-121.985,1550.0,9354.0,2014-11-10,279000.0
9521100795,4.0,2.0,1730.0,3884.0,1.0,0.0,0.0,5,7,1060.0,670.0,1924,0.0,98103,47.6624,-122.349,1360.0,3563.0,2014-06-23,569000.0
4039800080,5.0,3.5,5960.0,13703.0,2.0,0.0,2.0,3,10,4770.0,1190.0,1984,0.0,98008,47.6151,-122.107,2810.0,17320.0,2014-05-29,1360000.0
6146600595,2.0,1.0,860.0,5080.0,1.0,0.0,0.0,3,7,860.0,0.0,1960,0.0,98032,47.39,-122.236,1250.0,6477.0,2015-04-10,209950.0
6380500151,3.0,1.5,1370.0,7697.0,1.0,0.0,0.0,3,7,1370.0,0.0,1939,0.0,98177,47.7153,-122.361,1370.0,7697.0,2015-03-17,468000.0
8643000185,3.0,1.75,1360.0,9603.0,1.0,0.0,0.0,3,7,1360.0,0.0,1963,0.0,98198,47.3959,-122.309,2240.0,10605.0,2015-04-30,237100.0
7212650950,4.0,2.5,2530.0,8169.0,2.0,,0.0,3,8,2530.0,0.0,1993,0.0,98003,47.2634,-122.312,2220.0,8013.0,2014-07-08,336000.0
357000005,4.0,2.0,1680.0,3813.0,2.0,0.0,0.0,4,7,1680.0,0.0,1900,0.0,98144,47.593,-122.293,2540.0,3996.0,2014-12-22,500000.0
5648600010,3.0,2.5,1580.0,6860.0,2.0,0.0,0.0,3,7,1580.0,0.0,1995,0.0,98055,47.4447,-122.188,1580.0,7050.0,2015-04-26,290000.0
2818600010,7.0,3.5,3890.0,8342.0,2.0,0.0,4.0,3,9,2840.0,1050.0,1968,0.0,98117,47.7011,-122.392,2870.0,8342.0,2015-03-14,1190000.0
9842300095,5.0,2.0,1600.0,4168.0,1.5,0.0,0.0,3,7,1600.0,0.0,1927,0.0,98126,47.5297,-122.381,1190.0,4168.0,2014-07-25,365000.0
3977630130,3.0,1.0,1200.0,9668.0,1.0,,0.0,5,6,1200.0,0.0,1975,0.0,98092,47.3156,-122.128,1200.0,9800.0,2015-03-25,146300.0
5160300020,3.0,1.75,1760.0,10780.0,1.0,0.0,0.0,3,8,1760.0,0.0,1977,0.0,98005,47.5938,-122.154,2090.0,10780.0,2014-06-09,554000.0
3754700050,3.0,2.0,1670.0,7700.0,1.0,0.0,0.0,3,7,1170.0,500.0,1972,0.0,98034,47.725,-122.2,1500.0,7875.0,2014-06-18,424000.0
629860010,4.0,3.5,4640.0,9827.0,2.0,,2.0,3,10,3210.0,1430.0,2007,0.0,98027,47.5524,-122.078,3810.0,8207.0,2015-04-29,1350000.0
446000010,4.0,1.5,1800.0,6750.0,1.5,0.0,0.0,4,7,1800.0,0.0,1950,0.0,98115,47.6868,-122.285,1420.0,5900.0,2014-11-19,508500.0
8562000010,3.0,1.75,1210.0,8864.0,1.0,0.0,0.0,3,7,1210.0,0.0,1985,0.0,98042,47.3639,-122.08,1510.0,8062.0,2015-05-01,244500.0
646910480,2.0,2.5,1280.0,1566.0,2.0,0.0,0.0,3,7,1280.0,0.0,2005,0.0,98055,47.4336,-122.195,1460.0,1845.0,2014-11-20,206000.0
868000415,3.0,2.0,1650.0,7104.0,2.0,0.0,0.0,3,8,1650.0,0.0,1945,0.0,98177,47.7053,-122.374,1730.0,7104.0,2014-09-05,643500.0
1826049430,4.0,1.75,1590.0,10523.0,2.0,,0.0,4,7,1590.0,0.0,1922,0.0,98133,47.7358,-122.342,1610.0,8568.0,2014-05-20,372500.0
2769600190,5.0,2.0,1900.0,5000.0,1.0,0.0,2.0,3,8,1720.0,180.0,1957,0.0,98107,47.6735,-122.362,1770.0,5000.0,2014-07-15,630000.0
3630070280,2.0,2.5,1500.0,3608.0,2.0,0.0,0.0,3,8,1500.0,0.0,2005,0.0,98029,47.5472,-121.994,2080.0,2686.0,2014-07-10,418000.0
8944460190,4.0,2.5,2689.0,6688.0,2.0,0.0,0.0,3,9,2689.0,0.0,2006,0.0,98030,47.3803,-122.184,2665.0,5700.0,2015-02-25,425000.0
3630180470,4.0,2.75,3250.0,5500.0,2.0,,0.0,3,9,3250.0,0.0,2007,0.0,98027,47.5398,-121.997,3920.0,6000.0,2015-02-05,800000.0
6099400293,2.0,1.0,960.0,13438.0,1.0,0.0,0.0,3,7,960.0,0.0,1951,0.0,98168,47.4745,-122.295,1630.0,11656.0,2014-12-08,208000.0
6791000280,3.0,1.75,1650.0,9600.0,1.0,0.0,0.0,4,7,1650.0,0.0,1977,0.0,98075,47.5779,-122.044,2040.0,12220.0,2014-07-14,476000.0
7796450190,3.0,2.5,1690.0,5171.0,2.0,0.0,0.0,3,8,1690.0,0.0,2003,0.0,98023,47.2779,-122.347,2550.0,5025.0,2015-02-02,277500.0
2294900010,3.0,1.75,2790.0,36585.0,1.0,0.0,0.0,4,8,1410.0,1380.0,1970,0.0,98027,47.4734,-121.999,1900.0,45302.0,2014-08-13,478000.0
1186000095,4.0,2.75,2310.0,4020.0,3.0,,0.0,5,8,2310.0,0.0,1979,0.0,98122,47.6154,-122.291,2270.0,3750.0,2014-07-08,890000.0
2770601763,3.0,3.5,1790.0,1288.0,3.0,0.0,0.0,3,8,1390.0,400.0,2000,0.0,98199,47.651,-122.384,1560.0,1426.0,2015-03-23,450000.0
3392100050,3.0,1.0,1230.0,8750.0,1.0,0.0,0.0,3,6,1230.0,0.0,1965,0.0,98003,47.3266,-122.334,1230.0,8750.0,2014-06-25,205000.0
2878600655,3.0,2.0,1620.0,2640.0,1.5,0.0,0.0,5,8,1620.0,0.0,1929,0.0,98115,47.6884,-122.322,1470.0,4080.0,2014-07-18,665000.0
3299200080,4.0,2.75,2440.0,12051.0,1.0,0.0,0.0,5,8,1440.0,1000.0,1966,0.0,98133,47.7456,-122.351,2030.0,8006.0,2014-10-03,518000.0
2564900020,4.0,2.25,2100.0,7350.0,2.0,0.0,0.0,3,8,2100.0,0.0,1979,0.0,98033,47.7019,-122.171,1780.0,7350.0,2014-09-24,465000.0
2111010080,3.0,2.5,3040.0,7232.0,2.0,0.0,0.0,3,7,3040.0,0.0,2003,0.0,98092,47.3355,-122.168,2760.0,6926.0,2014-06-17,330000.0
6669080020,4.0,3.0,2490.0,5064.0,2.0,0.0,0.0,3,7,2490.0,0.0,2007,0.0,98056,47.5139,-122.189,2470.0,5064.0,2014-12-26,449400.0
8682300010,3.0,2.75,2690.0,10443.0,1.0,0.0,0.0,3,9,2690.0,0.0,2007,0.0,98053,47.7185,-122.024,1440.0,4185.0,2015-02-06,829000.0
1974200020,4.0,1.75,2190.0,9752.0,1.0,0.0,0.0,3,8,2190.0,0.0,1964,0.0,98034,47.7108,-122.239,2040.0,9964.0,2015-02-20,450000.0
3211000190,3.0,1.75,1490.0,9120.0,1.0,0.0,0.0,5,7,1490.0,0.0,1959,0.0,98059,47.4806,-122.163,1340.0,8040.0,2014-10-01,310000.0
6354000050,3.0,2.25,2530.0,45234.0,2.0,0.0,0.0,4,9,2530.0,0.0,1985,0.0,98072,47.7221,-122.12,3110.0,35617.0,2014-09-08,615000.0
625049153,3.0,2.0,2060.0,4040.0,1.0,0.0,0.0,4,8,1120.0,940.0,1947,0.0,98103,47.6798,-122.352,1500.0,4000.0,2014-06-03,605000.0
5561000190,3.0,2.25,1970.0,35100.0,2.0,0.0,0.0,4,9,1970.0,0.0,1977,0.0,98027,47.4635,-121.991,2340.0,35100.0,2014-05-02,437500.0
4449800595,3.0,1.75,1400.0,4000.0,1.5,0.0,0.0,4,7,1400.0,0.0,1925,0.0,98117,47.6902,-122.388,1050.0,4330.0,2014-09-22,545000.0
1115750190,3.0,2.5,3680.0,35617.0,1.0,,0.0,3,10,2390.0,1290.0,1985,0.0,98052,47.7213,-122.12,3570.0,35633.0,2014-07-17,770000.0
8644300170,5.0,2.25,3000.0,13899.0,2.0,0.0,0.0,4,8,3000.0,0.0,1975,0.0,98052,47.6373,-122.105,2270.0,10763.0,2014-07-03,600000.0
9523102660,3.0,1.0,1440.0,5000.0,2.0,0.0,0.0,3,7,1440.0,0.0,1910,0.0,98103,47.6741,-122.354,1850.0,4500.0,2014-05-13,560000.0
1630700380,5.0,5.75,7730.0,230868.0,2.0,,0.0,3,12,6660.0,1070.0,2004,0.0,98077,47.7615,-122.084,2660.0,39292.0,2015-01-30,1920000.0
7588700007,3.0,1.0,1170.0,3348.0,1.5,0.0,0.0,4,7,1170.0,0.0,1924,0.0,98117,47.687,-122.378,1590.0,4219.0,2014-11-24,457000.0
3501600235,2.0,1.0,1770.0,8640.0,1.5,0.0,0.0,3,6,1520.0,250.0,1949,0.0,98117,47.6926,-122.363,1060.0,4804.0,2014-05-05,585000.0
9545230280,3.0,2.0,1860.0,13374.0,1.0,0.0,0.0,3,8,1860.0,0.0,1985,0.0,98027,47.5397,-122.054,1960.0,9797.0,2014-05-07,560000.0
7905200130,2.0,1.0,770.0,3008.0,1.0,0.0,0.0,4,5,770.0,0.0,1917,0.0,98116,47.5686,-122.389,1550.0,4563.0,2015-04-05,345000.0
2742100250,4.0,3.5,3820.0,17745.0,2.0,0.0,2.0,3,8,2440.0,1380.0,1955,0.0,98108,47.557,-122.295,2520.0,9640.0,2014-07-20,550000.0
5104540500,4.0,2.5,3190.0,8195.0,2.0,0.0,0.0,3,10,3190.0,0.0,2006,0.0,98038,47.3555,-122.003,3400.0,7607.0,2014-06-24,589950.0
638100073,3.0,1.5,1320.0,13200.0,1.0,0.0,0.0,3,7,1320.0,0.0,1970,0.0,98059,47.5009,-122.143,1730.0,13200.0,2014-06-02,327000.0
3022039071,2.0,2.25,1730.0,31491.0,2.0,1.0,2.0,4,7,1730.0,0.0,1947,19880.0,98070,47.373,-122.464,1400.0,12410.0,2014-05-30,800000.0
3426079024,3.0,1.0,1010.0,25000.0,1.0,0.0,0.0,3,6,1010.0,0.0,1966,0.0,98014,47.6927,-121.901,2020.0,101494.0,2014-05-21,150000.0
2767604254,2.0,2.5,1140.0,1182.0,3.0,0.0,0.0,3,8,1140.0,0.0,2007,0.0,98107,47.6713,-122.383,1290.0,1189.0,2014-06-03,425000.0
1138010170,3.0,1.0,860.0,7030.0,1.0,0.0,0.0,3,7,860.0,0.0,1973,0.0,98034,47.7151,-122.211,1360.0,7500.0,2014-08-01,350000.0
9407100500,3.0,1.75,1540.0,10545.0,2.0,0.0,0.0,4,6,1540.0,0.0,1978,0.0,98045,47.4451,-121.763,1540.0,10000.0,2015-03-11,273000.0
191100250,4.0,2.25,2160.0,9525.0,1.0,0.0,0.0,3,8,1080.0,1080.0,1961,0.0,98040,47.5651,-122.221,2780.0,9525.0,2015-03-20,750000.0
1557000190,3.0,1.5,1450.0,9477.0,1.0,0.0,0.0,4,7,1450.0,0.0,1963,0.0,98031,47.4215,-122.203,1460.0,9477.0,2014-10-09,240000.0
8732020670,3.0,1.75,1830.0,9620.0,1.0,0.0,0.0,4,8,1830.0,0.0,1978,0.0,98023,47.3123,-122.389,1990.0,8280.0,2015-03-20,400000.0
5029450290,3.0,1.5,1630.0,6625.0,1.0,0.0,0.0,5,7,980.0,650.0,1980,0.0,98023,47.29,-122.368,1440.0,7145.0,2014-10-03,230000.0
8035600290,4.0,2.5,2500.0,8215.0,2.0,0.0,0.0,3,8,2500.0,0.0,1990,0.0,98031,47.4124,-122.204,2360.0,7801.0,2015-04-13,372000.0
6450301835,3.0,1.75,1470.0,4950.0,1.0,0.0,0.0,3,7,1030.0,440.0,1984,0.0,98133,47.7325,-122.337,1100.0,5250.0,2014-07-05,459500.0
6388930420,3.0,2.5,2380.0,19860.0,2.0,0.0,0.0,4,8,2380.0,0.0,1995,0.0,98056,47.5255,-122.173,2450.0,10220.0,2014-08-05,582000.0
2296700470,4.0,2.5,2170.0,7700.0,1.0,0.0,0.0,3,7,1420.0,750.0,1969,0.0,98034,47.7216,-122.219,1710.0,7770.0,2014-11-06,465000.0
1473120190,3.0,2.0,2120.0,7560.0,1.0,0.0,0.0,3,9,2120.0,0.0,1991,0.0,98058,47.435,-122.16,2660.0,7700.0,2014-05-30,386000.0
11200290,3.0,2.5,1530.0,3464.0,2.0,0.0,0.0,3,8,1530.0,0.0,1998,0.0,98007,47.6179,-122.141,1530.0,3446.0,2014-06-09,546000.0
5530000050,3.0,1.75,2710.0,9088.0,1.0,0.0,0.0,4,7,2060.0,650.0,1965,0.0,98001,47.3073,-122.272,1690.0,10454.0,2014-10-27,278000.0
7853220670,3.0,2.5,2860.0,8935.0,2.0,0.0,0.0,3,8,2860.0,0.0,2004,0.0,98065,47.5336,-121.855,2650.0,6167.0,2014-09-18,540000.0
3124089049,4.0,1.75,2800.0,90169.0,2.0,,0.0,3,7,2800.0,0.0,1934,0.0,98065,47.5204,-121.829,1600.0,27194.0,2014-12-08,529000.0
868000305,4.0,1.0,1120.0,7104.0,1.5,0.0,0.0,3,7,1120.0,0.0,1946,0.0,98177,47.7055,-122.372,1370.0,7104.0,2014-06-17,554000.0
1311200380,3.0,1.0,1730.0,7210.0,1.0,0.0,0.0,3,7,1430.0,300.0,1963,0.0,98001,47.3404,-122.28,1820.0,7210.0,2014-08-27,210000.0
9197100101,2.0,1.0,1010.0,5408.0,1.0,0.0,0.0,4,6,1010.0,0.0,1926,0.0,98032,47.3759,-122.238,980.0,7800.0,2015-05-04,225000.0
6646200280,4.0,2.5,2350.0,6624.0,2.0,0.0,0.0,3,9,2350.0,0.0,1990,0.0,98074,47.6262,-122.045,2590.0,11240.0,2014-07-15,561600.0
7116500920,6.0,5.25,2860.0,5682.0,2.0,0.0,0.0,3,7,2860.0,0.0,1978,0.0,98002,47.303,-122.221,1390.0,5956.0,2014-05-20,300000.0
1068000255,4.0,3.5,4285.0,9567.0,2.0,0.0,1.0,5,10,3485.0,800.0,1946,0.0,98199,47.6434,-122.409,2960.0,6902.0,2014-08-27,1650000.0
1240700170,4.0,3.75,4060.0,19290.0,2.0,0.0,0.0,3,10,4060.0,0.0,2002,0.0,98074,47.6051,-122.053,4020.0,13250.0,2014-06-09,1020000.0
4031000250,3.0,1.0,1310.0,9612.0,1.0,0.0,0.0,3,7,960.0,350.0,1962,0.0,98001,47.2958,-122.285,1310.0,9812.0,2014-06-26,150000.0
7625703260,2.0,1.75,2320.0,6250.0,1.0,0.0,0.0,3,7,1400.0,920.0,1948,0.0,98136,47.5468,-122.386,1420.0,6250.0,2014-09-24,400950.0
8651580660,4.0,2.25,2210.0,8101.0,2.0,0.0,0.0,3,9,2210.0,0.0,1985,0.0,98074,47.6475,-122.07,2330.0,8842.0,2015-01-21,620000.0
6117500980,4.0,2.75,2090.0,14141.0,1.5,0.0,0.0,4,8,1680.0,410.0,1941,0.0,98166,47.4333,-122.347,1990.0,12920.0,2014-08-18,449000.0
9547205380,4.0,2.5,2240.0,4025.0,1.0,0.0,2.0,3,7,1250.0,990.0,1926,0.0,98115,47.6818,-122.311,1380.0,3500.0,2014-07-28,630000.0
414100280,2.0,1.0,1180.0,7200.0,1.0,,0.0,4,6,1180.0,0.0,1949,0.0,98133,47.7475,-122.342,1180.0,7200.0,2015-04-14,336000.0
321059091,4.0,1.75,1560.0,31299.0,1.0,,0.0,4,7,1560.0,0.0,1965,0.0,98092,47.3384,-122.164,2460.0,44907.0,2014-06-05,299950.0
7772000010,4.0,2.0,1970.0,7451.0,1.0,0.0,0.0,3,8,1350.0,620.0,1962,0.0,98133,47.765,-122.335,1980.0,7510.0,2015-03-09,352500.0
7200179,2.0,1.0,840.0,12750.0,1.0,0.0,0.0,3,6,840.0,0.0,1925,0.0,98055,47.484,-122.211,1480.0,6969.0,2014-10-16,150000.0
7200179,2.0,1.0,840.0,12750.0,1.0,0.0,0.0,3,6,840.0,0.0,1925,0.0,98055,47.484,-122.211,1480.0,6969.0,2015-04-24,175000.0
8029500380,3.0,2.0,1830.0,10873.0,1.0,0.0,0.0,3,8,1830.0,0.0,1989,0.0,98023,47.3066,-122.394,2490.0,8976.0,2014-07-31,305000.0
825059178,4.0,3.75,4475.0,20424.0,2.0,,4.0,3,12,2659.0,1816.0,1999,0.0,98033,47.6646,-122.208,4340.0,5250.0,2014-09-23,2570000.0
6021502750,3.0,1.5,1800.0,4700.0,1.0,0.0,0.0,3,7,1200.0,600.0,1941,0.0,98117,47.6858,-122.385,1580.0,4700.0,2014-07-15,607500.0
9268200380,2.0,1.0,1250.0,5040.0,1.0,0.0,0.0,3,7,950.0,300.0,1920,0.0,98117,47.6959,-122.365,1290.0,5040.0,2014-11-18,505000.0
2008000420,3.0,1.75,2440.0,10179.0,1.0,0.0,0.0,4,7,1220.0,1220.0,1962,0.0,98198,47.4118,-122.314,1650.0,9711.0,2014-10-27,280500.0
8914100170,3.0,2.5,2910.0,12283.0,2.0,0.0,2.0,3,10,2910.0,0.0,1993,0.0,98058,47.4602,-122.152,2680.0,22499.0,2014-07-31,610000.0
6654700250,5.0,2.75,3060.0,6895.0,2.0,0.0,0.0,3,8,3060.0,0.0,2003,0.0,98042,47.3809,-122.098,2590.0,6895.0,2014-08-12,381000.0
6139800430,5.0,2.25,2230.0,9600.0,1.0,0.0,0.0,3,8,1320.0,910.0,1978,0.0,98077,47.7466,-122.076,2080.0,9760.0,2014-05-22,482000.0
9477201470,3.0,1.0,1270.0,6900.0,1.0,0.0,0.0,3,7,1270.0,0.0,1977,0.0,98034,47.7279,-122.192,1480.0,7280.0,2014-10-22,379950.0
3025300095,4.0,4.5,4300.0,19844.0,2.0,,0.0,3,11,4300.0,0.0,1985,19990.0,98039,47.6218,-122.237,3070.0,19845.0,2014-10-09,2500000.0
3211290050,3.0,2.25,1580.0,39189.0,1.0,0.0,0.0,3,7,1180.0,400.0,1992,0.0,98053,47.6365,-121.972,1580.0,29649.0,2014-06-23,425000.0
7511200190,4.0,2.25,2570.0,36465.0,2.0,0.0,0.0,4,8,2570.0,0.0,1980,0.0,98053,47.6555,-122.042,2390.0,41454.0,2014-09-10,580000.0
5739601300,2.0,1.0,860.0,6510.0,1.0,0.0,0.0,3,7,860.0,0.0,1952,0.0,98004,47.6021,-122.202,1740.0,10800.0,2015-03-30,605000.0
3278602660,1.0,1.0,820.0,1060.0,1.0,0.0,0.0,3,8,760.0,60.0,2007,0.0,98126,47.5472,-122.372,1770.0,1853.0,2014-05-20,194000.0
8078410250,4.0,2.25,2090.0,8579.0,2.0,0.0,0.0,3,8,2090.0,0.0,1987,0.0,98074,47.6364,-122.03,1850.0,8843.0,2015-04-01,546200.0
2798000020,4.0,3.5,3560.0,16782.0,2.0,0.0,0.0,3,10,2560.0,1000.0,2014,0.0,98040,47.5569,-122.225,3100.0,18047.0,2014-08-15,1400000.0
2739200050,3.0,1.75,1860.0,9629.0,1.0,0.0,0.0,4,7,1240.0,620.0,1961,0.0,98059,47.4913,-122.143,1940.0,9629.0,2015-04-03,315000.0
9278200095,3.0,1.5,900.0,8690.0,1.5,0.0,0.0,5,6,900.0,0.0,1941,0.0,98116,47.5751,-122.393,1000.0,6150.0,2014-12-17,465000.0
3222079120,2.0,1.0,1160.0,32251.0,1.0,0.0,0.0,3,6,580.0,580.0,1963,0.0,98010,47.3537,-121.939,1160.0,33656.0,2014-10-01,330000.0
4401200010,4.0,2.75,3100.0,7501.0,2.0,0.0,0.0,3,10,3100.0,0.0,1998,0.0,98052,47.6859,-122.109,3140.0,8672.0,2014-08-08,795000.0
2473250280,4.0,2.25,2300.0,9100.0,1.0,0.0,0.0,3,7,1280.0,1020.0,1977,0.0,98058,47.4576,-122.16,1640.0,9100.0,2014-08-26,265000.0
4441300170,4.0,2.5,3110.0,11857.0,2.0,,4.0,3,11,2040.0,1070.0,1990,0.0,98117,47.6952,-122.402,3110.0,11570.0,2015-01-12,1300000.0
723049530,3.0,1.0,1130.0,12212.0,1.0,0.0,0.0,3,6,1130.0,0.0,1942,0.0,98146,47.4952,-122.34,1190.0,9240.0,2015-05-05,126500.0
6752510010,4.0,2.5,2920.0,7901.0,2.0,,0.0,3,9,2920.0,0.0,2004,0.0,98052,47.7036,-122.125,3020.0,7900.0,2014-08-05,760000.0
955000430,2.0,1.25,1230.0,1569.0,2.0,0.0,0.0,3,9,1050.0,180.0,2009,0.0,98112,47.6193,-122.304,1100.0,1230.0,2014-09-03,540000.0
8663100050,5.0,2.75,2190.0,12687.0,1.0,0.0,0.0,5,7,1370.0,820.0,1978,0.0,98028,47.7762,-122.257,2280.0,10784.0,2014-05-19,446000.0
226109056,1.0,0.75,850.0,5600.0,1.0,0.0,2.0,3,6,850.0,0.0,1903,0.0,98019,47.7654,-121.48,900.0,12250.0,2015-03-26,170000.0
2558600130,3.0,2.5,1500.0,7420.0,1.0,0.0,0.0,3,7,1000.0,500.0,1972,0.0,98034,47.7236,-122.174,1840.0,7272.0,2014-10-23,379000.0
8823900290,9.0,4.0,4620.0,5508.0,2.5,0.0,0.0,3,11,3870.0,750.0,1915,0.0,98105,47.6684,-122.309,2710.0,4320.0,2015-03-17,1400000.0
8691400080,4.0,2.75,3150.0,7035.0,2.0,0.0,0.0,3,9,3150.0,0.0,2004,0.0,98075,47.5979,-121.974,3200.0,7035.0,2014-06-20,800000.0
621069102,3.0,1.0,1300.0,10139.0,1.0,0.0,0.0,3,7,1300.0,0.0,1962,20070.0,98042,47.3427,-122.087,1260.0,10139.0,2015-03-16,260000.0
5456000280,5.0,2.5,3160.0,8000.0,1.0,0.0,0.0,4,7,1580.0,1580.0,1960,0.0,98040,47.5735,-122.208,2440.0,8079.0,2015-03-10,820000.0
2891400380,3.0,1.75,2070.0,96703.0,1.0,0.0,3.0,4,7,2070.0,0.0,1999,0.0,98092,47.2853,-122.008,1820.0,117612.0,2015-04-14,449950.0
2297400020,3.0,2.25,1790.0,7125.0,1.0,,0.0,3,7,1220.0,570.0,1974,0.0,98034,47.7184,-122.226,2040.0,7950.0,2014-09-02,392000.0
7215721350,3.0,2.5,1650.0,4636.0,2.0,0.0,0.0,3,8,1650.0,0.0,1999,0.0,98075,47.5997,-122.016,1650.0,4504.0,2015-04-22,465000.0
5490210670,4.0,2.5,2070.0,7312.0,1.0,0.0,0.0,4,7,1230.0,840.0,1977,0.0,98052,47.6958,-122.12,1770.0,7668.0,2014-08-22,449950.0
6431500122,3.0,1.5,1580.0,8841.0,1.5,0.0,0.0,5,7,1180.0,400.0,1923,0.0,98103,47.6931,-122.352,1580.0,7512.0,2015-04-28,520000.0
3376600170,4.0,2.25,2170.0,10000.0,1.0,0.0,0.0,3,8,1420.0,750.0,1975,0.0,98008,47.6219,-122.109,2390.0,11000.0,2014-08-28,546800.0
8861000235,4.0,2.75,2220.0,11925.0,1.0,0.0,0.0,3,7,1560.0,660.0,1953,19850.0,98004,47.6381,-122.205,2500.0,11377.0,2015-03-24,825000.0
2881700231,3.0,1.75,1440.0,11364.0,1.0,0.0,0.0,3,7,1440.0,0.0,1985,0.0,98155,47.743,-122.328,1950.0,9390.0,2015-04-22,337000.0
534000080,2.0,1.0,720.0,6686.0,1.0,0.0,0.0,3,6,720.0,0.0,1942,0.0,98117,47.7003,-122.362,1200.0,6686.0,2014-06-11,333000.0
6371000020,2.0,2.0,1120.0,780.0,2.0,0.0,0.0,3,8,760.0,360.0,2004,0.0,98116,47.5788,-122.41,1120.0,1322.0,2014-11-11,380000.0
7212651440,3.0,2.5,1970.0,8426.0,2.0,0.0,0.0,3,8,1970.0,0.0,1992,0.0,98003,47.2674,-122.306,1970.0,9197.0,2015-04-28,280000.0
7575500080,3.0,1.5,1420.0,9081.0,1.0,0.0,0.0,4,6,1420.0,0.0,1990,0.0,98022,47.1948,-121.999,1090.0,8410.0,2014-11-20,202000.0
7197800020,4.0,2.5,2250.0,4119.0,2.0,0.0,0.0,3,8,2250.0,0.0,2001,0.0,98075,47.5973,-122.034,2290.0,3115.0,2015-04-27,585000.0
5592900285,4.0,2.0,2630.0,9663.0,1.0,,1.0,4,8,1330.0,1300.0,1956,0.0,98056,47.4841,-122.19,1900.0,8894.0,2014-11-04,435000.0
525069127,4.0,3.5,4740.0,172497.0,2.0,0.0,0.0,3,11,4740.0,0.0,2003,0.0,98053,47.6779,-122.075,2120.0,49658.0,2014-05-23,1200000.0
2460900010,2.0,2.25,1280.0,2574.0,2.0,,0.0,3,7,1280.0,0.0,1992,0.0,98144,47.5939,-122.302,1250.0,3960.0,2014-09-24,364000.0
1566100595,3.0,1.0,1260.0,8280.0,1.0,,0.0,3,6,1260.0,0.0,1946,0.0,98115,47.7,-122.299,2100.0,8280.0,2014-05-14,300000.0
8682291680,2.0,1.75,1930.0,4601.0,1.0,0.0,0.0,3,8,1930.0,0.0,2006,0.0,98053,47.7196,-122.022,1670.0,4500.0,2015-03-17,558000.0
7841300285,1.0,1.5,1048.0,4800.0,1.0,0.0,0.0,3,7,1048.0,0.0,1942,0.0,98055,47.4759,-122.212,950.0,4800.0,2014-08-11,199950.0
6071700020,3.0,2.25,1640.0,8400.0,1.0,0.0,0.0,4,8,1640.0,0.0,1962,0.0,98006,47.5484,-122.172,2110.0,8400.0,2014-08-27,515000.0
4315700275,4.0,2.5,2380.0,4950.0,2.0,0.0,0.0,3,8,2380.0,0.0,2004,0.0,98136,47.5382,-122.391,1370.0,5120.0,2014-11-07,590000.0
2330000130,4.0,2.0,2530.0,15520.0,1.0,0.0,0.0,5,8,2220.0,310.0,1964,0.0,98005,47.613,-122.167,2500.0,13300.0,2014-07-23,813500.0
1246700103,4.0,2.5,2700.0,25870.0,2.0,0.0,0.0,4,8,2700.0,0.0,1992,0.0,98033,47.6934,-122.161,1540.0,20720.0,2015-04-23,725000.0
7504200250,3.0,2.25,2330.0,3600.0,1.5,0.0,0.0,3,8,2330.0,0.0,1971,0.0,98074,47.631,-122.061,2050.0,4275.0,2015-04-28,490000.0
3797310010,3.0,2.25,2160.0,9612.0,2.0,0.0,0.0,3,7,2160.0,0.0,1994,0.0,98022,47.1927,-122.011,1970.0,9247.0,2014-08-27,277000.0
4058000010,4.0,1.5,1470.0,70800.0,1.0,0.0,0.0,3,7,1470.0,0.0,1976,0.0,98010,47.3458,-121.948,1810.0,72337.0,2014-05-09,325000.0
3888100022,4.0,2.5,2280.0,9827.0,2.0,0.0,0.0,3,8,2280.0,0.0,1995,0.0,98033,47.6883,-122.168,1660.0,9827.0,2014-09-25,649800.0
1934800022,3.0,1.0,1280.0,3200.0,1.5,0.0,0.0,3,7,1280.0,,1903,0.0,98122,47.6029,-122.307,1320.0,1676.0,2014-07-23,425000.0
3501100280,2.0,1.0,850.0,4650.0,1.0,0.0,0.0,3,7,850.0,0.0,1975,0.0,98117,47.6926,-122.365,980.0,4700.0,2015-03-29,460000.0
2725069108,3.0,3.25,4610.0,81935.0,2.0,0.0,0.0,4,9,4610.0,0.0,1984,0.0,98074,47.6217,-122.021,2900.0,43500.0,2014-08-05,750000.0
126039413,5.0,2.5,2690.0,11745.0,1.0,0.0,0.0,3,8,1790.0,900.0,1960,0.0,98177,47.7708,-122.362,2670.0,7905.0,2014-07-10,469000.0
461001435,4.0,1.75,2440.0,5000.0,1.0,0.0,0.0,3,8,1340.0,1100.0,1954,0.0,98117,47.6823,-122.371,2170.0,5000.0,2014-06-10,566000.0
6403500290,3.0,2.5,1930.0,10460.0,2.0,0.0,0.0,3,8,1930.0,0.0,1996,0.0,98059,47.4938,-122.161,2290.0,8228.0,2014-05-02,407500.0
2826049108,2.0,1.0,800.0,8775.0,1.0,0.0,0.0,3,6,800.0,0.0,1942,0.0,98125,47.7171,-122.307,1470.0,8976.0,2014-10-28,353500.0
1823069102,3.0,2.25,2430.0,73151.0,1.0,0.0,0.0,3,8,2430.0,0.0,1974,0.0,98059,47.4749,-122.092,2800.0,39250.0,2014-05-08,524000.0
4233400280,4.0,2.5,1990.0,9656.0,2.0,0.0,0.0,3,7,1990.0,0.0,1994,0.0,98010,47.3125,-121.998,1500.0,9656.0,2014-08-22,264950.0
1088800470,3.0,2.5,2550.0,10355.0,2.0,0.0,0.0,3,9,2550.0,0.0,1990,0.0,98011,47.739,-122.203,2550.0,10084.0,2014-10-28,547500.0
2025701060,3.0,2.25,1370.0,7087.0,2.0,0.0,0.0,3,7,1370.0,0.0,1993,0.0,98038,47.3504,-122.035,1400.0,6600.0,2014-11-17,264500.0
7922900250,3.0,2.0,2020.0,8118.0,1.0,0.0,0.0,3,7,1020.0,1000.0,1963,0.0,98008,47.5866,-122.118,1670.0,8118.0,2014-05-20,507500.0
6372000280,3.0,3.5,1560.0,2198.0,2.0,,0.0,3,8,1180.0,380.0,2006,0.0,98116,47.5812,-122.403,1550.0,1467.0,2014-10-08,560000.0
1424130050,5.0,4.0,5610.0,22529.0,2.0,0.0,0.0,3,11,4090.0,1520.0,1996,0.0,98072,47.7239,-122.092,3860.0,24751.0,2014-12-16,995000.0
7942601435,6.0,2.0,3560.0,5120.0,2.5,0.0,2.0,3,9,3560.0,0.0,1900,0.0,98122,47.6056,-122.311,2130.0,5120.0,2015-03-24,835000.0
3959401284,3.0,1.5,2120.0,6290.0,1.0,0.0,0.0,4,8,1220.0,900.0,1949,0.0,98108,47.5658,-122.318,1620.0,5400.0,2014-06-26,440000.0
1370802335,3.0,2.5,2920.0,5629.0,1.0,0.0,2.0,5,8,1460.0,1460.0,1955,0.0,98199,47.642,-122.405,2380.0,5000.0,2014-07-28,1020000.0
4058801680,2.0,1.0,1340.0,7788.0,1.0,0.0,2.0,3,7,1340.0,0.0,1947,0.0,98178,47.5094,-122.244,2550.0,7788.0,2014-05-23,300000.0
3501100050,3.0,1.0,1230.0,4800.0,1.5,0.0,0.0,1,6,1230.0,0.0,1916,0.0,98117,47.6941,-122.365,1230.0,4800.0,2014-12-10,125000.0
1231000895,4.0,3.5,2840.0,5900.0,2.0,0.0,0.0,3,10,1920.0,920.0,1910,20080.0,98118,47.5543,-122.268,1300.0,4900.0,2014-11-05,986000.0
7129300500,4.0,2.5,2080.0,5650.0,1.0,0.0,0.0,3,7,1680.0,400.0,1950,0.0,98178,47.5107,-122.257,1270.0,5650.0,2014-08-12,315000.0
6752600050,4.0,2.5,2070.0,7007.0,2.0,0.0,0.0,3,7,2070.0,0.0,1996,0.0,98031,47.3968,-122.171,2130.0,8100.0,2014-08-12,320000.0
3303990380,4.0,3.25,4010.0,13797.0,2.0,0.0,0.0,3,11,4010.0,0.0,2003,0.0,98059,47.5229,-122.152,3980.0,12120.0,2014-12-04,972000.0
2579500006,3.0,2.5,2190.0,10000.0,1.0,0.0,0.0,4,7,1540.0,650.0,1957,0.0,98040,47.5419,-122.214,2880.0,11782.0,2014-09-09,760000.0
3365900462,4.0,3.0,1730.0,7264.0,2.0,0.0,0.0,3,6,1730.0,0.0,1920,0.0,98168,47.4738,-122.264,1500.0,12104.0,2014-09-03,265000.0
2695600130,2.0,1.0,1250.0,4558.0,1.0,0.0,0.0,3,7,1250.0,0.0,1948,0.0,98126,47.5318,-122.379,1180.0,4494.0,2014-11-18,355000.0
3438501700,3.0,1.0,1300.0,20812.0,1.0,0.0,0.0,3,6,1300.0,0.0,1927,0.0,98106,47.5435,-122.359,1210.0,17340.0,2014-08-27,300000.0
3876311350,5.0,2.5,2080.0,8347.0,1.0,0.0,0.0,4,7,1460.0,620.0,1975,0.0,98034,47.7334,-122.168,1840.0,7713.0,2014-08-26,474950.0
4046710050,4.0,2.0,2180.0,17180.0,2.0,0.0,0.0,4,7,2180.0,0.0,1977,0.0,98014,47.698,-121.92,1880.0,14043.0,2014-08-27,470000.0
1725059259,3.0,1.0,1630.0,16393.0,1.0,0.0,0.0,3,7,1630.0,0.0,1969,0.0,98033,47.6576,-122.186,1880.0,23497.0,2014-11-25,437500.0
7518503220,2.0,1.5,1840.0,3825.0,1.0,0.0,0.0,3,8,1040.0,800.0,1928,0.0,98117,47.6808,-122.38,1290.0,5100.0,2014-10-28,520000.0
3445000005,2.0,1.0,1370.0,11584.0,1.0,0.0,0.0,4,6,1370.0,0.0,1950,0.0,98198,47.4224,-122.293,1330.0,8012.0,2014-11-17,237600.0
3530420020,2.0,1.0,950.0,2784.0,1.0,0.0,0.0,4,8,950.0,0.0,1972,0.0,98198,47.3793,-122.321,1080.0,3899.0,2014-07-11,162950.0
6893300290,3.0,1.75,1690.0,6375.0,1.0,0.0,0.0,3,8,1690.0,0.0,1903,20020.0,98024,47.5247,-121.926,1270.0,7774.0,2014-11-11,457000.0
7856560480,3.0,2.5,1780.0,11000.0,1.0,0.0,0.0,4,8,1210.0,570.0,1980,0.0,98006,47.5574,-122.149,2310.0,9700.0,2014-08-08,635000.0
8121100415,4.0,3.0,2840.0,4120.0,1.5,0.0,0.0,4,8,2060.0,780.0,1931,0.0,98118,47.5683,-122.283,1840.0,5871.0,2014-05-30,735000.0
3754501060,2.0,2.5,2000.0,5150.0,2.0,0.0,4.0,3,9,2000.0,0.0,1992,0.0,98034,47.7056,-122.223,2510.0,6800.0,2014-09-18,910000.0
3278602040,3.0,3.25,1570.0,2048.0,2.0,0.0,0.0,3,8,1290.0,280.0,2006,0.0,98126,47.548,-122.375,1570.0,2006.0,2014-10-21,346500.0
1592000050,4.0,2.5,2370.0,9517.0,1.0,0.0,0.0,3,9,1630.0,740.0,1984,0.0,98074,47.6222,-122.034,2440.0,9035.0,2014-09-05,655000.0
1324079007,3.0,1.75,1610.0,144619.0,1.0,0.0,0.0,3,7,1610.0,0.0,1977,0.0,98024,47.5659,-121.863,2220.0,144619.0,2014-11-10,425000.0
7140600225,3.0,1.0,1300.0,10125.0,1.0,0.0,0.0,4,6,1300.0,0.0,1959,0.0,98002,47.2921,-122.215,1300.0,10125.0,2015-02-17,137000.0
200500680,3.0,2.5,2620.0,11056.0,2.0,0.0,0.0,3,9,2620.0,0.0,1988,0.0,98011,47.7378,-122.218,2560.0,8688.0,2014-07-15,557500.0
421079142,4.0,2.25,3060.0,48787.0,2.0,0.0,0.0,3,8,3060.0,0.0,1992,0.0,98010,47.3397,-121.918,2090.0,48787.0,2014-05-09,415000.0
9346700280,5.0,2.25,2780.0,10192.0,2.0,0.0,0.0,4,9,2780.0,0.0,1978,0.0,98007,47.6134,-122.152,2740.0,9900.0,2014-06-20,830000.0
293800680,4.0,3.0,4270.0,85643.0,2.0,0.0,0.0,3,11,4270.0,0.0,1991,0.0,98077,47.7711,-122.048,3760.0,51170.0,2015-04-15,949000.0
339600190,3.0,1.0,1310.0,3963.0,1.0,0.0,0.0,5,7,1310.0,0.0,1986,0.0,98052,47.6826,-122.096,1010.0,3363.0,2014-10-14,420000.0
1787600190,2.0,1.0,1100.0,7500.0,1.0,0.0,0.0,3,7,1100.0,0.0,1951,0.0,98125,47.7235,-122.326,1920.0,7149.0,2015-04-03,353000.0
2026079016,3.0,1.75,1480.0,383328.0,1.5,0.0,0.0,3,8,1480.0,0.0,1980,0.0,98019,47.7192,-121.932,1480.0,67082.0,2014-09-04,560000.0
8673400086,3.0,2.5,1270.0,1180.0,3.0,0.0,0.0,3,8,1270.0,0.0,2001,0.0,98107,47.6697,-122.392,1320.0,1180.0,2014-05-02,445700.0
2760200050,4.0,1.0,1270.0,6459.0,1.5,0.0,0.0,3,7,1270.0,0.0,1918,0.0,98118,47.5441,-122.273,1300.0,4100.0,2014-07-17,226000.0
3205000050,3.0,1.0,890.0,9870.0,1.0,,0.0,4,7,890.0,0.0,1960,0.0,98056,47.5398,-122.178,1270.0,9861.0,2014-12-05,358000.0
2201500680,3.0,1.75,1480.0,8667.0,1.0,0.0,0.0,5,7,740.0,740.0,1954,0.0,98006,47.5718,-122.136,1600.0,10644.0,2015-03-05,501000.0
4022902555,4.0,2.5,3240.0,23870.0,1.0,0.0,0.0,3,9,1840.0,1400.0,1972,0.0,98155,47.7731,-122.282,2290.0,13340.0,2015-03-21,609000.0
3410600080,4.0,3.25,4280.0,47179.0,2.0,0.0,0.0,3,10,3050.0,1230.0,2002,0.0,98092,47.3017,-122.127,2820.0,43401.0,2014-07-09,734950.0
7385300020,5.0,2.5,3210.0,12000.0,1.0,0.0,0.0,4,8,1830.0,1380.0,1968,0.0,98007,47.6205,-122.148,2450.0,12000.0,2014-06-13,725000.0
3876312570,3.0,2.25,1870.0,7200.0,1.0,0.0,0.0,3,7,1390.0,480.0,1975,0.0,98072,47.734,-122.174,1830.0,7876.0,2014-08-11,350500.0
5016002275,5.0,2.5,3990.0,3839.0,1.0,,0.0,4,8,1990.0,2000.0,1962,0.0,98112,47.6236,-122.299,2090.0,5000.0,2014-06-02,610000.0
3213200250,2.0,1.0,1160.0,5029.0,1.0,0.0,0.0,3,7,910.0,250.0,1940,0.0,98115,47.6723,-122.266,1220.0,5029.0,2014-11-06,605125.0
6448000010,4.0,2.25,2940.0,20384.0,2.0,0.0,0.0,4,9,2940.0,0.0,1970,0.0,98004,47.6214,-122.227,3410.0,19910.0,2015-04-28,1390000.0
1330900050,3.0,2.25,1850.0,37264.0,2.0,,0.0,3,8,1850.0,0.0,1981,0.0,98053,47.6486,-122.035,2390.0,36036.0,2015-04-21,550000.0
2810600022,2.0,1.75,1060.0,1202.0,2.0,0.0,0.0,3,7,760.0,300.0,2003,0.0,98136,47.5426,-122.388,1060.0,1493.0,2014-10-07,335000.0
1761600050,3.0,2.0,1100.0,9165.0,1.0,0.0,0.0,4,7,1100.0,0.0,1969,0.0,98034,47.7304,-122.231,1510.0,8500.0,2014-12-31,397000.0
4233400480,3.0,2.0,1190.0,10299.0,1.0,,0.0,3,7,1190.0,0.0,1994,0.0,98010,47.314,-122.0,1700.0,9849.0,2014-11-24,240000.0
4222310680,3.0,2.0,1030.0,11118.0,1.0,0.0,0.0,5,7,1030.0,0.0,1970,0.0,98003,47.3463,-122.308,1300.0,7920.0,2014-09-26,240000.0
5630500005,2.0,1.5,1140.0,14373.0,1.0,0.0,0.0,3,7,1140.0,0.0,1949,19960.0,98011,47.7354,-122.219,2140.0,9860.0,2014-11-20,262500.0
9523102040,3.0,1.5,2260.0,5300.0,1.0,0.0,0.0,3,7,1200.0,1060.0,1940,0.0,98103,47.6756,-122.348,1950.0,5000.0,2014-09-22,440000.0
2626119028,3.0,1.0,1140.0,3240.0,1.5,0.0,0.0,4,6,1140.0,0.0,1910,0.0,98014,47.7093,-121.364,1140.0,4700.0,2015-03-23,160000.0
5015001680,4.0,1.0,1860.0,4736.0,1.5,0.0,0.0,1,7,1860.0,0.0,1901,0.0,98112,47.6251,-122.3,1800.0,4000.0,2014-06-11,427000.0
7202360430,4.0,3.5,4080.0,10666.0,2.0,0.0,0.0,3,9,4080.0,0.0,2005,0.0,98053,47.6818,-122.023,3920.0,8154.0,2014-07-01,920000.0
3880900170,4.0,2.5,3280.0,7100.0,2.0,0.0,4.0,3,10,2180.0,1100.0,1911,19870.0,98119,47.6285,-122.362,3240.0,6674.0,2014-08-05,2300000.0
926069142,4.0,2.5,2870.0,35757.0,2.0,0.0,0.0,4,9,2870.0,0.0,1977,0.0,98077,47.7568,-122.05,2700.0,41221.0,2014-11-24,480000.0
2790410250,4.0,1.75,2300.0,11700.0,1.0,0.0,0.0,4,9,1960.0,340.0,1977,0.0,98052,47.6331,-122.094,2840.0,12000.0,2014-05-05,615000.0
6681500080,3.0,2.0,2230.0,4800.0,1.5,0.0,0.0,4,7,1290.0,940.0,1915,0.0,98199,47.645,-122.386,1650.0,5040.0,2014-08-22,736500.0
9274201809,3.0,2.5,1920.0,1649.0,2.5,0.0,0.0,3,8,1600.0,320.0,2004,0.0,98116,47.5901,-122.388,1650.0,3053.0,2014-11-19,542500.0
418000415,2.0,1.0,700.0,5000.0,1.0,0.0,0.0,5,6,700.0,0.0,1952,0.0,98056,47.4927,-122.172,1040.0,5200.0,2015-03-19,191000.0
8078460050,4.0,2.5,2740.0,11975.0,2.0,0.0,0.0,4,8,2740.0,0.0,1991,0.0,98074,47.6315,-122.028,2310.0,9068.0,2014-07-18,730000.0
7151700585,5.0,2.25,3440.0,5000.0,2.0,0.0,2.0,5,9,3440.0,0.0,1901,0.0,98122,47.6127,-122.286,2822.0,5000.0,2014-11-25,1230000.0
2722059292,1.0,1.0,650.0,15364.0,1.0,0.0,0.0,4,5,650.0,0.0,1967,0.0,98042,47.3721,-122.159,1630.0,7952.0,2014-06-04,129000.0
2223059099,3.0,1.5,1500.0,10018.0,1.0,0.0,0.0,4,7,1500.0,0.0,1957,0.0,98058,47.468,-122.163,1500.0,10937.0,2014-07-09,284000.0
1703050500,3.0,2.5,2490.0,5978.0,2.0,0.0,0.0,3,9,2490.0,0.0,2003,0.0,98074,47.6298,-122.022,2710.0,6629.0,2015-03-21,645000.0
6386600130,3.0,1.5,1330.0,7600.0,1.0,0.0,0.0,4,7,1330.0,0.0,1968,0.0,98023,47.3103,-122.366,1500.0,7776.0,2014-06-24,218000.0
9194102188,4.0,3.5,3190.0,6875.0,2.0,0.0,2.0,3,8,2120.0,1070.0,1999,0.0,98034,47.7082,-122.221,2550.0,6875.0,2014-10-09,675000.0
2464400285,3.0,2.5,1590.0,2910.0,2.0,0.0,0.0,3,7,1110.0,480.0,1984,0.0,98115,47.6855,-122.321,1590.0,3880.0,2014-12-29,575000.0
6450301310,2.0,1.0,830.0,5720.0,1.0,0.0,0.0,4,6,830.0,0.0,1950,0.0,98133,47.7339,-122.339,1150.0,5250.0,2014-10-30,225000.0
7427800080,3.0,2.25,1810.0,5107.0,2.0,0.0,0.0,3,8,1810.0,0.0,1989,0.0,98033,47.6882,-122.171,1760.0,5454.0,2015-04-08,626000.0
40000669,4.0,2.5,2910.0,20067.0,2.0,0.0,0.0,3,9,2910.0,0.0,2001,0.0,98168,47.4714,-122.273,1730.0,21420.0,2015-03-19,499950.0
5538300225,4.0,1.75,2180.0,13529.0,1.0,0.0,0.0,3,7,1090.0,1090.0,1956,0.0,98155,47.7516,-122.294,2000.0,13529.0,2014-05-13,405000.0
4239400840,3.0,1.0,1090.0,3523.0,1.0,0.0,0.0,4,6,1090.0,0.0,1969,0.0,98092,47.3161,-122.182,1030.0,3200.0,2014-10-29,152500.0
8035650500,4.0,2.5,2160.0,6825.0,2.0,,0.0,3,8,2160.0,0.0,1994,0.0,98031,47.4111,-122.2,2020.0,7035.0,2014-07-16,325000.0
3888100029,3.0,1.0,2110.0,10005.0,1.0,0.0,0.0,5,7,1110.0,1000.0,1924,0.0,98033,47.688,-122.168,1360.0,9827.0,2014-05-29,475300.0
4364700585,3.0,1.75,2180.0,7318.0,1.0,0.0,0.0,4,7,1210.0,970.0,1967,0.0,98126,47.5251,-122.37,2140.0,7560.0,2015-04-08,485000.0
9839300285,3.0,2.5,2100.0,2200.0,2.0,0.0,0.0,4,7,1500.0,600.0,1919,0.0,98122,47.614,-122.294,1750.0,4400.0,2015-04-12,720000.0
6141100380,3.0,1.75,1410.0,6886.0,1.0,0.0,0.0,3,7,1410.0,0.0,1924,20130.0,98133,47.7183,-122.353,1410.0,6561.0,2014-05-15,465000.0
5652601330,3.0,1.5,1020.0,9072.0,1.0,0.0,0.0,3,7,920.0,100.0,1930,0.0,98115,47.695,-122.301,1620.0,7930.0,2014-06-04,489000.0
3025059093,5.0,5.25,5090.0,23669.0,2.0,0.0,0.0,3,12,5090.0,0.0,2006,0.0,98004,47.6297,-122.216,3830.0,22605.0,2014-07-29,3100000.0
5466700290,3.0,2.25,2090.0,7500.0,1.0,0.0,0.0,4,7,1280.0,810.0,1977,0.0,98031,47.3951,-122.172,1800.0,7350.0,2015-01-08,288000.0
5437800020,3.0,1.75,1350.0,9793.0,1.0,0.0,0.0,4,7,1350.0,0.0,1968,0.0,98022,47.1981,-122.003,1690.0,8080.0,2014-08-08,225000.0
7784400185,3.0,1.75,2650.0,11774.0,1.0,0.0,1.0,3,8,2240.0,410.0,1952,0.0,98146,47.4909,-122.363,2650.0,10120.0,2015-04-21,499000.0
5561301150,5.0,3.0,3520.0,36558.0,2.0,0.0,0.0,4,8,2100.0,1420.0,1985,0.0,98027,47.4658,-122.007,3000.0,36558.0,2014-11-11,632000.0
1523550480,3.0,2.5,2040.0,4627.0,2.0,0.0,0.0,3,8,2040.0,0.0,1992,0.0,98052,47.6365,-122.108,2230.0,4500.0,2014-06-13,580000.0
8083400066,4.0,1.5,2340.0,5000.0,2.0,0.0,0.0,3,8,2100.0,240.0,1912,0.0,98122,47.6065,-122.291,2320.0,5500.0,2015-04-23,730000.0
3797710020,4.0,2.25,1770.0,7799.0,2.0,0.0,0.0,3,7,1770.0,0.0,1998,0.0,98031,47.4192,-122.202,1770.0,7778.0,2015-03-27,325000.0
3205200480,3.0,1.75,1100.0,8662.0,1.0,0.0,0.0,5,7,1100.0,0.0,1964,0.0,98056,47.5368,-122.173,1100.0,9240.0,2015-04-15,421000.0
869700050,3.0,2.5,1490.0,4078.0,2.0,0.0,0.0,3,8,1490.0,0.0,1998,0.0,98059,47.4915,-122.155,1310.0,2767.0,2015-01-20,316000.0
2877101310,2.0,1.0,1460.0,4200.0,1.0,0.0,0.0,4,6,880.0,580.0,1914,0.0,98117,47.6774,-122.361,1540.0,4200.0,2014-08-04,415000.0
7202330280,3.0,2.25,1350.0,2839.0,2.0,0.0,0.0,3,7,1350.0,0.0,2003,0.0,98053,47.6824,-122.036,1650.0,3093.0,2014-09-22,401000.0
6146600420,3.0,0.75,1030.0,12700.0,1.0,0.0,0.0,4,5,1030.0,0.0,1944,0.0,98032,47.3877,-122.236,1140.0,6955.0,2015-02-24,229950.0
8563030500,3.0,1.75,1820.0,9875.0,1.0,0.0,0.0,4,8,1820.0,0.0,1966,0.0,98008,47.6243,-122.094,2670.0,10000.0,2015-03-30,539950.0
3624039150,3.0,2.0,1170.0,5360.0,1.0,0.0,0.0,3,6,1170.0,0.0,1919,0.0,98106,47.5181,-122.364,1180.0,7200.0,2014-06-05,335000.0
7853210050,3.0,2.5,1450.0,3748.0,2.0,0.0,0.0,3,7,1450.0,0.0,2004,0.0,98065,47.532,-121.85,1970.0,3748.0,2014-07-07,339000.0
3293700480,4.0,1.75,2200.0,8545.0,1.0,,0.0,4,7,1100.0,1100.0,1918,19820.0,98133,47.7481,-122.353,1940.0,9315.0,2014-10-20,414950.0
3210700170,4.0,2.0,1610.0,8976.0,1.0,,0.0,4,8,1610.0,0.0,1966,0.0,98004,47.6011,-122.192,1930.0,8976.0,2014-12-02,650000.0
8161020050,3.0,2.5,2690.0,21883.0,2.0,0.0,0.0,3,8,2690.0,0.0,1994,0.0,98014,47.6462,-121.904,2370.0,21781.0,2014-12-03,445000.0
8731983340,3.0,2.25,1850.0,7800.0,2.0,0.0,0.0,3,9,1850.0,0.0,1974,0.0,98023,47.3146,-122.379,2360.0,8000.0,2015-03-20,295000.0
7871500280,4.0,2.25,2250.0,3600.0,2.0,0.0,0.0,4,9,2010.0,240.0,1912,0.0,98119,47.643,-122.37,1910.0,3990.0,2015-04-13,975000.0
3276200280,3.0,1.5,1580.0,10100.0,1.0,0.0,0.0,4,7,1580.0,0.0,1961,0.0,98055,47.4423,-122.193,1650.0,10032.0,2014-12-19,296500.0
826069180,4.0,2.75,2030.0,56192.0,1.0,0.0,0.0,3,8,1550.0,480.0,1979,0.0,98077,47.752,-122.073,2510.0,44866.0,2014-10-21,440000.0
3955800080,5.0,1.5,1890.0,10880.0,1.0,0.0,0.0,3,7,1890.0,0.0,1962,0.0,98034,47.7196,-122.197,1670.0,9750.0,2014-12-29,420000.0
1657310170,3.0,2.5,2140.0,9492.0,2.0,0.0,0.0,3,8,2140.0,0.0,1994,0.0,98092,47.3289,-122.204,2180.0,9184.0,2014-07-23,302000.0
2597690050,4.0,1.75,1770.0,7336.0,1.0,0.0,0.0,4,8,1770.0,0.0,1986,0.0,98058,47.4265,-122.163,2030.0,8183.0,2015-04-09,350000.0
720079001,3.0,1.75,3320.0,478288.0,1.5,0.0,3.0,4,8,2260.0,1060.0,1933,19820.0,98022,47.2407,-121.953,2960.0,217800.0,2014-06-26,667000.0
3975400185,3.0,2.0,1640.0,4218.0,1.0,0.0,0.0,4,7,910.0,730.0,1941,0.0,98103,47.6546,-122.344,1670.0,4000.0,2015-05-13,645000.0
3342101795,4.0,2.75,1820.0,5400.0,1.0,0.0,0.0,4,7,1220.0,600.0,1988,0.0,98056,47.5204,-122.205,1630.0,5400.0,2014-11-11,430000.0
9297301190,4.0,1.0,1410.0,6000.0,1.0,0.0,0.0,3,7,810.0,600.0,1925,0.0,98126,47.566,-122.373,1500.0,4800.0,2014-05-13,413000.0
7424100050,3.0,1.0,1240.0,7300.0,1.0,,0.0,3,7,1240.0,0.0,1968,0.0,98033,47.6775,-122.168,1240.0,8260.0,2014-12-01,420000.0
7199340480,3.0,2.25,1780.0,8050.0,1.0,,0.0,4,7,1230.0,550.0,1979,0.0,98052,47.6977,-122.126,1780.0,7200.0,2014-10-29,495000.0
2525049259,4.0,4.5,4240.0,13162.0,2.0,0.0,0.0,3,10,4240.0,0.0,2004,0.0,98039,47.6193,-122.229,3010.0,12163.0,2014-08-12,2190000.0
8835700250,4.0,2.5,3570.0,17411.0,2.0,0.0,0.0,3,10,3570.0,0.0,1990,0.0,98075,47.5617,-122.03,3510.0,16153.0,2015-04-26,965000.0
6150700005,4.0,2.5,1900.0,5001.0,1.0,0.0,0.0,3,8,1200.0,700.0,2008,0.0,98133,47.7289,-122.335,1950.0,4680.0,2014-12-01,500000.0
6819100080,3.0,1.0,1010.0,6000.0,1.5,0.0,0.0,3,7,1010.0,0.0,1919,19770.0,98119,47.6438,-122.357,1960.0,4000.0,2014-10-01,636100.0
3904902630,4.0,2.5,2870.0,12648.0,2.0,0.0,0.0,4,9,2870.0,0.0,1986,0.0,98029,47.5632,-122.017,2560.0,12648.0,2014-06-03,720000.0
5152200020,3.0,1.75,1620.0,12825.0,1.0,0.0,0.0,3,8,1340.0,280.0,1962,0.0,98003,47.3321,-122.323,2076.0,11200.0,2015-05-04,298000.0
3300701440,2.0,1.75,1480.0,4000.0,1.0,0.0,0.0,4,6,740.0,,1925,0.0,98117,47.6916,-122.38,1060.0,4000.0,2014-07-29,409000.0
1152700020,4.0,2.5,2650.0,5706.0,2.0,0.0,0.0,3,9,2650.0,0.0,2005,0.0,98042,47.3515,-122.164,2760.0,5749.0,2014-12-26,370000.0
8944300010,5.0,1.0,1410.0,9000.0,1.0,0.0,0.0,5,7,1410.0,0.0,1967,0.0,98023,47.3054,-122.369,1200.0,8346.0,2014-07-25,230000.0
8680300010,3.0,2.0,1360.0,6685.0,1.0,0.0,0.0,3,7,1360.0,0.0,1952,0.0,98155,47.7365,-122.324,1300.0,8138.0,2015-03-24,290000.0
8731950080,4.0,2.25,2930.0,9840.0,1.0,0.0,0.0,4,8,1560.0,1370.0,1977,0.0,98023,47.3103,-122.382,2800.0,8374.0,2015-02-19,420000.0
5608000080,4.0,2.5,3500.0,10891.0,2.0,0.0,2.0,3,10,3500.0,0.0,1995,0.0,98027,47.5533,-122.093,3820.0,13521.0,2014-07-22,917000.0
2225039130,5.0,3.25,3160.0,5000.0,2.0,0.0,2.0,3,10,2180.0,980.0,2005,0.0,98199,47.6464,-122.405,3160.0,5746.0,2014-06-25,957000.0
7504180130,3.0,2.25,1710.0,21485.0,2.0,0.0,0.0,3,7,1710.0,0.0,1989,0.0,98074,47.6198,-122.053,1680.0,21485.0,2014-07-01,482000.0
3956100190,3.0,1.75,2180.0,14734.0,2.0,0.0,0.0,3,9,2180.0,0.0,1990,0.0,98045,47.4831,-121.767,2300.0,21618.0,2014-11-21,488000.0
2346200050,5.0,2.5,2870.0,4712.0,2.0,0.0,0.0,3,9,2870.0,0.0,2014,0.0,98006,47.5463,-122.182,2870.0,6768.0,2014-10-17,760369.0
40000471,2.0,1.0,1500.0,18540.0,1.0,0.0,0.0,3,8,1500.0,,1950,0.0,98168,47.4727,-122.281,1700.0,9355.0,2014-06-04,170000.0
9346950050,3.0,2.5,2120.0,10021.0,1.0,0.0,0.0,4,8,1230.0,890.0,1976,0.0,98006,47.5621,-122.135,2690.0,10183.0,2015-04-29,625000.0
9477201150,3.0,1.5,1590.0,6750.0,1.0,0.0,0.0,3,7,1080.0,510.0,1976,0.0,98034,47.73,-122.191,1590.0,7400.0,2014-12-02,357000.0
8078430130,3.0,2.25,1830.0,8276.0,1.0,0.0,0.0,3,8,1350.0,480.0,1989,0.0,98074,47.6336,-122.025,1920.0,8276.0,2015-04-07,583000.0
6404600006,3.0,2.0,1210.0,9097.0,1.0,0.0,0.0,4,7,1210.0,0.0,1954,0.0,98168,47.4849,-122.303,1360.0,10125.0,2014-08-20,173250.0
6415100122,4.0,2.0,1590.0,10331.0,1.5,,0.0,4,7,1590.0,0.0,1956,0.0,98133,47.7273,-122.332,1400.0,9434.0,2014-07-16,414050.0
5505700020,3.0,1.75,1050.0,6150.0,1.5,0.0,0.0,4,6,950.0,100.0,1928,0.0,98116,47.5715,-122.394,1360.0,6150.0,2014-06-18,400000.0
1117300050,3.0,2.0,1550.0,27003.0,1.5,,0.0,3,8,1550.0,0.0,1982,0.0,98074,47.606,-122.056,2400.0,27003.0,2015-03-27,537000.0
8651710430,4.0,2.25,2070.0,7500.0,2.0,0.0,0.0,4,7,2070.0,0.0,1977,0.0,98034,47.727,-122.217,2080.0,7700.0,2014-06-06,465000.0
9292000380,3.0,2.25,1740.0,9682.0,1.0,,0.0,5,8,1740.0,0.0,1969,0.0,98056,47.5138,-122.173,2100.0,9536.0,2014-08-18,425000.0
2525059127,4.0,2.0,1700.0,21780.0,1.0,0.0,0.0,4,6,1080.0,620.0,1940,0.0,98052,47.6289,-122.108,2070.0,12054.0,2014-11-18,445000.0
1788300010,2.0,1.0,1200.0,9000.0,1.0,0.0,0.0,3,6,1200.0,0.0,1958,0.0,98023,47.3277,-122.349,1040.0,9600.0,2014-12-11,179950.0
1150700130,3.0,2.5,1710.0,7230.0,2.0,0.0,0.0,3,7,1710.0,0.0,1996,0.0,98003,47.2778,-122.298,1720.0,6537.0,2015-04-21,275000.0
3354400545,4.0,2.5,1840.0,13493.0,2.0,0.0,0.0,3,7,1840.0,0.0,1994,0.0,98001,47.2649,-122.242,1430.0,11463.0,2014-07-15,190000.0
2742100009,3.0,1.75,1900.0,5520.0,1.0,0.0,0.0,3,7,1280.0,620.0,1982,0.0,98118,47.5549,-122.292,1330.0,5196.0,2014-05-06,385000.0
2475900170,4.0,1.0,2300.0,9583.0,1.0,0.0,0.0,3,6,1220.0,1080.0,1928,0.0,98024,47.5671,-121.89,1200.0,11325.0,2015-04-29,303000.0
9189700255,3.0,1.0,970.0,7503.0,1.0,0.0,0.0,4,6,970.0,0.0,1967,0.0,98058,47.4688,-122.163,1230.0,9504.0,2015-01-05,165000.0
2769600480,2.0,2.0,1270.0,5000.0,1.0,0.0,0.0,3,6,1270.0,0.0,1944,0.0,98107,47.6729,-122.363,2190.0,5000.0,2015-04-30,600000.0
2260800170,3.0,2.25,3130.0,65775.0,2.0,0.0,0.0,4,8,3130.0,0.0,1978,0.0,98027,47.5462,-122.085,3130.0,72309.0,2014-07-18,710000.0
1118500010,5.0,3.25,4230.0,21455.0,2.0,0.0,0.0,3,10,2720.0,1510.0,1990,0.0,98074,47.6375,-122.015,3280.0,22393.0,2015-03-27,875000.0
5636010280,3.0,2.5,1480.0,9743.0,2.0,,0.0,4,7,1480.0,0.0,1996,0.0,98010,47.3293,-122.001,1810.0,9601.0,2014-09-02,269950.0
2326059099,4.0,2.5,3310.0,42998.0,2.0,0.0,0.0,3,9,3310.0,0.0,2001,0.0,98052,47.7232,-122.131,3350.0,42847.0,2014-05-02,838000.0
4423100095,4.0,2.0,1590.0,6750.0,1.0,0.0,0.0,3,7,1590.0,0.0,1951,0.0,98102,47.6406,-122.317,2370.0,4500.0,2014-05-23,670500.0
8142000080,4.0,1.5,1690.0,9391.0,1.0,0.0,0.0,3,7,1290.0,400.0,1960,0.0,98155,47.7438,-122.329,1780.0,9390.0,2015-02-12,420000.0
3222059007,3.0,1.5,1690.0,161913.0,1.0,0.0,0.0,2,7,1430.0,260.0,1952,0.0,98030,47.356,-122.189,1930.0,12548.0,2014-09-13,370000.0
6648000050,3.0,1.75,1500.0,7200.0,1.0,0.0,0.0,3,7,1500.0,0.0,1957,0.0,98133,47.7748,-122.337,1650.0,7392.0,2014-06-24,360000.0
3574900170,4.0,2.5,2320.0,8721.0,2.0,0.0,0.0,3,8,2320.0,0.0,1991,0.0,98034,47.7326,-122.226,2260.0,8268.0,2014-10-03,562500.0
2008000130,3.0,2.5,3300.0,11525.0,1.0,0.0,0.0,5,8,1650.0,1650.0,1961,0.0,98198,47.4113,-122.315,1950.0,9680.0,2014-08-18,360500.0
291300010,3.0,2.25,1445.0,1471.0,2.0,0.0,0.0,3,7,1300.0,145.0,2003,0.0,98027,47.5342,-122.072,1410.0,1399.0,2014-05-21,389999.0
9412200280,4.0,3.0,1890.0,13140.0,1.0,0.0,0.0,4,7,1270.0,620.0,1967,0.0,98027,47.5221,-122.044,1900.0,11160.0,2014-08-27,450000.0
9315000010,4.0,2.0,1760.0,8400.0,1.0,0.0,0.0,3,7,1060.0,700.0,1962,0.0,98003,47.3258,-122.323,1280.0,8415.0,2015-03-03,247500.0
7889600080,3.0,1.0,1050.0,6240.0,1.0,0.0,0.0,5,5,1050.0,0.0,1948,0.0,98146,47.4933,-122.338,1410.0,6240.0,2015-02-19,208000.0
8663310010,3.0,2.5,1980.0,7309.0,2.0,,0.0,3,7,1980.0,0.0,1993,0.0,98034,47.7257,-122.172,2060.0,9681.0,2014-12-26,455000.0
930000305,4.0,1.75,2120.0,7680.0,1.0,0.0,0.0,4,7,1060.0,1060.0,1950,0.0,98177,47.7172,-122.361,1530.0,7680.0,2014-11-10,379400.0
7606200275,3.0,1.5,760.0,40039.0,1.0,0.0,0.0,3,6,760.0,0.0,1906,0.0,98065,47.5295,-121.829,980.0,6000.0,2014-12-30,190000.0
203900380,3.0,1.0,1300.0,8800.0,1.0,,0.0,3,7,1300.0,0.0,1977,0.0,98053,47.64,-121.966,1600.0,12210.0,2014-08-21,326188.0
880000005,2.0,2.5,1160.0,2174.0,2.0,0.0,0.0,3,7,1160.0,0.0,1998,0.0,98106,47.5264,-122.366,1380.0,1919.0,2014-05-22,168000.0
9406570290,4.0,2.5,2340.0,8990.0,2.0,0.0,0.0,3,8,2340.0,0.0,2003,0.0,98038,47.3781,-122.03,2980.0,6718.0,2014-05-16,314000.0
5561000920,4.0,2.75,2710.0,37277.0,2.0,0.0,0.0,3,9,2710.0,0.0,2000,0.0,98027,47.4634,-121.987,2390.0,39299.0,2014-05-02,630000.0
4037000470,3.0,1.75,1440.0,8957.0,1.0,0.0,0.0,4,7,1440.0,0.0,1957,0.0,98008,47.6008,-122.118,1340.0,8780.0,2015-03-16,550000.0
8651511060,4.0,2.25,1980.0,15086.0,2.0,0.0,0.0,3,8,1980.0,0.0,1981,0.0,98074,47.647,-122.064,2100.0,10927.0,2014-06-30,530000.0
9413600010,3.0,1.75,1680.0,10685.0,1.0,0.0,0.0,4,7,1680.0,0.0,1966,0.0,98033,47.6556,-122.193,3340.0,10390.0,2015-02-06,637500.0
9358001732,3.0,2.5,1390.0,2815.0,2.0,0.0,0.0,3,8,1390.0,0.0,1999,0.0,98126,47.566,-122.366,1390.0,3700.0,2015-04-28,400000.0
8820900029,5.0,2.75,3100.0,9825.0,2.0,0.0,2.0,4,8,3100.0,0.0,1950,19820.0,98125,47.7188,-122.281,2120.0,8400.0,2014-06-10,700000.0
6802200670,3.0,2.5,1680.0,8512.0,2.0,0.0,0.0,3,7,1680.0,0.0,1991,0.0,98022,47.1952,-121.986,1580.0,8512.0,2014-11-14,272000.0
7852190630,4.0,2.5,2710.0,6474.0,2.0,0.0,0.0,3,8,2710.0,0.0,2004,0.0,98065,47.5383,-121.878,2870.0,6968.0,2015-04-17,600000.0
2815600235,2.0,1.0,840.0,7020.0,1.5,0.0,0.0,4,7,840.0,0.0,1943,0.0,98136,47.5513,-122.394,1310.0,7072.0,2015-04-02,450600.0
3013300660,3.0,2.25,2090.0,8095.0,2.0,,2.0,3,10,2090.0,0.0,1988,0.0,98136,47.5287,-122.385,1940.0,5635.0,2014-10-28,550000.0
8091600080,3.0,1.0,1120.0,8407.0,1.0,0.0,0.0,5,6,1120.0,0.0,1987,0.0,98022,47.2051,-122.006,1250.0,8658.0,2015-01-23,225000.0
8651402750,3.0,1.5,1210.0,5200.0,1.0,0.0,0.0,5,6,1210.0,0.0,1969,0.0,98042,47.3615,-122.087,1120.0,5200.0,2015-02-18,132825.0
8651402750,3.0,1.5,1210.0,5200.0,1.0,0.0,0.0,5,6,1210.0,0.0,1969,0.0,98042,47.3615,-122.087,1120.0,5200.0,2015-04-30,219950.0
2215500080,5.0,2.0,1940.0,6000.0,1.0,0.0,0.0,5,7,970.0,970.0,1945,0.0,98115,47.6875,-122.287,1700.0,6000.0,2014-05-28,580000.0
225069016,3.0,1.75,1930.0,213008.0,1.0,0.0,2.0,3,7,1300.0,630.0,1980,0.0,98053,47.6751,-121.993,2860.0,208652.0,2014-07-22,568000.0
766900250,3.0,1.75,1270.0,6017.0,1.0,0.0,0.0,4,7,1030.0,240.0,1990,0.0,98028,47.737,-122.225,1630.0,7381.0,2015-04-02,406000.0
2922703260,3.0,1.75,1680.0,2400.0,1.5,0.0,0.0,3,7,1170.0,510.0,1929,0.0,98117,47.6849,-122.367,1080.0,4560.0,2014-07-16,469000.0
8011100095,3.0,2.5,2090.0,6045.0,2.0,0.0,0.0,3,8,2090.0,0.0,2000,0.0,98056,47.4947,-122.174,2040.0,6392.0,2014-06-10,415000.0
2206700280,3.0,1.5,1000.0,13991.0,1.0,0.0,0.0,4,7,1000.0,0.0,1956,0.0,98006,47.5643,-122.138,1520.0,11465.0,2014-12-08,390000.0
7985000010,3.0,1.75,1350.0,10125.0,1.0,0.0,0.0,3,8,1350.0,0.0,1967,0.0,98003,47.3334,-122.298,1520.0,9720.0,2015-04-15,251000.0
1504800050,3.0,2.5,3280.0,6750.0,2.0,0.0,1.0,3,9,2440.0,840.0,2001,0.0,98126,47.5219,-122.38,1770.0,6387.0,2015-03-12,750000.0
5351200280,4.0,2.5,2390.0,5071.0,2.0,0.0,0.0,3,9,1760.0,630.0,1988,0.0,98122,47.6144,-122.283,1940.0,5071.0,2015-04-07,845000.0
7229900005,3.0,1.5,1860.0,17640.0,1.0,0.0,0.0,4,7,1860.0,0.0,1966,0.0,98059,47.484,-122.111,1860.0,17820.0,2014-10-10,350000.0
3126049217,3.0,1.0,1380.0,5864.0,1.0,0.0,0.0,3,7,790.0,590.0,1944,0.0,98133,47.7049,-122.339,1509.0,5864.0,2015-02-25,322000.0
7446500010,4.0,2.25,3070.0,9210.0,2.0,0.0,0.0,3,8,2740.0,330.0,2010,0.0,98011,47.7638,-122.196,2580.0,9660.0,2015-05-07,664500.0
2721600010,3.0,1.75,2190.0,3800.0,1.5,0.0,2.0,4,8,2190.0,0.0,1923,0.0,98109,47.643,-122.355,2190.0,3880.0,2015-01-07,988000.0
3392900080,2.0,1.75,1990.0,4000.0,1.0,0.0,0.0,5,7,1090.0,900.0,1952,0.0,98103,47.6889,-122.342,1270.0,5700.0,2014-07-06,625000.0
1524059027,2.0,1.0,930.0,36478.0,1.0,0.0,2.0,3,6,930.0,0.0,1951,0.0,98006,47.5699,-122.164,2800.0,11141.0,2014-05-06,675000.0
9414500480,3.0,1.75,2070.0,9827.0,1.0,0.0,0.0,4,7,1420.0,650.0,1967,0.0,98027,47.522,-122.05,2150.0,9827.0,2015-04-07,503000.0
8576400050,4.0,2.25,2170.0,10500.0,1.0,0.0,2.0,4,8,1270.0,900.0,1960,0.0,98166,47.4394,-122.338,2080.0,11019.0,2014-05-09,431000.0
5252000170,3.0,1.75,1910.0,10230.0,1.0,0.0,0.0,4,7,1290.0,620.0,1964,0.0,98031,47.4185,-122.207,1590.0,10800.0,2014-11-26,250000.0
2676500080,4.0,2.5,2100.0,4237.0,2.0,0.0,0.0,3,8,2100.0,0.0,2006,0.0,98031,47.3901,-122.174,2100.0,4575.0,2014-06-05,268500.0
3585900080,6.0,3.25,3560.0,21400.0,2.0,0.0,4.0,4,9,3560.0,0.0,1952,0.0,98177,47.7602,-122.372,3560.0,24338.0,2015-03-26,1070000.0
5126900321,4.0,2.5,2290.0,4539.0,2.0,0.0,0.0,3,7,2290.0,0.0,2001,0.0,98058,47.4753,-122.172,1710.0,7200.0,2014-05-29,295000.0
8563500020,3.0,2.25,2130.0,11782.0,1.0,0.0,0.0,4,8,1590.0,540.0,1977,0.0,98040,47.5423,-122.215,2700.0,11782.0,2014-07-25,780000.0
6624030050,3.0,2.5,2160.0,15817.0,2.0,0.0,0.0,3,8,2160.0,0.0,1999,0.0,98031,47.4166,-122.183,1990.0,15817.0,2015-04-28,354000.0
4343800080,2.0,1.0,860.0,7250.0,1.0,0.0,0.0,3,6,860.0,0.0,1949,0.0,98133,47.7206,-122.35,1270.0,7250.0,2014-08-18,305000.0
1873100050,5.0,2.75,2880.0,4425.0,2.0,,0.0,3,8,2880.0,0.0,2005,0.0,98052,47.7048,-122.109,2940.0,6581.0,2015-04-01,733000.0
3210700380,4.0,2.75,2100.0,11894.0,1.0,0.0,0.0,4,8,1720.0,380.0,1968,0.0,98004,47.6006,-122.194,2390.0,9450.0,2014-09-16,640000.0
4099500605,4.0,2.5,2360.0,9600.0,1.0,0.0,2.0,3,8,1630.0,730.0,1973,0.0,98040,47.5889,-122.249,2140.0,6300.0,2015-04-17,840000.0
4217401365,5.0,3.25,3680.0,10300.0,1.5,0.0,0.0,4,10,3680.0,0.0,1927,0.0,98105,47.6548,-122.28,2690.0,7200.0,2014-12-10,1480000.0
923000095,3.0,1.0,1560.0,8100.0,1.0,0.0,0.0,4,8,1140.0,420.0,1952,0.0,98177,47.7261,-122.364,2130.0,8100.0,2015-03-26,525000.0
1828000050,4.0,2.75,1680.0,11180.0,1.0,,0.0,4,7,1680.0,0.0,1966,0.0,98052,47.6557,-122.127,2400.0,9627.0,2014-05-14,625000.0
9126100346,3.0,2.0,1380.0,3600.0,3.0,,0.0,3,8,1380.0,0.0,2015,0.0,98122,47.6074,-122.305,1480.0,3600.0,2014-06-17,350000.0
2919201365,4.0,2.75,2610.0,4160.0,3.0,0.0,0.0,5,8,1910.0,700.0,1910,0.0,98103,47.6901,-122.357,1470.0,4140.0,2014-06-16,650000.0
9297300500,2.0,1.0,870.0,4000.0,1.0,0.0,2.0,3,7,870.0,0.0,1950,0.0,98126,47.5682,-122.374,1690.0,4000.0,2014-10-23,435000.0
6073200010,3.0,1.0,1210.0,9622.0,1.0,0.0,1.0,3,8,1210.0,0.0,1955,20090.0,98006,47.5728,-122.179,1580.0,9714.0,2014-06-26,660000.0
8807810660,3.0,1.0,1150.0,12877.0,1.0,0.0,0.0,4,6,1150.0,0.0,1970,0.0,98053,47.6614,-122.056,1490.0,12150.0,2015-03-02,350000.0
2112700185,3.0,2.5,3110.0,6000.0,1.0,,2.0,3,8,1560.0,1550.0,1967,0.0,98106,47.5331,-122.353,2060.0,6000.0,2015-03-25,435000.0
1789800020,6.0,1.5,2550.0,33740.0,1.0,0.0,0.0,4,8,1750.0,800.0,1958,0.0,98023,47.3222,-122.362,2010.0,28200.0,2014-06-03,375900.0
3275300050,3.0,3.0,2430.0,10500.0,1.0,0.0,0.0,4,8,2150.0,280.0,1983,0.0,98003,47.2579,-122.312,1670.0,9800.0,2014-11-24,272000.0
3279000420,3.0,1.75,1460.0,7800.0,1.0,0.0,0.0,2,7,1040.0,420.0,1979,0.0,98023,47.3035,-122.382,1310.0,7865.0,2015-01-15,233000.0
952001660,4.0,1.5,1330.0,5750.0,1.5,0.0,2.0,3,7,1330.0,0.0,1915,0.0,98116,47.5681,-122.384,1360.0,5750.0,2014-09-16,500000.0
4023500362,4.0,1.75,2040.0,9322.0,1.0,0.0,0.0,3,8,1440.0,600.0,1977,0.0,98155,47.7611,-122.298,1910.0,10026.0,2015-04-02,540000.0
9510910050,3.0,2.5,2375.0,4094.0,2.0,0.0,0.0,3,9,2375.0,0.0,2002,0.0,98052,47.6627,-122.086,2095.0,4442.0,2014-07-01,712000.0
1137400050,4.0,2.5,2480.0,4504.0,2.0,0.0,0.0,3,7,2480.0,0.0,2005,0.0,98059,47.4998,-122.15,2950.0,4504.0,2014-09-25,425000.0
8864000425,3.0,1.75,1580.0,6099.0,1.0,0.0,0.0,5,7,790.0,,1944,0.0,98168,47.4807,-122.29,1330.0,6099.0,2014-08-05,242000.0
5518800010,5.0,3.25,2740.0,9629.0,1.0,0.0,0.0,5,7,1390.0,1350.0,1977,0.0,98011,47.7645,-122.197,2150.0,10500.0,2014-07-03,515000.0
3204800430,4.0,1.75,1920.0,7700.0,2.0,0.0,0.0,4,7,1920.0,0.0,1970,0.0,98056,47.5381,-122.177,1310.0,7700.0,2014-07-08,415000.0
5152960080,3.0,2.75,2200.0,9600.0,1.0,0.0,3.0,4,8,1570.0,630.0,1977,0.0,98003,47.3438,-122.323,2680.0,9896.0,2014-12-10,375000.0
7696500280,3.0,1.0,910.0,7194.0,1.0,0.0,0.0,4,7,910.0,0.0,1971,0.0,98001,47.3337,-122.275,1530.0,7200.0,2014-10-27,182500.0
8643000190,3.0,1.5,1860.0,10379.0,1.0,0.0,0.0,3,7,1240.0,620.0,1963,0.0,98198,47.3962,-122.309,2240.0,11328.0,2015-03-23,310000.0
7625701045,3.0,1.75,1510.0,6000.0,1.0,0.0,0.0,3,7,1060.0,450.0,1947,0.0,98136,47.5535,-122.39,1610.0,6000.0,2014-10-27,360000.0
7202360670,4.0,3.5,3920.0,9555.0,2.0,0.0,0.0,3,9,3920.0,0.0,2004,0.0,98053,47.6797,-122.025,3920.0,8598.0,2015-04-08,889000.0
4305700086,2.0,1.0,1330.0,3698.0,1.0,0.0,0.0,3,7,1330.0,0.0,1952,0.0,98117,47.6866,-122.372,1900.0,5000.0,2015-04-10,450500.0
731500170,4.0,2.25,1964.0,3541.0,2.0,0.0,0.0,3,9,1964.0,0.0,2013,0.0,98030,47.3594,-122.201,1757.0,3547.0,2015-04-22,342000.0
5096300130,3.0,2.0,1520.0,3451.0,1.0,0.0,0.0,3,8,1520.0,0.0,1996,0.0,98177,47.7753,-122.375,1800.0,3451.0,2014-07-14,413000.0
1441600020,5.0,4.0,3720.0,15200.0,2.0,0.0,0.0,3,10,3720.0,0.0,2005,0.0,98075,47.5956,-122.026,4100.0,19036.0,2014-05-27,960000.0
6163900073,2.0,1.0,770.0,9370.0,1.0,0.0,0.0,3,7,770.0,0.0,1947,0.0,98155,47.762,-122.321,1060.0,9352.0,2014-09-05,180000.0
5581400080,4.0,2.5,3210.0,14910.0,2.0,0.0,0.0,3,10,3210.0,0.0,1995,0.0,98074,47.6073,-122.062,3280.0,14910.0,2014-06-18,770000.0
8100000080,3.0,1.75,1070.0,7200.0,1.0,0.0,0.0,3,7,1070.0,0.0,1994,0.0,98010,47.3129,-122.023,1280.0,7200.0,2014-08-13,224400.0
5379806590,3.0,1.5,1430.0,8861.0,1.0,0.0,0.0,3,7,1430.0,0.0,1956,0.0,98188,47.4454,-122.289,1080.0,9425.0,2015-04-30,280000.0
9286100250,3.0,2.5,1670.0,2575.0,2.0,0.0,0.0,3,8,1670.0,,2000,0.0,98027,47.531,-122.047,1670.0,2897.0,2015-03-19,500000.0
4337600005,2.0,1.0,710.0,9000.0,1.0,0.0,0.0,5,6,710.0,0.0,1943,0.0,98166,47.4811,-122.339,1230.0,9000.0,2015-02-03,153000.0
3645100280,3.0,2.25,1920.0,4833.0,1.0,0.0,0.0,4,7,1060.0,860.0,1921,0.0,98133,47.7067,-122.352,1580.0,5134.0,2014-06-13,385000.0
6170900190,2.0,1.0,750.0,5534.0,1.0,,0.0,3,7,750.0,0.0,1947,0.0,98177,47.7017,-122.36,1050.0,5534.0,2014-08-19,325000.0
8581400345,4.0,3.0,2210.0,4191.0,2.0,0.0,0.0,3,7,2210.0,0.0,2004,0.0,98002,47.2959,-122.225,890.0,4288.0,2015-04-09,315000.0
4345300050,4.0,2.5,1660.0,9760.0,2.0,0.0,0.0,3,7,1660.0,0.0,1994,0.0,98030,47.3635,-122.188,1580.0,9614.0,2014-06-17,294999.0
6143000020,3.0,1.75,1910.0,17003.0,1.5,0.0,0.0,4,8,1910.0,0.0,1963,0.0,98001,47.3095,-122.283,1820.0,14806.0,2014-10-27,175000.0
6143000020,3.0,1.75,1910.0,17003.0,1.5,0.0,0.0,4,8,1910.0,0.0,1963,0.0,98001,47.3095,-122.283,1820.0,14806.0,2015-04-06,299000.0
111000190,2.0,1.0,780.0,9750.0,1.0,0.0,0.0,3,6,780.0,0.0,1937,0.0,98168,47.4816,-122.322,1670.0,9750.0,2015-02-09,146000.0
5306100255,3.0,2.25,1650.0,10336.0,1.0,0.0,0.0,3,7,1500.0,150.0,1962,0.0,98133,47.7757,-122.35,1420.0,10260.0,2014-11-05,290000.0
1370803180,3.0,3.25,3230.0,7800.0,2.0,0.0,3.0,3,10,3230.0,0.0,2005,0.0,98199,47.6348,-122.403,3030.0,6600.0,2014-08-08,1780000.0
5249803745,2.0,1.0,810.0,4800.0,1.0,0.0,0.0,3,6,810.0,0.0,1919,0.0,98118,47.5614,-122.27,1040.0,4800.0,2014-05-29,367500.0
2787250080,4.0,2.5,2750.0,15099.0,2.0,0.0,0.0,3,8,2750.0,0.0,1994,0.0,98019,47.7298,-121.972,2500.0,14564.0,2015-03-27,535000.0
8656300345,3.0,2.5,1650.0,13816.0,2.0,0.0,0.0,3,7,1650.0,0.0,1998,0.0,98014,47.6553,-121.913,1630.0,18750.0,2014-08-05,334999.0
582000185,3.0,1.75,1960.0,5520.0,1.0,0.0,0.0,4,7,1080.0,880.0,1952,0.0,98199,47.6535,-122.397,1720.0,5760.0,2014-08-21,655000.0
191100235,4.0,3.5,2790.0,10125.0,1.5,,0.0,5,8,2790.0,0.0,1985,0.0,98040,47.5651,-122.22,2570.0,10125.0,2014-06-03,1300000.0
6662410250,4.0,2.25,2230.0,11200.0,1.0,0.0,0.0,4,7,1300.0,930.0,1977,0.0,98011,47.7691,-122.167,2090.0,10563.0,2015-03-21,480000.0
1053000010,3.0,1.5,1280.0,4720.0,1.0,0.0,0.0,4,7,850.0,430.0,1941,0.0,98126,47.5509,-122.377,1280.0,4720.0,2015-04-21,465000.0
2473100635,3.0,2.0,1240.0,10800.0,1.0,0.0,0.0,3,7,1240.0,0.0,1967,20100.0,98058,47.449,-122.155,1480.0,8840.0,2014-05-08,297950.0
7960100050,3.0,2.0,1860.0,3600.0,1.5,0.0,0.0,3,7,1110.0,750.0,1915,0.0,98122,47.6102,-122.296,1680.0,3695.0,2015-04-15,590000.0
1177000130,4.0,2.75,2410.0,6000.0,1.0,0.0,0.0,5,8,1410.0,1000.0,1950,0.0,98107,47.6707,-122.399,1760.0,6000.0,2014-05-22,805000.0
8732160250,3.0,2.25,1960.0,7708.0,1.0,0.0,0.0,4,7,1490.0,470.0,1984,0.0,98023,47.2981,-122.374,1580.0,8063.0,2015-01-20,204250.0
3905100630,3.0,2.25,1710.0,4561.0,2.0,0.0,0.0,4,8,1710.0,0.0,1994,0.0,98029,47.5691,-122.004,1810.0,4770.0,2014-07-16,500000.0
5469501410,4.0,2.5,3480.0,12696.0,1.0,0.0,0.0,4,9,1980.0,1500.0,1977,0.0,98042,47.3816,-122.153,3480.0,14175.0,2014-09-17,490000.0
4107100190,4.0,3.75,3480.0,14850.0,1.0,,4.0,3,9,1870.0,1610.0,1951,20130.0,98004,47.6227,-122.216,4780.0,18480.0,2015-03-24,2500000.0
5215200050,3.0,2.5,2960.0,69351.0,2.0,1.0,3.0,4,9,2960.0,0.0,1990,0.0,98070,47.4,-122.42,2350.0,41433.0,2014-07-29,750000.0
4027700006,4.0,2.5,2670.0,20894.0,2.0,0.0,0.0,3,9,2330.0,340.0,2002,0.0,98155,47.7735,-122.281,2440.0,15815.0,2015-04-09,405000.0
421000500,2.0,1.0,700.0,7303.0,1.0,0.0,0.0,5,5,700.0,0.0,1953,0.0,98056,47.4934,-122.166,960.0,6060.0,2014-07-21,209995.0
305010190,4.0,2.5,2830.0,8399.0,2.0,0.0,0.0,3,9,2830.0,0.0,1998,0.0,98075,47.5851,-122.034,2520.0,6890.0,2014-10-16,680000.0
751000190,3.0,1.75,1120.0,7740.0,1.0,,0.0,4,6,860.0,260.0,1948,0.0,98125,47.7107,-122.291,1240.0,7740.0,2014-10-02,355000.0
1446400715,2.0,1.0,1310.0,6600.0,1.0,0.0,0.0,3,6,1310.0,0.0,1942,0.0,98168,47.4834,-122.332,1240.0,6600.0,2015-04-22,280000.0
4027701284,3.0,2.25,1710.0,11500.0,1.0,0.0,0.0,3,7,1210.0,500.0,1978,0.0,98028,47.7675,-122.267,1800.0,11500.0,2014-06-05,385000.0
6072000380,4.0,2.75,2200.0,9778.0,1.0,0.0,0.0,4,8,1100.0,1100.0,1962,0.0,98006,47.5472,-122.176,2140.0,11321.0,2014-07-01,505000.0
7212651100,4.0,3.25,3310.0,8897.0,2.0,0.0,0.0,3,9,2380.0,930.0,1991,0.0,98003,47.2655,-122.31,2490.0,8638.0,2014-08-22,429900.0
6977000080,4.0,2.5,2280.0,9874.0,2.0,0.0,0.0,3,9,2280.0,0.0,1989,0.0,98034,47.7099,-122.229,2670.0,9782.0,2014-07-21,560000.0
8651440780,3.0,2.0,1640.0,4875.0,1.0,0.0,0.0,4,7,1040.0,600.0,1977,0.0,98042,47.3661,-122.094,1640.0,5200.0,2014-09-29,231000.0
3298701025,2.0,1.0,750.0,5217.0,1.0,0.0,0.0,4,6,750.0,0.0,1943,0.0,98106,47.5188,-122.353,760.0,4440.0,2015-04-27,135000.0
475000605,4.0,3.0,3520.0,4895.0,1.0,0.0,0.0,3,8,1980.0,1540.0,1954,0.0,98107,47.6678,-122.361,1570.0,2153.0,2014-06-23,800000.0
1023059430,3.0,2.5,2720.0,8622.0,2.0,0.0,0.0,3,8,2720.0,0.0,2002,0.0,98059,47.4954,-122.163,1950.0,8603.0,2014-12-20,420000.0
3760000020,3.0,1.0,1660.0,9600.0,1.0,0.0,0.0,3,7,1660.0,0.0,1963,0.0,98034,47.708,-122.216,2020.0,9600.0,2014-10-22,360000.0
3905090080,4.0,2.5,2560.0,8780.0,2.0,0.0,0.0,3,9,2560.0,0.0,1992,0.0,98029,47.5717,-121.991,2780.0,8357.0,2014-05-30,642000.0
339600290,3.0,2.0,1080.0,5077.0,1.0,0.0,0.0,3,7,1080.0,0.0,1985,0.0,98052,47.6836,-122.095,1070.0,3471.0,2015-04-06,379950.0
9542400010,3.0,1.75,2050.0,11041.0,1.5,0.0,0.0,5,9,2050.0,0.0,1959,0.0,98005,47.5968,-122.174,2530.0,11041.0,2014-07-11,745000.0
1498303895,4.0,2.0,2670.0,3240.0,1.5,0.0,0.0,4,9,1780.0,890.0,1930,0.0,98144,47.5841,-122.294,1820.0,4000.0,2014-07-29,630000.0
739820050,3.0,2.5,1730.0,7200.0,2.0,0.0,0.0,4,7,1730.0,0.0,1985,0.0,98031,47.4029,-122.196,1770.0,7396.0,2015-05-05,250000.0
9238450430,3.0,1.0,990.0,9798.0,1.0,0.0,0.0,3,7,990.0,0.0,1968,0.0,98072,47.767,-122.164,1210.0,9870.0,2014-06-24,275000.0
3336000050,6.0,3.0,3560.0,4290.0,1.0,,0.0,4,7,1780.0,1780.0,1957,0.0,98118,47.5282,-122.269,3040.0,6000.0,2015-05-01,435000.0
5269200050,2.0,1.0,700.0,8174.0,1.0,0.0,0.0,3,5,700.0,0.0,1941,0.0,98146,47.5136,-122.349,1250.0,8046.0,2015-03-05,175000.0
1982200430,4.0,1.75,1880.0,3880.0,1.5,0.0,0.0,4,7,1090.0,790.0,1944,0.0,98107,47.6635,-122.362,1390.0,3880.0,2014-06-12,560000.0
3763300005,4.0,2.25,1870.0,9680.0,1.0,,0.0,4,7,1170.0,700.0,1959,0.0,98034,47.7157,-122.234,2000.0,9790.0,2014-05-20,325000.0
1336800185,3.0,2.75,2500.0,5568.0,2.0,0.0,0.0,5,9,2500.0,0.0,1905,0.0,98112,47.6258,-122.312,2810.0,5568.0,2014-06-17,1190000.0
1561910190,3.0,2.5,2570.0,10431.0,2.0,0.0,0.0,3,9,2570.0,0.0,1989,0.0,98031,47.4188,-122.213,2590.0,10078.0,2014-06-27,399950.0
5415350480,4.0,2.5,2940.0,10382.0,2.0,0.0,0.0,4,9,2940.0,0.0,1991,0.0,98059,47.5333,-122.151,2980.0,10547.0,2014-06-17,752000.0
1126059108,4.0,3.5,3930.0,43560.0,2.0,0.0,0.0,3,10,3930.0,0.0,2003,0.0,98072,47.7497,-122.121,2860.0,36460.0,2015-04-23,1200000.0
3818700185,4.0,1.5,2150.0,11026.0,1.0,0.0,0.0,4,7,2150.0,0.0,1952,0.0,98028,47.7635,-122.263,1760.0,10283.0,2014-09-25,400000.0
7883601155,3.0,2.0,1330.0,6000.0,1.0,0.0,0.0,4,7,630.0,700.0,1900,0.0,98108,47.5255,-122.327,1140.0,6000.0,2014-05-30,240000.0
7559600430,5.0,2.5,3220.0,4759.0,2.0,0.0,0.0,3,8,3220.0,0.0,2003,0.0,98075,47.5957,-122.032,2550.0,4759.0,2014-11-11,640000.0
3449820380,3.0,2.5,2710.0,6174.0,2.0,0.0,0.0,3,9,2710.0,0.0,1998,0.0,98056,47.512,-122.174,2730.0,7266.0,2015-04-02,564450.0
1523069022,3.0,1.5,1630.0,82764.0,1.0,0.0,0.0,4,6,1630.0,0.0,1948,0.0,98027,47.4743,-122.026,1680.0,199069.0,2015-05-06,300000.0
7569450480,3.0,2.5,1680.0,4226.0,2.0,,0.0,3,8,1680.0,0.0,2003,0.0,98042,47.3684,-122.123,1800.0,5559.0,2015-03-17,286000.0
7202340190,3.0,2.5,1930.0,5344.0,2.0,0.0,0.0,3,7,1930.0,0.0,2004,0.0,98053,47.6783,-122.032,2410.0,5080.0,2015-02-19,531800.0
8651710190,4.0,2.25,2140.0,10943.0,1.0,0.0,0.0,3,7,1550.0,590.0,1977,0.0,98034,47.7271,-122.215,2350.0,9000.0,2014-10-24,502000.0
5450900010,4.0,2.25,4070.0,23321.0,2.0,0.0,0.0,4,10,4070.0,0.0,1968,0.0,98040,47.5563,-122.219,2820.0,10871.0,2014-08-21,993500.0
2201500980,3.0,1.0,1350.0,10000.0,1.0,0.0,0.0,4,7,1350.0,0.0,1954,0.0,98006,47.5741,-122.133,1450.0,10000.0,2014-10-20,450000.0
2624079028,4.0,3.5,4270.0,117176.0,2.0,0.0,0.0,3,9,4270.0,0.0,2008,0.0,98024,47.5352,-121.883,2610.0,5251.0,2014-10-27,997950.0
3095000185,3.0,1.0,1320.0,5250.0,1.5,0.0,0.0,5,7,1320.0,0.0,1913,0.0,98126,47.5566,-122.378,1490.0,5250.0,2014-10-13,526000.0
4476400275,3.0,1.75,2100.0,8298.0,1.0,0.0,0.0,4,7,1230.0,870.0,1952,0.0,98166,47.4601,-122.36,1700.0,10830.0,2015-01-14,335000.0
8018600980,2.0,1.0,710.0,14700.0,1.0,,0.0,5,6,710.0,0.0,1926,0.0,98168,47.4939,-122.318,1320.0,14700.0,2014-12-03,187250.0
7173700591,3.0,2.25,2350.0,6000.0,1.0,,0.0,5,7,1020.0,1330.0,1948,0.0,98115,47.6809,-122.305,1570.0,5000.0,2014-08-11,735000.0
2568800290,3.0,1.0,1180.0,8400.0,1.0,0.0,0.0,3,7,1180.0,0.0,1951,0.0,98125,47.7028,-122.295,1740.0,7020.0,2015-02-18,425000.0
5111400086,3.0,1.0,1250.0,53143.0,1.0,0.0,0.0,5,6,1250.0,0.0,1945,0.0,98038,47.4235,-122.051,1820.0,217800.0,2014-05-12,110000.0
1079350020,3.0,2.0,1490.0,7697.0,1.0,,0.0,3,7,1490.0,0.0,1994,0.0,98059,47.4852,-122.164,1540.0,7529.0,2014-08-21,305000.0
88000591,3.0,1.0,1000.0,9450.0,1.0,,0.0,3,6,1000.0,,1962,0.0,98055,47.4562,-122.193,1300.0,13500.0,2015-04-14,212000.0
2524049108,5.0,4.25,4050.0,18827.0,1.0,0.0,2.0,4,10,2150.0,1900.0,1979,0.0,98040,47.5323,-122.237,3600.0,25120.0,2015-05-12,1380000.0
1552800280,5.0,2.25,2300.0,11505.0,1.0,0.0,0.0,3,8,1300.0,1000.0,1963,0.0,98030,47.3812,-122.223,2350.0,11505.0,2014-09-18,298950.0
2423020010,3.0,1.75,1330.0,8136.0,1.0,,0.0,4,7,1330.0,0.0,1977,0.0,98033,47.7001,-122.173,1330.0,8136.0,2015-03-16,525000.0
629410130,4.0,3.25,3200.0,7081.0,2.0,0.0,0.0,3,9,3200.0,0.0,2004,0.0,98075,47.5886,-121.989,3120.0,6094.0,2014-05-14,707000.0
4139440480,3.0,2.75,2590.0,12063.0,2.0,0.0,0.0,3,10,2590.0,0.0,1993,0.0,98006,47.5527,-122.12,2850.0,8469.0,2014-06-26,695000.0
4139440480,3.0,2.75,2590.0,12063.0,2.0,0.0,0.0,3,10,2590.0,0.0,1993,0.0,98006,47.5527,-122.12,2850.0,8469.0,2014-12-01,796500.0
7016300050,4.0,2.5,2030.0,8100.0,1.0,0.0,0.0,3,7,1150.0,880.0,1973,0.0,98034,47.7404,-122.186,1770.0,8071.0,2014-07-23,420000.0
3425059099,5.0,2.5,2700.0,21208.0,1.0,0.0,0.0,4,8,1950.0,750.0,1955,0.0,98005,47.6078,-122.154,2550.0,20409.0,2014-06-25,625000.0
9541600280,3.0,1.75,1670.0,9900.0,1.0,0.0,0.0,4,8,1670.0,0.0,1957,0.0,98005,47.595,-122.172,2410.0,8800.0,2014-08-23,620000.0
3025300225,5.0,2.75,3090.0,19865.0,1.0,0.0,0.0,4,9,3090.0,0.0,1953,0.0,98039,47.6232,-122.235,2970.0,19862.0,2014-10-31,1450000.0
7214770020,5.0,2.5,2650.0,54380.0,2.0,0.0,0.0,3,9,2650.0,0.0,1984,0.0,98077,47.7726,-122.081,2560.0,49044.0,2015-04-09,549950.0
7227801630,4.0,2.0,1440.0,10920.0,1.0,0.0,0.0,3,5,1440.0,0.0,1943,0.0,98056,47.5049,-122.18,1500.0,11902.0,2015-02-27,275000.0
7284900098,3.0,2.5,2820.0,7200.0,1.0,0.0,3.0,3,9,1780.0,1040.0,1979,0.0,98177,47.7691,-122.388,2300.0,7200.0,2014-09-24,705000.0
7696630080,3.0,1.75,1690.0,7735.0,1.0,0.0,0.0,4,7,1060.0,630.0,1976,0.0,98001,47.3324,-122.28,1580.0,7503.0,2014-05-06,197000.0
3235390010,3.0,1.75,1420.0,8126.0,1.0,0.0,0.0,3,8,1420.0,0.0,1991,0.0,98031,47.3871,-122.189,1730.0,7954.0,2015-05-05,265000.0
2966800010,4.0,1.75,1790.0,5341.0,1.0,0.0,0.0,4,7,1050.0,740.0,1951,0.0,98166,47.4663,-122.363,1540.0,6916.0,2014-11-20,297000.0
6600410290,3.0,1.75,1320.0,12528.0,1.0,,0.0,4,7,1320.0,0.0,1970,0.0,98042,47.3234,-122.142,1340.0,11039.0,2014-08-19,207500.0
6300500479,3.0,2.5,1509.0,1418.0,3.0,0.0,0.0,3,8,1509.0,0.0,2014,0.0,98133,47.7047,-122.34,1509.0,1991.0,2014-08-19,410000.0
1450900020,3.0,2.0,1610.0,8416.0,1.0,0.0,0.0,3,7,1610.0,0.0,1994,0.0,98031,47.397,-122.187,1600.0,8308.0,2014-10-03,268000.0
1284000010,4.0,1.75,1550.0,50094.0,1.0,0.0,3.0,4,6,1550.0,0.0,1967,0.0,98022,47.2194,-122.059,1720.0,50094.0,2014-08-05,330000.0
3626039028,3.0,1.0,1160.0,7491.0,1.0,0.0,0.0,4,6,1160.0,0.0,1917,0.0,98177,47.7024,-122.359,1800.0,2267.0,2014-08-18,417500.0
7856560380,4.0,2.25,2500.0,8500.0,2.0,0.0,0.0,4,8,2500.0,0.0,1979,0.0,98006,47.5569,-122.151,2470.0,9100.0,2014-08-04,760000.0
2770604346,3.0,2.5,1540.0,1326.0,3.0,,0.0,3,8,1390.0,150.0,1995,0.0,98119,47.6457,-122.374,1680.0,1592.0,2014-07-05,499000.0
9202650130,4.0,2.5,1910.0,7683.0,2.0,0.0,0.0,3,8,1910.0,0.0,1987,0.0,98027,47.5644,-122.092,1980.0,8485.0,2014-06-18,620000.0
8700100010,3.0,2.5,2340.0,6837.0,2.0,0.0,0.0,3,7,2340.0,0.0,1992,0.0,98030,47.3608,-122.194,1850.0,6209.0,2014-07-10,315000.0
4045750010,3.0,2.5,2060.0,4730.0,2.0,,0.0,4,8,2060.0,0.0,1994,0.0,98033,47.6874,-122.178,1980.0,5010.0,2015-04-09,624950.0
5706201470,3.0,2.25,1960.0,12350.0,1.0,0.0,0.0,4,7,1960.0,0.0,1961,0.0,98027,47.5247,-122.052,1920.0,13608.0,2015-04-28,525000.0
8835210130,2.0,1.5,1150.0,3927.0,2.0,0.0,0.0,3,7,1150.0,0.0,1982,0.0,98034,47.7248,-122.162,1400.0,3425.0,2014-08-08,300000.0
8731990440,4.0,2.75,2330.0,7200.0,1.0,0.0,0.0,4,8,1560.0,770.0,1977,0.0,98023,47.3203,-122.385,2350.0,7600.0,2015-03-10,299900.0
5540000050,3.0,2.5,2210.0,10119.0,1.0,,0.0,4,7,1450.0,760.0,1966,0.0,98030,47.3783,-122.22,2110.0,10119.0,2014-06-12,299000.0
2470200020,4.0,2.75,3260.0,19542.0,1.0,0.0,0.0,4,10,2170.0,1090.0,1968,0.0,98039,47.6245,-122.236,3480.0,19863.0,2014-05-14,1880000.0
9500900430,4.0,1.75,1900.0,10588.0,1.0,0.0,0.0,5,6,1900.0,0.0,1958,0.0,98002,47.289,-122.212,1530.0,10587.0,2014-06-13,265000.0
3024089049,2.0,1.75,1610.0,158558.0,1.5,0.0,0.0,2,6,1610.0,0.0,1948,0.0,98065,47.5319,-121.84,1800.0,3572.0,2014-06-09,280000.0
6600410170,3.0,1.0,1340.0,15600.0,1.0,,0.0,4,6,1340.0,0.0,1978,0.0,98042,47.3224,-122.143,1320.0,9800.0,2014-05-28,124740.0
7796000095,3.0,2.75,3170.0,34850.0,1.0,0.0,0.0,5,9,3170.0,0.0,1957,0.0,98033,47.6611,-122.169,3920.0,36740.0,2015-01-06,1090000.0
1338600225,8.0,3.5,4440.0,6480.0,2.0,0.0,3.0,5,10,3140.0,1300.0,1959,0.0,98112,47.631,-122.303,4440.0,8640.0,2014-05-28,1970000.0
316000190,4.0,1.0,1370.0,5339.0,1.5,0.0,0.0,4,6,1370.0,0.0,1948,0.0,98168,47.5046,-122.3,1280.0,7048.0,2015-02-15,219000.0
9276200190,5.0,1.0,1420.0,6250.0,1.5,0.0,0.0,4,8,1420.0,0.0,1926,0.0,98116,47.5807,-122.389,1420.0,6250.0,2015-04-16,569950.0
1447600285,2.0,2.0,1030.0,21712.0,1.0,0.0,0.0,4,6,1030.0,0.0,1938,0.0,98168,47.4905,-122.331,1790.0,9199.0,2014-06-09,212500.0
5307100280,3.0,2.25,1820.0,8316.0,1.0,0.0,0.0,5,7,1320.0,500.0,1960,0.0,98005,47.5849,-122.169,1780.0,8400.0,2014-08-11,680000.0
1338800280,4.0,1.5,2650.0,6900.0,2.0,0.0,0.0,4,9,2400.0,250.0,1909,0.0,98112,47.6275,-122.305,2420.0,6900.0,2014-09-29,1460000.0
3211200420,3.0,1.0,910.0,7700.0,1.0,0.0,0.0,4,7,910.0,0.0,1971,0.0,98034,47.7303,-122.238,1250.0,7700.0,2014-06-18,300000.0
2770604082,3.0,2.5,1680.0,1683.0,2.0,0.0,0.0,3,9,1120.0,560.0,2014,0.0,98119,47.6424,-122.374,1610.0,1249.0,2015-03-10,629950.0
7334600280,2.0,1.75,1550.0,9230.0,1.0,0.0,0.0,3,6,970.0,580.0,1969,0.0,98045,47.4701,-121.744,1550.0,10856.0,2014-12-02,349900.0
5406500440,4.0,2.5,2780.0,6235.0,2.0,0.0,0.0,3,8,2780.0,0.0,2001,0.0,98075,47.5976,-122.039,2670.0,4410.0,2014-08-12,690000.0
1235100328,5.0,4.0,4070.0,11334.0,2.0,0.0,0.0,3,10,4070.0,0.0,2014,0.0,98033,47.6771,-122.187,2640.0,9401.0,2015-02-25,1450000.0
4141010050,3.0,2.5,3240.0,12625.0,2.0,0.0,0.0,3,11,3240.0,0.0,1987,0.0,98040,47.5327,-122.232,3470.0,12331.0,2015-01-21,1290000.0
9510310280,4.0,3.5,3650.0,38546.0,2.0,0.0,0.0,3,9,2550.0,1100.0,1996,0.0,98045,47.4776,-121.73,2860.0,34284.0,2014-07-09,696000.0
725069102,3.0,2.25,2180.0,60112.0,2.0,0.0,0.0,3,8,2180.0,0.0,1976,0.0,98053,47.6723,-122.082,2060.0,120225.0,2015-03-30,650000.0
8562901350,3.0,3.5,2480.0,10800.0,2.0,0.0,0.0,3,8,2480.0,0.0,1998,0.0,98074,47.6083,-122.06,2380.0,11310.0,2014-08-12,640000.0
1442700430,5.0,2.5,3180.0,23809.0,1.0,0.0,0.0,3,9,3180.0,0.0,1978,0.0,98038,47.3727,-122.054,2500.0,15778.0,2014-08-08,499950.0
6806300980,4.0,2.5,3630.0,8387.0,2.0,0.0,0.0,3,10,3630.0,0.0,1997,0.0,98042,47.3623,-122.127,3370.0,8869.0,2014-12-23,490000.0
8562740290,5.0,2.5,3160.0,5635.0,2.0,,0.0,3,9,3160.0,0.0,2003,0.0,98027,47.5362,-122.067,3670.0,6087.0,2014-10-10,685000.0
7454001405,4.0,1.0,1370.0,7140.0,2.0,0.0,0.0,3,6,1370.0,0.0,1942,0.0,98146,47.512,-122.376,1090.0,6300.0,2015-04-03,387500.0
952007141,2.0,1.5,1070.0,1236.0,2.0,0.0,0.0,3,8,1000.0,70.0,2005,0.0,98116,47.5619,-122.382,1170.0,1888.0,2015-04-21,401750.0
1545806720,4.0,2.0,2180.0,8800.0,1.0,0.0,0.0,5,7,1170.0,,1977,0.0,98038,47.3676,-122.046,1630.0,8800.0,2014-08-26,254950.0
5561300980,4.0,2.25,2420.0,36680.0,2.0,0.0,0.0,4,8,2420.0,0.0,1977,0.0,98027,47.4663,-122.006,2410.0,36680.0,2015-03-20,500000.0
9348700480,4.0,2.5,3290.0,8147.0,2.0,0.0,0.0,3,10,3290.0,0.0,2003,0.0,98052,47.7048,-122.107,3290.0,7467.0,2014-07-15,856500.0
1868900285,3.0,1.0,1430.0,5000.0,1.0,,0.0,4,6,1080.0,350.0,1919,0.0,98115,47.6724,-122.296,1630.0,4600.0,2014-05-23,552000.0
8651720470,4.0,2.5,1890.0,7200.0,1.0,0.0,0.0,4,7,1500.0,390.0,1978,0.0,98034,47.7278,-122.218,2070.0,7200.0,2014-09-10,506500.0
3904950190,3.0,2.25,1760.0,4539.0,2.0,0.0,0.0,3,8,1760.0,0.0,1988,0.0,98029,47.5754,-122.013,1960.0,4808.0,2014-05-27,500000.0
5300200050,4.0,2.75,2230.0,10160.0,1.0,0.0,0.0,3,7,1400.0,830.0,1968,0.0,98168,47.5123,-122.32,1740.0,10080.0,2014-07-29,280000.0
7334501300,3.0,1.75,1630.0,11475.0,1.0,0.0,0.0,4,7,1330.0,300.0,1979,0.0,98045,47.4635,-121.746,1630.0,11475.0,2015-03-06,308000.0
8078350280,3.0,2.5,2350.0,7035.0,2.0,,0.0,3,8,2350.0,0.0,1989,0.0,98029,47.5713,-122.02,2270.0,7192.0,2015-02-05,613500.0
4068300280,3.0,1.75,1550.0,9720.0,1.0,0.0,0.0,3,7,1050.0,500.0,1976,0.0,98010,47.3433,-122.037,1550.0,9750.0,2014-07-08,255000.0
2625079030,3.0,2.5,3550.0,136343.0,2.0,0.0,0.0,3,10,3550.0,0.0,1977,0.0,98014,47.6223,-121.869,3080.0,215186.0,2014-10-28,545000.0
1024069063,4.0,2.5,2720.0,34498.0,1.0,0.0,0.0,5,7,1360.0,1360.0,1966,0.0,98075,47.5832,-122.02,1920.0,22474.0,2014-09-23,620000.0
3624039102,3.0,1.75,1740.0,6800.0,1.5,0.0,0.0,4,7,1740.0,,1949,0.0,98126,47.5314,-122.373,990.0,6800.0,2014-10-25,450000.0
8025700460,4.0,1.75,1840.0,7275.0,1.0,0.0,0.0,3,7,1090.0,750.0,1976,0.0,98031,47.4002,-122.189,1840.0,7275.0,2015-05-08,279000.0
8956000460,3.0,2.5,2010.0,3200.0,2.0,0.0,0.0,3,9,2010.0,0.0,2009,0.0,98027,47.5463,-122.015,2250.0,3200.0,2015-01-23,625000.0
2329800630,3.0,1.75,1670.0,7415.0,1.0,0.0,0.0,3,7,1320.0,350.0,1987,0.0,98042,47.3776,-122.116,1650.0,8585.0,2014-05-27,274950.0
2491200050,3.0,1.75,1820.0,6038.0,1.0,0.0,0.0,4,7,1040.0,780.0,1952,0.0,98126,47.5233,-122.378,1700.0,6040.0,2014-10-23,423000.0
6181700250,2.0,1.0,720.0,5820.0,1.0,0.0,1.0,5,6,720.0,0.0,1950,0.0,98028,47.7598,-122.255,952.0,5820.0,2015-02-26,350000.0
2460500020,4.0,1.75,2370.0,10140.0,1.0,0.0,0.0,3,7,1460.0,910.0,1968,0.0,98001,47.3352,-122.278,1450.0,7800.0,2015-03-30,305000.0
7893801760,3.0,1.75,2120.0,11340.0,1.0,0.0,3.0,4,7,1060.0,1060.0,1966,0.0,98198,47.4109,-122.329,1830.0,8650.0,2014-11-17,368000.0
5259800440,3.0,1.75,1290.0,6604.0,1.0,,0.0,3,7,1290.0,0.0,1984,0.0,98023,47.323,-122.349,1440.0,6682.0,2014-09-26,232000.0
7338402850,4.0,3.0,1800.0,2500.0,2.0,0.0,0.0,3,7,1800.0,0.0,2000,0.0,98108,47.5333,-122.294,1830.0,6900.0,2014-11-26,250000.0
1423910130,3.0,1.75,1230.0,8917.0,1.0,0.0,0.0,4,7,1230.0,0.0,1966,0.0,98058,47.4528,-122.172,1420.0,7938.0,2015-02-11,220000.0
2769602135,3.0,2.0,1380.0,2500.0,1.0,0.0,0.0,3,7,750.0,630.0,1986,0.0,98107,47.6753,-122.363,1630.0,3800.0,2014-08-13,435000.0
4365200425,2.0,1.0,740.0,7680.0,1.0,0.0,0.0,4,6,740.0,0.0,1922,0.0,98126,47.5245,-122.371,1080.0,7680.0,2014-06-24,350000.0
2473380920,5.0,2.5,1720.0,10202.0,1.5,0.0,0.0,3,7,1720.0,0.0,1970,0.0,98058,47.4572,-122.167,1720.0,8478.0,2014-08-13,206325.0
2473380920,5.0,2.5,1720.0,10202.0,1.5,0.0,0.0,3,7,1720.0,0.0,1970,0.0,98058,47.4572,-122.167,1720.0,8478.0,2015-02-27,339000.0
2787700630,4.0,2.5,2100.0,7355.0,1.0,0.0,0.0,5,7,2100.0,0.0,1969,0.0,98059,47.5078,-122.161,1750.0,7200.0,2015-03-18,399000.0
6917700305,2.0,1.0,1210.0,7667.0,1.0,0.0,0.0,3,6,900.0,310.0,1950,0.0,98199,47.6571,-122.396,1330.0,6462.0,2015-02-19,529000.0
7215720420,4.0,2.5,2210.0,7722.0,2.0,0.0,0.0,3,9,2210.0,0.0,1999,0.0,98075,47.5992,-122.019,2970.0,8683.0,2015-03-04,640000.0
2856100250,4.0,2.5,2470.0,2550.0,3.0,0.0,0.0,3,8,2470.0,0.0,2004,0.0,98117,47.6765,-122.389,1270.0,3060.0,2014-11-06,735000.0
9421500130,5.0,2.5,2760.0,8015.0,1.0,0.0,0.0,4,8,1600.0,1160.0,1960,0.0,98125,47.7255,-122.297,460.0,18000.0,2014-06-16,378000.0
1250201640,3.0,2.0,2540.0,7200.0,1.5,0.0,3.0,4,8,1600.0,940.0,1905,0.0,98144,47.5972,-122.292,2040.0,5900.0,2014-05-07,775000.0
5316100920,3.0,4.25,5150.0,7800.0,2.5,0.0,2.0,3,11,4170.0,980.0,1954,0.0,98112,47.6288,-122.282,4270.0,7800.0,2014-07-25,2250000.0
6813600605,4.0,4.5,3420.0,7440.0,3.0,0.0,0.0,3,9,3420.0,0.0,2014,0.0,98103,47.6875,-122.33,1360.0,5580.0,2015-01-28,1350000.0
1974300020,4.0,2.5,2270.0,11500.0,1.0,0.0,0.0,3,8,1540.0,730.0,1967,0.0,98034,47.7089,-122.241,2020.0,10918.0,2014-08-27,380000.0
1974300020,4.0,2.5,2270.0,11500.0,1.0,0.0,0.0,3,8,1540.0,730.0,1967,0.0,98034,47.7089,-122.241,2020.0,10918.0,2015-02-18,624900.0
3630020380,3.0,2.5,1470.0,1779.0,2.0,0.0,0.0,3,8,1160.0,310.0,2005,0.0,98029,47.5472,-121.998,1470.0,1576.0,2014-11-07,379770.0
1771000290,3.0,1.75,1280.0,16200.0,1.0,0.0,0.0,3,8,1030.0,250.0,1976,0.0,98077,47.7427,-122.071,1160.0,10565.0,2014-12-03,340000.0
5126310470,4.0,2.75,2830.0,8126.0,2.0,0.0,0.0,3,8,2830.0,0.0,2005,0.0,98059,47.4863,-122.14,2830.0,7916.0,2015-01-15,515500.0
1870400605,4.0,2.25,1970.0,7125.0,1.5,0.0,0.0,3,7,1500.0,470.0,1908,0.0,98115,47.6725,-122.293,1980.0,4750.0,2014-11-17,600000.0
4047200825,1.0,1.0,1390.0,60984.0,1.0,0.0,0.0,3,6,1390.0,0.0,1960,0.0,98019,47.7652,-121.903,1620.0,24225.0,2014-10-11,400000.0
7304300430,4.0,1.0,1020.0,11383.0,1.5,0.0,0.0,5,6,1020.0,0.0,1947,0.0,98155,47.7429,-122.321,1290.0,11213.0,2014-12-01,364000.0
8079010190,4.0,2.5,2250.0,7526.0,2.0,0.0,0.0,3,8,2250.0,0.0,1989,0.0,98059,47.5123,-122.15,1980.0,7526.0,2014-06-26,440000.0
1453600182,2.0,1.0,800.0,6240.0,1.0,0.0,0.0,3,6,800.0,0.0,1954,0.0,98125,47.7257,-122.296,1530.0,8000.0,2014-05-28,285000.0
9828700235,3.0,1.0,1560.0,4500.0,1.5,0.0,0.0,5,7,1560.0,0.0,1915,0.0,98112,47.6204,-122.292,1530.0,4500.0,2015-04-01,669000.0
3448002285,4.0,2.0,2100.0,13468.0,1.0,0.0,0.0,5,7,1050.0,1050.0,1962,0.0,98125,47.7139,-122.292,1470.0,8675.0,2014-07-02,475000.0
2513500010,2.0,1.0,990.0,4000.0,1.0,0.0,0.0,4,7,990.0,0.0,1911,0.0,98103,47.6589,-122.341,1560.0,4000.0,2015-05-04,747000.0
9284801100,3.0,1.5,1060.0,5750.0,1.0,0.0,0.0,2,7,1060.0,0.0,1981,0.0,98126,47.5532,-122.372,1060.0,5750.0,2015-01-05,317000.0
8901000491,2.0,1.0,1270.0,8164.0,1.0,0.0,0.0,4,6,1270.0,0.0,1941,0.0,98125,47.7116,-122.311,1580.0,9095.0,2014-08-28,390000.0
452002135,4.0,2.5,2740.0,5000.0,2.0,0.0,0.0,3,9,2740.0,0.0,2012,0.0,98107,47.674,-122.371,1660.0,5000.0,2015-04-22,1070000.0
6610000591,4.0,2.75,2470.0,5500.0,1.0,0.0,3.0,3,9,1570.0,900.0,1960,20050.0,98107,47.6586,-122.358,1620.0,5500.0,2014-10-21,1210000.0
7518501025,3.0,1.75,1970.0,5100.0,1.0,,0.0,3,7,1130.0,840.0,1908,19650.0,98117,47.6831,-122.379,1250.0,4080.0,2015-03-27,580000.0
6072400470,4.0,2.5,2070.0,10244.0,1.0,0.0,0.0,3,8,1370.0,700.0,1969,0.0,98006,47.5592,-122.178,2070.0,9683.0,2014-11-13,518000.0
1865800250,3.0,1.75,1010.0,6552.0,1.0,0.0,0.0,3,7,1010.0,0.0,1969,0.0,98042,47.375,-122.117,1010.0,6552.0,2014-12-04,147500.0
6072650250,4.0,2.25,2220.0,8125.0,1.0,0.0,0.0,4,8,1450.0,770.0,1965,0.0,98006,47.5429,-122.177,1980.0,8700.0,2015-04-24,555000.0
8807900233,2.0,2.0,1090.0,934.0,3.0,0.0,0.0,3,8,1090.0,0.0,2008,0.0,98109,47.6341,-122.342,1090.0,1376.0,2014-06-30,427500.0
3585901025,3.0,2.5,4310.0,32093.0,1.5,0.0,4.0,5,10,2510.0,1800.0,1982,0.0,98177,47.7624,-122.38,3810.0,26400.0,2014-06-13,1740000.0
9238440020,3.0,2.5,1490.0,3840.0,2.0,0.0,0.0,3,7,1490.0,0.0,2002,0.0,98042,47.374,-122.133,2060.0,4384.0,2014-07-17,265950.0
9325800005,2.0,1.0,700.0,6046.0,1.0,0.0,0.0,3,6,700.0,0.0,1950,0.0,98133,47.7172,-122.34,990.0,6790.0,2014-12-01,247500.0
7520000020,4.0,1.0,1450.0,8960.0,1.0,0.0,0.0,3,6,1450.0,0.0,1943,0.0,98146,47.4972,-122.348,1160.0,7680.0,2014-05-23,244000.0
3904920380,3.0,2.5,2120.0,6602.0,2.0,0.0,0.0,4,8,2120.0,0.0,1989,0.0,98029,47.5669,-122.012,2330.0,7795.0,2015-03-23,578550.0
3630080430,4.0,2.5,1670.0,3315.0,2.0,0.0,0.0,3,7,1670.0,0.0,2005,0.0,98029,47.5532,-121.998,1650.0,2051.0,2014-06-17,451000.0
8682262230,2.0,1.75,1810.0,4220.0,2.0,0.0,0.0,3,8,1810.0,0.0,2004,0.0,98053,47.7177,-122.034,1350.0,4479.0,2014-08-26,489000.0
3326079016,2.0,1.0,710.0,1164794.0,1.0,0.0,0.0,2,5,710.0,0.0,1915,0.0,98014,47.6888,-121.909,1680.0,16730.0,2015-05-04,190000.0
7214800430,3.0,3.0,2540.0,18900.0,1.0,0.0,0.0,3,7,1580.0,960.0,1978,0.0,98072,47.754,-122.144,2270.0,16000.0,2015-03-05,475000.0
6430000275,3.0,2.0,1420.0,4080.0,1.5,0.0,0.0,3,7,1420.0,0.0,1905,20130.0,98103,47.6872,-122.349,1420.0,4590.0,2014-05-06,485000.0
1924079090,3.0,2.75,2440.0,45738.0,2.0,0.0,0.0,3,8,1840.0,600.0,1987,0.0,98027,47.5453,-121.957,2440.0,189100.0,2014-10-16,530000.0
1509500380,4.0,2.5,2570.0,10155.0,2.0,0.0,0.0,3,9,2570.0,0.0,1994,0.0,98030,47.3842,-122.17,2770.0,10155.0,2015-01-28,379000.0
9809000010,5.0,2.5,3090.0,16583.0,2.0,0.0,0.0,4,9,3090.0,0.0,1964,0.0,98004,47.6458,-122.218,3740.0,17853.0,2015-01-06,1630000.0
8722101100,3.0,1.75,2050.0,5160.0,1.5,0.0,0.0,4,8,1300.0,750.0,1926,0.0,98112,47.6374,-122.304,2220.0,5960.0,2015-03-19,739000.0
8651410670,3.0,1.0,920.0,6460.0,1.0,0.0,0.0,5,6,920.0,0.0,1969,0.0,98042,47.3665,-122.082,920.0,4770.0,2014-11-25,189950.0
3629830250,4.0,3.0,2320.0,4468.0,2.0,0.0,0.0,3,8,2160.0,160.0,1999,0.0,98029,47.546,-122.009,2330.0,3541.0,2014-12-22,637500.0
868001435,3.0,3.0,3450.0,16740.0,1.0,0.0,4.0,4,9,1960.0,1490.0,1949,0.0,98177,47.7067,-122.38,3220.0,12528.0,2015-01-27,2230000.0
4168100020,3.0,1.0,1660.0,8800.0,1.0,0.0,0.0,4,7,960.0,700.0,1963,0.0,98023,47.3212,-122.352,1370.0,10112.0,2014-12-04,209950.0
814000020,3.0,1.0,1130.0,7000.0,1.0,0.0,0.0,3,6,830.0,300.0,1944,0.0,98125,47.7132,-122.283,1050.0,7000.0,2015-02-20,460000.0
7852010950,4.0,2.5,2550.0,5835.0,2.0,0.0,0.0,3,8,2550.0,0.0,1998,0.0,98065,47.5373,-121.87,2420.0,5817.0,2014-10-20,543500.0
2395710010,4.0,2.75,2420.0,5773.0,2.0,,0.0,3,8,2420.0,0.0,2005,0.0,98038,47.3772,-122.029,2420.0,6200.0,2014-06-05,376000.0
3630000130,3.0,2.25,1470.0,1703.0,2.0,0.0,0.0,3,8,1470.0,0.0,2005,0.0,98029,47.5478,-121.999,1380.0,1107.0,2014-10-28,430000.0
2105200010,4.0,2.5,2030.0,39049.0,1.0,0.0,0.0,4,7,1530.0,500.0,1953,0.0,98166,47.4413,-122.345,2400.0,14605.0,2014-09-04,515000.0
2856100381,7.0,2.75,2310.0,2400.0,1.5,0.0,0.0,3,6,2310.0,0.0,1915,0.0,98117,47.6775,-122.39,1340.0,3825.0,2014-07-11,580000.0
5608030020,5.0,3.5,3370.0,16846.0,2.0,0.0,1.0,3,9,2650.0,720.0,1998,0.0,98027,47.5584,-122.089,3330.0,13000.0,2015-02-03,600000.0
3404700080,3.0,1.75,1900.0,43700.0,1.5,0.0,0.0,4,6,1900.0,0.0,1919,0.0,98052,47.7265,-122.136,2070.0,43995.0,2014-11-12,476800.0
1890000275,3.0,1.5,1940.0,3570.0,2.0,0.0,0.0,4,8,1740.0,200.0,1916,0.0,98105,47.6618,-122.325,1580.0,3570.0,2015-04-29,815000.0
7852000010,3.0,2.5,2420.0,8252.0,2.0,0.0,0.0,3,7,2420.0,0.0,1998,0.0,98065,47.5382,-121.871,2420.0,5818.0,2014-05-27,455600.0
5230300280,3.0,1.0,1010.0,9514.0,1.0,0.0,0.0,3,7,1010.0,0.0,1969,0.0,98059,47.4936,-122.105,1010.0,9514.0,2014-05-15,270000.0
4232902335,5.0,4.0,2710.0,2800.0,3.0,0.0,0.0,3,10,2380.0,330.0,1974,20080.0,98119,47.6346,-122.364,1530.0,3600.0,2014-08-14,1200000.0
4232900250,2.0,1.5,1340.0,3600.0,1.5,,0.0,3,7,1340.0,0.0,1903,0.0,98119,47.6358,-122.364,1340.0,3600.0,2014-07-10,525000.0
1312930250,3.0,1.75,1310.0,9645.0,1.0,0.0,0.0,3,7,1310.0,0.0,1979,0.0,98198,47.4051,-122.29,1440.0,9893.0,2014-05-28,242000.0
6446200305,4.0,2.5,2650.0,30500.0,1.0,0.0,0.0,4,8,1680.0,970.0,1960,0.0,98029,47.5535,-122.028,2650.0,30500.0,2014-06-23,715000.0
7852020670,3.0,2.75,1890.0,3938.0,2.0,0.0,0.0,3,8,1890.0,0.0,1999,0.0,98065,47.5336,-121.867,1890.0,4142.0,2015-04-02,475000.0
4475000170,4.0,3.0,2580.0,5511.0,2.0,0.0,0.0,3,8,2580.0,0.0,1999,0.0,98058,47.4286,-122.185,2010.0,5600.0,2014-11-11,370000.0
7202360170,4.0,2.75,3500.0,7200.0,2.0,,0.0,3,9,3500.0,0.0,2005,0.0,98053,47.6818,-122.025,3920.0,7666.0,2014-05-23,788600.0
6146600185,2.0,1.0,1040.0,13100.0,1.0,0.0,0.0,5,6,1040.0,0.0,1912,0.0,98032,47.3877,-122.234,910.0,5080.0,2014-05-07,160000.0
2825079001,5.0,1.75,1930.0,501376.0,2.0,0.0,0.0,3,7,1930.0,0.0,1930,0.0,98014,47.6294,-121.911,1710.0,87120.0,2014-08-14,800000.0
3905040780,4.0,3.0,2190.0,5085.0,2.0,0.0,0.0,4,8,2190.0,0.0,1992,0.0,98029,47.5693,-122.002,2130.0,5142.0,2014-09-24,520000.0
2488200168,3.0,1.75,1530.0,4000.0,2.0,0.0,0.0,3,8,1530.0,,1985,0.0,98136,47.5239,-122.388,2140.0,5000.0,2014-07-18,725000.0
3336000170,4.0,1.0,1480.0,6500.0,1.5,0.0,0.0,4,7,1480.0,0.0,1914,0.0,98118,47.5282,-122.267,2380.0,6000.0,2014-10-03,335000.0
8835700010,4.0,2.5,3620.0,17133.0,1.0,0.0,4.0,3,10,2220.0,1400.0,1993,0.0,98075,47.5604,-122.027,3530.0,17026.0,2015-01-16,919000.0
303800020,3.0,2.75,3370.0,13929.0,2.0,0.0,0.0,3,9,2650.0,720.0,1986,0.0,98092,47.3411,-122.197,2150.0,14048.0,2015-05-13,425000.0
3971700670,5.0,2.5,2100.0,14395.0,1.0,0.0,0.0,3,7,1140.0,960.0,1983,0.0,98155,47.7723,-122.317,1830.0,8700.0,2015-03-14,420000.0
2481610050,4.0,3.0,3370.0,47959.0,2.0,0.0,0.0,4,10,3370.0,0.0,1981,0.0,98072,47.733,-122.129,3370.0,38896.0,2014-11-24,905000.0
4154304505,2.0,1.0,2240.0,7200.0,1.0,0.0,0.0,4,7,1120.0,1120.0,1940,0.0,98118,47.5631,-122.271,1390.0,6000.0,2014-09-19,435000.0
7202330170,3.0,2.5,1650.0,3031.0,2.0,,0.0,3,7,1650.0,0.0,2003,0.0,98053,47.682,-122.034,1560.0,3070.0,2014-07-17,438000.0
9430100020,4.0,2.75,2630.0,7505.0,2.0,0.0,0.0,3,8,2630.0,0.0,1994,0.0,98052,47.6846,-122.163,2670.0,7506.0,2014-06-17,725000.0
2436700280,4.0,1.75,2330.0,4000.0,2.0,0.0,0.0,5,8,1300.0,1030.0,1924,0.0,98105,47.666,-122.289,2040.0,4000.0,2014-05-28,840000.0
7525211410,3.0,2.5,1970.0,2752.0,2.0,,0.0,3,8,1970.0,0.0,1978,0.0,98052,47.6345,-122.108,1850.0,2778.0,2014-07-15,425500.0
3760500514,3.0,2.5,2820.0,14890.0,1.0,0.0,4.0,3,9,1770.0,1050.0,1985,0.0,98034,47.7019,-122.228,3740.0,14890.0,2014-09-12,853505.0
4067600255,2.0,1.0,590.0,10945.0,1.5,0.0,0.0,3,5,590.0,0.0,1983,0.0,98010,47.3364,-122.033,2020.0,15180.0,2014-05-22,398000.0
7853302130,3.0,2.5,2060.0,4399.0,2.0,0.0,0.0,3,7,2060.0,0.0,2007,0.0,98065,47.5415,-121.884,2060.0,4399.0,2014-06-04,418500.0
811000050,3.0,1.5,1890.0,5000.0,1.5,0.0,0.0,3,9,1890.0,0.0,1929,0.0,98109,47.6312,-122.353,2560.0,5000.0,2014-12-31,826000.0
8691330130,4.0,2.5,2810.0,10986.0,2.0,0.0,0.0,3,10,2810.0,0.0,1997,0.0,98075,47.5943,-121.981,3540.0,10986.0,2014-06-11,742000.0
6623400050,4.0,1.0,1470.0,18581.0,1.5,0.0,0.0,3,6,1470.0,0.0,1924,0.0,98055,47.4336,-122.197,1770.0,18581.0,2014-09-09,180000.0
9542801410,4.0,1.75,2190.0,8400.0,2.0,0.0,0.0,2,8,2190.0,0.0,1978,0.0,98023,47.3003,-122.373,2410.0,7700.0,2015-01-14,286000.0
7202330190,3.0,2.5,1440.0,3060.0,2.0,0.0,0.0,3,7,1440.0,0.0,2003,0.0,98053,47.6821,-122.035,1650.0,3060.0,2014-10-01,421200.0
3303950660,3.0,3.0,2480.0,14141.0,1.0,0.0,0.0,3,8,1500.0,980.0,1994,0.0,98038,47.3778,-122.033,2480.0,10667.0,2014-07-31,390000.0
4140930010,4.0,2.5,2780.0,6737.0,2.0,0.0,0.0,3,9,2780.0,0.0,2002,0.0,98006,47.5656,-122.122,2750.0,7950.0,2014-09-19,739000.0
2724069169,4.0,3.0,2180.0,12196.0,2.0,0.0,0.0,4,7,2180.0,0.0,1968,0.0,98027,47.5338,-122.033,1500.0,6534.0,2014-07-24,499900.0
7979900430,3.0,2.25,3340.0,13805.0,1.0,0.0,0.0,3,8,3340.0,0.0,1950,0.0,98155,47.744,-122.292,2060.0,12304.0,2014-12-03,670000.0
1338300010,3.0,2.25,2560.0,3996.0,1.5,0.0,0.0,3,8,2150.0,410.0,1910,0.0,98112,47.6321,-122.306,2970.0,4320.0,2014-10-13,842500.0
5238800020,2.0,2.25,1600.0,80400.0,2.0,0.0,0.0,4,7,1600.0,0.0,1978,0.0,98070,47.4422,-122.505,1600.0,198414.0,2014-12-08,492500.0
4154305575,3.0,2.5,2230.0,7200.0,3.0,0.0,3.0,3,9,2230.0,0.0,1996,0.0,98118,47.558,-122.265,2230.0,7200.0,2014-09-03,836500.0
6821102385,2.0,1.0,900.0,1818.0,2.0,0.0,0.0,4,7,900.0,0.0,1945,0.0,98199,47.6485,-122.397,1570.0,1830.0,2015-03-26,334000.0
6600410480,3.0,1.0,1010.0,9920.0,1.0,0.0,0.0,3,6,1010.0,0.0,1977,0.0,98042,47.3238,-122.14,1270.0,9680.0,2014-08-28,179900.0
4146800050,3.0,2.0,1580.0,5289.0,1.0,0.0,0.0,3,7,870.0,710.0,1940,0.0,98103,47.6881,-122.342,1310.0,5535.0,2014-11-26,563000.0
3793500050,3.0,2.5,1890.0,6300.0,2.0,0.0,0.0,3,7,1890.0,0.0,2003,0.0,98038,47.3673,-122.031,2100.0,6525.0,2015-03-03,310000.0
641900050,4.0,2.25,2160.0,8817.0,1.0,0.0,0.0,3,7,1460.0,700.0,1965,0.0,98133,47.7595,-122.356,1880.0,8817.0,2014-08-19,335000.0
641900050,4.0,2.25,2160.0,8817.0,1.0,0.0,0.0,3,7,1460.0,700.0,1965,0.0,98133,47.7595,-122.356,1880.0,8817.0,2015-02-06,499950.0
2402100715,2.0,1.0,1410.0,5101.0,1.5,0.0,0.0,3,8,1410.0,0.0,1927,0.0,98103,47.6872,-122.333,1410.0,4224.0,2014-07-26,658500.0
1453602313,2.0,1.5,1430.0,1650.0,3.0,0.0,0.0,3,7,1430.0,0.0,1999,0.0,98125,47.7222,-122.29,1430.0,1650.0,2014-10-29,297000.0
1890000225,6.0,1.75,2380.0,4080.0,2.0,,0.0,3,8,2380.0,0.0,1917,0.0,98105,47.6629,-122.325,2030.0,4080.0,2014-06-20,725000.0
7525900050,3.0,2.25,2206.0,82031.0,1.0,0.0,2.0,3,6,866.0,1340.0,1983,0.0,98074,47.6302,-122.069,2590.0,53024.0,2014-12-05,780000.0
6413600290,3.0,1.0,1030.0,6127.0,1.0,0.0,0.0,3,7,880.0,150.0,1947,0.0,98125,47.7192,-122.32,1610.0,6127.0,2014-05-09,252500.0
952006728,3.0,2.5,1070.0,1155.0,2.0,0.0,0.0,3,7,720.0,350.0,2005,0.0,98102,47.5617,-122.385,1120.0,2594.0,2014-06-13,330000.0
1088801350,3.0,2.5,2320.0,9610.0,1.0,0.0,0.0,3,9,1730.0,590.0,1990,0.0,98011,47.7394,-122.204,2450.0,9608.0,2015-02-10,525000.0
3575302759,2.0,1.75,1270.0,7500.0,1.0,0.0,0.0,4,7,1270.0,0.0,1982,0.0,98074,47.6186,-122.063,1280.0,7500.0,2014-08-06,365000.0
3508100161,4.0,3.0,2570.0,9104.0,2.0,0.0,2.0,3,7,2570.0,0.0,1930,0.0,98116,47.5821,-122.401,1630.0,4950.0,2015-03-27,500000.0
8651410190,3.0,1.0,920.0,4875.0,1.0,0.0,0.0,5,6,920.0,0.0,1969,0.0,98042,47.3648,-122.081,960.0,5200.0,2014-11-12,179950.0
1823099028,3.0,2.0,1790.0,32379.0,1.0,0.0,0.0,3,7,1790.0,0.0,2007,0.0,98045,47.4826,-121.698,2290.0,43560.0,2014-07-22,440000.0
745000005,1.0,0.75,480.0,9750.0,1.0,0.0,0.0,2,4,480.0,0.0,1948,0.0,98146,47.4982,-122.362,1550.0,9924.0,2014-08-25,145000.0
9414700020,4.0,3.0,2483.0,5701.0,2.0,0.0,0.0,3,8,2483.0,0.0,2005,0.0,98030,47.3623,-122.199,2075.0,5720.0,2015-04-22,331000.0
2331300415,3.0,2.25,2140.0,3000.0,2.0,0.0,0.0,3,9,2140.0,0.0,1905,0.0,98103,47.6767,-122.351,1430.0,4712.0,2014-06-20,780000.0
6815100380,3.0,1.75,1900.0,4000.0,1.0,0.0,0.0,3,7,1300.0,600.0,1965,0.0,98103,47.6854,-122.331,1880.0,4000.0,2015-05-14,855000.0
7575610250,3.0,2.25,1650.0,7739.0,1.0,0.0,0.0,3,8,1290.0,360.0,1986,0.0,98003,47.3532,-122.304,1650.0,6033.0,2014-10-14,225000.0
5153900080,3.0,1.0,1510.0,9100.0,1.0,0.0,0.0,3,7,1510.0,0.0,1966,0.0,98003,47.3331,-122.319,1180.0,7220.0,2014-07-14,199000.0
7525410190,3.0,1.75,2910.0,35200.0,1.5,0.0,0.0,3,8,2910.0,0.0,1979,0.0,98075,47.5747,-122.035,2590.0,37500.0,2014-05-02,550000.0
6819100020,4.0,4.25,4960.0,6000.0,2.5,0.0,0.0,3,11,3680.0,1280.0,1909,20030.0,98109,47.6437,-122.356,2160.0,4080.0,2014-05-29,1430000.0
1868902745,3.0,2.0,2710.0,4500.0,1.5,0.0,0.0,4,8,1880.0,830.0,1929,0.0,98115,47.6747,-122.295,2060.0,4500.0,2014-05-02,805000.0
3783100080,3.0,1.5,1810.0,29308.0,1.0,0.0,0.0,3,7,950.0,860.0,1983,0.0,98042,47.3585,-122.067,1790.0,37531.0,2014-06-04,261000.0
3327750020,3.0,1.0,940.0,9198.0,1.0,0.0,0.0,3,7,940.0,0.0,1968,0.0,98052,47.6889,-122.117,1430.0,8370.0,2014-09-09,347000.0
1112700010,3.0,2.25,1600.0,10240.0,1.0,,0.0,3,7,1090.0,510.0,1979,0.0,98034,47.7281,-122.232,1520.0,9394.0,2014-06-19,390000.0
9269260420,4.0,2.5,2640.0,3899.0,2.0,0.0,0.0,3,7,2640.0,0.0,2000,0.0,98011,47.754,-122.217,2460.0,4057.0,2014-11-10,436000.0
9286730020,5.0,3.25,3890.0,20005.0,1.0,0.0,0.0,3,10,2260.0,1630.0,1977,0.0,98004,47.6312,-122.224,3450.0,20176.0,2015-03-31,1800000.0
8673400190,3.0,2.5,1630.0,1587.0,3.0,0.0,0.0,3,8,1630.0,0.0,2004,0.0,98107,47.6693,-122.393,1500.0,1527.0,2014-07-23,557000.0
1951600250,3.0,1.0,830.0,9600.0,1.0,0.0,0.0,3,7,830.0,0.0,1959,0.0,98032,47.3698,-122.297,1240.0,9198.0,2015-04-06,135000.0
3296900280,3.0,2.5,1800.0,14036.0,2.0,0.0,0.0,3,8,1800.0,0.0,1993,0.0,98019,47.7334,-121.97,2450.0,14025.0,2015-03-25,425000.0
5459000305,3.0,2.25,2060.0,9953.0,1.0,0.0,0.0,5,8,1070.0,990.0,1964,0.0,98040,47.5767,-122.233,2340.0,9600.0,2015-04-08,648752.0
4122900020,4.0,3.0,4040.0,20001.0,1.0,0.0,0.0,3,9,2020.0,2020.0,1972,20010.0,98004,47.6408,-122.212,2990.0,20098.0,2014-06-26,1390000.0
5212000020,4.0,2.75,1910.0,11356.0,1.0,0.0,0.0,5,7,1160.0,750.0,1977,0.0,98033,47.6999,-122.2,1770.0,11357.0,2015-03-24,630100.0
1825079005,4.0,2.5,2800.0,246114.0,2.0,0.0,0.0,3,9,2800.0,0.0,1999,0.0,98014,47.6586,-121.962,2750.0,60351.0,2014-06-09,739000.0
6450303235,3.0,1.5,1320.0,2625.0,2.0,0.0,0.0,3,7,1320.0,0.0,1986,0.0,98133,47.7316,-122.338,1230.0,5250.0,2014-08-18,269000.0
7227501190,3.0,1.0,1220.0,5038.0,1.0,0.0,0.0,5,6,1220.0,0.0,1942,0.0,98056,47.496,-122.189,1140.0,5038.0,2015-04-27,250000.0
7853300020,5.0,2.75,3100.0,5298.0,2.0,0.0,0.0,3,7,3100.0,0.0,2007,0.0,98065,47.5369,-121.887,2440.0,5250.0,2015-03-20,475000.0
2922703235,1.0,1.0,550.0,5700.0,1.0,0.0,0.0,2,6,550.0,0.0,1916,0.0,98117,47.6846,-122.366,1100.0,4560.0,2014-11-19,290000.0
6138000095,3.0,1.0,1080.0,10639.0,1.5,0.0,0.0,3,7,1080.0,0.0,1953,0.0,98002,47.3171,-122.219,1470.0,10600.0,2014-11-18,219000.0
2356800020,2.0,1.0,880.0,6650.0,1.0,0.0,0.0,5,6,880.0,0.0,1918,0.0,98117,47.6914,-122.372,1250.0,6650.0,2014-09-29,416000.0
5379805495,2.0,1.0,720.0,8914.0,1.0,0.0,0.0,3,6,720.0,0.0,1949,0.0,98188,47.4488,-122.274,1100.0,8916.0,2015-04-13,179000.0
3861440010,4.0,2.75,2030.0,9120.0,1.0,0.0,0.0,4,7,2030.0,0.0,1988,0.0,98003,47.282,-122.303,1790.0,7627.0,2014-07-15,302000.0
2505500009,4.0,2.0,2040.0,8281.0,2.0,0.0,1.0,3,7,2040.0,0.0,1961,0.0,98033,47.6689,-122.195,2560.0,8281.0,2015-04-27,565000.0
3388000080,3.0,1.0,1570.0,8316.0,1.0,0.0,0.0,3,7,1070.0,500.0,1962,0.0,98031,47.3943,-122.198,2030.0,8295.0,2015-04-22,281700.0
480000170,2.0,1.0,1500.0,3420.0,1.0,0.0,0.0,3,7,1500.0,0.0,1902,0.0,98103,47.661,-122.338,2050.0,3420.0,2014-06-27,480000.0
2597650660,4.0,2.5,3180.0,15358.0,2.0,0.0,0.0,3,9,3180.0,0.0,1988,0.0,98027,47.5172,-122.053,3020.0,15522.0,2014-10-13,775000.0
7304300470,3.0,1.75,1260.0,11224.0,1.0,,0.0,5,7,1260.0,0.0,1947,0.0,98155,47.7444,-122.321,1570.0,11052.0,2014-09-04,375000.0
7334600170,3.0,1.5,1390.0,13860.0,2.0,0.0,0.0,3,7,1390.0,0.0,1979,0.0,98045,47.4704,-121.747,1390.0,11860.0,2014-10-13,345000.0
7222000244,3.0,3.0,2850.0,9375.0,1.0,0.0,0.0,3,8,2240.0,610.0,1977,0.0,98055,47.4655,-122.209,1800.0,9375.0,2015-02-23,300000.0
9558020840,4.0,2.5,2070.0,2992.0,2.0,0.0,0.0,3,8,2070.0,0.0,2002,0.0,98058,47.4496,-122.12,1900.0,2957.0,2015-04-22,364950.0
5592900020,3.0,3.25,2650.0,7819.0,1.0,0.0,2.0,4,8,1760.0,890.0,1956,0.0,98056,47.4821,-122.192,2400.0,7727.0,2014-12-02,410000.0
8732190380,3.0,1.75,1220.0,8817.0,1.0,0.0,0.0,3,7,1220.0,0.0,1978,0.0,98023,47.3111,-122.396,2000.0,8028.0,2015-04-14,231000.0
2249800080,3.0,2.0,1630.0,8702.0,1.0,0.0,0.0,3,9,1630.0,0.0,1987,0.0,98056,47.5168,-122.193,2250.0,9890.0,2014-05-23,445000.0
2062600020,2.0,2.5,1785.0,779.0,2.0,0.0,0.0,3,7,1595.0,190.0,1975,0.0,98004,47.5959,-122.198,1780.0,794.0,2014-07-08,530000.0
7660100309,3.0,2.5,1260.0,972.0,2.0,0.0,0.0,3,8,840.0,420.0,2008,0.0,98144,47.5872,-122.316,1270.0,925.0,2014-12-26,353500.0
6093900280,3.0,1.5,1380.0,11130.0,1.0,0.0,0.0,3,7,1380.0,0.0,1960,0.0,98003,47.3146,-122.323,1380.0,9200.0,2014-05-07,209950.0
4154303125,3.0,1.75,2330.0,7200.0,1.0,0.0,0.0,4,8,1320.0,1010.0,1950,0.0,98118,47.565,-122.274,1820.0,7200.0,2015-04-23,650000.0
2695600005,2.0,1.0,840.0,4239.0,1.0,0.0,0.0,3,7,840.0,0.0,1948,0.0,98126,47.5319,-122.382,1120.0,4494.0,2014-06-20,325000.0
3826500020,3.0,2.25,1730.0,9516.0,1.0,0.0,0.0,3,8,1180.0,550.0,1978,0.0,98030,47.3823,-122.166,1870.0,8165.0,2014-08-28,257000.0
9238440130,4.0,2.5,2230.0,5970.0,2.0,0.0,0.0,4,7,2230.0,0.0,2002,0.0,98042,47.3745,-122.131,1970.0,4919.0,2014-06-30,337000.0
3630030010,3.0,2.5,1790.0,4038.0,2.0,0.0,0.0,3,8,1790.0,0.0,2005,0.0,98029,47.5499,-121.998,1700.0,3365.0,2014-09-26,541000.0
1592000130,3.0,2.5,2280.0,10879.0,2.0,0.0,0.0,3,9,2280.0,0.0,1984,0.0,98074,47.6217,-122.034,2400.0,9536.0,2014-11-14,577500.0
2487200279,3.0,2.5,2430.0,5128.0,1.0,0.0,1.0,3,8,1270.0,1160.0,1978,0.0,98136,47.5198,-122.389,2510.0,5330.0,2014-11-24,560000.0
1959703070,5.0,3.0,3730.0,5500.0,1.5,0.0,0.0,3,7,2160.0,1570.0,1927,0.0,98102,47.6507,-122.32,1890.0,5500.0,2014-10-29,979700.0
4038700680,5.0,3.0,2230.0,8560.0,1.0,0.0,0.0,3,8,1150.0,1080.0,1960,20140.0,98008,47.6154,-122.115,2040.0,8560.0,2014-07-25,750000.0
9390700095,2.0,1.0,770.0,2971.0,1.0,0.0,2.0,3,7,770.0,0.0,1923,0.0,98102,47.6358,-122.322,1440.0,4000.0,2014-08-08,407500.0
6392003810,4.0,1.75,1814.0,5000.0,1.0,0.0,0.0,4,7,944.0,870.0,1951,0.0,98115,47.684,-122.281,1290.0,5000.0,2014-05-23,530000.0
7806210250,4.0,1.75,1920.0,9350.0,1.0,0.0,0.0,4,7,1000.0,920.0,1977,0.0,98002,47.292,-122.195,1910.0,8400.0,2015-04-06,235000.0
2919200440,4.0,2.5,1860.0,3840.0,1.5,,0.0,3,7,1170.0,690.0,1928,20140.0,98117,47.6886,-122.359,1400.0,3840.0,2015-04-07,715000.0
6751500185,5.0,3.0,2750.0,10000.0,1.0,0.0,0.0,4,7,1730.0,1020.0,1957,0.0,98008,47.5878,-122.13,2520.0,10000.0,2015-04-21,795000.0
5137300130,4.0,2.5,1930.0,9653.0,1.0,0.0,0.0,4,9,1930.0,0.0,1968,0.0,98023,47.3367,-122.335,2100.0,10454.0,2014-05-09,465000.0
2744000010,3.0,2.5,1950.0,8251.0,2.0,,0.0,3,7,1950.0,0.0,1990,0.0,98001,47.343,-122.28,1540.0,8588.0,2014-05-13,287600.0
4279600010,6.0,3.0,2470.0,9328.0,2.0,0.0,0.0,3,8,2470.0,0.0,1982,0.0,98007,47.6025,-122.153,2470.0,9454.0,2014-12-30,630000.0
2540830020,3.0,2.25,1630.0,6449.0,1.0,0.0,0.0,3,7,1310.0,320.0,1986,0.0,98011,47.7275,-122.232,1620.0,7429.0,2015-04-01,445000.0
7214800190,4.0,2.25,2110.0,16200.0,1.0,,0.0,3,8,1630.0,480.0,1978,0.0,98072,47.752,-122.144,2370.0,16000.0,2015-01-05,490000.0
9169100185,3.0,1.75,1490.0,5000.0,1.0,0.0,1.0,3,8,1250.0,240.0,1954,0.0,98136,47.5257,-122.392,1980.0,5000.0,2015-02-25,565000.0
859000022,3.0,2.5,1740.0,1844.0,2.0,0.0,0.0,3,8,1320.0,420.0,2008,0.0,98106,47.5248,-122.365,1740.0,1789.0,2014-08-19,330000.0
1180005050,4.0,2.75,1900.0,6000.0,1.0,0.0,2.0,3,7,1300.0,600.0,1961,0.0,98178,47.495,-122.229,2230.0,6000.0,2014-12-18,463000.0
3625700010,5.0,4.0,4510.0,15175.0,2.0,0.0,0.0,3,10,4510.0,0.0,1969,20020.0,98040,47.5309,-122.228,3510.0,13500.0,2014-05-06,1870000.0
7335400020,3.0,1.0,1090.0,6710.0,1.5,0.0,0.0,5,5,1090.0,0.0,1912,0.0,98002,47.3066,-122.217,1170.0,6708.0,2014-06-26,219500.0
8902000050,3.0,1.75,1720.0,7200.0,1.0,0.0,0.0,3,7,1420.0,300.0,1959,0.0,98125,47.7062,-122.304,1380.0,8000.0,2014-10-27,622200.0
1972200698,2.0,3.25,1400.0,1243.0,3.0,0.0,0.0,3,8,1400.0,0.0,2000,0.0,98103,47.6534,-122.353,1400.0,1335.0,2014-05-28,474800.0
415100010,4.0,2.5,2090.0,9702.0,1.0,0.0,0.0,5,7,1320.0,770.0,1965,0.0,98133,47.7467,-122.339,1850.0,7200.0,2014-06-11,465000.0
5500200010,3.0,1.75,1580.0,9049.0,1.0,0.0,0.0,3,8,1580.0,0.0,1966,0.0,98177,47.7776,-122.375,2100.0,8446.0,2014-10-14,389950.0
1842390130,4.0,2.5,2620.0,19864.0,2.0,0.0,0.0,4,8,2620.0,0.0,1984,0.0,98052,47.7014,-122.122,2500.0,13285.0,2014-10-24,650000.0
6362900007,3.0,2.0,1500.0,2506.0,1.0,,0.0,3,7,870.0,630.0,2003,0.0,98144,47.5962,-122.301,1500.0,4662.0,2014-09-05,395000.0
5466380050,4.0,2.5,2030.0,5202.0,2.0,0.0,0.0,3,8,2030.0,0.0,2001,0.0,98031,47.388,-122.176,2260.0,5232.0,2014-12-19,304500.0
7417700185,3.0,1.0,1020.0,8484.0,1.0,0.0,0.0,3,6,1020.0,0.0,1949,0.0,98155,47.7719,-122.31,1180.0,9660.0,2015-03-14,307000.0
4127000050,3.0,2.5,1540.0,7120.0,1.0,0.0,0.0,3,7,770.0,770.0,1938,20130.0,98038,47.3729,-122.037,1000.0,6638.0,2015-01-07,485000.0
8084900170,5.0,3.0,3910.0,16200.0,1.0,0.0,0.0,4,9,2890.0,1020.0,1960,0.0,98004,47.6326,-122.217,3620.0,16200.0,2014-10-23,1560000.0
2205700470,5.0,4.25,3920.0,11412.0,2.0,0.0,0.0,3,7,3920.0,0.0,1955,20050.0,98006,47.5766,-122.151,1400.0,9750.0,2015-01-22,650500.0
3629200020,4.0,2.5,3180.0,10105.0,2.0,0.0,0.0,4,9,3180.0,0.0,1986,0.0,98040,47.5328,-122.226,2670.0,10355.0,2015-02-02,960000.0
6070800050,3.0,2.5,2330.0,9160.0,2.0,0.0,0.0,3,9,2330.0,0.0,1997,0.0,98006,47.5467,-122.181,2460.0,9160.0,2015-02-13,710000.0
6329000185,3.0,2.5,2600.0,23361.0,1.5,1.0,4.0,3,8,2150.0,450.0,1912,0.0,98146,47.4997,-122.379,1700.0,14700.0,2015-03-29,540000.0
8815400020,4.0,1.75,1950.0,4200.0,1.0,0.0,0.0,5,7,1040.0,910.0,1951,0.0,98115,47.6755,-122.285,1450.0,5000.0,2014-07-24,601000.0
1742800430,5.0,1.75,3250.0,13702.0,1.0,,2.0,3,8,1650.0,1600.0,1965,0.0,98055,47.4883,-122.225,2620.0,11328.0,2015-05-04,463828.0
5006000170,4.0,1.0,1130.0,8308.0,1.5,0.0,0.0,4,6,1130.0,0.0,1944,0.0,98166,47.4669,-122.355,1130.0,8652.0,2015-02-11,293000.0
7202310010,3.0,2.5,2620.0,4800.0,2.0,0.0,0.0,3,7,2620.0,0.0,2002,0.0,98053,47.6849,-122.037,2400.0,4756.0,2014-10-20,597500.0
323089005,2.0,1.0,1120.0,45302.0,1.0,0.0,2.0,4,5,1120.0,0.0,1932,0.0,98045,47.5105,-121.77,2150.0,101930.0,2015-03-26,240000.0
1525079056,3.0,1.75,1800.0,23103.0,1.0,,0.0,3,7,1800.0,0.0,1968,0.0,98014,47.6517,-121.906,1410.0,18163.0,2014-05-02,284000.0
4140900050,4.0,1.75,2180.0,10200.0,1.0,0.0,2.0,3,8,2000.0,180.0,1966,0.0,98028,47.7638,-122.27,2590.0,10445.0,2015-01-26,440000.0
7387500235,3.0,1.75,1960.0,8136.0,1.0,0.0,0.0,3,7,980.0,980.0,1948,0.0,98106,47.5208,-122.364,1070.0,7480.0,2014-05-15,340000.0
7387500235,3.0,1.75,1960.0,8136.0,1.0,0.0,0.0,3,7,980.0,980.0,1948,0.0,98106,47.5208,-122.364,1070.0,7480.0,2015-03-17,363000.0
3726800010,2.0,1.0,1150.0,3600.0,1.0,0.0,0.0,3,6,1150.0,0.0,1910,0.0,98144,47.5729,-122.31,1160.0,4000.0,2014-07-14,270000.0
2621760290,4.0,2.5,2800.0,6820.0,2.0,0.0,0.0,4,7,2800.0,0.0,1997,0.0,98042,47.3695,-122.108,2060.0,6820.0,2014-08-27,365000.0
6046401300,3.0,2.0,1310.0,2550.0,1.0,0.0,0.0,3,7,780.0,530.0,1986,0.0,98103,47.6911,-122.35,1460.0,5100.0,2014-06-09,428000.0
3326069026,3.0,1.75,2340.0,57499.0,1.0,0.0,0.0,3,8,2340.0,0.0,1988,0.0,98053,47.6989,-122.044,3260.0,137649.0,2015-04-01,600000.0
6608500290,3.0,2.5,1430.0,10200.0,1.0,0.0,0.0,3,7,1430.0,0.0,1960,0.0,98033,47.7012,-122.166,1470.0,10350.0,2014-10-24,405000.0
1862700290,4.0,2.5,2340.0,9748.0,1.0,0.0,1.0,3,8,1610.0,730.0,1981,0.0,98003,47.3363,-122.331,2070.0,8241.0,2014-07-11,339900.0
4331000190,3.0,1.0,1290.0,11250.0,1.0,0.0,0.0,3,7,1290.0,0.0,1956,0.0,98166,47.4743,-122.341,1410.0,11196.0,2014-12-23,275000.0
5101400994,2.0,1.0,760.0,6380.0,1.0,0.0,0.0,3,6,760.0,0.0,1941,0.0,98115,47.6914,-122.31,1590.0,6380.0,2014-07-17,361600.0
1615900020,6.0,2.0,2780.0,13950.0,2.5,0.0,0.0,4,7,2780.0,0.0,1955,19640.0,98030,47.3738,-122.226,2120.0,13950.0,2015-03-20,325000.0
2804600005,3.0,2.0,2090.0,4077.0,1.5,0.0,0.0,4,8,1530.0,560.0,1931,0.0,98112,47.6433,-122.3,2010.0,4132.0,2014-12-19,1050000.0
7431500280,4.0,3.0,3060.0,50002.0,1.0,0.0,2.0,4,8,2460.0,600.0,1957,0.0,98008,47.6205,-122.096,2740.0,16181.0,2014-11-10,959750.0
6303401365,3.0,1.0,1110.0,7962.0,1.0,0.0,0.0,3,7,1110.0,0.0,1962,0.0,98146,47.5035,-122.36,1200.0,8094.0,2014-06-03,210000.0
2817850290,3.0,2.0,1790.0,7879.0,1.5,0.0,0.0,3,7,1790.0,0.0,1998,0.0,98001,47.2634,-122.289,1790.0,7879.0,2014-12-01,258000.0
3205100080,3.0,1.5,1830.0,9848.0,1.0,0.0,0.0,5,7,1830.0,0.0,1962,0.0,98056,47.539,-122.18,1830.0,8168.0,2014-07-08,468000.0
2464400280,4.0,3.5,2850.0,2910.0,2.0,0.0,2.0,3,8,1970.0,880.0,1905,0.0,98115,47.6855,-122.321,1460.0,3880.0,2015-05-04,710000.0
7889601300,3.0,1.0,1420.0,6000.0,1.0,0.0,0.0,3,6,1420.0,0.0,1941,0.0,98146,47.4913,-122.336,1480.0,6000.0,2015-04-21,268000.0
8151600101,2.0,1.0,790.0,7252.0,1.0,0.0,0.0,3,5,790.0,0.0,1930,0.0,98146,47.5048,-122.365,1260.0,11470.0,2015-01-16,115000.0
3764650010,3.0,2.5,2300.0,4307.0,2.0,0.0,0.0,3,8,2300.0,0.0,1998,0.0,98034,47.7326,-122.197,2010.0,4307.0,2015-05-13,500000.0
3521069150,3.0,2.5,2440.0,71002.0,1.0,0.0,0.0,4,9,2440.0,0.0,1996,0.0,98022,47.2689,-122.01,3170.0,84000.0,2014-10-17,431000.0
4345000440,3.0,2.0,1310.0,7349.0,1.0,0.0,0.0,3,7,870.0,440.0,1995,0.0,98030,47.3639,-122.186,1690.0,6580.0,2015-02-23,241500.0
1822059073,3.0,1.0,1380.0,12000.0,1.0,0.0,0.0,3,7,1380.0,0.0,1963,0.0,98031,47.3997,-122.215,1890.0,22001.0,2015-04-14,300000.0
2600130190,4.0,2.5,2790.0,10289.0,2.0,0.0,0.0,3,9,2790.0,0.0,1987,0.0,98006,47.5483,-122.158,2650.0,10126.0,2014-11-07,982000.0
7985100190,3.0,2.5,1360.0,7293.0,2.0,0.0,0.0,3,8,1360.0,0.0,1988,0.0,98003,47.3304,-122.302,1540.0,7353.0,2015-01-06,248500.0
305010050,4.0,2.5,2510.0,5936.0,2.0,0.0,0.0,3,9,2510.0,0.0,1998,0.0,98075,47.5847,-122.032,2760.0,6060.0,2014-12-31,665000.0
3761100257,3.0,3.0,4560.0,16339.0,2.0,0.0,2.0,3,10,4040.0,520.0,2001,0.0,98034,47.7024,-122.243,2620.0,11561.0,2014-07-14,1220000.0
952003340,2.0,1.0,780.0,3910.0,1.0,0.0,0.0,3,6,780.0,0.0,1918,0.0,98126,47.566,-122.38,1500.0,5060.0,2014-07-09,380000.0
3347401315,3.0,2.0,1410.0,7998.0,1.0,0.0,0.0,4,7,1410.0,0.0,1940,0.0,98178,47.4968,-122.277,1780.0,8278.0,2014-06-16,220000.0
513000585,4.0,2.0,2530.0,5650.0,1.5,0.0,0.0,4,8,1910.0,620.0,1910,0.0,98116,47.5778,-122.382,1310.0,5750.0,2014-07-07,631500.0
1049010050,3.0,2.0,1270.0,6760.0,1.0,0.0,0.0,5,7,1270.0,0.0,1972,0.0,98034,47.7381,-122.179,1550.0,5734.0,2014-12-19,386100.0
1370802455,4.0,4.5,3180.0,4606.0,2.0,,3.0,4,9,1990.0,1190.0,1929,0.0,98199,47.6402,-122.405,2110.0,5323.0,2014-08-13,1050000.0
4206901435,2.0,1.75,1450.0,4000.0,1.5,0.0,0.0,4,7,1350.0,100.0,1903,0.0,98105,47.6571,-122.326,1310.0,4000.0,2015-01-22,650000.0
1467400095,4.0,1.75,2040.0,53578.0,1.0,0.0,0.0,5,7,1160.0,880.0,1959,0.0,98038,47.3844,-122.0,2040.0,53578.0,2015-02-24,545000.0
2592210290,4.0,2.5,2650.0,12001.0,2.0,0.0,0.0,4,9,2650.0,0.0,1984,0.0,98006,47.5496,-122.14,2880.0,14054.0,2014-10-10,870000.0
3034200275,3.0,1.75,1240.0,8611.0,1.0,0.0,0.0,4,7,1240.0,0.0,1973,0.0,98133,47.7175,-122.331,1700.0,8037.0,2014-08-17,380000.0
7221400285,2.0,1.0,820.0,8423.0,1.0,0.0,2.0,3,6,820.0,0.0,1957,0.0,98055,47.4741,-122.2,1960.0,9140.0,2015-02-09,265000.0
7518502210,2.0,1.0,1890.0,5202.0,1.5,0.0,0.0,4,7,1890.0,0.0,1909,0.0,98117,47.6786,-122.379,1670.0,5100.0,2014-05-30,645500.0
1646501845,3.0,2.0,1270.0,3090.0,2.0,0.0,0.0,5,7,1270.0,0.0,1911,0.0,98117,47.685,-122.359,1440.0,3090.0,2014-09-13,570000.0
8081020380,4.0,2.5,3350.0,11688.0,1.0,0.0,2.0,3,10,1760.0,1590.0,1995,0.0,98006,47.5507,-122.133,4240.0,10804.0,2015-02-17,1200000.0
2158900095,2.0,1.0,1550.0,3200.0,1.5,0.0,0.0,3,8,1550.0,0.0,1927,0.0,98112,47.6368,-122.306,1800.0,3937.0,2014-10-27,605000.0
4031000460,3.0,1.0,920.0,9812.0,1.0,0.0,0.0,4,7,920.0,,1962,0.0,98001,47.2958,-122.284,1188.0,9812.0,2014-06-10,199500.0
3881900605,2.0,1.0,950.0,4800.0,1.0,0.0,0.0,3,6,950.0,0.0,1941,0.0,98144,47.5864,-122.301,1420.0,5400.0,2015-03-15,445000.0
5700002285,4.0,1.75,2040.0,3570.0,1.0,0.0,0.0,4,7,1020.0,1020.0,1917,0.0,98144,47.5754,-122.288,1790.0,4206.0,2014-10-16,495000.0
6392002635,4.0,1.75,1870.0,5200.0,2.0,0.0,0.0,4,7,1200.0,670.0,1937,0.0,98115,47.6843,-122.283,1790.0,5000.0,2014-06-12,594000.0
6822100305,3.0,1.75,1720.0,5280.0,1.0,0.0,0.0,4,8,900.0,820.0,1943,0.0,98199,47.6493,-122.401,1600.0,6000.0,2014-08-19,465000.0
1871400585,2.0,1.0,1020.0,13647.0,1.0,0.0,0.0,5,6,1020.0,0.0,1915,19740.0,98022,47.2848,-121.927,980.0,8250.0,2015-04-22,160000.0
7300410010,4.0,2.5,2690.0,6099.0,2.0,0.0,0.0,3,9,2690.0,0.0,1998,0.0,98092,47.3314,-122.171,2520.0,6168.0,2014-12-04,340000.0
925069134,4.0,2.0,3090.0,41147.0,1.0,0.0,0.0,3,7,3090.0,0.0,1990,0.0,98052,47.6748,-122.049,3300.0,34280.0,2014-09-10,870000.0
2114700460,3.0,1.5,1070.0,5150.0,1.0,0.0,0.0,4,6,1070.0,0.0,1940,0.0,98106,47.5335,-122.349,1020.0,4800.0,2014-08-18,249000.0
3326059238,4.0,2.25,2050.0,7201.0,2.0,0.0,0.0,3,8,2050.0,0.0,1994,0.0,98033,47.7003,-122.165,1970.0,7350.0,2015-05-06,500000.0
3750606890,3.0,1.5,1660.0,15600.0,2.0,0.0,0.0,3,7,1660.0,0.0,1981,0.0,98001,47.2589,-122.279,1660.0,14400.0,2014-06-26,220000.0
9117100130,5.0,1.75,2810.0,9360.0,1.0,0.0,0.0,4,7,1520.0,1290.0,1965,0.0,98055,47.4361,-122.193,1770.0,9360.0,2014-08-12,368500.0
5469502660,4.0,2.25,2460.0,14600.0,1.0,0.0,0.0,4,8,1720.0,740.0,1977,0.0,98042,47.3762,-122.16,2460.0,14600.0,2014-09-29,439950.0
3356402232,3.0,1.75,1230.0,12000.0,1.0,,0.0,3,6,1230.0,0.0,1970,0.0,98001,47.2878,-122.251,1550.0,12000.0,2014-09-24,179900.0
8030500010,4.0,2.5,2360.0,4367.0,2.0,,0.0,3,8,2360.0,0.0,2003,0.0,98011,47.7731,-122.167,2360.0,4868.0,2014-05-28,490000.0
2425700022,4.0,1.75,1730.0,11890.0,1.0,0.0,0.0,2,7,980.0,750.0,1955,0.0,98004,47.5979,-122.194,2100.0,12325.0,2014-09-29,425000.0
3956100050,4.0,2.5,2770.0,21806.0,2.0,0.0,0.0,3,9,2770.0,0.0,1991,0.0,98045,47.4815,-121.768,2500.0,21656.0,2014-08-29,533300.0
5292200010,4.0,2.0,1770.0,3332.0,2.0,0.0,0.0,3,7,1630.0,140.0,1924,19750.0,98118,47.5563,-122.281,1640.0,4000.0,2015-01-16,447500.0
4178310080,5.0,2.75,3030.0,13640.0,2.0,,0.0,4,8,3030.0,0.0,1980,0.0,98007,47.6186,-122.146,2500.0,13225.0,2014-07-23,768000.0
1180002745,3.0,1.75,2380.0,6000.0,1.5,0.0,0.0,3,7,1320.0,,1935,0.0,98178,47.498,-122.222,1290.0,6000.0,2014-05-21,285000.0
4047200655,3.0,1.75,1780.0,120661.0,1.0,0.0,0.0,4,6,1780.0,0.0,1979,0.0,98019,47.7731,-121.897,1440.0,25000.0,2014-05-09,336900.0
9477000080,4.0,1.5,1540.0,7886.0,2.0,0.0,0.0,3,7,1540.0,0.0,1967,0.0,98034,47.734,-122.193,1550.0,7396.0,2014-07-14,415000.0
3905100840,3.0,2.25,1580.0,4379.0,2.0,0.0,0.0,4,8,1580.0,0.0,1994,0.0,98029,47.5694,-122.005,1770.0,4187.0,2014-07-23,500000.0
7885800290,4.0,2.5,3200.0,5772.0,2.0,0.0,0.0,3,8,3200.0,0.0,2003,0.0,98042,47.3486,-122.153,3010.0,5772.0,2014-11-03,337000.0
9475710170,4.0,2.5,2220.0,6800.0,2.0,0.0,0.0,3,7,2220.0,0.0,2002,0.0,98059,47.49,-122.15,2220.0,5303.0,2014-09-19,419950.0
6885900415,4.0,2.75,2240.0,8162.0,2.0,0.0,0.0,5,7,1380.0,860.0,1946,0.0,98133,47.7427,-122.34,1550.0,8163.0,2015-01-07,290000.0
5285200020,2.0,1.75,1640.0,4176.0,1.0,0.0,0.0,4,7,1040.0,600.0,1948,0.0,98118,47.5162,-122.26,1460.0,5200.0,2014-07-18,349950.0
4039400430,3.0,1.5,1170.0,4950.0,1.0,0.0,0.0,4,7,1170.0,0.0,1960,0.0,98007,47.6057,-122.135,1570.0,7700.0,2014-05-16,330000.0
2481610170,4.0,2.25,3160.0,34560.0,1.0,0.0,0.0,4,10,3160.0,0.0,1981,0.0,98072,47.7337,-122.132,3530.0,38045.0,2014-06-09,965000.0
1795910420,3.0,2.5,2100.0,7851.0,2.0,,0.0,3,8,2100.0,0.0,1986,0.0,98052,47.7242,-122.105,2100.0,8187.0,2014-10-31,515000.0
7135521680,4.0,2.5,2600.0,17388.0,2.0,0.0,0.0,3,9,2600.0,0.0,1996,0.0,98059,47.5283,-122.146,2950.0,11553.0,2014-05-22,665000.0
2011000020,3.0,1.75,1630.0,5999.0,1.5,0.0,0.0,4,7,1630.0,0.0,1985,0.0,98198,47.3816,-122.313,1540.0,7500.0,2014-08-26,265000.0
1196002395,3.0,2.0,2850.0,19200.0,1.0,0.0,3.0,3,8,2340.0,510.0,2004,0.0,98023,47.3378,-122.348,2860.0,18240.0,2014-09-17,545400.0
3876590420,4.0,3.0,2560.0,5606.0,2.0,0.0,0.0,3,9,2560.0,0.0,2004,0.0,98092,47.3274,-122.178,2667.0,7334.0,2014-06-24,350000.0
4358700164,2.0,1.5,980.0,1296.0,2.0,,0.0,3,7,840.0,140.0,2001,0.0,98133,47.7075,-122.336,1100.0,1228.0,2014-11-13,260000.0
7631800015,3.0,3.25,5480.0,57990.0,2.0,1.0,4.0,3,11,5480.0,0.0,1991,0.0,98166,47.4558,-122.371,2500.0,22954.0,2015-04-07,2510000.0
3260810150,3.0,2.0,2160.0,8091.0,1.5,0.0,0.0,3,8,2160.0,0.0,2000,0.0,98003,47.3474,-122.303,2190.0,8297.0,2014-09-26,355000.0
7015201015,3.0,3.0,3030.0,5156.0,1.5,0.0,0.0,4,9,2080.0,950.0,1929,0.0,98119,47.647,-122.369,1910.0,5720.0,2014-10-28,879000.0
9348700450,4.0,3.5,3560.0,7178.0,2.0,0.0,3.0,3,10,2590.0,,2006,0.0,98052,47.7054,-122.107,3290.0,6978.0,2014-08-18,833000.0
3151600035,2.0,1.0,760.0,6407.0,1.0,0.0,0.0,3,6,760.0,0.0,1943,0.0,98178,47.4977,-122.259,1050.0,8580.0,2015-01-07,261590.0
2254502070,3.0,3.0,2260.0,2400.0,2.0,0.0,0.0,3,7,2260.0,0.0,1909,19720.0,98122,47.6094,-122.31,1320.0,2790.0,2014-11-05,512500.0
8127700210,2.0,1.75,1560.0,3200.0,1.0,0.0,0.0,5,7,880.0,680.0,1946,0.0,98199,47.6419,-122.394,2060.0,4940.0,2015-04-27,600000.0
2926049237,5.0,3.0,2270.0,6664.0,1.0,0.0,0.0,3,7,1340.0,930.0,1995,0.0,98125,47.7191,-122.315,1870.0,6187.0,2014-10-06,417500.0
7785000230,5.0,3.0,3480.0,15185.0,2.0,0.0,0.0,4,8,3480.0,0.0,1964,0.0,98040,47.5757,-122.216,3030.0,14257.0,2014-05-27,970000.0
2025701390,3.0,2.25,1900.0,7479.0,2.0,0.0,0.0,4,7,1900.0,0.0,1992,0.0,98038,47.3495,-122.037,1520.0,6559.0,2014-08-12,316000.0
1561900330,4.0,3.0,2350.0,9952.0,1.0,0.0,0.0,3,9,1650.0,700.0,1989,0.0,98031,47.4194,-122.211,2440.0,9100.0,2015-03-06,397500.0
1370800940,3.0,2.5,2390.0,5500.0,1.0,0.0,3.0,3,9,1700.0,690.0,1952,0.0,98199,47.6389,-122.409,2700.0,5500.0,2014-07-21,1350000.0
8691300900,4.0,2.5,3730.0,9847.0,2.0,0.0,0.0,3,10,3730.0,0.0,1997,0.0,98075,47.587,-121.976,3490.0,10219.0,2014-08-21,840000.0
3751606514,2.0,1.0,1780.0,81021.0,1.0,,3.0,4,9,1780.0,0.0,1954,0.0,98001,47.2712,-122.265,1780.0,26723.0,2014-06-26,270000.0
5104510490,4.0,2.5,1630.0,4473.0,2.0,0.0,0.0,3,7,1630.0,0.0,2003,0.0,98038,47.3546,-122.015,1830.0,5082.0,2014-05-27,312900.0
3432500210,2.0,1.0,1130.0,6908.0,1.5,0.0,0.0,3,6,1130.0,0.0,1945,0.0,98155,47.745,-122.313,1150.0,6908.0,2015-03-26,325000.0
2771604791,3.0,1.75,2140.0,3584.0,1.0,,0.0,3,7,1070.0,1070.0,1952,0.0,98199,47.636,-122.391,1620.0,4000.0,2014-07-19,680000.0
2537500040,4.0,2.5,3220.0,7873.0,2.0,0.0,0.0,3,10,3220.0,0.0,1994,0.0,98075,47.5849,-122.03,2610.0,8023.0,2015-03-04,763000.0
1222069089,1.0,1.0,800.0,533610.0,1.5,,0.0,5,5,800.0,0.0,1950,0.0,98038,47.4134,-121.986,1790.0,216057.0,2014-09-04,375000.0
3332500100,3.0,2.5,1800.0,3300.0,2.0,0.0,0.0,3,7,1690.0,110.0,2004,0.0,98118,47.5491,-122.276,1570.0,4097.0,2015-04-08,475000.0
7625702616,2.0,2.5,809.0,940.0,2.0,0.0,0.0,3,7,809.0,0.0,2003,0.0,98136,47.5499,-122.384,1260.0,4240.0,2014-11-21,219000.0
2561330040,3.0,2.25,1820.0,9694.0,1.0,0.0,0.0,3,7,1240.0,580.0,1977,0.0,98074,47.6157,-122.05,1820.0,9694.0,2015-03-23,415000.0
1423049019,2.0,1.0,580.0,7500.0,1.0,0.0,0.0,3,5,580.0,0.0,1943,0.0,98178,47.4852,-122.251,1700.0,11250.0,2014-05-23,90000.0
1423049019,2.0,1.0,580.0,7500.0,1.0,0.0,0.0,3,5,580.0,0.0,1943,0.0,98178,47.4852,-122.251,1700.0,11250.0,2015-03-31,220000.0
9277200065,3.0,2.0,2900.0,5650.0,1.0,0.0,2.0,3,8,1520.0,1380.0,1959,0.0,98116,47.5789,-122.396,1810.0,6250.0,2015-02-26,616000.0
1920079039,2.0,1.0,1140.0,74052.0,1.0,0.0,0.0,4,6,1140.0,0.0,1968,0.0,98022,47.2093,-121.962,1730.0,43560.0,2014-08-15,269500.0
7515000035,2.0,1.0,1060.0,5754.0,1.0,0.0,0.0,4,6,1060.0,0.0,1917,0.0,98117,47.6931,-122.372,1460.0,7200.0,2015-04-24,395350.0
5315101728,4.0,3.0,2320.0,7200.0,1.0,0.0,0.0,3,7,1260.0,1060.0,1943,20000.0,98040,47.5893,-122.232,1760.0,7200.0,2015-03-19,770000.0
326069164,4.0,2.5,3450.0,43216.0,2.0,0.0,0.0,3,9,3450.0,0.0,2000,0.0,98072,47.7625,-122.025,3030.0,50481.0,2015-04-29,840000.0
2695600410,2.0,1.0,1760.0,4441.0,1.0,0.0,0.0,3,8,1310.0,450.0,1950,0.0,98126,47.5311,-122.381,1350.0,5748.0,2014-11-06,428950.0
9348700610,4.0,3.75,3370.0,6766.0,2.0,0.0,0.0,3,9,3370.0,0.0,2005,0.0,98052,47.7063,-122.106,3530.0,6766.0,2014-12-17,800000.0
7308900100,4.0,1.0,1940.0,5753.0,1.5,0.0,0.0,3,7,1940.0,0.0,1947,0.0,98177,47.7188,-122.358,2170.0,6075.0,2014-06-19,401000.0
1453601502,4.0,2.0,2520.0,7334.0,1.0,0.0,0.0,3,7,1600.0,920.0,1955,0.0,98125,47.7263,-122.291,2040.0,7937.0,2015-02-26,303697.0
4077800593,3.0,1.0,1360.0,8968.0,1.0,0.0,0.0,3,7,1360.0,0.0,1956,0.0,98125,47.7105,-122.289,1490.0,7355.0,2014-09-15,355000.0
9268200641,2.0,1.0,800.0,5040.0,1.0,0.0,0.0,3,6,800.0,0.0,1960,0.0,98117,47.6953,-122.362,1020.0,5040.0,2014-08-20,350000.0
6705850300,4.0,2.5,3010.0,9323.0,2.0,0.0,0.0,3,10,3010.0,0.0,1992,0.0,98075,47.578,-122.053,2840.0,8413.0,2015-04-14,754999.0
3720800115,3.0,1.75,2340.0,5500.0,2.0,0.0,2.0,3,9,2340.0,0.0,1988,0.0,98102,47.6451,-122.319,2830.0,5500.0,2015-03-31,982218.0
8079040330,3.0,2.0,1780.0,8621.0,1.0,0.0,0.0,3,8,1780.0,0.0,1992,0.0,98059,47.5062,-122.149,2470.0,8542.0,2014-09-27,406500.0
1824079052,4.0,3.25,4200.0,210394.0,2.0,0.0,0.0,4,10,4200.0,0.0,1993,0.0,98024,47.5607,-121.961,2370.0,184694.0,2015-04-01,1650000.0
1923300315,2.0,1.75,1720.0,3000.0,1.0,0.0,0.0,5,7,860.0,860.0,1925,0.0,98103,47.686,-122.351,1360.0,4500.0,2015-02-17,565000.0
3336001316,2.0,1.0,830.0,4500.0,1.0,0.0,0.0,3,6,830.0,0.0,1920,0.0,98118,47.5248,-122.265,1092.0,5350.0,2014-11-06,160000.0
9382200025,3.0,1.0,1090.0,6320.0,1.0,,0.0,3,6,890.0,200.0,1954,0.0,98146,47.4976,-122.35,1460.0,7080.0,2015-01-15,220000.0
7237500650,5.0,4.25,5040.0,9466.0,2.0,,0.0,3,11,5040.0,0.0,2004,0.0,98059,47.5282,-122.133,4300.0,9417.0,2015-02-13,1280000.0
3100500065,5.0,2.75,3500.0,5040.0,2.0,0.0,2.0,3,9,2950.0,550.0,1927,20070.0,98126,47.5527,-122.379,1450.0,5040.0,2014-07-08,970000.0
795000620,3.0,1.0,1080.0,6250.0,1.0,,0.0,2,5,1080.0,0.0,1950,0.0,98168,47.5045,-122.33,1070.0,6250.0,2014-09-24,115000.0
795000620,3.0,1.0,1080.0,6250.0,1.0,,0.0,2,5,1080.0,0.0,1950,0.0,98168,47.5045,-122.33,1070.0,6250.0,2014-12-15,124000.0
795000620,3.0,1.0,1080.0,6250.0,1.0,,0.0,2,5,1080.0,0.0,1950,0.0,98168,47.5045,-122.33,1070.0,6250.0,2015-03-11,157000.0
8651430220,3.0,1.0,870.0,5200.0,1.0,0.0,0.0,5,6,870.0,0.0,1969,0.0,98042,47.3702,-122.078,870.0,5200.0,2014-07-25,183000.0
7954300740,4.0,2.5,2830.0,6163.0,2.0,0.0,0.0,3,9,2830.0,0.0,2000,0.0,98056,47.5227,-122.19,2730.0,6202.0,2014-09-09,527000.0
4046601460,4.0,2.0,1880.0,14653.0,2.0,,0.0,3,8,1880.0,0.0,1978,0.0,98014,47.6959,-121.921,1750.0,14858.0,2014-06-06,407193.0
6933600456,4.0,2.75,3600.0,5040.0,2.0,0.0,0.0,3,9,2610.0,990.0,2004,0.0,98199,47.6487,-122.388,1590.0,5040.0,2015-03-13,970000.0
9357000650,4.0,2.5,2340.0,5600.0,2.0,0.0,0.0,3,7,2340.0,0.0,1921,20130.0,98146,47.5117,-122.379,1310.0,5600.0,2014-05-27,535000.0
7347600490,3.0,2.0,2040.0,13125.0,1.0,0.0,0.0,3,6,810.0,1230.0,1910,0.0,98168,47.478,-122.278,1460.0,10582.0,2014-08-14,245000.0
5095400760,3.0,1.75,1310.0,12750.0,1.0,0.0,0.0,3,7,1310.0,0.0,1993,0.0,98059,47.4695,-122.07,1790.0,13500.0,2014-06-23,337000.0
1245003660,3.0,2.0,1470.0,6000.0,1.0,0.0,0.0,3,8,1090.0,380.0,1950,19960.0,98033,47.6829,-122.202,1880.0,7799.0,2015-03-21,630000.0
3275300040,3.0,1.75,1370.0,9900.0,1.0,0.0,0.0,4,7,1370.0,0.0,1983,0.0,98003,47.2575,-122.312,1490.0,9600.0,2014-06-06,320000.0
2407000405,3.0,1.0,1080.0,7486.0,1.5,0.0,0.0,3,6,990.0,90.0,1942,0.0,98146,47.4838,-122.335,1170.0,7800.0,2015-02-26,228500.0
6664900330,3.0,2.5,1990.0,7577.0,2.0,0.0,0.0,3,7,1990.0,0.0,1990,0.0,98023,47.2908,-122.351,1900.0,7152.0,2015-02-23,293000.0
4036800900,3.0,1.0,1310.0,7000.0,1.0,0.0,0.0,4,7,1310.0,0.0,1958,0.0,98008,47.6019,-122.123,1280.0,7300.0,2014-09-24,447000.0
8648220150,3.0,1.75,1640.0,10762.0,1.0,0.0,0.0,3,7,1130.0,510.0,1988,0.0,98042,47.3586,-122.074,1680.0,10259.0,2014-05-07,226500.0
3876313170,3.0,2.25,1770.0,8000.0,1.0,0.0,0.0,4,7,1350.0,420.0,1976,0.0,98072,47.7358,-122.17,1850.0,7875.0,2014-12-09,436000.0
2738600220,3.0,2.5,2050.0,4876.0,2.0,0.0,0.0,3,8,2050.0,0.0,2005,0.0,98072,47.7746,-122.158,2320.0,4065.0,2014-08-04,451000.0
1593000690,3.0,1.0,1170.0,62290.0,2.0,0.0,0.0,3,5,1170.0,0.0,1986,0.0,98045,47.5104,-121.787,1810.0,42173.0,2015-04-08,315000.0
5101406536,2.0,1.0,1340.0,7250.0,1.0,0.0,0.0,4,7,1340.0,0.0,1951,0.0,98125,47.7015,-122.32,1450.0,7026.0,2014-10-28,450000.0
2267000485,3.0,1.5,2240.0,5300.0,1.0,0.0,0.0,5,7,1120.0,1120.0,1955,0.0,98117,47.6927,-122.395,1740.0,7110.0,2014-12-01,635000.0
822059059,2.0,1.0,880.0,17743.0,1.0,0.0,0.0,4,5,880.0,0.0,1951,0.0,98031,47.4115,-122.197,1217.0,13000.0,2015-03-25,292500.0
2310110230,3.0,2.5,2170.0,4905.0,2.0,0.0,0.0,3,8,2170.0,0.0,2004,0.0,98038,47.3503,-122.039,2300.0,4935.0,2014-05-20,329900.0
7974200777,2.0,1.5,1260.0,6660.0,1.5,0.0,0.0,4,7,1260.0,0.0,1926,0.0,98115,47.6792,-122.287,2140.0,4770.0,2014-11-18,531000.0
2025059201,3.0,1.75,1880.0,13300.0,1.0,0.0,0.0,3,7,1380.0,500.0,1967,0.0,98004,47.634,-122.204,3550.0,10883.0,2014-07-31,725000.0
1074100110,3.0,2.5,1620.0,7410.0,1.0,0.0,0.0,5,7,1620.0,0.0,1955,0.0,98133,47.7708,-122.335,1450.0,8121.0,2014-05-25,355300.0
8000200090,3.0,2.5,1610.0,10022.0,2.0,,0.0,3,7,1610.0,0.0,1996,0.0,98003,47.2583,-122.3,1820.0,10017.0,2015-04-27,280000.0
1247100035,4.0,2.75,3330.0,9143.0,2.0,0.0,0.0,4,10,3330.0,0.0,1995,0.0,98033,47.6821,-122.19,2390.0,9143.0,2014-06-30,1100000.0
7010700210,4.0,2.0,1370.0,4000.0,2.0,0.0,0.0,3,9,1370.0,0.0,1951,19940.0,98199,47.6593,-122.394,2010.0,5720.0,2014-06-05,605004.0
7950304065,2.0,1.0,690.0,6000.0,1.0,0.0,0.0,3,6,690.0,0.0,1949,0.0,98118,47.5621,-122.283,840.0,3030.0,2015-03-09,260000.0
9523100026,4.0,2.5,3170.0,4979.0,2.0,0.0,0.0,4,7,2570.0,600.0,1925,0.0,98103,47.6655,-122.34,2060.0,5000.0,2014-07-23,748000.0
1093000090,2.0,2.0,1990.0,6180.0,1.0,0.0,0.0,4,7,1010.0,980.0,1941,0.0,98115,47.6792,-122.303,1470.0,5150.0,2015-04-16,776000.0
1532300155,4.0,1.0,1080.0,6095.0,1.5,0.0,0.0,4,6,1080.0,0.0,1924,0.0,98103,47.6962,-122.346,1200.0,5060.0,2014-09-16,425000.0
4006000423,4.0,1.0,1870.0,14703.0,1.5,,0.0,3,6,1090.0,780.0,1928,0.0,98118,47.5274,-122.281,1650.0,6045.0,2015-01-08,230000.0
8665900331,3.0,1.75,1670.0,12075.0,1.0,0.0,0.0,3,7,1370.0,300.0,1958,0.0,98155,47.7681,-122.307,1800.0,12123.0,2015-01-30,418000.0
3370000150,4.0,2.5,2800.0,28254.0,2.0,0.0,0.0,3,9,2800.0,0.0,2001,0.0,98038,47.3552,-122.063,2530.0,4694.0,2014-08-04,440000.0
1853080540,5.0,2.75,3460.0,7977.0,2.0,,0.0,3,9,3460.0,0.0,2011,0.0,98074,47.5908,-122.062,3390.0,6630.0,2014-11-24,858450.0
1023089197,3.0,2.0,1930.0,12443.0,1.0,0.0,0.0,3,7,1930.0,0.0,1969,0.0,98045,47.4906,-121.775,1400.0,12183.0,2014-10-07,390000.0
1175001075,4.0,3.0,2370.0,3836.0,2.0,0.0,0.0,3,9,1750.0,620.0,1969,20080.0,98107,47.6718,-122.394,1690.0,4698.0,2014-09-16,957000.0
6392001810,3.0,1.0,1180.0,6000.0,1.0,0.0,0.0,3,7,1180.0,0.0,1950,0.0,98115,47.6853,-122.286,1680.0,6000.0,2014-09-04,507000.0
2767603160,2.0,1.0,1320.0,4750.0,1.5,,0.0,4,7,1320.0,0.0,1928,0.0,98107,47.6729,-122.38,1360.0,2873.0,2015-02-25,575000.0
8129700985,3.0,1.75,1350.0,4000.0,1.5,0.0,0.0,4,7,1350.0,0.0,1925,0.0,98103,47.6581,-122.354,1880.0,4000.0,2015-04-27,700000.0
9406500600,2.0,1.5,1068.0,1452.0,2.0,0.0,0.0,3,7,1068.0,0.0,1990,0.0,98028,47.753,-122.244,1078.0,1357.0,2015-02-05,239950.0
3830620300,3.0,1.0,1580.0,8240.0,1.0,0.0,0.0,4,7,1040.0,540.0,1978,0.0,98030,47.3542,-122.181,1480.0,9200.0,2014-11-03,253000.0
4237901250,4.0,1.0,1690.0,3417.0,1.5,0.0,0.0,3,7,1690.0,0.0,1907,0.0,98199,47.663,-122.402,1970.0,4800.0,2015-03-27,540000.0
3754501240,3.0,4.0,5120.0,4600.0,3.0,0.0,2.0,3,11,4490.0,630.0,2008,0.0,98034,47.7052,-122.223,2510.0,5918.0,2015-02-06,1550000.0
2226069018,4.0,2.5,3960.0,38615.0,2.0,,0.0,3,10,3960.0,0.0,2000,0.0,98077,47.7249,-122.024,3290.0,43560.0,2014-11-12,805000.0
4206901215,4.0,3.25,2420.0,4000.0,1.5,0.0,0.0,5,9,1870.0,550.0,1911,0.0,98105,47.6567,-122.325,1810.0,4000.0,2014-06-12,920000.0
3904930730,3.0,2.5,1910.0,5562.0,2.0,0.0,0.0,3,8,1910.0,0.0,1988,0.0,98029,47.5738,-122.017,1940.0,4647.0,2014-11-05,496600.0
2115510300,3.0,2.25,1440.0,10500.0,1.0,0.0,0.0,3,8,1130.0,310.0,1983,0.0,98023,47.318,-122.391,1510.0,8125.0,2014-10-16,246000.0
1773100620,5.0,3.0,2320.0,8400.0,1.0,0.0,0.0,3,7,1510.0,810.0,1963,0.0,98106,47.557,-122.365,1200.0,4800.0,2015-05-05,350000.0
5075400150,3.0,2.0,1670.0,4572.0,1.5,0.0,0.0,3,8,1670.0,0.0,1931,0.0,98117,47.6854,-122.373,1480.0,4890.0,2014-05-23,585000.0
3893100319,3.0,1.75,1390.0,11700.0,1.0,0.0,0.0,4,7,1390.0,0.0,1966,0.0,98033,47.7002,-122.192,1060.0,8686.0,2015-03-23,450000.0
4139440610,3.0,2.5,2620.0,8950.0,2.0,0.0,0.0,3,9,2620.0,0.0,1992,0.0,98006,47.5523,-122.119,2850.0,8809.0,2014-05-12,746000.0
2481590090,3.0,2.5,3040.0,7880.0,2.0,0.0,0.0,3,9,3040.0,0.0,2004,0.0,98056,47.5277,-122.184,3040.0,7880.0,2014-10-27,598555.0
3222049151,3.0,2.5,2990.0,10711.0,1.0,1.0,4.0,3,9,1560.0,1430.0,1976,19910.0,98198,47.3573,-122.324,2870.0,11476.0,2014-10-30,820000.0
1545805030,3.0,2.25,1740.0,5460.0,1.0,0.0,0.0,3,7,1210.0,530.0,1998,0.0,98038,47.3648,-122.046,1740.0,7500.0,2014-10-21,266500.0
620079042,2.0,1.0,2360.0,105850.0,1.0,0.0,2.0,2,6,1180.0,1180.0,1947,0.0,98022,47.2495,-121.97,2640.0,386812.0,2015-03-23,370000.0
6848200325,3.0,2.75,2240.0,3600.0,2.5,0.0,0.0,3,7,1650.0,590.0,1901,0.0,98102,47.6244,-122.326,1716.0,3120.0,2014-09-04,625000.0
6929603207,4.0,2.0,1610.0,6200.0,1.0,0.0,0.0,4,7,1610.0,0.0,1979,0.0,98198,47.3833,-122.306,1610.0,7500.0,2014-12-10,243500.0
3626039229,2.0,1.0,700.0,5829.0,1.0,0.0,0.0,3,6,700.0,0.0,1945,0.0,98103,47.6958,-122.357,1160.0,6700.0,2015-03-17,340000.0
5589900610,5.0,3.0,2730.0,9519.0,1.0,0.0,0.0,3,8,1670.0,1060.0,2014,0.0,98155,47.7504,-122.307,1150.0,9519.0,2014-09-18,559950.0
7153400100,3.0,2.75,1780.0,15114.0,1.0,0.0,0.0,3,7,1080.0,700.0,1980,0.0,98003,47.258,-122.305,1792.0,10155.0,2015-02-19,315000.0
1125069086,3.0,2.5,3070.0,223463.0,2.0,0.0,0.0,3,9,3070.0,0.0,2003,0.0,98053,47.664,-121.993,3640.0,223463.0,2015-04-28,753000.0
2902200076,3.0,3.0,2060.0,3200.0,2.0,0.0,0.0,3,8,2060.0,0.0,1907,0.0,98102,47.637,-122.324,1760.0,2669.0,2015-01-28,800000.0
8024201210,3.0,2.25,1360.0,5111.0,1.5,0.0,0.0,5,7,1360.0,0.0,1934,0.0,98115,47.6988,-122.313,1900.0,5111.0,2014-09-11,550000.0
3755500065,3.0,2.0,1430.0,14250.0,1.0,0.0,0.0,3,7,1430.0,0.0,1953,0.0,98033,47.701,-122.199,1530.0,11475.0,2014-11-06,465000.0
3890600150,3.0,2.25,1840.0,5752.0,2.0,0.0,0.0,3,7,1840.0,0.0,2003,0.0,98034,47.7042,-122.187,1670.0,2462.0,2014-05-28,465000.0
2141320230,4.0,2.25,2000.0,8068.0,2.0,0.0,0.0,5,8,2000.0,0.0,1976,0.0,98006,47.5584,-122.137,2080.0,7837.0,2015-04-10,710000.0
8078430360,3.0,2.5,1820.0,11012.0,2.0,0.0,0.0,3,8,1820.0,0.0,1988,0.0,98074,47.6358,-122.026,1860.0,7767.0,2014-12-16,505000.0
333100209,3.0,1.75,2330.0,16300.0,2.0,0.0,0.0,3,9,2330.0,0.0,1964,0.0,98034,47.7037,-122.24,2330.0,16300.0,2015-03-18,690000.0
5419800090,2.0,2.0,1070.0,8400.0,1.0,0.0,0.0,4,7,1070.0,0.0,1980,0.0,98031,47.4014,-122.186,1430.0,8190.0,2014-11-21,217500.0
1868900395,2.0,1.0,930.0,3750.0,1.0,0.0,0.0,4,7,930.0,0.0,1909,0.0,98115,47.6733,-122.296,1740.0,4300.0,2014-09-02,500000.0
1568100730,2.0,2.0,1040.0,5796.0,1.0,,2.0,4,6,1040.0,0.0,1921,0.0,98155,47.7362,-122.29,2300.0,5796.0,2015-02-18,325000.0
1785400770,4.0,2.25,1960.0,12436.0,2.0,0.0,0.0,3,8,1960.0,0.0,1984,0.0,98074,47.6276,-122.037,1960.0,12436.0,2014-08-25,500000.0
2724079014,3.0,3.25,2970.0,234788.0,2.0,0.0,3.0,3,9,2040.0,930.0,1991,0.0,98024,47.5353,-121.897,2970.0,220413.0,2015-03-31,721500.0
1370801800,3.0,1.5,2200.0,5000.0,1.5,0.0,0.0,3,9,2200.0,0.0,1932,0.0,98199,47.6404,-122.408,2860.0,5000.0,2014-05-19,924000.0
3585901085,6.0,4.5,3810.0,28176.0,1.0,0.0,4.0,5,10,3810.0,0.0,1969,0.0,98177,47.7612,-122.381,3810.0,26400.0,2014-06-04,2010000.0
424049283,2.0,1.5,830.0,1034.0,2.0,0.0,0.0,3,8,830.0,0.0,2009,0.0,98144,47.5926,-122.3,1130.0,2534.0,2015-04-15,345000.0
7851990230,4.0,3.5,3920.0,11086.0,2.0,0.0,0.0,3,10,3920.0,0.0,1999,0.0,98065,47.5416,-121.869,3740.0,10880.0,2015-03-16,825000.0
1423069076,3.0,2.0,2870.0,95396.0,1.0,0.0,0.0,4,9,1350.0,1520.0,1980,0.0,98027,47.4834,-122.001,2870.0,102366.0,2014-09-26,560000.0
1786830090,3.0,2.0,2560.0,14680.0,1.0,0.0,0.0,3,8,1330.0,1230.0,1987,0.0,98052,47.648,-122.118,2390.0,13848.0,2014-07-08,599000.0
2968801240,3.0,1.5,1350.0,7620.0,1.0,0.0,0.0,5,6,1350.0,0.0,1941,0.0,98166,47.4565,-122.35,1350.0,7620.0,2014-05-12,211000.0
3344500210,4.0,2.25,1240.0,21190.0,1.0,0.0,0.0,3,8,910.0,330.0,1974,0.0,98056,47.5123,-122.197,1760.0,8200.0,2015-04-24,425000.0
226039317,4.0,2.75,3210.0,8520.0,1.0,,2.0,4,7,1810.0,1400.0,1976,0.0,98177,47.7743,-122.388,2450.0,7360.0,2015-01-07,750000.0
7202330530,3.0,2.5,1690.0,3322.0,2.0,0.0,0.0,3,7,1690.0,0.0,2003,0.0,98053,47.6824,-122.036,1650.0,3446.0,2015-01-16,479000.0
3905090230,4.0,2.5,2550.0,10623.0,2.0,,0.0,3,9,2550.0,0.0,1992,0.0,98029,47.5695,-121.992,2750.0,8100.0,2015-02-27,612500.0
6446200365,5.0,1.75,3240.0,34510.0,2.0,0.0,0.0,4,7,2690.0,550.0,1963,0.0,98029,47.5529,-122.027,2650.0,28250.0,2015-05-05,605000.0
856001130,4.0,2.5,3560.0,8960.0,2.0,0.0,0.0,3,10,3560.0,0.0,2001,0.0,98033,47.6903,-122.213,1660.0,7680.0,2015-02-23,1360000.0
7861500150,3.0,2.5,2160.0,59241.0,1.0,0.0,0.0,3,7,2160.0,0.0,2007,0.0,98042,47.3304,-122.13,2290.0,125017.0,2014-12-02,389900.0
5014600210,4.0,2.5,3060.0,5000.0,2.0,0.0,0.0,3,9,3060.0,0.0,2006,0.0,98059,47.5395,-122.188,2870.0,5548.0,2014-12-15,710000.0
2215900900,3.0,2.5,1690.0,8564.0,2.0,,0.0,4,7,1690.0,0.0,1992,0.0,98038,47.3518,-122.057,1690.0,7532.0,2015-05-05,295000.0
2025700740,3.0,2.25,1520.0,7199.0,2.0,0.0,0.0,4,7,1520.0,0.0,1992,0.0,98038,47.3492,-122.034,1410.0,6751.0,2014-07-02,275250.0
2591730230,4.0,2.5,2040.0,5770.0,2.0,0.0,0.0,3,7,2040.0,0.0,1994,0.0,98038,47.3522,-122.059,1570.0,6753.0,2014-09-12,250000.0
7611200195,3.0,2.0,2360.0,18000.0,1.0,0.0,0.0,4,8,2180.0,180.0,1951,0.0,98177,47.7133,-122.367,2600.0,17300.0,2015-02-20,709000.0
9297800090,4.0,1.75,1360.0,4840.0,1.5,0.0,0.0,4,7,1360.0,0.0,1928,0.0,98126,47.556,-122.376,1320.0,4840.0,2014-07-08,399500.0
2215900930,3.0,2.5,2000.0,9202.0,2.0,0.0,0.0,4,7,2000.0,0.0,1992,0.0,98038,47.3516,-122.057,1750.0,7827.0,2014-05-09,225000.0
7215730930,3.0,2.5,1650.0,4648.0,2.0,0.0,0.0,3,8,1650.0,0.0,2001,0.0,98075,47.5968,-122.015,1800.0,5637.0,2015-01-12,500000.0
5201810110,3.0,3.0,2500.0,8304.0,2.0,0.0,0.0,3,8,2500.0,0.0,1997,0.0,98031,47.4022,-122.166,2290.0,7855.0,2014-06-09,364900.0
3575302562,3.0,1.5,1140.0,7500.0,1.0,0.0,0.0,3,7,1140.0,0.0,1976,0.0,98074,47.619,-122.064,1380.0,7500.0,2014-11-13,356000.0
3438502290,3.0,1.5,2140.0,47743.0,1.5,0.0,0.0,3,9,2140.0,0.0,1978,0.0,98106,47.5402,-122.365,1060.0,6016.0,2015-02-02,616750.0
8881900230,3.0,2.75,2870.0,6600.0,2.0,0.0,2.0,3,8,2870.0,0.0,1984,0.0,98008,47.5745,-122.113,2570.0,7925.0,2014-12-02,755000.0
3500100015,2.0,1.0,830.0,8183.0,1.0,0.0,0.0,5,6,830.0,0.0,1950,0.0,98155,47.7366,-122.302,1180.0,8184.0,2014-08-12,327500.0
8651511250,3.0,2.25,1960.0,10139.0,2.0,0.0,0.0,3,8,1960.0,0.0,1984,0.0,98074,47.6481,-122.061,2080.0,9753.0,2015-04-15,605000.0
8651401960,4.0,1.5,1130.0,5200.0,1.0,0.0,0.0,3,6,1130.0,0.0,1968,0.0,98042,47.3616,-122.089,1140.0,5200.0,2015-04-13,179950.0
7937900040,5.0,2.75,3630.0,30570.0,2.0,0.0,0.0,3,11,3630.0,,2000,0.0,98058,47.4243,-122.097,3620.0,41965.0,2014-12-19,633000.0
6199000141,4.0,2.0,1764.0,15600.0,1.0,0.0,0.0,5,7,1764.0,0.0,1942,0.0,98058,47.4318,-122.181,1490.0,22387.0,2015-03-12,349950.0
3271300365,3.0,2.75,2770.0,5800.0,1.0,0.0,0.0,4,8,1650.0,1120.0,1959,0.0,98199,47.6496,-122.413,2340.0,5800.0,2015-04-07,1080000.0
9264030040,3.0,2.5,2650.0,12247.0,2.0,0.0,0.0,3,9,2650.0,0.0,2002,0.0,98001,47.3185,-122.259,2920.0,8965.0,2015-04-30,425000.0
9829200580,3.0,2.75,2500.0,6350.0,2.0,0.0,0.0,5,9,2370.0,130.0,1979,0.0,98122,47.6035,-122.285,2090.0,5454.0,2014-09-17,990000.0
2929600035,3.0,1.0,2710.0,19000.0,2.0,,3.0,4,7,2710.0,0.0,1950,0.0,98166,47.4462,-122.359,2150.0,19000.0,2014-06-27,410000.0
3459410230,3.0,2.25,2490.0,8800.0,2.0,,0.0,4,8,2490.0,0.0,1975,0.0,98006,47.5666,-122.132,2690.0,10000.0,2014-11-11,590000.0
7303200450,3.0,1.75,1500.0,7560.0,1.0,0.0,0.0,3,7,1500.0,0.0,1979,0.0,98003,47.3467,-122.296,1500.0,7560.0,2015-04-08,242000.0
924069042,3.0,2.0,1160.0,13747.0,1.0,0.0,0.0,5,5,580.0,580.0,1931,0.0,98075,47.585,-122.051,2961.0,16320.0,2014-11-25,775000.0
287000110,4.0,1.5,1880.0,6200.0,1.0,0.0,2.0,5,8,1440.0,440.0,1954,0.0,98146,47.5035,-122.384,2070.0,6500.0,2014-06-25,680000.0
1018000276,3.0,2.5,1340.0,4200.0,2.0,0.0,0.0,3,7,1340.0,0.0,2002,0.0,98002,47.2942,-122.226,990.0,4520.0,2015-03-27,217000.0
1560870040,3.0,2.5,1960.0,3953.0,2.0,0.0,0.0,3,8,1960.0,0.0,1999,0.0,98059,47.4904,-122.158,1690.0,3593.0,2015-04-21,395000.0
7135500120,3.0,2.25,2030.0,9791.0,1.0,0.0,0.0,4,8,1500.0,530.0,1984,0.0,98059,47.534,-122.161,2030.0,11031.0,2014-05-19,572500.0
5101408835,5.0,3.0,2200.0,6380.0,1.0,,0.0,3,7,1440.0,760.0,1987,0.0,98125,47.7033,-122.322,1960.0,5800.0,2014-09-09,559900.0
472000590,3.0,2.0,2540.0,4750.0,1.5,0.0,0.0,5,9,1840.0,700.0,1930,0.0,98117,47.6838,-122.4,2190.0,4750.0,2014-06-24,845000.0
104550750,3.0,2.0,1520.0,7131.0,1.0,0.0,0.0,3,8,1520.0,0.0,1993,0.0,98023,47.3061,-122.361,1890.0,7379.0,2014-07-28,241000.0
7576700150,3.0,2.25,2360.0,5504.0,2.0,0.0,0.0,4,8,2080.0,280.0,1913,0.0,98122,47.617,-122.288,2840.0,5470.0,2014-10-01,1330000.0
7137300245,3.0,1.75,1340.0,2805.0,1.5,,0.0,3,7,1340.0,0.0,1919,0.0,98144,47.5922,-122.297,1650.0,2805.0,2015-04-29,475000.0
5511600315,2.0,1.5,1400.0,5810.0,2.0,0.0,0.0,3,7,1400.0,0.0,1940,0.0,98103,47.6843,-122.341,1470.0,3920.0,2015-02-18,575000.0
1422059039,4.0,2.75,3030.0,117378.0,1.0,0.0,0.0,4,8,1680.0,1350.0,1959,0.0,98042,47.401,-122.135,2060.0,110957.0,2014-08-28,455000.0
1026069095,3.0,2.5,3200.0,203425.0,1.0,0.0,0.0,3,10,3200.0,0.0,2000,0.0,98077,47.7614,-122.015,3200.0,203425.0,2014-06-24,839000.0
2207100165,4.0,1.5,1580.0,10260.0,1.0,,0.0,4,7,1030.0,550.0,1955,0.0,98007,47.5984,-122.147,1520.0,7000.0,2015-04-30,475000.0
1705400361,2.0,1.0,2120.0,6897.0,1.0,0.0,0.0,4,7,1060.0,1060.0,1923,0.0,98118,47.5566,-122.278,1900.0,4462.0,2014-12-08,600000.0
1370804115,2.0,1.0,1640.0,5200.0,1.0,0.0,0.0,4,7,1040.0,600.0,1937,0.0,98199,47.6426,-122.403,1780.0,5040.0,2014-11-06,515000.0
9527000090,3.0,2.25,1890.0,8400.0,1.0,0.0,0.0,3,8,1520.0,,1977,0.0,98034,47.7103,-122.232,1830.0,7980.0,2015-03-18,425000.0
1556200145,4.0,2.0,1710.0,3875.0,1.5,,0.0,4,7,1710.0,0.0,1907,0.0,98122,47.6086,-122.294,1710.0,3812.0,2014-10-07,565000.0
1245500286,2.0,2.0,1140.0,8282.0,1.0,0.0,0.0,3,6,1140.0,0.0,1924,20090.0,98033,47.6949,-122.21,1650.0,9000.0,2014-05-23,498000.0
8824900120,4.0,3.0,2720.0,3800.0,2.0,,0.0,5,8,1800.0,920.0,1919,0.0,98115,47.6756,-122.306,1940.0,4001.0,2014-06-06,739000.0
3959401645,2.0,1.75,1650.0,4000.0,1.0,0.0,0.0,4,7,950.0,700.0,1947,0.0,98108,47.5622,-122.319,1060.0,4110.0,2014-06-04,355000.0
9264900880,3.0,1.75,1790.0,7485.0,1.0,0.0,0.0,4,8,1330.0,460.0,1979,0.0,98023,47.3118,-122.34,1970.0,8097.0,2014-07-15,263000.0
2826049160,4.0,1.75,1680.0,6834.0,1.5,0.0,0.0,3,7,1680.0,0.0,1948,0.0,98125,47.716,-122.307,950.0,7425.0,2014-09-05,375000.0
3449500035,3.0,1.75,2200.0,12231.0,1.0,0.0,0.0,4,7,1250.0,950.0,1964,0.0,98056,47.5076,-122.173,2200.0,9825.0,2014-09-30,322000.0
9266700845,2.0,1.0,830.0,5100.0,1.0,0.0,0.0,3,6,830.0,,1941,0.0,98103,47.6932,-122.346,1050.0,5100.0,2015-04-29,325000.0
2493200455,2.0,1.0,770.0,4800.0,1.0,0.0,0.0,3,7,770.0,0.0,1943,0.0,98136,47.527,-122.383,1390.0,4800.0,2014-10-21,290000.0
6352600210,4.0,2.5,3280.0,6181.0,2.0,0.0,0.0,3,10,3280.0,0.0,2001,0.0,98074,47.6484,-122.081,3110.0,7570.0,2014-06-11,809950.0
4278900110,3.0,3.25,2080.0,3025.0,2.0,0.0,2.0,4,8,1220.0,860.0,1984,0.0,98122,47.6051,-122.289,2680.0,6518.0,2014-10-09,969500.0
7214790110,4.0,2.5,2790.0,43091.0,2.0,,0.0,4,9,2790.0,0.0,1989,0.0,98077,47.7759,-122.08,2750.0,35290.0,2014-06-13,665000.0
9358400150,5.0,3.5,4150.0,13232.0,2.0,0.0,0.0,3,11,4150.0,0.0,2006,0.0,98003,47.3417,-122.182,3840.0,15121.0,2015-02-06,635000.0
1545802100,3.0,2.25,1780.0,7332.0,2.0,0.0,0.0,3,7,1780.0,0.0,1987,0.0,98038,47.3593,-122.051,1510.0,7625.0,2014-10-29,272450.0
8563000110,4.0,1.75,1460.0,9750.0,1.0,0.0,0.0,4,7,1460.0,0.0,1967,0.0,98008,47.6205,-122.102,1820.0,9840.0,2015-04-24,427000.0
8074400150,3.0,1.0,1410.0,8174.0,1.0,0.0,0.0,3,8,1410.0,0.0,1958,0.0,98056,47.4969,-122.178,1500.0,8058.0,2015-04-01,261500.0
1951800040,4.0,2.25,2170.0,9665.0,1.0,0.0,0.0,4,8,1300.0,870.0,1976,0.0,98006,47.5444,-122.165,2170.0,12054.0,2014-06-20,488800.0
7934000090,2.0,1.0,690.0,5200.0,1.0,0.0,0.0,3,6,690.0,0.0,1918,0.0,98136,47.556,-122.395,1380.0,5700.0,2015-02-25,340000.0
50300090,4.0,3.0,3000.0,10297.0,2.0,,0.0,3,8,3000.0,0.0,2003,0.0,98042,47.3684,-122.073,2520.0,8366.0,2014-08-11,398950.0
8651430210,3.0,1.0,870.0,5200.0,1.0,0.0,0.0,5,6,870.0,0.0,1969,0.0,98042,47.3701,-122.078,1020.0,5200.0,2015-03-21,217000.0
126059019,4.0,2.5,3170.0,94855.0,1.0,0.0,0.0,4,9,1910.0,1260.0,1978,0.0,98072,47.7648,-122.112,2590.0,65340.0,2015-03-16,799000.0
2599700040,4.0,1.0,1540.0,7350.0,1.0,0.0,0.0,4,6,770.0,770.0,1969,0.0,98023,47.3318,-122.34,910.0,8000.0,2014-12-30,160000.0
9512501400,3.0,1.0,1270.0,8800.0,1.0,,0.0,3,7,1270.0,0.0,1968,0.0,98052,47.6703,-122.15,1560.0,8250.0,2014-09-02,447000.0
9169600043,3.0,1.75,2190.0,6450.0,1.0,0.0,0.0,3,8,1480.0,710.0,1957,0.0,98136,47.5284,-122.391,2190.0,6450.0,2015-04-24,765000.0
4139900210,4.0,3.5,4410.0,36200.0,2.0,0.0,0.0,3,11,4410.0,0.0,1989,0.0,98006,47.5487,-122.126,4760.0,35860.0,2014-06-20,1320000.0
9558010090,4.0,2.5,2790.0,8111.0,2.0,0.0,0.0,3,9,2480.0,310.0,2004,0.0,98058,47.4492,-122.116,2550.0,7634.0,2014-08-22,445000.0
8101900100,3.0,1.0,1510.0,6000.0,1.0,0.0,0.0,3,8,1170.0,340.0,1953,0.0,98118,47.5168,-122.285,1125.0,6000.0,2015-03-28,310000.0
5592900205,2.0,1.75,1800.0,7191.0,1.0,,3.0,4,7,990.0,810.0,1952,0.0,98056,47.4828,-122.191,1940.0,7400.0,2015-04-09,380000.0
1624049228,4.0,1.0,2410.0,6975.0,1.0,0.0,0.0,3,7,1510.0,900.0,1957,0.0,98108,47.5692,-122.295,1880.0,6255.0,2014-11-24,325000.0
2473410360,4.0,2.75,2250.0,7412.0,1.0,0.0,0.0,4,8,1480.0,770.0,1975,0.0,98058,47.4449,-122.129,2070.0,7632.0,2014-06-17,345000.0
7750500120,3.0,1.0,950.0,4760.0,1.5,0.0,0.0,3,6,950.0,0.0,1929,0.0,98106,47.5236,-122.348,1080.0,4760.0,2014-11-18,300000.0
1630700361,4.0,1.75,2860.0,48351.0,1.0,0.0,0.0,3,8,1710.0,1150.0,1978,0.0,98077,47.7605,-122.085,2460.0,43560.0,2014-06-27,530000.0
1630700361,4.0,1.75,2860.0,48351.0,1.0,0.0,0.0,3,8,1710.0,1150.0,1978,0.0,98077,47.7605,-122.085,2460.0,43560.0,2015-04-09,583500.0
4025300210,2.0,1.0,1560.0,10125.0,1.0,,0.0,4,7,1130.0,430.0,1954,0.0,98155,47.7488,-122.304,1680.0,10125.0,2015-02-17,410000.0
2922701175,2.0,1.5,1940.0,5700.0,1.0,,0.0,3,7,970.0,970.0,1937,0.0,98117,47.6881,-122.367,1250.0,5700.0,2014-09-19,535000.0
7352200450,4.0,3.25,3580.0,19989.0,1.5,1.0,4.0,4,7,3480.0,100.0,1915,19650.0,98125,47.7087,-122.276,2410.0,6389.0,2015-01-15,2050000.0
9320990120,4.0,2.5,2040.0,5523.0,2.0,0.0,0.0,3,7,2040.0,0.0,1999,0.0,98148,47.432,-122.328,1720.0,6646.0,2014-07-03,345000.0
1238500281,5.0,1.0,1700.0,11727.0,1.5,0.0,0.0,4,7,1700.0,0.0,1954,0.0,98033,47.686,-122.172,1740.0,8212.0,2015-04-10,539000.0
1951800580,4.0,2.5,3700.0,12500.0,1.0,0.0,0.0,5,8,1920.0,1780.0,1973,0.0,98006,47.5403,-122.168,2020.0,8350.0,2014-10-24,590000.0
3530430100,2.0,1.75,1050.0,2926.0,1.0,0.0,0.0,4,8,1050.0,0.0,1974,0.0,98198,47.3811,-122.317,1150.0,3802.0,2014-08-15,187000.0
1623059092,3.0,2.0,1690.0,9583.0,1.0,0.0,0.0,4,7,1690.0,0.0,1969,0.0,98059,47.4825,-122.164,1690.0,9583.0,2014-05-09,270000.0
7177300735,2.0,1.0,1120.0,6180.0,1.0,0.0,0.0,4,7,1120.0,,1939,0.0,98115,47.6824,-122.301,1420.0,5356.0,2015-03-29,546000.0
1525039057,3.0,1.75,1490.0,1036.0,2.0,0.0,0.0,3,10,1090.0,400.0,2008,0.0,98199,47.6588,-122.403,1460.0,1206.0,2014-07-02,520000.0
5393601635,5.0,2.0,2220.0,6000.0,1.5,0.0,0.0,4,7,1390.0,830.0,1925,0.0,98144,47.5822,-122.295,1600.0,6000.0,2014-12-29,515000.0
4217401240,3.0,2.5,2160.0,6000.0,1.5,0.0,0.0,4,8,1880.0,280.0,1939,0.0,98105,47.6582,-122.28,2300.0,6000.0,2014-07-17,990000.0
3438501450,2.0,1.0,870.0,10492.0,1.0,0.0,0.0,3,7,870.0,0.0,1937,0.0,98106,47.5467,-122.365,1300.0,7987.0,2015-05-07,382000.0
1872900065,3.0,1.75,1900.0,13600.0,1.0,0.0,0.0,4,8,1900.0,0.0,1956,0.0,98004,47.6163,-122.219,2510.0,16600.0,2015-04-10,1210000.0
9285800180,4.0,3.5,3370.0,5000.0,2.0,,2.0,3,8,2470.0,900.0,2008,0.0,98126,47.5714,-122.38,1820.0,5000.0,2014-06-26,900000.0
4322200220,3.0,2.75,3370.0,5350.0,1.5,0.0,1.0,4,7,2310.0,1060.0,1910,0.0,98136,47.5373,-122.39,1720.0,5618.0,2015-04-21,675000.0
1819800042,2.0,1.0,880.0,3300.0,1.0,0.0,0.0,4,7,880.0,0.0,1909,0.0,98107,47.6566,-122.36,1960.0,5500.0,2014-11-14,460000.0
2946001675,2.0,1.0,940.0,5375.0,1.0,0.0,0.0,4,5,940.0,0.0,1952,0.0,98198,47.4206,-122.324,1200.0,7500.0,2014-06-03,234000.0
1138010530,3.0,1.0,1340.0,7191.0,1.0,0.0,0.0,3,7,1340.0,0.0,1974,0.0,98034,47.7148,-122.212,1340.0,7215.0,2015-04-29,399000.0
7763400035,3.0,1.5,1440.0,12040.0,1.0,0.0,0.0,4,7,1440.0,0.0,1959,0.0,98042,47.3715,-122.16,1720.0,12040.0,2015-04-02,253500.0
925059107,3.0,1.5,1750.0,12632.0,1.0,0.0,0.0,4,7,1750.0,0.0,1952,0.0,98033,47.6736,-122.176,1740.0,12196.0,2014-08-20,475000.0
1112000100,5.0,3.5,3990.0,5000.0,2.0,0.0,0.0,3,8,2910.0,1080.0,2004,0.0,98118,47.54,-122.27,1310.0,5000.0,2015-03-30,740000.0
7010700936,3.0,2.5,2860.0,4442.0,2.0,0.0,0.0,3,8,2860.0,0.0,2000,0.0,98199,47.661,-122.396,1440.0,4400.0,2014-06-13,799000.0
9558010300,4.0,2.5,1940.0,3864.0,2.0,0.0,0.0,3,8,1940.0,0.0,2003,0.0,98058,47.4507,-122.12,1900.0,3864.0,2015-04-23,390000.0
7304301010,2.0,1.5,1400.0,11245.0,1.0,0.0,0.0,5,7,1400.0,0.0,1947,0.0,98155,47.7469,-122.321,1220.0,11241.0,2014-09-15,421000.0
2329800110,3.0,2.5,1770.0,6033.0,2.0,0.0,0.0,4,7,1770.0,0.0,1987,0.0,98042,47.3764,-122.119,1590.0,6510.0,2015-01-28,296500.0
8712100530,4.0,2.0,1710.0,4178.0,1.5,0.0,0.0,4,8,1710.0,0.0,1926,0.0,98112,47.6373,-122.3,1760.0,4178.0,2014-08-13,895000.0
3814800300,4.0,2.5,2810.0,11897.0,2.0,0.0,0.0,3,8,2810.0,0.0,2003,0.0,98092,47.3251,-122.186,1770.0,4240.0,2014-08-11,386000.0
4022300035,3.0,1.0,1580.0,13912.0,1.0,0.0,0.0,4,8,1580.0,0.0,1955,0.0,98155,47.7552,-122.276,2130.0,16420.0,2014-10-09,424000.0
6021503840,3.0,1.0,1580.0,5000.0,1.5,0.0,0.0,3,7,1580.0,0.0,1926,0.0,98117,47.684,-122.386,1280.0,4000.0,2014-06-10,749000.0
5210200081,3.0,1.0,1440.0,8681.0,1.5,,0.0,3,7,1440.0,0.0,1937,0.0,98115,47.6976,-122.283,1700.0,7770.0,2014-11-10,523000.0
821049123,4.0,2.5,2420.0,9147.0,2.0,0.0,0.0,3,10,2420.0,0.0,1998,0.0,98003,47.3221,-122.322,1400.0,7200.0,2014-10-28,389000.0
6929600945,4.0,1.5,1930.0,15000.0,1.0,0.0,0.0,5,7,1930.0,0.0,1946,0.0,98198,47.3864,-122.312,1620.0,7500.0,2014-08-25,270000.0
5229300027,3.0,1.0,1190.0,27215.0,1.0,0.0,0.0,5,7,1190.0,0.0,1943,19890.0,98059,47.4978,-122.115,1450.0,56628.0,2014-09-10,275000.0
2214800730,4.0,2.5,2240.0,6944.0,1.0,0.0,2.0,3,7,1310.0,930.0,1979,0.0,98001,47.338,-122.258,1780.0,7477.0,2014-09-05,287500.0
3521059124,2.0,2.5,2550.0,216344.0,2.5,,0.0,3,7,2550.0,0.0,1993,0.0,98092,47.2584,-122.124,1750.0,289978.0,2014-09-24,345000.0
1931300850,2.0,1.0,920.0,3780.0,1.0,0.0,0.0,3,6,920.0,0.0,1910,0.0,98103,47.6576,-122.348,1570.0,2640.0,2014-05-27,427000.0
2206500110,4.0,1.75,1520.0,9600.0,1.0,,0.0,4,7,1000.0,520.0,1955,0.0,98006,47.5763,-122.154,1510.0,9000.0,2014-09-05,508450.0
3856903515,3.0,2.0,1460.0,6250.0,1.5,0.0,0.0,4,7,1460.0,0.0,1912,0.0,98103,47.6693,-122.333,1690.0,4750.0,2014-12-22,705000.0
5561401530,1.0,1.5,1900.0,40600.0,1.5,0.0,0.0,5,9,1450.0,450.0,1977,0.0,98027,47.4718,-122.009,2920.0,40427.0,2014-10-29,550000.0
2206900065,3.0,1.5,1430.0,11173.0,1.0,,0.0,1,7,1430.0,0.0,1955,0.0,98006,47.5734,-122.153,1520.0,11659.0,2015-05-01,380000.0
7852090820,3.0,2.5,2500.0,4203.0,2.0,0.0,0.0,3,8,2500.0,0.0,2001,0.0,98065,47.5346,-121.875,2460.0,4798.0,2014-07-29,539900.0
2354300915,2.0,1.0,720.0,7250.0,1.0,0.0,0.0,3,5,720.0,0.0,1943,0.0,98027,47.5267,-122.032,1760.0,7250.0,2014-09-03,330000.0
9214400120,2.0,1.0,1140.0,5720.0,1.0,0.0,0.0,3,7,850.0,290.0,1947,0.0,98115,47.6827,-122.298,1410.0,5832.0,2014-06-02,455000.0
7298050090,4.0,4.0,3530.0,10935.0,2.0,0.0,0.0,3,10,3530.0,0.0,1992,0.0,98023,47.3016,-122.342,3360.0,11250.0,2014-10-07,510000.0
1323059098,3.0,2.0,1220.0,14645.0,1.0,,0.0,3,6,1220.0,0.0,1970,0.0,98059,47.4842,-122.117,1980.0,24960.0,2015-04-02,315000.0
7345000120,3.0,1.0,1320.0,7000.0,1.0,0.0,0.0,4,7,1320.0,0.0,1967,0.0,98002,47.2787,-122.205,1260.0,7455.0,2014-06-17,206000.0
8563050110,4.0,3.0,2170.0,8240.0,1.0,0.0,0.0,4,8,1370.0,800.0,1968,0.0,98052,47.6291,-122.093,2020.0,7944.0,2014-05-22,592500.0
3754010040,3.0,2.5,2020.0,7512.0,2.0,0.0,0.0,4,8,2020.0,0.0,1981,0.0,98033,47.6927,-122.206,2410.0,8500.0,2014-10-23,744000.0
8944320100,3.0,2.5,1990.0,3694.0,2.0,0.0,0.0,3,8,1990.0,0.0,1989,0.0,98042,47.3872,-122.154,2110.0,3842.0,2014-10-27,334500.0
6788201781,4.0,2.0,2660.0,3900.0,1.5,0.0,0.0,4,7,1480.0,1180.0,1923,0.0,98112,47.6398,-122.306,2350.0,3900.0,2014-06-05,886000.0
1036400100,4.0,2.5,2360.0,13500.0,1.0,0.0,0.0,4,8,1780.0,580.0,1973,0.0,98052,47.6315,-122.103,2780.0,12400.0,2014-10-21,600000.0
323089085,3.0,2.0,2740.0,101930.0,1.0,0.0,2.0,3,9,2740.0,0.0,1999,0.0,98045,47.5056,-121.77,2140.0,83635.0,2015-04-22,850000.0
7905200365,3.0,1.75,1360.0,5850.0,1.0,0.0,0.0,4,7,1000.0,360.0,1938,0.0,98116,47.5711,-122.391,1540.0,5850.0,2015-04-08,550000.0
2420069268,2.0,1.0,1230.0,5000.0,1.0,0.0,0.0,5,6,1230.0,0.0,1911,0.0,98022,47.2064,-121.988,1230.0,5413.0,2014-08-21,184900.0
7957600025,3.0,1.5,1260.0,7964.0,1.0,0.0,0.0,4,7,1260.0,0.0,1955,0.0,98148,47.4307,-122.334,1510.0,8776.0,2014-05-08,245000.0
1338600090,2.0,1.0,1040.0,4172.0,1.0,0.0,0.0,3,7,1040.0,0.0,1946,0.0,98112,47.6308,-122.302,3120.0,4800.0,2014-09-23,370000.0
5255690100,4.0,2.5,2700.0,9700.0,1.0,0.0,0.0,3,8,1670.0,1030.0,1978,0.0,98011,47.7752,-122.198,2470.0,9228.0,2015-04-21,480000.0
1646500365,3.0,1.75,1800.0,4429.0,2.0,,0.0,4,7,1800.0,0.0,1906,0.0,98103,47.6842,-122.357,1310.0,4429.0,2014-11-21,579000.0
2645500021,3.0,1.5,1590.0,7260.0,1.0,0.0,0.0,3,7,1080.0,510.0,1964,0.0,98133,47.7753,-122.353,1590.0,7594.0,2014-10-09,339275.0
2220069003,3.0,2.75,1360.0,542322.0,1.0,0.0,2.0,4,7,1140.0,220.0,1955,0.0,98022,47.2069,-122.024,1700.0,60548.0,2015-02-23,425000.0
2123049498,3.0,1.75,1370.0,10780.0,1.0,0.0,0.0,3,7,1370.0,0.0,1959,0.0,98168,47.4727,-122.298,1370.0,10317.0,2015-01-20,170000.0
4139450360,4.0,2.5,3320.0,7644.0,2.0,,0.0,3,10,3320.0,0.0,1995,0.0,98006,47.5541,-122.106,3320.0,9472.0,2014-05-14,950000.0
2600100300,4.0,2.5,2980.0,9235.0,1.0,0.0,0.0,4,8,1690.0,1290.0,1977,0.0,98006,47.5513,-122.162,2690.0,10046.0,2014-09-16,623000.0
2767600150,3.0,2.5,1350.0,2053.0,3.0,0.0,0.0,3,8,1350.0,0.0,2005,0.0,98117,47.6758,-122.386,1350.0,4150.0,2014-05-19,477000.0
1771000970,3.0,1.0,1160.0,9600.0,1.0,0.0,0.0,4,7,1160.0,0.0,1967,0.0,98077,47.7419,-122.073,1160.0,9730.0,2014-10-10,330000.0
7960100120,3.0,2.25,1480.0,5400.0,2.0,0.0,0.0,4,8,1480.0,0.0,1914,0.0,98122,47.6095,-122.296,1280.0,3600.0,2014-06-12,600000.0
424049039,3.0,2.0,1640.0,2808.0,1.0,0.0,3.0,4,7,820.0,820.0,1924,0.0,98144,47.5945,-122.291,2270.0,5328.0,2014-07-07,570000.0
7853220970,4.0,2.5,2680.0,7178.0,2.0,0.0,0.0,3,8,2680.0,0.0,2004,0.0,98065,47.5325,-121.856,2540.0,7133.0,2014-05-28,515000.0
439000230,4.0,2.25,2440.0,9889.0,1.0,0.0,0.0,3,7,1540.0,900.0,1952,0.0,98115,47.6932,-122.3,1710.0,6284.0,2015-04-29,805000.0
9406510040,4.0,2.5,2920.0,24074.0,2.0,0.0,0.0,3,9,2920.0,0.0,1997,0.0,98038,47.381,-122.056,2760.0,26023.0,2015-02-06,555000.0
7697850360,3.0,2.25,1780.0,9598.0,2.0,0.0,0.0,4,7,1780.0,0.0,1985,0.0,98030,47.3718,-122.182,1820.0,7533.0,2015-02-04,245000.0
2923500750,4.0,2.5,2170.0,7275.0,1.0,0.0,0.0,3,8,1820.0,350.0,1978,0.0,98027,47.5672,-122.09,2390.0,7275.0,2014-07-18,638150.0
3024059057,4.0,4.5,5550.0,16065.0,2.0,0.0,0.0,3,9,3880.0,1670.0,2003,0.0,98040,47.5455,-122.214,3470.0,16488.0,2015-05-01,1650000.0
322059095,4.0,2.5,2060.0,13500.0,1.0,0.0,0.0,3,7,1260.0,800.0,1968,0.0,98042,47.4229,-122.153,1610.0,10714.0,2014-08-11,269950.0
8651400580,3.0,1.5,1050.0,5525.0,1.0,0.0,0.0,5,6,1050.0,0.0,1969,0.0,98042,47.3608,-122.083,1100.0,5200.0,2014-09-20,195000.0
7812800855,2.0,1.0,790.0,7095.0,1.0,,0.0,3,6,790.0,0.0,1944,0.0,98178,47.4928,-122.239,1150.0,7200.0,2015-03-11,159100.0
4151800265,3.0,1.0,1010.0,6120.0,1.0,0.0,0.0,3,6,1010.0,0.0,1942,0.0,98033,47.6648,-122.204,1260.0,5977.0,2015-03-06,550000.0
1005000062,2.0,1.0,1040.0,4600.0,1.0,0.0,0.0,4,6,1040.0,0.0,1950,0.0,98118,47.5387,-122.277,1390.0,5897.0,2014-08-01,299000.0
9528105305,4.0,3.5,3130.0,4500.0,2.0,0.0,0.0,3,9,2060.0,1070.0,2014,0.0,98103,47.677,-122.33,1500.0,4500.0,2015-01-21,1380000.0
7225000215,2.0,1.0,900.0,4500.0,1.0,0.0,0.0,3,6,900.0,0.0,1951,0.0,98055,47.4881,-122.204,860.0,4500.0,2015-04-07,249500.0
5605000215,4.0,1.0,1470.0,5450.0,1.5,0.0,0.0,3,7,1470.0,0.0,1918,0.0,98112,47.6458,-122.306,2160.0,5450.0,2015-02-25,700000.0
1922059401,4.0,1.0,1080.0,26114.0,1.5,0.0,0.0,5,5,1080.0,0.0,1900,0.0,98030,47.3834,-122.215,1720.0,20360.0,2014-07-25,275000.0
3824100286,3.0,2.25,2440.0,8378.0,1.0,,0.0,3,7,1480.0,960.0,1962,0.0,98028,47.7705,-122.26,2510.0,9602.0,2015-03-19,565000.0
1226039058,4.0,1.75,2520.0,11017.0,1.0,0.0,0.0,4,7,1320.0,1200.0,1956,0.0,98133,47.7604,-122.356,1660.0,8775.0,2015-05-03,425000.0
2770605175,4.0,1.75,1760.0,6000.0,1.0,0.0,0.0,3,7,880.0,880.0,1946,0.0,98119,47.6508,-122.373,2040.0,6000.0,2015-02-27,620047.0
6791200120,3.0,2.25,1820.0,13362.0,1.0,0.0,0.0,3,8,1220.0,600.0,1977,0.0,98075,47.5898,-122.052,2050.0,15000.0,2014-09-23,480000.0
6791200120,3.0,2.25,1820.0,13362.0,1.0,0.0,0.0,3,8,1220.0,600.0,1977,0.0,98075,47.5898,-122.052,2050.0,15000.0,2015-04-07,515000.0
4137010590,4.0,2.5,3040.0,24123.0,2.0,0.0,0.0,3,8,3040.0,0.0,1999,0.0,98092,47.2667,-122.216,2420.0,10026.0,2014-05-14,420000.0
5495200040,5.0,3.25,3490.0,23400.0,1.0,0.0,0.0,4,8,1890.0,1600.0,1957,0.0,98006,47.5701,-122.124,2660.0,12400.0,2015-01-26,610000.0
868000175,4.0,1.5,2440.0,8040.0,1.0,0.0,0.0,4,8,1440.0,1000.0,1950,0.0,98177,47.7081,-122.374,2140.0,7920.0,2014-10-01,849000.0
8820902549,3.0,1.75,2280.0,3446.0,2.0,0.0,0.0,3,8,2280.0,0.0,1949,19910.0,98125,47.715,-122.282,1610.0,6670.0,2014-11-19,718000.0
8731980040,3.0,2.25,1980.0,8000.0,1.0,0.0,0.0,4,9,1560.0,420.0,1974,0.0,98023,47.3149,-122.378,2360.0,8000.0,2014-05-06,295000.0
3096000040,5.0,1.75,2360.0,6150.0,1.0,,0.0,5,7,1180.0,1180.0,1940,0.0,98107,47.6732,-122.4,2100.0,5500.0,2015-04-30,871000.0
4058800215,3.0,3.75,3890.0,7140.0,1.0,,2.0,3,8,2390.0,1500.0,1943,20070.0,98178,47.5073,-122.239,1820.0,7320.0,2014-05-28,430000.0
3579800405,4.0,2.5,2300.0,10880.0,1.0,0.0,0.0,4,7,1190.0,1110.0,1961,0.0,98028,47.7341,-122.242,1960.0,10400.0,2014-08-25,440000.0
3188100065,2.0,1.0,910.0,6490.0,1.0,0.0,0.0,3,7,910.0,0.0,1942,0.0,98115,47.6892,-122.306,1040.0,6490.0,2014-05-27,405000.0
8570900038,3.0,2.0,1140.0,11620.0,1.0,0.0,0.0,3,7,1140.0,0.0,1994,0.0,98045,47.4991,-121.783,1140.0,8400.0,2014-08-11,340000.0
4379400490,4.0,2.5,2390.0,5249.0,2.0,0.0,0.0,3,9,2390.0,0.0,2006,0.0,98074,47.6194,-122.026,2600.0,5342.0,2014-07-10,675000.0
952003575,3.0,1.0,1150.0,4945.0,1.0,0.0,2.0,3,7,1150.0,0.0,1943,0.0,98126,47.5663,-122.379,1390.0,4945.0,2014-05-27,480000.0
162500015,5.0,2.0,2330.0,8586.0,1.0,0.0,0.0,4,7,1270.0,1060.0,1961,0.0,98133,47.7671,-122.334,1550.0,8287.0,2014-10-20,362500.0
7732410360,3.0,2.5,2420.0,9000.0,2.0,0.0,0.0,4,9,2420.0,0.0,1987,0.0,98007,47.6599,-122.146,2630.0,9000.0,2014-08-22,752888.0
3031200120,4.0,1.75,960.0,8863.0,1.0,,0.0,5,6,580.0,380.0,1949,0.0,98118,47.5372,-122.289,1720.0,8249.0,2014-11-18,255000.0
2131700900,1.0,1.75,1010.0,10900.0,1.0,0.0,0.0,4,6,1010.0,0.0,1968,0.0,98019,47.7391,-121.982,1410.0,8359.0,2014-08-13,283700.0
2122059198,4.0,2.5,2370.0,6000.0,2.0,0.0,0.0,3,8,2370.0,0.0,2001,0.0,98030,47.3732,-122.179,2190.0,6070.0,2014-08-25,335000.0
7340600735,3.0,1.75,2880.0,18296.0,1.0,0.0,0.0,3,8,1580.0,1300.0,1958,0.0,98168,47.4881,-122.281,1380.0,9592.0,2014-06-03,285000.0
2923049393,4.0,2.25,2400.0,7738.0,1.5,0.0,0.0,3,8,2400.0,0.0,1964,0.0,98148,47.4562,-122.33,2170.0,8452.0,2014-08-13,278000.0
7922710450,5.0,2.5,3670.0,8960.0,1.5,0.0,0.0,3,8,3670.0,0.0,1973,0.0,98052,47.6654,-122.142,2340.0,9425.0,2015-03-27,731000.0
192450180,3.0,1.5,1140.0,15890.0,1.0,0.0,0.0,3,7,840.0,300.0,1985,0.0,98045,47.4752,-121.757,1200.0,15247.0,2015-03-10,335000.0
782700120,3.0,1.75,1410.0,45302.0,1.0,0.0,0.0,3,7,1410.0,0.0,1980,0.0,98019,47.7077,-121.914,2240.0,49222.0,2015-03-23,334200.0
2887703155,6.0,1.0,1530.0,4305.0,1.5,0.0,0.0,4,7,1530.0,0.0,1921,0.0,98115,47.6862,-122.31,1530.0,3800.0,2015-02-25,642000.0
5700000245,4.0,1.75,1720.0,4240.0,1.5,0.0,0.0,4,7,1460.0,260.0,1925,0.0,98144,47.579,-122.294,1930.0,4280.0,2014-06-02,540000.0
2420069003,3.0,2.5,1620.0,79993.0,1.0,0.0,2.0,4,6,1620.0,0.0,1960,0.0,98022,47.2138,-121.982,1620.0,15680.0,2015-03-31,299000.0
9274202165,3.0,1.75,1570.0,4375.0,1.0,0.0,0.0,3,7,970.0,600.0,1940,0.0,98116,47.5889,-122.389,1790.0,5750.0,2015-01-20,560000.0
9287802410,5.0,2.75,1990.0,3750.0,1.5,0.0,0.0,4,7,1990.0,0.0,1913,0.0,98107,47.6733,-122.358,1820.0,5000.0,2014-08-22,852000.0
2324039077,2.0,1.0,930.0,5650.0,1.0,0.0,2.0,3,7,930.0,0.0,1941,0.0,98126,47.5478,-122.377,1340.0,6400.0,2015-04-27,306000.0
9329300040,3.0,1.75,1550.0,7820.0,1.0,0.0,0.0,4,7,1210.0,340.0,1981,0.0,98034,47.717,-122.163,1550.0,6900.0,2014-09-10,440000.0
259700180,4.0,1.0,1650.0,8250.0,1.0,0.0,0.0,3,7,1650.0,0.0,1966,0.0,98008,47.6366,-122.118,2240.0,9776.0,2015-04-28,517000.0
5100400315,2.0,1.0,800.0,6380.0,1.0,0.0,2.0,3,7,800.0,,1940,0.0,98115,47.691,-122.309,920.0,5940.0,2014-05-23,379000.0
3424069076,2.0,1.0,930.0,6098.0,1.0,0.0,0.0,4,6,930.0,0.0,1919,0.0,98027,47.5289,-122.03,1730.0,9000.0,2014-10-13,360000.0
9138100261,4.0,1.5,2550.0,4000.0,1.5,0.0,0.0,4,7,1760.0,790.0,1926,0.0,98115,47.6811,-122.318,1840.0,4000.0,2014-10-29,645000.0
7227500740,2.0,1.0,720.0,4760.0,1.0,,0.0,5,5,720.0,0.0,1942,0.0,98056,47.496,-122.186,840.0,4760.0,2014-11-07,217000.0
8150100265,2.0,1.0,620.0,4760.0,1.0,0.0,0.0,3,6,620.0,0.0,1941,0.0,98126,47.5292,-122.376,620.0,4760.0,2014-11-18,255000.0
1150000040,3.0,2.5,2360.0,12164.0,2.0,0.0,0.0,3,10,2360.0,0.0,1987,0.0,98029,47.5596,-122.022,2400.0,11260.0,2014-07-21,625000.0
9238900616,3.0,1.75,1760.0,8400.0,1.0,0.0,0.0,4,8,1460.0,300.0,1960,0.0,98136,47.5355,-122.39,1980.0,8400.0,2014-06-10,680000.0
9289900065,3.0,1.75,2100.0,29735.0,1.0,0.0,0.0,4,7,1080.0,1020.0,1957,0.0,98155,47.7622,-122.302,2100.0,11250.0,2014-09-11,440000.0
7504020610,5.0,2.25,2480.0,12070.0,2.0,0.0,0.0,3,9,2480.0,0.0,1978,0.0,98074,47.631,-122.052,2570.0,12000.0,2014-06-18,615000.0
7454001210,3.0,1.0,1040.0,6860.0,2.0,0.0,0.0,3,6,1040.0,0.0,1942,0.0,98146,47.5121,-122.375,1030.0,6512.0,2014-06-03,239000.0
2122039137,3.0,2.5,1656.0,108900.0,1.0,0.0,0.0,4,7,1656.0,0.0,1985,0.0,98070,47.3758,-122.425,2030.0,29859.0,2015-04-13,462500.0
6884800180,4.0,2.0,2090.0,3610.0,1.5,0.0,0.0,5,7,1790.0,300.0,1927,0.0,98115,47.6881,-122.313,1660.0,3767.0,2014-06-11,619400.0
7110000068,6.0,2.75,2520.0,54160.0,2.0,1.0,4.0,3,7,2520.0,0.0,1954,0.0,98146,47.4969,-122.376,2790.0,26809.0,2014-07-03,975000.0
7625701935,2.0,1.0,700.0,4000.0,1.0,,0.0,3,6,700.0,0.0,1943,0.0,98136,47.5487,-122.391,1060.0,6000.0,2014-10-13,330000.0
4054500180,4.0,3.25,4030.0,36762.0,2.0,,0.0,3,11,4030.0,0.0,1988,0.0,98077,47.7235,-122.039,4090.0,40371.0,2014-07-24,985000.0
2917200475,2.0,1.0,760.0,7114.0,1.0,0.0,0.0,3,6,760.0,0.0,1946,0.0,98103,47.7005,-122.352,780.0,7102.0,2015-03-23,430000.0
3262300555,4.0,5.25,6500.0,14986.0,2.0,0.0,0.0,3,11,5180.0,1320.0,2001,0.0,98039,47.6304,-122.236,2270.0,8119.0,2014-07-08,2460000.0
1245003740,3.0,2.0,1840.0,6000.0,2.0,0.0,0.0,5,7,1720.0,120.0,1946,0.0,98033,47.6828,-122.207,1390.0,6000.0,2014-07-23,778000.0
1796381120,3.0,2.0,1090.0,7350.0,1.0,0.0,0.0,4,7,1090.0,0.0,1990,0.0,98042,47.3687,-122.085,1490.0,7741.0,2014-07-28,219000.0
3761100180,4.0,2.5,2980.0,13341.0,1.5,1.0,4.0,5,8,1800.0,1180.0,1928,0.0,98034,47.704,-122.245,2340.0,19810.0,2014-09-17,1600000.0
6666800180,4.0,2.25,1900.0,8272.0,1.0,0.0,0.0,4,9,1460.0,440.0,1966,0.0,98040,47.5803,-122.227,2040.0,8479.0,2015-01-30,715000.0
8651200040,4.0,2.5,2790.0,15653.0,2.0,,0.0,4,10,2790.0,0.0,1964,0.0,98040,47.5477,-122.215,3520.0,15653.0,2014-08-14,950000.0
5100402310,2.0,1.0,1280.0,5026.0,1.0,0.0,2.0,4,8,1020.0,260.0,1951,0.0,98115,47.6938,-122.312,1540.0,6380.0,2014-12-12,425000.0
421049170,3.0,1.0,1510.0,15022.0,1.0,,0.0,3,7,1510.0,0.0,1962,0.0,98003,47.3304,-122.304,1510.0,12970.0,2014-07-17,239000.0
726059047,1.0,1.0,920.0,8282.0,1.5,0.0,0.0,3,6,920.0,0.0,1944,0.0,98011,47.761,-122.214,2260.0,14025.0,2014-12-16,310000.0
5100403636,2.0,1.0,700.0,8120.0,1.0,0.0,0.0,3,7,700.0,0.0,1927,0.0,98115,47.6962,-122.321,1130.0,5599.0,2015-02-23,400000.0
1535204365,2.0,1.75,1980.0,44550.0,2.0,0.0,1.0,5,7,1280.0,700.0,1977,0.0,98070,47.4193,-122.444,1680.0,25343.0,2014-11-24,428000.0
4240400155,3.0,1.0,1440.0,4300.0,1.5,0.0,0.0,3,8,1440.0,0.0,1929,0.0,98117,47.6847,-122.372,1640.0,4500.0,2014-08-12,600000.0
5468750040,4.0,4.0,2740.0,8250.0,2.0,0.0,0.0,4,9,2740.0,0.0,1990,0.0,98042,47.3735,-122.156,2290.0,8250.0,2015-01-26,415000.0
9158100040,2.0,1.0,1400.0,8220.0,1.0,0.0,0.0,3,7,1400.0,0.0,1949,0.0,98133,47.7228,-122.357,1760.0,8220.0,2014-08-08,401000.0
7460000040,3.0,1.75,2270.0,7156.0,1.0,0.0,0.0,3,7,1370.0,900.0,1948,0.0,98168,47.4864,-122.316,1210.0,7156.0,2014-12-15,292000.0
2927600155,3.0,2.25,1310.0,12825.0,1.0,0.0,0.0,3,7,1310.0,0.0,1950,20130.0,98166,47.4515,-122.368,1600.0,11250.0,2014-07-22,291750.0
8731950910,3.0,1.75,1680.0,7455.0,1.0,0.0,0.0,4,8,1680.0,0.0,1968,0.0,98023,47.3112,-122.378,2040.0,8214.0,2015-02-18,227000.0
1726600110,3.0,2.25,2260.0,13209.0,1.0,0.0,0.0,3,9,2260.0,0.0,1977,0.0,98005,47.6385,-122.167,2820.0,12534.0,2014-07-17,675000.0
3320000212,3.0,2.25,1350.0,980.0,2.0,0.0,0.0,3,8,1050.0,300.0,2007,0.0,98144,47.5998,-122.312,1350.0,1245.0,2014-10-06,397500.0
1670400068,2.0,1.5,1820.0,8867.0,2.0,0.0,0.0,3,7,1820.0,0.0,1921,0.0,98168,47.4764,-122.269,1430.0,9288.0,2014-06-18,206000.0
7424700145,3.0,3.5,3380.0,3333.0,3.0,0.0,0.0,3,10,2800.0,580.0,2008,0.0,98122,47.6162,-122.288,2790.0,5000.0,2014-07-30,1190000.0
2408800120,4.0,1.75,2140.0,49658.0,1.0,0.0,0.0,5,7,2140.0,0.0,1959,0.0,98010,47.3583,-121.922,1720.0,99316.0,2014-07-16,360000.0
1776230180,4.0,2.5,2430.0,3249.0,2.0,0.0,0.0,3,8,2430.0,0.0,2010,0.0,98059,47.5048,-122.155,2650.0,3844.0,2014-10-08,427500.0
7889601320,2.0,1.0,940.0,6000.0,1.0,0.0,0.0,3,6,940.0,0.0,1943,0.0,98146,47.4907,-122.336,1310.0,6000.0,2014-07-25,115000.0
7589200153,3.0,1.5,2070.0,5386.0,1.0,0.0,0.0,4,7,1140.0,930.0,1948,0.0,98117,47.6896,-122.374,1770.0,5386.0,2014-06-09,559000.0
8032700175,4.0,1.0,1510.0,1501.0,1.5,0.0,0.0,3,7,1510.0,0.0,1906,0.0,98103,47.6526,-122.342,1560.0,1602.0,2014-10-27,420000.0
9238430300,4.0,1.75,2550.0,39460.0,1.0,,0.0,3,8,1890.0,660.0,1982,0.0,98072,47.7707,-122.123,2560.0,38638.0,2014-11-06,550000.0
6150700180,2.0,1.0,700.0,5940.0,1.0,0.0,0.0,3,7,700.0,0.0,1948,0.0,98133,47.7289,-122.337,1070.0,5995.0,2014-09-22,282150.0
3330501645,3.0,1.0,1150.0,3090.0,1.0,0.0,0.0,3,6,1150.0,0.0,1910,0.0,98118,47.5506,-122.276,1150.0,5664.0,2015-02-23,260000.0
7853210180,3.0,2.5,2340.0,3466.0,2.0,0.0,0.0,3,7,2340.0,0.0,2004,0.0,98065,47.5322,-121.851,1970.0,3739.0,2014-10-02,428000.0
6149700194,3.0,3.25,1510.0,1245.0,3.0,0.0,0.0,3,7,1510.0,0.0,2007,0.0,98133,47.7293,-122.343,1510.0,1245.0,2014-10-15,319950.0
3625049079,3.0,2.0,2070.0,9600.0,1.0,0.0,1.0,3,7,1590.0,480.0,1946,0.0,98039,47.616,-122.239,3000.0,16215.0,2014-08-01,1350000.0
2979800750,2.0,1.0,1150.0,5000.0,1.0,0.0,0.0,4,7,1050.0,100.0,1924,0.0,98115,47.6846,-122.317,1463.0,4320.0,2014-09-11,552000.0
2887700970,4.0,2.75,2190.0,2867.0,1.5,0.0,0.0,5,7,1470.0,720.0,1929,0.0,98115,47.6868,-122.308,1600.0,3800.0,2015-02-09,637000.0
8732130940,4.0,1.75,1980.0,9000.0,1.0,0.0,0.0,2,7,1480.0,500.0,1978,0.0,98023,47.3071,-122.381,1980.0,9360.0,2014-06-09,213000.0
2968800645,3.0,1.0,960.0,7200.0,1.0,0.0,0.0,4,6,960.0,0.0,1958,0.0,98166,47.4583,-122.353,1060.0,7620.0,2015-04-28,215000.0
2351800065,3.0,1.75,2180.0,6120.0,1.0,0.0,2.0,3,8,1380.0,800.0,1949,0.0,98199,47.6501,-122.405,2020.0,6122.0,2015-02-17,590000.0
2822069080,4.0,2.5,2560.0,43560.0,2.0,0.0,0.0,3,8,2560.0,0.0,1989,0.0,98038,47.3692,-122.047,2130.0,10150.0,2014-11-21,390000.0
5018200110,4.0,2.25,2270.0,11997.0,1.0,0.0,2.0,4,7,1540.0,730.0,1959,0.0,98198,47.4095,-122.296,1920.0,9634.0,2014-09-22,287000.0
1235100371,5.0,2.75,3550.0,9600.0,2.0,0.0,0.0,3,7,3550.0,0.0,1960,0.0,98033,47.6766,-122.186,3370.0,9600.0,2014-07-17,580000.0
3904930410,3.0,2.0,1330.0,5632.0,1.0,0.0,0.0,3,8,1330.0,0.0,1988,0.0,98029,47.5745,-122.017,1900.0,4842.0,2014-10-28,424000.0
3529000880,4.0,2.5,2110.0,6360.0,2.0,0.0,0.0,3,8,2110.0,0.0,1988,0.0,98029,47.5641,-122.012,2050.0,7000.0,2015-03-09,610000.0
8081020330,4.0,3.25,3470.0,11843.0,1.0,0.0,3.0,3,11,2270.0,1200.0,1989,0.0,98006,47.5513,-122.135,3910.0,13247.0,2014-07-29,1320000.0
2516000515,4.0,3.0,1550.0,3350.0,1.0,0.0,0.0,3,7,860.0,690.0,1918,20140.0,98107,47.6583,-122.362,1310.0,5000.0,2014-12-18,623500.0
3223039010,2.0,1.0,570.0,81893.0,1.0,0.0,1.0,3,6,570.0,0.0,1936,0.0,98070,47.4433,-122.444,2040.0,115434.0,2014-08-04,260000.0
9828702588,3.0,2.5,2030.0,1800.0,3.0,0.0,0.0,3,9,2030.0,0.0,2013,0.0,98112,47.6199,-122.3,1450.0,1441.0,2015-03-11,906000.0
6672920150,3.0,2.0,1500.0,11233.0,1.0,0.0,0.0,3,7,1500.0,0.0,1987,0.0,98019,47.7279,-121.967,1580.0,14013.0,2015-04-06,330000.0
9485700150,2.0,1.0,920.0,7688.0,1.0,0.0,0.0,3,6,920.0,0.0,1955,0.0,98106,47.5281,-122.362,1040.0,7440.0,2015-03-04,275000.0
3500100208,3.0,1.0,1470.0,8200.0,1.0,0.0,0.0,3,7,1040.0,430.0,1953,0.0,98155,47.7347,-122.302,1420.0,8200.0,2014-11-19,290000.0
4083302915,2.0,1.0,1150.0,3775.0,1.0,,0.0,3,7,1150.0,0.0,1917,0.0,98103,47.6539,-122.329,2240.0,3753.0,2014-09-17,599950.0
1560920450,4.0,3.0,4180.0,35169.0,2.0,0.0,0.0,3,11,4180.0,0.0,1986,19980.0,98038,47.4,-122.027,3010.0,35190.0,2014-09-24,550000.0
2475200930,3.0,1.75,1690.0,3449.0,1.0,0.0,0.0,3,7,1690.0,0.0,1987,0.0,98055,47.4719,-122.191,1530.0,4093.0,2014-07-22,289000.0
2064800120,4.0,2.75,2150.0,9915.0,1.0,0.0,0.0,5,8,1240.0,910.0,1976,0.0,98056,47.5378,-122.17,1980.0,9325.0,2014-06-02,411000.0
272000945,3.0,3.25,2330.0,4000.0,1.0,0.0,2.0,3,10,1730.0,600.0,1964,20000.0,98144,47.5882,-122.295,2080.0,4000.0,2015-03-25,826000.0
9476700035,4.0,2.0,2680.0,13680.0,2.0,0.0,2.0,4,7,2350.0,330.0,1943,0.0,98056,47.4887,-122.192,1430.0,11000.0,2014-07-10,400000.0
859000018,3.0,2.5,1740.0,2226.0,2.0,0.0,0.0,3,8,1320.0,420.0,2008,0.0,98106,47.525,-122.366,1740.0,1789.0,2014-08-14,342000.0
4237900645,2.0,1.75,1320.0,3420.0,1.0,0.0,1.0,3,7,1080.0,240.0,1955,0.0,98199,47.6639,-122.399,2070.0,6000.0,2014-10-10,475000.0
2436200436,4.0,3.5,3150.0,5500.0,2.0,0.0,0.0,3,9,3150.0,0.0,2014,0.0,98105,47.6644,-122.293,1550.0,4200.0,2014-07-08,1210000.0
7635801321,4.0,3.0,2480.0,9238.0,1.0,0.0,0.0,5,7,2050.0,430.0,1913,0.0,98166,47.4701,-122.364,1820.0,12214.0,2014-07-23,455000.0
3975400085,4.0,3.0,3330.0,4000.0,1.0,0.0,0.0,3,8,1790.0,1540.0,1958,0.0,98103,47.6559,-122.344,1610.0,4000.0,2014-06-24,850000.0
1099600220,3.0,1.0,1010.0,6400.0,1.0,0.0,0.0,3,7,1010.0,0.0,1971,0.0,98023,47.3027,-122.376,1820.0,6500.0,2015-01-08,185000.0
8952900245,6.0,3.25,4920.0,20590.0,1.0,0.0,3.0,4,9,2730.0,2190.0,1960,0.0,98118,47.5468,-122.267,3700.0,14994.0,2014-07-15,850000.0
1622049140,4.0,1.75,1570.0,18730.0,1.0,0.0,0.0,3,7,1200.0,370.0,1960,0.0,98198,47.3999,-122.301,1920.0,18295.0,2014-08-05,239900.0
2824069373,5.0,3.75,3580.0,14275.0,2.0,0.0,0.0,3,10,3190.0,390.0,1999,0.0,98027,47.5322,-122.056,2740.0,14300.0,2014-05-15,765000.0
1774000330,3.0,1.75,2220.0,17568.0,1.0,0.0,0.0,4,8,2220.0,0.0,1967,0.0,98072,47.749,-122.083,2070.0,11745.0,2014-07-07,437000.0
1555300530,3.0,1.5,1010.0,10350.0,1.0,,0.0,3,7,1010.0,0.0,1969,0.0,98032,47.379,-122.29,1640.0,7700.0,2014-07-14,240000.0
4402700593,2.0,1.0,1440.0,7808.0,1.0,0.0,0.0,4,7,860.0,580.0,1949,0.0,98133,47.7431,-122.336,1550.0,7682.0,2015-04-28,395000.0
2556500040,3.0,1.0,1230.0,7492.0,1.0,,0.0,3,7,1230.0,0.0,1955,0.0,98155,47.7633,-122.315,1710.0,7238.0,2015-01-06,320000.0
1737100040,3.0,1.75,1710.0,7350.0,1.0,0.0,0.0,3,8,1280.0,430.0,1981,0.0,98033,47.699,-122.167,2100.0,7560.0,2014-10-22,525000.0
7575620120,3.0,3.0,2390.0,8993.0,2.0,0.0,0.0,3,8,1680.0,710.0,1988,0.0,98003,47.3532,-122.306,1820.0,10362.0,2015-04-22,260000.0
2817900100,3.0,2.75,2840.0,39324.0,1.0,0.0,0.0,3,9,2200.0,640.0,1988,0.0,98092,47.3076,-122.101,2840.0,39413.0,2015-03-30,450000.0
1939100610,4.0,2.5,2300.0,7989.0,2.0,0.0,0.0,3,9,2300.0,0.0,1990,0.0,98074,47.6273,-122.034,2280.0,8835.0,2014-06-23,560000.0
4174600386,5.0,3.0,2270.0,5001.0,1.0,0.0,0.0,3,7,1360.0,910.0,1989,0.0,98108,47.5539,-122.3,1950.0,5500.0,2015-04-14,310000.0
1310440590,3.0,2.5,2290.0,6302.0,2.0,0.0,0.0,3,9,2290.0,0.0,1997,0.0,98058,47.435,-122.107,2700.0,7500.0,2015-04-13,440000.0
4037200690,4.0,1.0,1330.0,9715.0,1.0,0.0,0.0,4,7,970.0,360.0,1957,0.0,98008,47.6038,-122.122,1590.0,8400.0,2014-12-08,458450.0
8072000035,3.0,1.0,1200.0,10703.0,1.5,0.0,0.0,2,7,1200.0,0.0,1918,0.0,98118,47.5209,-122.28,1380.0,8068.0,2015-03-26,200000.0
2125410210,3.0,2.25,2160.0,6527.0,2.0,0.0,0.0,4,7,1580.0,580.0,1987,0.0,98034,47.7292,-122.212,1950.0,9675.0,2014-12-06,430000.0
3755000120,3.0,1.0,1120.0,10500.0,1.0,0.0,0.0,4,7,1120.0,0.0,1966,0.0,98034,47.7267,-122.226,1320.0,10500.0,2015-02-26,360000.0
3598600088,4.0,2.5,2090.0,11645.0,1.0,0.0,0.0,3,7,1200.0,890.0,1962,0.0,98168,47.4759,-122.299,1450.0,9481.0,2015-01-09,311000.0
4083305633,3.0,3.25,1470.0,1152.0,3.0,0.0,0.0,3,8,1470.0,0.0,2003,0.0,98103,47.6516,-122.337,1470.0,1506.0,2014-07-22,615000.0
9545200180,3.0,1.75,2270.0,10136.0,2.0,0.0,0.0,3,8,2270.0,0.0,1979,0.0,98027,47.535,-122.056,2260.0,9600.0,2014-11-26,575000.0
46100504,4.0,3.75,4100.0,22798.0,1.5,,3.0,5,11,2540.0,1560.0,1934,19790.0,98040,47.5648,-122.21,3880.0,18730.0,2014-06-17,2030000.0
952000925,3.0,1.75,1440.0,4025.0,1.0,0.0,0.0,4,6,720.0,720.0,1917,0.0,98126,47.567,-122.38,1500.0,5750.0,2014-09-22,430000.0
4039300490,3.0,1.5,1200.0,4800.0,1.0,0.0,0.0,4,7,1200.0,0.0,1962,0.0,98007,47.6084,-122.136,1510.0,7668.0,2014-06-03,400000.0
8151600941,3.0,1.75,1720.0,10710.0,1.0,0.0,0.0,3,7,860.0,860.0,1957,0.0,98146,47.5092,-122.362,1480.0,10359.0,2014-08-28,340000.0
3448001975,1.0,0.75,930.0,6600.0,1.0,0.0,0.0,3,6,930.0,0.0,1924,0.0,98125,47.7127,-122.296,1590.0,6600.0,2015-05-04,351000.0
2141500040,4.0,2.5,2400.0,8038.0,2.0,,0.0,3,8,2400.0,0.0,2002,0.0,98059,47.4881,-122.143,2040.0,7756.0,2014-09-12,440000.0
2798600120,4.0,2.5,1960.0,11798.0,2.0,0.0,0.0,3,8,1960.0,0.0,1999,0.0,98092,47.3293,-122.205,2360.0,11785.0,2015-04-22,298000.0
2227900040,4.0,1.75,1890.0,9205.0,1.0,0.0,0.0,3,8,1260.0,630.0,1964,0.0,98133,47.774,-122.348,1430.0,6775.0,2015-01-14,300000.0
3395040580,3.0,2.25,1590.0,3056.0,2.0,,0.0,3,7,1590.0,0.0,2001,0.0,98108,47.5432,-122.293,1540.0,2890.0,2014-10-23,310000.0
6137610620,4.0,2.5,2590.0,9354.0,2.0,0.0,0.0,4,9,2590.0,0.0,1993,0.0,98011,47.7703,-122.193,2730.0,9264.0,2014-08-08,500000.0
7518505375,3.0,1.0,860.0,1664.0,1.5,0.0,0.0,3,7,860.0,0.0,1927,0.0,98117,47.6761,-122.384,1540.0,4080.0,2015-05-05,399900.0
9206950100,3.0,2.5,1270.0,2509.0,2.0,0.0,0.0,3,8,1270.0,0.0,2004,0.0,98106,47.5357,-122.365,1420.0,2206.0,2014-06-17,343000.0
9542890100,2.0,2.25,1130.0,2191.0,2.0,0.0,0.0,3,8,1130.0,0.0,2010,0.0,98052,47.6861,-122.103,1140.0,1710.0,2014-12-29,415000.0
4254000620,3.0,2.5,1860.0,15457.0,2.0,0.0,0.0,3,8,1860.0,0.0,1997,0.0,98019,47.7383,-121.955,2040.0,14055.0,2014-10-07,410000.0
6414100026,2.0,1.0,1802.0,11225.0,1.0,0.0,0.0,3,7,1802.0,0.0,1961,0.0,98125,47.7205,-122.323,1810.0,7332.0,2015-01-08,320000.0
1346300035,5.0,3.0,4480.0,5000.0,2.5,0.0,0.0,5,12,3420.0,1060.0,1902,0.0,98112,47.6275,-122.315,3220.0,5600.0,2014-06-26,1990000.0
2212210360,2.0,1.0,1310.0,7128.0,1.0,0.0,0.0,4,7,940.0,370.0,1980,0.0,98031,47.3958,-122.189,1400.0,7161.0,2014-07-02,253000.0
205000410,3.0,2.5,2320.0,32772.0,2.0,0.0,0.0,3,9,2320.0,0.0,1992,0.0,98053,47.6304,-121.988,2610.0,33305.0,2014-09-15,630000.0
2892600056,2.0,1.0,1130.0,12500.0,1.0,0.0,0.0,4,7,1130.0,0.0,1953,0.0,98055,47.4514,-122.187,1270.0,10798.0,2015-01-06,216000.0
3396800120,3.0,2.5,2180.0,11100.0,1.0,0.0,0.0,3,8,1230.0,950.0,1983,0.0,98052,47.717,-122.101,1930.0,12000.0,2015-04-27,540000.0
2320069089,3.0,1.5,1830.0,12233.0,1.5,0.0,0.0,4,5,1830.0,0.0,1930,0.0,98022,47.2057,-122.003,1520.0,12233.0,2014-09-30,212000.0
4036400110,3.0,2.75,2340.0,12282.0,1.0,0.0,2.0,3,8,1470.0,870.0,1978,0.0,98155,47.7379,-122.289,2640.0,8887.0,2015-01-29,300000.0
7518506716,3.0,2.5,2830.0,3750.0,3.0,0.0,0.0,3,10,2830.0,0.0,2014,0.0,98117,47.6798,-122.385,1780.0,5100.0,2014-08-27,969950.0
9826701765,3.0,1.0,1610.0,7680.0,1.0,0.0,0.0,3,6,900.0,710.0,1956,0.0,98122,47.6038,-122.303,1940.0,2880.0,2014-08-08,715000.0
1438700040,5.0,2.75,2410.0,19447.0,2.0,0.0,2.0,3,10,2290.0,120.0,1968,0.0,98040,47.5549,-122.211,2980.0,19447.0,2014-08-25,1320000.0
5494000040,4.0,2.75,2660.0,9547.0,1.0,0.0,1.0,3,8,1930.0,730.0,1968,20060.0,98004,47.616,-122.218,2410.0,10001.0,2014-12-01,1440000.0
7224500375,3.0,1.0,1030.0,5350.0,1.0,0.0,0.0,3,7,1030.0,0.0,1924,20090.0,98055,47.4905,-122.206,1030.0,5250.0,2014-07-15,305000.0
1025049254,3.0,4.0,1390.0,1569.0,2.0,,0.0,3,9,1150.0,240.0,2006,0.0,98105,47.671,-122.269,1620.0,1855.0,2014-12-04,458000.0
2407000110,3.0,1.75,1580.0,8775.0,1.0,,0.0,3,6,1220.0,360.0,1942,0.0,98146,47.4845,-122.335,1180.0,8775.0,2015-04-14,275000.0
7203600745,3.0,2.75,2330.0,4780.0,2.0,0.0,3.0,3,8,1730.0,600.0,1930,19880.0,98198,47.3459,-122.326,1100.0,5336.0,2014-10-14,550000.0
7234601198,3.0,3.25,1540.0,704.0,3.0,0.0,0.0,3,9,1540.0,0.0,2011,0.0,98122,47.6177,-122.308,1540.0,1456.0,2014-06-04,742000.0
1931300110,3.0,1.0,1570.0,4000.0,2.0,,0.0,5,8,1570.0,0.0,1908,0.0,98103,47.6575,-122.346,1640.0,4000.0,2014-07-25,700000.0
8624700015,4.0,3.0,2940.0,5763.0,1.0,0.0,0.0,5,8,1640.0,1300.0,1955,0.0,98108,47.5589,-122.295,2020.0,7320.0,2014-11-12,640000.0
6149700315,3.0,0.75,1240.0,7200.0,1.0,,0.0,3,7,1240.0,0.0,1947,0.0,98133,47.7298,-122.342,1210.0,7200.0,2015-04-10,352000.0
2064800880,3.0,1.0,1410.0,7419.0,1.0,,0.0,3,7,1050.0,360.0,1969,0.0,98056,47.534,-122.173,1800.0,8000.0,2015-02-01,301500.0
3902300450,4.0,2.5,2190.0,9880.0,1.0,0.0,0.0,4,8,1410.0,780.0,1979,0.0,98033,47.6926,-122.186,2190.0,9198.0,2014-07-02,630000.0
1332300110,3.0,2.5,3040.0,6255.0,2.0,,0.0,3,7,3040.0,0.0,1999,0.0,98030,47.3817,-122.206,2670.0,6259.0,2015-02-23,340000.0
7663700610,4.0,1.75,1860.0,9364.0,1.0,0.0,0.0,3,7,1080.0,780.0,1953,0.0,98125,47.731,-122.301,1800.0,9364.0,2015-03-10,477500.0
7520000330,3.0,2.5,1690.0,7460.0,1.0,0.0,0.0,3,7,870.0,820.0,1997,0.0,98146,47.4964,-122.353,1900.0,7302.0,2014-08-13,285000.0
1521049156,3.0,2.75,1900.0,16117.0,1.0,0.0,0.0,4,7,1900.0,0.0,1958,0.0,98001,47.3144,-122.278,1640.0,19166.0,2014-10-10,255000.0
6648760150,3.0,2.5,1600.0,7982.0,2.0,0.0,0.0,3,8,1600.0,0.0,1993,0.0,98001,47.3397,-122.266,1890.0,9830.0,2014-07-28,315000.0
1807900300,6.0,3.0,2530.0,9000.0,1.0,0.0,0.0,3,6,2530.0,0.0,1978,0.0,98033,47.6716,-122.199,1886.0,6000.0,2014-12-17,830000.0
4310700778,3.0,2.25,1860.0,1558.0,3.0,0.0,0.0,3,8,1860.0,0.0,2014,0.0,98103,47.7006,-122.339,1760.0,2456.0,2015-02-10,539950.0
5364200620,3.0,2.25,2390.0,4590.0,2.0,0.0,0.0,3,8,2090.0,300.0,1941,19980.0,98105,47.6615,-122.276,2280.0,5179.0,2014-08-14,980000.0
1939130120,4.0,2.5,3100.0,8529.0,2.0,0.0,0.0,3,9,3100.0,0.0,1990,0.0,98074,47.6252,-122.029,2710.0,8344.0,2014-07-18,735000.0
7280300375,5.0,2.25,2650.0,9140.0,1.0,0.0,1.0,3,8,1350.0,1300.0,1965,0.0,98177,47.7772,-122.387,2700.0,7800.0,2015-01-22,536000.0
2767602720,3.0,2.0,1520.0,5000.0,1.5,0.0,0.0,3,7,1140.0,380.0,1945,0.0,98107,47.6733,-122.389,1530.0,4650.0,2015-02-23,575000.0
3300701185,2.0,1.0,1510.0,4000.0,1.0,0.0,0.0,3,6,930.0,580.0,1924,0.0,98117,47.6917,-122.38,1300.0,4000.0,2014-09-25,500000.0
8731901910,4.0,1.75,1960.0,7950.0,1.0,0.0,0.0,4,8,1960.0,0.0,1967,0.0,98023,47.3109,-122.377,1960.0,8400.0,2014-06-16,285500.0
2558640110,4.0,2.75,2270.0,7375.0,1.0,,0.0,4,7,1290.0,980.0,1973,0.0,98034,47.7222,-122.168,1750.0,7760.0,2014-05-14,498000.0
9465200405,2.0,1.0,910.0,6282.0,1.0,0.0,0.0,4,7,910.0,0.0,1939,0.0,98103,47.6967,-122.354,970.0,6281.0,2014-08-21,412000.0
2896000450,4.0,2.5,2100.0,8220.0,1.0,0.0,0.0,4,8,1300.0,800.0,1975,0.0,98052,47.6733,-122.145,2160.0,8348.0,2015-03-23,607000.0
1320069255,3.0,1.0,1000.0,8512.0,1.0,0.0,0.0,3,6,1000.0,0.0,1991,0.0,98022,47.2151,-121.993,1490.0,10395.0,2014-06-24,199000.0
8651720150,4.0,2.75,2760.0,18306.0,1.0,0.0,0.0,3,7,1630.0,1130.0,1978,0.0,98034,47.7302,-122.215,2470.0,9856.0,2014-07-21,492500.0
3840700757,4.0,2.5,2840.0,11044.0,2.0,0.0,0.0,3,8,2840.0,0.0,2001,0.0,98034,47.7134,-122.237,1934.0,9605.0,2014-06-19,585000.0
8856970530,3.0,2.5,1860.0,5321.0,2.0,0.0,0.0,3,7,1860.0,0.0,2000,0.0,98038,47.3848,-122.033,1940.0,5205.0,2014-12-08,326995.0
2473351050,4.0,2.25,1920.0,9660.0,1.0,0.0,0.0,4,8,1920.0,0.0,1968,0.0,98058,47.4544,-122.143,1890.0,7800.0,2014-08-13,372500.0
7003200120,2.0,0.75,840.0,40642.0,1.0,1.0,4.0,4,6,840.0,0.0,1937,0.0,98070,47.404,-122.447,1850.0,64069.0,2014-06-27,528000.0
1321059097,3.0,1.5,2390.0,32109.0,1.0,0.0,0.0,3,7,2390.0,0.0,1975,0.0,98092,47.3028,-122.102,1370.0,32109.0,2014-09-24,400000.0
2571910100,4.0,2.5,2100.0,8501.0,2.0,0.0,0.0,5,7,2100.0,0.0,1993,0.0,98022,47.1951,-122.01,2130.0,8560.0,2014-10-29,344000.0
5104511050,4.0,3.0,2430.0,7163.0,2.0,0.0,0.0,3,8,2430.0,0.0,2003,0.0,98038,47.3558,-122.013,2430.0,6028.0,2014-09-02,409950.0
2771603990,3.0,2.0,1880.0,4000.0,1.0,0.0,2.0,3,8,1280.0,600.0,1950,0.0,98199,47.6375,-122.391,1920.0,4000.0,2014-07-15,625000.0
9407001770,3.0,1.75,1350.0,9000.0,1.0,0.0,0.0,3,7,1350.0,0.0,1987,0.0,98045,47.4487,-121.773,1370.0,9500.0,2015-05-12,304950.0
3211230300,2.0,2.0,2160.0,35183.0,1.0,0.0,0.0,3,9,2160.0,0.0,1985,0.0,98092,47.312,-122.115,2450.0,34992.0,2014-09-29,381500.0
3229200040,3.0,1.75,1430.0,13399.0,1.0,0.0,0.0,4,7,900.0,530.0,1946,0.0,98168,47.4787,-122.275,1720.0,6415.0,2014-07-23,215000.0
3810000843,5.0,1.75,2840.0,12870.0,2.0,0.0,2.0,4,7,2840.0,0.0,1925,0.0,98178,47.4961,-122.235,2170.0,9612.0,2015-04-27,345000.0
4045700455,3.0,0.75,2510.0,20000.0,2.0,0.0,0.0,4,7,2510.0,0.0,1961,0.0,98001,47.2871,-122.287,2130.0,20000.0,2015-03-16,363000.0
3322049095,3.0,1.0,1690.0,20063.0,1.5,0.0,0.0,4,7,1690.0,0.0,1913,0.0,98001,47.3556,-122.294,1700.0,15899.0,2015-02-05,240000.0
8682280970,2.0,2.0,1930.0,5479.0,1.0,0.0,0.0,3,8,1930.0,0.0,2005,0.0,98053,47.7054,-122.011,1900.0,5479.0,2015-02-04,548050.0
9269200650,2.0,1.0,720.0,4920.0,1.0,0.0,0.0,3,6,720.0,0.0,1941,0.0,98126,47.5352,-122.371,670.0,4920.0,2014-10-27,314000.0
7701961220,4.0,2.5,2990.0,16809.0,2.0,,0.0,3,11,2990.0,0.0,1990,0.0,98077,47.7123,-122.073,3340.0,18752.0,2014-06-26,800000.0
7883603945,5.0,1.75,2300.0,6720.0,2.0,0.0,0.0,3,7,2300.0,0.0,1905,0.0,98108,47.528,-122.32,1200.0,6000.0,2014-07-15,400000.0
1352300580,1.0,1.0,460.0,4120.0,1.0,0.0,0.0,3,4,460.0,0.0,1937,0.0,98055,47.4868,-122.199,990.0,4120.0,2014-11-14,247000.0
8714600145,2.0,1.75,1240.0,4120.0,1.0,0.0,0.0,4,7,890.0,350.0,1906,0.0,98105,47.6689,-122.314,1640.0,3740.0,2015-04-01,540000.0
323089172,4.0,2.5,1900.0,15123.0,2.0,0.0,0.0,3,8,1900.0,0.0,1995,0.0,98045,47.5015,-121.772,1900.0,16477.0,2014-07-18,410000.0
8651511030,3.0,1.75,2120.0,9146.0,1.0,0.0,0.0,3,8,1260.0,860.0,1981,0.0,98074,47.6475,-122.064,2040.0,10485.0,2014-10-02,525000.0
7015200900,4.0,2.5,2440.0,5737.0,2.0,,0.0,4,8,1700.0,740.0,1929,0.0,98119,47.6472,-122.367,2020.0,5543.0,2015-04-10,820000.0
736100065,4.0,2.25,3300.0,15375.0,1.5,0.0,3.0,3,8,2820.0,480.0,1933,19840.0,98040,47.526,-122.225,3250.0,15375.0,2015-03-10,1250000.0
3123049131,2.0,1.0,1180.0,10200.0,1.0,0.0,0.0,4,7,1180.0,0.0,1955,0.0,98148,47.4358,-122.336,1330.0,10200.0,2014-12-18,244000.0
1773101530,1.0,1.0,520.0,4800.0,1.0,0.0,0.0,3,5,520.0,0.0,1930,0.0,98106,47.5533,-122.363,800.0,4960.0,2014-12-18,275000.0
6917700650,2.0,1.75,2070.0,23160.0,1.0,0.0,0.0,3,7,1260.0,810.0,1946,0.0,98199,47.6551,-122.394,1690.0,5458.0,2014-10-08,577000.0
3574800090,5.0,2.5,2250.0,7945.0,1.0,0.0,0.0,4,7,1360.0,890.0,1977,0.0,98034,47.7316,-122.221,1820.0,7866.0,2014-12-02,446950.0
7853220610,3.0,2.5,2050.0,5694.0,2.0,,2.0,3,8,2050.0,0.0,2004,0.0,98065,47.5331,-121.855,2680.0,7187.0,2014-07-29,457000.0
9537200037,4.0,1.5,1310.0,137214.0,1.5,0.0,0.0,4,7,1310.0,0.0,1926,0.0,98198,47.362,-122.316,1310.0,9450.0,2015-04-28,320000.0
5470100090,3.0,1.5,1250.0,9484.0,1.0,0.0,0.0,4,7,1250.0,0.0,1969,0.0,98042,47.3675,-122.147,1320.0,9600.0,2014-09-05,210000.0
3826500730,4.0,2.5,2130.0,9100.0,1.0,0.0,0.0,3,8,1290.0,840.0,1978,0.0,98030,47.3815,-122.169,1770.0,7700.0,2014-09-22,220000.0
2998800040,3.0,2.0,2250.0,8800.0,1.0,0.0,0.0,4,7,1250.0,1000.0,1925,0.0,98116,47.5737,-122.409,2250.0,4800.0,2014-06-13,589000.0
7658600150,4.0,2.0,1880.0,3840.0,1.0,0.0,0.0,3,7,970.0,910.0,1904,0.0,98144,47.5929,-122.303,1670.0,1820.0,2014-06-30,435000.0
3816300065,3.0,1.0,1520.0,10798.0,1.0,0.0,0.0,3,7,1520.0,0.0,1953,0.0,98028,47.7635,-122.262,1670.0,9876.0,2014-07-16,375000.0
1561600056,4.0,3.5,4010.0,9654.0,2.0,0.0,0.0,3,10,4010.0,0.0,2007,0.0,98004,47.5891,-122.2,1870.0,9873.0,2014-10-17,1740000.0
8682261250,2.0,1.75,1660.0,5581.0,1.0,0.0,0.0,3,8,1660.0,0.0,2005,0.0,98053,47.713,-122.033,1670.0,4871.0,2014-12-11,545000.0
6392002550,3.0,2.25,3400.0,10000.0,2.0,0.0,0.0,3,10,3400.0,0.0,1983,0.0,98115,47.6846,-122.284,1860.0,5100.0,2014-10-22,970000.0
1370803835,2.0,1.75,2320.0,6755.0,1.0,0.0,0.0,5,8,1380.0,940.0,1946,0.0,98199,47.6398,-122.403,1990.0,5000.0,2014-07-18,705000.0
7805450040,5.0,3.25,3740.0,11536.0,2.0,0.0,0.0,4,9,2540.0,1200.0,1984,0.0,98006,47.5599,-122.108,2920.0,11258.0,2015-03-16,915557.0
8019200823,4.0,1.5,1810.0,9000.0,1.5,0.0,0.0,3,7,1810.0,0.0,1960,0.0,98168,47.4911,-122.322,1520.0,9780.0,2015-02-09,259000.0
5457800930,2.0,2.25,3170.0,3000.0,2.0,,2.0,5,10,1990.0,1180.0,1900,0.0,98109,47.6291,-122.351,2980.0,5061.0,2014-06-13,1700000.0
3715500110,3.0,1.75,1680.0,8610.0,1.0,0.0,0.0,4,7,1290.0,390.0,1969,0.0,98034,47.7246,-122.173,1640.0,8809.0,2014-12-01,427000.0
6058600385,2.0,1.0,930.0,3100.0,1.0,0.0,0.0,3,6,930.0,0.0,1911,0.0,98144,47.5943,-122.302,1670.0,3800.0,2014-08-11,390000.0
7708250040,3.0,2.5,2390.0,8000.0,2.0,0.0,0.0,3,8,2390.0,0.0,1995,0.0,98042,47.3895,-122.154,2070.0,7585.0,2015-02-12,363000.0
2769600035,4.0,2.5,2680.0,3626.0,1.5,0.0,3.0,4,7,1680.0,1000.0,1928,0.0,98107,47.6727,-122.361,1950.0,4500.0,2014-08-07,612000.0
5500100120,4.0,1.75,1790.0,10186.0,1.0,0.0,0.0,4,8,1790.0,0.0,1965,0.0,98177,47.7769,-122.376,1790.0,9142.0,2014-09-16,380000.0
4472000040,4.0,3.0,1680.0,6003.0,1.0,0.0,0.0,3,7,1150.0,530.0,1997,0.0,98002,47.2885,-122.218,1820.0,6207.0,2014-08-18,230000.0
9376301591,3.0,1.75,1570.0,2600.0,1.5,0.0,0.0,4,8,1570.0,0.0,1931,0.0,98117,47.6867,-122.37,1490.0,4000.0,2015-04-14,580000.0
4232903990,3.0,1.0,2230.0,3200.0,2.0,0.0,2.0,3,8,1630.0,600.0,1918,0.0,98109,47.6334,-122.356,2280.0,5400.0,2014-11-19,770000.0
7575500150,4.0,2.0,1260.0,8400.0,1.0,0.0,0.0,3,6,1260.0,0.0,1991,0.0,98022,47.1946,-122.0,1120.0,8400.0,2014-09-24,207200.0
6817801430,3.0,2.0,1790.0,11430.0,1.0,,0.0,3,7,1190.0,600.0,1985,0.0,98074,47.6319,-122.035,1700.0,12114.0,2015-03-05,525000.0
2883200760,3.0,2.5,2440.0,7419.0,1.0,0.0,0.0,3,7,1520.0,920.0,1961,0.0,98103,47.6857,-122.334,2440.0,4880.0,2015-02-09,925000.0
1797500985,4.0,2.25,2410.0,4000.0,2.0,0.0,0.0,5,8,1650.0,760.0,1910,0.0,98115,47.6727,-122.316,1820.0,4000.0,2014-09-02,883000.0
2896400210,4.0,2.5,1780.0,2992.0,2.0,0.0,0.0,3,7,1780.0,0.0,2003,0.0,98072,47.7633,-122.149,1610.0,2961.0,2015-05-08,455000.0
8691510150,3.0,2.5,1900.0,5194.0,2.0,0.0,0.0,3,7,1900.0,0.0,2004,0.0,98058,47.4391,-122.117,2230.0,5194.0,2014-09-22,343500.0
6163901380,2.0,1.0,960.0,8450.0,1.0,,0.0,5,6,960.0,0.0,1950,0.0,98155,47.755,-122.316,1090.0,8450.0,2014-11-14,244000.0
9477000650,3.0,1.75,1640.0,11730.0,1.0,0.0,0.0,5,7,1640.0,0.0,1967,0.0,98034,47.7351,-122.189,1640.0,7770.0,2014-11-19,397000.0
2560800165,2.0,1.0,850.0,5000.0,1.0,0.0,0.0,3,6,850.0,0.0,1976,0.0,98198,47.3817,-122.314,1160.0,5000.0,2015-03-16,180500.0
5589300495,3.0,2.75,2150.0,6576.0,1.0,0.0,0.0,4,7,1900.0,250.0,1926,0.0,98155,47.7539,-122.308,2150.0,9071.0,2015-03-04,310000.0
2517000600,4.0,2.5,2780.0,3969.0,2.0,0.0,0.0,3,7,2780.0,0.0,2005,0.0,98042,47.3992,-122.164,2260.0,4160.0,2015-01-28,315000.0
5364200477,3.0,1.0,1030.0,4958.0,1.0,0.0,0.0,5,7,1030.0,0.0,1952,0.0,98105,47.6647,-122.277,2230.0,6987.0,2014-06-03,718000.0
7349400100,3.0,1.75,1930.0,7267.0,1.0,0.0,0.0,4,7,1330.0,600.0,1977,0.0,98002,47.3217,-122.205,1600.0,7698.0,2014-10-09,279950.0
1455600062,3.0,2.5,2080.0,9612.0,1.0,0.0,3.0,4,8,1700.0,380.0,1940,0.0,98125,47.7293,-122.283,2560.0,10202.0,2014-10-21,689000.0
629810720,4.0,2.5,3520.0,9901.0,2.0,0.0,0.0,3,10,3520.0,0.0,1998,0.0,98074,47.6084,-122.011,3490.0,9667.0,2014-08-18,828000.0
3395800455,2.0,1.0,890.0,8100.0,1.0,0.0,0.0,3,6,890.0,0.0,1942,0.0,98146,47.4839,-122.34,1260.0,8100.0,2014-06-25,150000.0
9191201385,3.0,1.75,1640.0,3400.0,1.0,0.0,0.0,4,7,930.0,710.0,1926,0.0,98105,47.6694,-122.3,1380.0,3750.0,2015-03-01,505400.0
6648150040,5.0,3.25,4860.0,23723.0,2.0,0.0,2.0,4,11,3820.0,1040.0,1989,0.0,98040,47.5767,-122.215,4040.0,13860.0,2014-05-13,1680000.0
7211400615,3.0,1.0,1040.0,5000.0,1.0,0.0,0.0,3,7,1040.0,0.0,1959,0.0,98146,47.5122,-122.358,1440.0,5000.0,2014-05-15,217450.0
6870000150,4.0,2.5,2820.0,4174.0,2.0,0.0,0.0,3,9,2820.0,0.0,2004,0.0,98034,47.7112,-122.226,2560.0,4853.0,2014-12-18,677000.0
3324079092,2.0,2.5,1320.0,48787.0,1.0,0.0,0.0,3,8,1320.0,0.0,2004,0.0,98027,47.5157,-121.924,1830.0,155073.0,2015-04-27,361000.0
8901000543,3.0,2.5,2590.0,7237.0,2.0,0.0,0.0,3,8,2590.0,0.0,2004,0.0,98125,47.7113,-122.309,1670.0,7648.0,2014-06-09,620000.0
7428000120,3.0,2.25,1540.0,5449.0,1.0,0.0,0.0,2,7,1180.0,360.0,1989,0.0,98023,47.29,-122.358,1460.0,6740.0,2014-12-10,176000.0
6675500112,3.0,1.0,960.0,7218.0,1.0,0.0,0.0,4,7,960.0,0.0,1969,0.0,98034,47.7278,-122.226,1580.0,9104.0,2015-04-14,330000.0
8898701340,3.0,2.5,1190.0,8175.0,1.0,0.0,0.0,3,7,1190.0,0.0,1986,0.0,98055,47.4556,-122.203,2230.0,9520.0,2014-10-29,290000.0
3904921120,4.0,2.5,2770.0,9532.0,2.0,0.0,0.0,4,9,2770.0,0.0,1988,0.0,98029,47.5688,-122.012,2770.0,9219.0,2014-07-15,711000.0
1545806960,3.0,1.75,1060.0,8100.0,2.0,0.0,0.0,4,7,1060.0,0.0,1983,0.0,98038,47.3617,-122.047,1410.0,8100.0,2015-04-22,295000.0
3303990410,5.0,3.25,4010.0,12110.0,2.0,0.0,0.0,3,11,4010.0,0.0,2003,0.0,98059,47.5228,-122.151,4010.0,12334.0,2014-11-11,1100000.0
1862900690,3.0,2.0,1140.0,7078.0,1.0,0.0,0.0,4,7,1140.0,0.0,1991,0.0,98031,47.4057,-122.185,1460.0,7078.0,2014-09-25,257500.0
123039333,4.0,1.0,1910.0,16320.0,1.5,0.0,0.0,3,6,1910.0,0.0,1934,0.0,98106,47.5151,-122.366,1380.0,9000.0,2014-06-09,240000.0
8077210230,4.0,2.5,2340.0,8955.0,2.0,0.0,0.0,3,9,2340.0,0.0,1990,0.0,98074,47.6283,-122.026,2340.0,8955.0,2014-12-12,645000.0
9550200650,2.0,1.75,1170.0,2400.0,1.0,0.0,0.0,4,7,740.0,430.0,1903,0.0,98103,47.6653,-122.333,1570.0,3919.0,2014-05-06,499000.0
4326000220,3.0,1.0,1290.0,9526.0,1.5,0.0,0.0,3,7,1290.0,0.0,1961,0.0,98034,47.7111,-122.213,1290.0,9508.0,2014-10-20,321000.0
1862400522,3.0,2.5,1810.0,1658.0,3.0,0.0,0.0,3,8,1810.0,0.0,1998,0.0,98117,47.6955,-122.376,1470.0,1585.0,2014-08-22,449000.0
7589200165,3.0,2.5,1820.0,5280.0,1.0,0.0,0.0,4,7,910.0,910.0,1949,0.0,98117,47.6892,-122.375,1600.0,4820.0,2015-01-07,515000.0
925059042,4.0,1.5,2220.0,12385.0,1.0,0.0,0.0,3,8,1270.0,950.0,1978,0.0,98033,47.6734,-122.185,2030.0,8831.0,2014-10-02,456000.0
2924079044,3.0,3.75,3830.0,219106.0,2.0,,0.0,3,9,3830.0,0.0,1977,19990.0,98027,47.5432,-121.952,2440.0,219106.0,2014-07-23,865000.0
5535600110,4.0,2.5,2920.0,7700.0,2.0,0.0,0.0,3,9,2920.0,0.0,2003,0.0,98019,47.7351,-121.975,2920.0,8943.0,2014-06-18,515500.0
1428900033,4.0,2.5,2630.0,6100.0,2.0,0.0,0.0,3,8,2630.0,0.0,2004,0.0,98072,47.7735,-122.167,2360.0,5765.0,2014-11-19,576925.0
1822059382,3.0,1.75,1320.0,10416.0,1.0,0.0,0.0,3,7,1320.0,0.0,1996,0.0,98031,47.3902,-122.208,1670.0,7991.0,2015-01-02,243000.0
3584000180,3.0,2.0,1400.0,8640.0,1.0,0.0,0.0,5,7,1400.0,0.0,1968,0.0,98003,47.3182,-122.319,1270.0,9375.0,2014-05-28,253400.0
7812500180,3.0,2.5,1600.0,3580.0,2.0,0.0,0.0,3,7,1600.0,0.0,2000,0.0,98178,47.4939,-122.261,2020.0,4327.0,2015-04-13,292000.0
984210220,3.0,2.5,1490.0,8005.0,1.0,0.0,0.0,3,7,1090.0,400.0,1976,0.0,98058,47.4359,-122.165,1880.0,7905.0,2014-12-03,271500.0
8682310220,2.0,2.5,2170.0,6750.0,1.0,0.0,0.0,3,8,2170.0,0.0,2012,0.0,98053,47.7115,-122.014,2150.0,6074.0,2014-08-27,765000.0
7586200061,3.0,3.25,1280.0,1730.0,2.0,0.0,0.0,3,8,1090.0,190.0,2005,0.0,98177,47.7032,-122.36,1280.0,2121.0,2015-03-12,375000.0
5127100100,3.0,2.0,1620.0,9566.0,1.0,0.0,0.0,4,7,1620.0,0.0,1968,0.0,98059,47.474,-122.146,1660.0,10011.0,2015-05-11,382880.0
7856000150,3.0,2.5,2630.0,10100.0,1.0,0.0,0.0,4,9,1580.0,1050.0,1967,0.0,98006,47.5638,-122.153,2400.0,9700.0,2014-06-09,852500.0
5076700025,3.0,1.5,1240.0,8738.0,1.0,0.0,0.0,3,7,1240.0,0.0,1959,0.0,98005,47.5849,-122.17,1440.0,9344.0,2014-11-24,475000.0
9221400600,3.0,1.75,1300.0,2580.0,1.0,0.0,0.0,5,7,820.0,480.0,1919,0.0,98115,47.674,-122.319,1180.0,2820.0,2014-05-23,462000.0
1924059278,3.0,1.75,2430.0,14607.0,1.0,,1.0,3,8,1230.0,1200.0,1949,19700.0,98040,47.5588,-122.211,2750.0,17425.0,2014-06-11,762400.0
6163901283,4.0,1.5,1890.0,7540.0,1.0,0.0,0.0,4,7,1890.0,0.0,1967,0.0,98155,47.7534,-122.318,1890.0,8515.0,2015-01-30,330000.0
7504460090,3.0,2.25,1890.0,12236.0,1.0,0.0,0.0,3,8,1890.0,0.0,1978,0.0,98074,47.6232,-122.047,2390.0,12323.0,2014-07-25,473000.0
4154302560,3.0,1.5,2440.0,7200.0,1.0,0.0,0.0,3,7,2440.0,0.0,1949,0.0,98118,47.5604,-122.274,1920.0,6900.0,2014-11-21,550000.0
7905390220,3.0,2.25,1780.0,7280.0,1.0,0.0,2.0,3,7,1340.0,440.0,1972,0.0,98034,47.723,-122.215,2060.0,7280.0,2014-06-23,449500.0
8691330910,4.0,2.75,2830.0,13059.0,2.0,0.0,0.0,3,10,2830.0,0.0,1998,0.0,98075,47.595,-121.986,3840.0,11596.0,2014-05-21,744000.0
9169100175,4.0,2.0,2490.0,4700.0,1.0,0.0,0.0,4,7,1690.0,800.0,1952,0.0,98136,47.5254,-122.392,2240.0,5000.0,2015-05-07,700000.0
5706202070,4.0,2.5,1560.0,12220.0,1.5,0.0,0.0,4,7,1560.0,0.0,1965,0.0,98027,47.5287,-122.053,1920.0,12220.0,2014-09-30,511100.0
9478501020,3.0,2.5,1980.0,4500.0,2.0,0.0,0.0,3,7,1980.0,0.0,2012,0.0,98042,47.3671,-122.113,2200.0,4500.0,2014-09-16,317950.0
426069095,3.0,2.5,2070.0,39768.0,2.0,0.0,0.0,3,8,2070.0,0.0,1988,0.0,98077,47.7696,-122.036,2740.0,44866.0,2014-10-14,542950.0
6752000330,3.0,1.75,1490.0,11360.0,1.0,0.0,0.0,3,8,1490.0,0.0,1975,0.0,98008,47.5896,-122.12,2350.0,10320.0,2014-08-15,490000.0
9834200555,4.0,3.5,3090.0,4060.0,2.0,0.0,0.0,3,8,2420.0,670.0,1992,0.0,98144,47.5733,-122.287,1720.0,4080.0,2015-02-19,760000.0
726059344,3.0,2.25,1580.0,8659.0,1.0,0.0,0.0,4,7,1220.0,360.0,1961,0.0,98011,47.7599,-122.215,1970.0,9650.0,2015-04-21,475000.0
8106100085,5.0,4.5,5190.0,23716.0,2.0,,2.0,3,11,3390.0,1800.0,1987,20000.0,98040,47.5846,-122.223,4460.0,22748.0,2014-05-09,1700000.0
3831250150,3.0,2.75,2692.0,6197.0,2.0,0.0,0.0,3,9,2692.0,0.0,2007,0.0,98030,47.3569,-122.202,2336.0,5700.0,2015-03-26,435000.0
7852020760,3.0,2.5,1740.0,3690.0,2.0,,0.0,3,8,1740.0,0.0,2000,0.0,98065,47.5345,-121.867,2100.0,4944.0,2014-11-01,399000.0
3142600120,3.0,2.0,1940.0,3800.0,1.0,0.0,0.0,4,7,1050.0,890.0,1927,0.0,98115,47.6842,-122.309,1700.0,3800.0,2014-08-26,627000.0
7831800495,4.0,2.5,2150.0,5100.0,1.5,0.0,0.0,3,7,1290.0,860.0,1991,0.0,98106,47.5338,-122.36,1920.0,5100.0,2014-10-02,346500.0
4037000065,3.0,1.5,1320.0,8000.0,1.0,0.0,0.0,3,7,1320.0,0.0,1957,0.0,98008,47.6027,-122.122,1720.0,8100.0,2015-04-14,412000.0
7574910450,4.0,2.5,3360.0,40471.0,2.0,0.0,0.0,4,10,3360.0,0.0,1994,0.0,98077,47.742,-122.035,3150.0,36823.0,2015-02-03,845000.0
6703700025,3.0,1.75,1850.0,9655.0,1.0,0.0,0.0,3,7,1100.0,750.0,1959,0.0,98155,47.7358,-122.319,1480.0,8683.0,2014-11-05,373000.0
5418500970,4.0,2.25,2880.0,8882.0,2.0,0.0,0.0,4,8,2480.0,400.0,1965,0.0,98115,47.6999,-122.284,2460.0,9610.0,2014-08-08,725000.0
5379806180,6.0,2.5,2420.0,11662.0,1.0,0.0,2.0,4,7,1420.0,1000.0,1965,0.0,98188,47.4459,-122.278,1630.0,11662.0,2014-08-13,376000.0
3332000061,3.0,1.0,2020.0,4120.0,1.5,0.0,0.0,4,7,1520.0,500.0,1929,0.0,98118,47.5514,-122.271,1200.0,4635.0,2014-08-05,552500.0
7635800600,5.0,2.0,2280.0,19000.0,1.5,0.0,0.0,3,6,2280.0,0.0,1924,0.0,98166,47.4683,-122.359,1790.0,11800.0,2014-06-26,365000.0
1825079086,4.0,2.5,3010.0,46173.0,2.0,0.0,0.0,3,9,3010.0,0.0,1996,0.0,98053,47.6471,-121.964,2590.0,49222.0,2014-05-21,700000.0
4399200085,4.0,2.25,2550.0,9736.0,1.0,0.0,0.0,4,8,2550.0,0.0,1967,0.0,98002,47.3193,-122.212,1770.0,9686.0,2015-03-05,315000.0
7131300031,4.0,2.0,1540.0,5110.0,1.0,0.0,0.0,3,7,1540.0,0.0,1957,0.0,98118,47.5164,-122.268,1540.0,5110.0,2015-03-31,262500.0
2719100355,3.0,2.25,2280.0,6150.0,2.0,0.0,2.0,3,8,2280.0,0.0,1984,0.0,98136,47.5423,-122.385,1920.0,6150.0,2014-11-04,660000.0
2517010120,4.0,2.5,2450.0,6941.0,2.0,0.0,0.0,3,7,2450.0,0.0,2006,0.0,98042,47.4006,-122.162,3300.0,6941.0,2015-04-13,340000.0
5700000600,5.0,2.5,2950.0,5500.0,1.5,0.0,0.0,5,7,1720.0,1230.0,1918,0.0,98144,47.5785,-122.293,2200.0,5000.0,2014-07-02,660500.0
5075400035,1.0,1.0,690.0,1950.0,1.0,0.0,0.0,3,6,690.0,0.0,1928,0.0,98117,47.6849,-122.374,1650.0,4864.0,2014-06-27,280000.0
5141000571,1.0,1.0,800.0,2480.0,1.0,0.0,0.0,4,6,800.0,,1919,0.0,98108,47.5581,-122.316,1490.0,4650.0,2014-08-25,267000.0
3664500300,2.0,1.0,1470.0,25661.0,1.5,0.0,0.0,3,4,1470.0,0.0,1932,0.0,98059,47.4878,-122.13,1670.0,43301.0,2014-11-06,230000.0
2607730490,3.0,2.25,1840.0,11403.0,2.0,0.0,0.0,3,8,1840.0,0.0,1993,0.0,98045,47.4862,-121.797,2150.0,11403.0,2014-09-22,417000.0
88000790,3.0,1.0,1170.0,9730.0,1.0,0.0,0.0,3,7,1170.0,0.0,1968,19860.0,98055,47.4562,-122.196,1680.0,10125.0,2014-07-14,252000.0
4083303540,5.0,1.75,2344.0,4800.0,1.5,0.0,0.0,4,7,1544.0,800.0,1921,0.0,98103,47.6537,-122.335,1770.0,4200.0,2015-03-20,791000.0
6430500219,1.0,1.0,1230.0,3774.0,1.0,0.0,0.0,4,6,830.0,400.0,1924,0.0,98103,47.6886,-122.354,1300.0,3774.0,2014-09-10,415000.0
203900610,3.0,1.75,1150.0,13278.0,1.0,0.0,0.0,5,7,1150.0,0.0,1966,0.0,98053,47.6384,-121.969,1560.0,12400.0,2014-07-24,339000.0
6083000123,3.0,1.0,1140.0,10477.0,1.0,,0.0,3,6,1140.0,0.0,1942,0.0,98168,47.4874,-122.306,1190.0,9750.0,2015-05-04,158000.0
2490200620,3.0,1.0,1660.0,5100.0,1.0,0.0,0.0,3,7,1260.0,400.0,1957,0.0,98136,47.5323,-122.383,1230.0,5100.0,2014-08-11,535000.0
9528102870,3.0,1.0,1080.0,4120.0,1.0,,0.0,3,7,980.0,100.0,1919,0.0,98115,47.6771,-122.319,1280.0,3090.0,2015-03-04,818900.0
2436700610,4.0,2.0,1720.0,4000.0,1.0,0.0,0.0,3,7,1420.0,300.0,1950,0.0,98105,47.6651,-122.285,1350.0,1281.0,2015-04-22,550000.0
7655900031,2.0,1.0,590.0,8717.0,1.0,0.0,0.0,3,6,590.0,0.0,1953,0.0,98133,47.7343,-122.335,1370.0,6760.0,2015-03-06,240000.0
7011201333,3.0,3.25,1290.0,1230.0,2.0,0.0,2.0,3,9,1090.0,200.0,2008,0.0,98119,47.6367,-122.37,1710.0,1797.0,2014-09-17,590000.0
9412200730,3.0,1.5,1480.0,21320.0,1.0,0.0,0.0,4,7,1480.0,0.0,1967,0.0,98027,47.5234,-122.043,1850.0,17825.0,2015-02-24,369300.0
3024079096,4.0,2.5,2600.0,118666.0,1.0,0.0,0.0,3,7,1400.0,1200.0,1981,0.0,98027,47.54,-121.97,2440.0,131116.0,2015-04-14,510000.0
5423600040,3.0,2.5,2040.0,10086.0,2.0,0.0,0.0,3,8,2040.0,0.0,1987,0.0,98052,47.679,-122.113,1940.0,10272.0,2014-07-07,542500.0
3291800120,3.0,1.0,970.0,7854.0,1.0,0.0,0.0,4,7,970.0,0.0,1980,0.0,98056,47.4899,-122.185,1480.0,7800.0,2015-01-02,262500.0
3052700921,6.0,3.0,2620.0,4350.0,1.0,0.0,0.0,3,7,1760.0,860.0,1957,0.0,98117,47.678,-122.373,1760.0,4300.0,2015-02-11,900000.0
2424059119,4.0,3.5,4560.0,41636.0,2.0,0.0,0.0,3,9,4170.0,390.0,1995,0.0,98006,47.5589,-122.116,2990.0,11381.0,2014-10-14,1100000.0
4335000145,3.0,1.75,1750.0,14400.0,1.0,,0.0,4,7,1750.0,0.0,1951,0.0,98166,47.4535,-122.361,2030.0,14400.0,2014-08-13,368000.0
1980200384,4.0,3.5,3620.0,6499.0,2.5,0.0,0.0,3,9,3620.0,0.0,2003,20090.0,98177,47.7326,-122.36,2330.0,7200.0,2014-10-22,825000.0
5637200150,3.0,2.0,1660.0,7509.0,1.0,0.0,0.0,3,7,1660.0,0.0,2002,0.0,98059,47.4872,-122.144,2380.0,8598.0,2015-01-14,343500.0
8864000970,4.0,1.0,1360.0,6000.0,1.0,0.0,0.0,4,6,1020.0,340.0,1944,0.0,98168,47.4783,-122.285,1230.0,6000.0,2014-12-04,273500.0
3885808210,3.0,2.5,2044.0,5610.0,2.0,0.0,0.0,4,9,2044.0,0.0,1996,0.0,98033,47.6791,-122.209,2440.0,5610.0,2015-01-20,1000000.0
7986400265,5.0,3.0,2370.0,6000.0,1.5,0.0,2.0,3,8,1340.0,1030.0,1926,20030.0,98107,47.6645,-122.358,1350.0,4500.0,2014-10-29,770000.0
9459200120,3.0,2.0,1170.0,3868.0,1.5,0.0,0.0,4,7,1170.0,0.0,1925,0.0,98118,47.5543,-122.29,1400.0,3800.0,2015-03-04,400000.0
1311200120,3.0,1.0,1660.0,7210.0,1.0,0.0,0.0,3,7,1100.0,560.0,1963,0.0,98001,47.3394,-122.281,1660.0,7245.0,2014-05-13,225000.0
3649100031,4.0,1.0,2020.0,18150.0,1.0,0.0,0.0,4,7,2020.0,0.0,1955,0.0,98028,47.739,-122.249,1530.0,11970.0,2015-03-05,345000.0
2475400120,3.0,2.5,2530.0,8116.0,2.0,0.0,0.0,3,8,2530.0,0.0,2001,0.0,98011,47.7597,-122.167,2280.0,8791.0,2014-10-01,450000.0
6365900065,2.0,1.0,870.0,5635.0,1.0,0.0,0.0,3,7,870.0,0.0,1948,0.0,98116,47.5676,-122.398,1310.0,5750.0,2014-07-18,334850.0
3959400645,5.0,3.0,3670.0,9600.0,1.0,0.0,1.0,3,8,1980.0,1690.0,1955,0.0,98108,47.5648,-122.316,1730.0,4933.0,2015-01-07,605000.0
4139660040,5.0,3.5,3180.0,14000.0,2.0,0.0,0.0,5,10,3180.0,0.0,1997,0.0,98006,47.5501,-122.128,3670.0,14450.0,2014-11-21,760000.0
3241600027,2.0,1.5,1870.0,12960.0,1.5,0.0,0.0,4,6,1350.0,520.0,1926,0.0,98118,47.5234,-122.288,1380.0,7800.0,2014-10-06,390000.0
8946400100,3.0,2.5,1940.0,5660.0,2.0,,0.0,3,8,1940.0,0.0,2001,0.0,98072,47.7511,-122.17,2110.0,4581.0,2014-08-04,488000.0
3625059152,3.0,3.25,4220.0,41300.0,1.0,1.0,4.0,4,11,2460.0,1760.0,1958,19870.0,98008,47.6083,-122.11,3810.0,30401.0,2014-12-30,3300000.0
624110110,5.0,4.5,4820.0,13165.0,2.0,0.0,0.0,4,11,3950.0,870.0,1990,0.0,98077,47.7295,-122.057,3880.0,13810.0,2015-02-22,1060000.0
522079015,3.0,2.0,2400.0,217800.0,2.0,0.0,0.0,3,8,1590.0,810.0,1975,0.0,98038,47.4166,-121.94,2340.0,207781.0,2015-03-22,608000.0
3204300455,3.0,2.25,2930.0,6000.0,2.0,0.0,2.0,3,11,1920.0,1010.0,2000,0.0,98112,47.6301,-122.301,1870.0,5040.0,2014-08-22,1390000.0
5414100040,2.0,1.0,800.0,3000.0,1.0,0.0,0.0,3,6,800.0,0.0,1904,0.0,98118,47.5602,-122.292,1640.0,3400.0,2014-09-15,299950.0
1930301015,3.0,3.25,2200.0,4800.0,2.0,0.0,2.0,3,7,1910.0,290.0,1943,19960.0,98103,47.6551,-122.353,1410.0,4800.0,2015-04-28,818000.0
1898200100,3.0,2.5,2400.0,9701.0,1.0,0.0,0.0,3,9,2400.0,0.0,1990,0.0,98023,47.3081,-122.392,2400.0,8258.0,2014-05-28,355000.0
9471200065,5.0,3.25,5570.0,9600.0,2.0,0.0,0.0,5,9,3860.0,1710.0,1952,0.0,98105,47.6708,-122.262,3170.0,10400.0,2014-10-15,1860000.0
510003085,3.0,3.25,1980.0,2850.0,3.0,0.0,0.0,3,7,1980.0,0.0,1987,0.0,98103,47.6597,-122.331,1630.0,4560.0,2014-06-23,660000.0
2579500110,3.0,2.25,3530.0,17450.0,1.0,,3.0,3,9,1840.0,1690.0,1930,19930.0,98040,47.5358,-122.213,3530.0,17310.0,2014-07-01,2370000.0
1762600090,4.0,2.5,3430.0,35120.0,2.0,0.0,0.0,3,10,3430.0,0.0,1984,0.0,98033,47.6484,-122.182,3920.0,35230.0,2015-04-24,1210000.0
6700390090,3.0,2.5,1720.0,3676.0,2.0,0.0,0.0,3,7,1720.0,0.0,1992,0.0,98031,47.4039,-122.188,1720.0,3510.0,2014-06-25,255950.0
6817801020,3.0,1.5,1930.0,11092.0,1.0,0.0,0.0,3,7,1500.0,430.0,1983,0.0,98074,47.634,-122.033,1230.0,10964.0,2014-08-21,475000.0
7931000053,4.0,1.75,2140.0,159865.0,1.0,0.0,0.0,4,7,1140.0,1000.0,1960,0.0,98031,47.4235,-122.218,1830.0,15569.0,2014-12-29,362950.0
1828000620,3.0,1.75,1110.0,9012.0,1.0,0.0,0.0,4,7,1110.0,0.0,1966,0.0,98052,47.6563,-122.131,1800.0,8679.0,2014-07-01,452000.0
2423400040,3.0,1.75,1970.0,8200.0,1.0,0.0,0.0,3,7,1270.0,700.0,1964,0.0,98168,47.4731,-122.327,1890.0,8348.0,2014-08-04,315000.0
6064800730,3.0,2.5,1630.0,2844.0,2.0,0.0,0.0,3,7,1630.0,0.0,2003,0.0,98118,47.5413,-122.288,1610.0,2582.0,2015-01-29,330950.0
3388300590,5.0,2.25,2520.0,49222.0,2.0,0.0,0.0,4,8,2520.0,0.0,1978,0.0,98027,47.4918,-122.064,2780.0,55321.0,2014-06-11,535000.0
1591600506,4.0,2.25,2270.0,9464.0,1.5,0.0,0.0,4,7,1520.0,750.0,1940,0.0,98146,47.5007,-122.359,1770.0,9464.0,2015-02-25,479000.0
6798100661,3.0,2.5,1212.0,1174.0,3.0,0.0,0.0,3,7,1212.0,0.0,2004,0.0,98125,47.7145,-122.311,1256.0,1226.0,2014-06-16,340000.0
8732800100,4.0,2.0,1890.0,8362.0,1.0,0.0,0.0,3,7,1890.0,0.0,1966,0.0,98188,47.4377,-122.279,1600.0,9257.0,2014-09-16,312000.0
2025701080,3.0,2.25,1370.0,6600.0,2.0,0.0,0.0,4,7,1370.0,0.0,1993,0.0,98038,47.3504,-122.035,1370.0,6600.0,2015-03-18,305000.0
4345000490,3.0,2.5,1770.0,7336.0,2.0,0.0,0.0,3,7,1770.0,,1996,0.0,98030,47.3639,-122.185,1770.0,7349.0,2014-12-02,270000.0
2771104010,3.0,2.5,1710.0,1664.0,2.0,,0.0,5,8,1300.0,410.0,2003,0.0,98199,47.6456,-122.383,1470.0,5400.0,2014-06-05,529999.0
3307700405,2.0,1.0,1190.0,6967.0,1.0,,0.0,3,7,1190.0,0.0,1946,0.0,98040,47.5896,-122.243,1700.0,6968.0,2014-07-23,587100.0
6817800910,3.0,2.0,1690.0,16061.0,1.0,0.0,0.0,3,7,1690.0,0.0,1984,0.0,98074,47.6359,-122.035,1280.0,12436.0,2014-11-18,459800.0
259801140,4.0,1.75,1680.0,7800.0,1.0,0.0,0.0,3,7,1330.0,350.0,1966,0.0,98008,47.6286,-122.118,1680.0,7210.0,2014-12-12,451000.0
1176001293,3.0,3.25,4340.0,4947.0,2.0,0.0,3.0,3,11,3060.0,1280.0,1993,0.0,98107,47.6709,-122.406,1680.0,5250.0,2014-06-17,2480000.0
820079101,3.0,2.25,2040.0,435600.0,2.0,0.0,2.0,4,7,2040.0,0.0,1983,0.0,98022,47.2328,-121.945,2020.0,223027.0,2014-12-22,525000.0
40001065,2.0,1.0,1110.0,26051.0,1.0,0.0,0.0,3,6,1110.0,0.0,1951,0.0,98168,47.4711,-122.291,2240.0,12255.0,2014-05-29,250000.0
3330501975,5.0,2.0,2040.0,6180.0,2.0,0.0,0.0,4,7,2040.0,0.0,1908,0.0,98118,47.5503,-122.28,1870.0,4365.0,2014-11-17,475000.0
3021059175,4.0,1.5,1920.0,11595.0,1.0,0.0,0.0,4,7,1920.0,0.0,1962,0.0,98002,47.2858,-122.212,1400.0,10550.0,2015-03-12,235000.0
8092500720,3.0,1.5,1330.0,9548.0,1.0,0.0,0.0,5,7,1330.0,0.0,1967,0.0,98042,47.3675,-122.11,1420.0,9548.0,2014-07-11,230000.0
9828702120,4.0,1.0,1630.0,2566.0,1.5,0.0,0.0,3,7,1630.0,0.0,1921,0.0,98122,47.6183,-122.3,1220.0,2314.0,2014-07-01,581000.0
6751300375,3.0,1.0,1520.0,9030.0,1.0,0.0,0.0,3,7,1520.0,0.0,1956,0.0,98007,47.587,-122.134,1470.0,8712.0,2014-07-02,415000.0
6751300375,3.0,1.0,1520.0,9030.0,1.0,0.0,0.0,3,7,1520.0,0.0,1956,0.0,98007,47.587,-122.134,1470.0,8712.0,2014-10-16,522500.0
6073300790,3.0,1.5,1340.0,7725.0,1.0,0.0,0.0,4,8,1340.0,0.0,1967,0.0,98056,47.5389,-122.173,1990.0,7725.0,2015-01-05,383000.0
8074400035,3.0,1.75,2500.0,8289.0,1.0,0.0,0.0,4,7,1250.0,1250.0,1958,0.0,98056,47.4973,-122.177,1710.0,8205.0,2014-10-30,315000.0
2254501335,3.0,2.0,1460.0,3600.0,2.0,0.0,0.0,3,7,1460.0,0.0,1902,0.0,98122,47.6123,-122.314,1590.0,1210.0,2014-09-22,591000.0
7504021510,4.0,2.25,3140.0,12150.0,2.0,0.0,0.0,3,9,3140.0,0.0,1979,0.0,98074,47.6361,-122.047,2370.0,12054.0,2014-12-19,750000.0
7625701386,3.0,1.75,2150.0,4333.0,1.0,0.0,0.0,3,7,1200.0,950.0,1956,0.0,98136,47.5537,-122.388,1480.0,6500.0,2014-05-16,430000.0
1775500371,4.0,2.5,3140.0,32336.0,1.5,0.0,0.0,3,10,3140.0,0.0,1995,0.0,98072,47.7412,-122.087,2340.0,19965.0,2015-05-01,712000.0
3244500037,3.0,2.5,2310.0,53578.0,1.0,0.0,0.0,4,8,1340.0,970.0,1981,0.0,98072,47.7677,-122.135,2660.0,49658.0,2015-04-06,510000.0
9828701745,2.0,1.0,710.0,4800.0,1.0,0.0,0.0,2,6,710.0,0.0,1950,0.0,98112,47.6212,-122.298,1480.0,1721.0,2015-01-23,480000.0
1994200040,3.0,1.0,1460.0,7200.0,1.0,0.0,0.0,3,7,1260.0,200.0,1906,0.0,98103,47.6875,-122.336,1430.0,4650.0,2014-06-13,538000.0
8122100265,2.0,2.75,730.0,5000.0,1.0,0.0,0.0,3,7,730.0,0.0,1929,0.0,98126,47.5381,-122.374,980.0,5000.0,2014-12-05,464000.0
7202290180,3.0,2.5,1440.0,3840.0,2.0,0.0,0.0,3,7,1440.0,0.0,2001,0.0,98053,47.6873,-122.043,1600.0,3131.0,2015-01-02,476000.0
4025300360,3.0,2.0,1130.0,16875.0,1.0,,0.0,4,7,1130.0,0.0,1947,0.0,98155,47.7489,-122.3,1600.0,14300.0,2015-03-26,349500.0
2557000540,3.0,2.25,1810.0,8262.0,2.0,,0.0,4,8,1810.0,0.0,1981,0.0,98023,47.2994,-122.37,1820.0,8262.0,2015-02-07,270000.0
9388100015,3.0,2.5,2710.0,18480.0,2.0,0.0,2.0,3,10,2000.0,710.0,1978,0.0,98034,47.7256,-122.259,2710.0,18077.0,2014-11-19,740000.0
6305900300,4.0,2.5,2740.0,8336.0,2.0,0.0,0.0,4,9,2740.0,0.0,1990,0.0,98031,47.3904,-122.176,2460.0,9189.0,2014-10-13,395000.0
7202340530,3.0,2.5,1690.0,4088.0,2.0,0.0,0.0,3,7,1690.0,0.0,2004,0.0,98053,47.6779,-122.034,1950.0,4088.0,2015-04-10,498000.0
7849202296,3.0,2.5,1470.0,4675.0,2.0,0.0,0.0,3,7,1470.0,0.0,1999,0.0,98065,47.5261,-121.827,1500.0,4385.0,2015-01-30,339900.0
255520150,3.0,2.5,2830.0,9972.0,2.0,,0.0,3,9,2830.0,0.0,2006,0.0,98019,47.7382,-121.975,3557.0,9159.0,2014-09-02,539000.0
3578401770,3.0,1.0,1410.0,9704.0,1.0,0.0,0.0,3,8,1140.0,270.0,1983,0.0,98074,47.6203,-122.036,1910.0,13639.0,2015-02-26,400000.0
984000410,3.0,2.5,2170.0,11745.0,1.0,0.0,0.0,4,7,1410.0,760.0,1967,0.0,98058,47.4342,-122.17,1860.0,8643.0,2015-02-18,225000.0
9834200925,3.0,2.25,1340.0,4080.0,1.5,0.0,0.0,3,6,1170.0,170.0,1907,0.0,98144,47.5722,-122.291,1670.0,4080.0,2014-09-10,330000.0
2225039103,3.0,3.0,2480.0,5500.0,2.0,,3.0,3,10,1730.0,750.0,1950,20050.0,98199,47.6466,-122.404,2950.0,5670.0,2014-06-26,1390000.0
6445800015,3.0,2.75,1990.0,31200.0,1.0,0.0,0.0,3,8,1990.0,0.0,1986,0.0,98029,47.5544,-122.035,3120.0,29625.0,2015-04-30,490000.0
1311800040,4.0,2.75,2240.0,7200.0,1.0,,0.0,3,7,1140.0,1100.0,1967,0.0,98001,47.3357,-122.275,1580.0,7416.0,2014-12-20,260000.0
1473120730,4.0,2.5,2990.0,8913.0,2.0,,0.0,4,9,2990.0,0.0,1991,0.0,98058,47.4353,-122.159,2740.0,8030.0,2014-06-27,469900.0
6820100035,6.0,1.75,2120.0,3801.0,1.5,0.0,0.0,4,7,1220.0,900.0,1925,0.0,98115,47.6832,-122.311,1850.0,4181.0,2014-11-12,493000.0
1824079107,4.0,2.25,2920.0,46355.0,2.0,0.0,0.0,4,9,2920.0,0.0,1998,0.0,98024,47.569,-121.962,2310.0,184694.0,2014-05-28,740000.0
2891000610,4.0,1.75,1700.0,6000.0,1.0,0.0,0.0,3,7,1700.0,0.0,1967,0.0,98002,47.3252,-122.208,1280.0,6000.0,2014-12-11,148900.0
6600220090,2.0,2.5,1620.0,14467.0,2.0,0.0,0.0,3,7,1620.0,0.0,1981,0.0,98074,47.6306,-122.035,1470.0,13615.0,2014-11-18,475000.0
4447300165,2.0,1.0,760.0,4000.0,1.0,0.0,0.0,3,7,760.0,0.0,1944,0.0,98117,47.6896,-122.396,1520.0,4000.0,2014-12-23,415000.0
2891000450,3.0,1.0,1230.0,6000.0,1.0,0.0,0.0,4,7,1230.0,0.0,1967,0.0,98002,47.3256,-122.209,1240.0,6000.0,2014-07-07,229500.0
9286000110,5.0,3.75,4960.0,13990.0,2.0,0.0,2.0,3,11,3760.0,1200.0,2001,0.0,98006,47.5491,-122.137,5200.0,18116.0,2014-08-14,1360000.0
2558160220,4.0,2.5,2030.0,11375.0,1.0,0.0,0.0,3,7,1330.0,700.0,1969,0.0,98028,47.7765,-122.261,1500.0,9160.0,2014-12-10,385000.0
2422000067,3.0,2.25,1830.0,11331.0,1.0,0.0,0.0,3,7,1250.0,580.0,1965,0.0,98001,47.2899,-122.287,2240.0,16433.0,2015-04-27,230000.0
2887701970,2.0,1.0,970.0,2700.0,1.0,0.0,0.0,4,7,770.0,200.0,1926,0.0,98115,47.6852,-122.312,1570.0,3348.0,2014-08-08,425000.0
8581400015,2.0,1.0,1000.0,4179.0,1.0,,0.0,5,5,1000.0,0.0,1914,0.0,98002,47.297,-122.227,1010.0,6327.0,2014-07-22,189900.0
7972603950,2.0,1.0,750.0,6480.0,1.0,0.0,0.0,3,6,750.0,0.0,1943,0.0,98106,47.5195,-122.35,1050.0,6390.0,2015-01-02,238000.0
7882600332,4.0,2.5,2620.0,16200.0,1.0,0.0,2.0,4,7,1570.0,1050.0,1950,19930.0,98033,47.6623,-122.196,3050.0,11875.0,2014-08-19,968060.0
5078400210,4.0,1.5,2220.0,9496.0,1.0,0.0,0.0,4,7,1490.0,730.0,1954,0.0,98004,47.6233,-122.206,1800.0,8286.0,2014-06-16,921000.0
1180008355,5.0,1.75,3000.0,6000.0,1.0,0.0,0.0,5,7,1500.0,1500.0,1958,0.0,98178,47.492,-122.225,2230.0,7125.0,2014-05-07,380000.0
2781600195,1.0,1.0,1060.0,54846.0,1.0,1.0,4.0,3,5,1060.0,0.0,1935,0.0,98070,47.4716,-122.445,2258.0,31762.0,2014-11-17,285000.0
3342100995,4.0,2.5,1980.0,5400.0,2.0,0.0,0.0,3,8,1980.0,0.0,1998,0.0,98056,47.5182,-122.207,1980.0,5400.0,2014-10-22,449000.0
2818600115,4.0,1.0,1600.0,5500.0,1.5,0.0,0.0,4,7,1600.0,0.0,1946,0.0,98117,47.6983,-122.393,1900.0,5500.0,2014-07-09,625000.0
8732020720,4.0,2.25,2000.0,9000.0,1.0,0.0,0.0,4,8,2000.0,0.0,1978,0.0,98023,47.3125,-122.387,2190.0,8374.0,2014-05-21,318989.0
1563100557,3.0,1.5,1310.0,1266.0,2.0,0.0,0.0,3,8,1120.0,190.0,2002,0.0,98116,47.5663,-122.408,1310.0,1378.0,2014-10-10,445000.0
9533100145,3.0,1.0,1120.0,8549.0,1.0,0.0,0.0,3,7,1120.0,0.0,1952,0.0,98004,47.6294,-122.205,1440.0,8640.0,2015-02-05,750000.0
3761700067,3.0,2.5,3320.0,11875.0,1.0,0.0,0.0,5,10,3320.0,0.0,1979,0.0,98034,47.7212,-122.26,3730.0,11875.0,2015-03-06,959000.0
8029500360,3.0,2.5,2370.0,9102.0,2.0,0.0,0.0,3,9,2370.0,0.0,1990,0.0,98023,47.3067,-122.394,2530.0,9883.0,2014-12-02,330000.0
7011201106,2.0,1.5,830.0,1241.0,2.0,0.0,0.0,3,7,830.0,,2005,0.0,98119,47.6363,-122.368,1610.0,2666.0,2015-02-16,425000.0
3235100110,3.0,1.0,940.0,7913.0,1.0,0.0,0.0,3,6,940.0,0.0,1948,0.0,98155,47.7657,-122.321,940.0,7913.0,2014-12-02,280000.0
2623089141,4.0,2.5,2250.0,50155.0,2.0,0.0,0.0,3,8,2250.0,,1998,0.0,98045,47.449,-121.756,2040.0,57857.0,2014-10-23,476500.0
1241500147,3.0,2.25,2020.0,3600.0,2.0,0.0,0.0,3,8,2020.0,0.0,1998,0.0,98033,47.6678,-122.165,2070.0,3699.0,2014-05-21,556000.0
1524079188,4.0,5.25,5240.0,320917.0,2.0,,2.0,3,10,5240.0,0.0,2006,0.0,98024,47.5605,-121.905,1930.0,68824.0,2014-07-29,1860000.0
9262800208,4.0,3.5,4083.0,68377.0,2.0,0.0,0.0,3,10,4083.0,0.0,2005,0.0,98001,47.3114,-122.262,2430.0,41382.0,2014-09-19,637000.0
1062100115,3.0,2.0,1450.0,6081.0,1.0,0.0,0.0,4,7,1450.0,0.0,1969,0.0,98155,47.7522,-122.278,1880.0,6000.0,2014-12-04,405000.0
6381500265,5.0,1.0,1170.0,6757.0,1.0,0.0,0.0,4,6,800.0,370.0,1944,0.0,98125,47.7332,-122.304,1590.0,6794.0,2014-06-27,397000.0
7203220300,4.0,2.75,3555.0,6565.0,2.0,0.0,0.0,3,9,3555.0,0.0,2014,0.0,98053,47.6847,-122.017,3625.0,5637.0,2014-07-24,895990.0
4027701220,3.0,2.0,1610.0,14046.0,2.0,0.0,0.0,3,7,1610.0,0.0,1933,19880.0,98028,47.7704,-122.264,2410.0,9000.0,2014-08-28,259000.0
114100758,2.0,1.0,960.0,112384.0,1.0,0.0,0.0,3,7,960.0,0.0,1955,0.0,98028,47.7642,-122.234,1210.0,24875.0,2014-10-22,420000.0
9376301110,3.0,2.5,1680.0,2096.0,2.0,0.0,0.0,3,8,1380.0,300.0,2008,0.0,98117,47.6904,-122.37,1360.0,2096.0,2014-05-19,518000.0
9371700085,3.0,1.75,1380.0,8182.0,1.0,0.0,0.0,5,7,1380.0,0.0,1942,0.0,98133,47.7513,-122.349,1300.0,8188.0,2014-07-22,425000.0
2122049096,2.0,1.0,1040.0,13920.0,1.0,0.0,0.0,3,6,1040.0,0.0,1973,0.0,98198,47.3756,-122.306,1100.0,7575.0,2014-08-08,182500.0
546000245,3.0,1.5,1380.0,3031.0,1.5,0.0,0.0,4,7,1380.0,0.0,1929,0.0,98117,47.6889,-122.38,1440.0,4005.0,2014-07-16,549900.0
2783600210,3.0,1.75,1850.0,16863.0,1.0,0.0,0.0,4,7,1280.0,570.0,1980,0.0,98034,47.7166,-122.225,1790.0,9000.0,2014-09-16,445000.0
5210200184,2.0,1.75,1740.0,5400.0,1.0,0.0,0.0,4,7,990.0,750.0,1946,0.0,98115,47.6971,-122.282,1980.0,5400.0,2014-06-06,452000.0
2125049133,5.0,1.75,1920.0,6500.0,1.0,0.0,0.0,3,7,1260.0,,1951,0.0,98112,47.6394,-122.308,1970.0,5500.0,2014-11-04,715000.0
7940710100,3.0,2.5,2010.0,5200.0,2.0,0.0,0.0,3,8,2010.0,0.0,1989,0.0,98034,47.7142,-122.203,1860.0,4400.0,2014-09-11,559000.0
6072800246,5.0,6.25,8020.0,21738.0,2.0,0.0,0.0,3,11,8020.0,0.0,2001,0.0,98006,47.5675,-122.189,4160.0,18969.0,2014-07-02,3300000.0
5466700450,4.0,1.75,1860.0,7350.0,1.0,0.0,0.0,4,7,1090.0,770.0,1977,0.0,98031,47.3979,-122.174,1710.0,7350.0,2014-10-15,250000.0
1425039029,5.0,4.0,4390.0,6656.0,2.0,,0.0,3,9,2930.0,1460.0,2008,0.0,98199,47.648,-122.397,1560.0,6656.0,2014-09-23,1230000.0
422069067,4.0,2.25,2380.0,128937.0,1.0,,0.0,4,7,2380.0,0.0,1960,0.0,98038,47.4253,-122.043,1030.0,114998.0,2015-05-12,276500.0
2472920740,4.0,2.5,2880.0,7386.0,2.0,0.0,0.0,4,9,2880.0,,1987,0.0,98058,47.4397,-122.15,2420.0,7663.0,2014-11-14,440000.0
2338800100,6.0,2.25,2820.0,15600.0,1.5,,2.0,5,7,1970.0,850.0,1940,0.0,98166,47.4635,-122.362,2520.0,7797.0,2014-05-08,543200.0
3524039060,1.0,1.0,750.0,4000.0,1.0,0.0,0.0,3,6,750.0,0.0,1918,0.0,98136,47.5243,-122.39,1770.0,4850.0,2014-06-01,250000.0
7539900040,4.0,2.5,1750.0,9000.0,1.0,0.0,0.0,3,8,1410.0,340.0,1977,20030.0,98052,47.6403,-122.105,2120.0,9600.0,2014-07-28,625000.0
1646502055,3.0,1.0,1540.0,3399.0,1.5,0.0,0.0,3,7,1200.0,340.0,1926,0.0,98117,47.6853,-122.359,1500.0,3914.0,2014-06-13,530100.0
1025049268,2.0,1.75,1140.0,936.0,2.0,0.0,0.0,3,8,940.0,200.0,2014,0.0,98105,47.6647,-122.284,1160.0,1327.0,2014-07-21,549900.0
324059076,4.0,1.5,1560.0,6534.0,1.0,0.0,0.0,4,7,1560.0,0.0,1962,0.0,98007,47.6012,-122.152,1560.0,6969.0,2015-03-11,430000.0
1853080730,3.0,2.5,2960.0,6856.0,2.0,0.0,0.0,3,10,2960.0,0.0,2009,0.0,98074,47.5906,-122.057,3320.0,6856.0,2014-12-10,835000.0
6708200040,4.0,2.75,2140.0,13000.0,1.0,0.0,0.0,3,7,1320.0,820.0,1968,0.0,98028,47.7683,-122.252,2360.0,11000.0,2014-05-07,409500.0
3438501452,4.0,2.5,1600.0,6765.0,1.0,0.0,0.0,3,7,830.0,770.0,1947,20110.0,98106,47.5469,-122.365,1600.0,8942.0,2014-05-20,329000.0
9287802380,4.0,2.75,2080.0,4000.0,1.5,0.0,0.0,3,8,2080.0,0.0,1912,20000.0,98107,47.6737,-122.358,1730.0,5000.0,2014-05-22,940000.0
2652501513,3.0,2.0,1560.0,3200.0,1.5,0.0,0.0,3,7,1560.0,0.0,1910,20070.0,98109,47.6398,-122.356,1240.0,3600.0,2014-08-13,539950.0
2421059125,4.0,2.5,2880.0,213444.0,1.0,0.0,0.0,5,8,2140.0,740.0,1984,0.0,98092,47.2887,-122.109,2810.0,213444.0,2015-04-14,579950.0
1250202990,5.0,3.0,2510.0,4125.0,1.5,,3.0,5,8,1590.0,920.0,1925,0.0,98144,47.5968,-122.29,2190.0,5415.0,2014-06-11,881000.0
6914700165,3.0,1.0,960.0,5424.0,1.5,,0.0,3,6,960.0,0.0,1916,0.0,98115,47.6997,-122.32,1550.0,5687.0,2014-08-04,362500.0
920069052,2.0,1.0,1120.0,35500.0,1.0,0.0,0.0,5,6,1120.0,0.0,1961,0.0,98022,47.2411,-122.043,1680.0,66022.0,2015-04-21,243950.0
7853310590,4.0,2.75,3310.0,6166.0,2.0,0.0,0.0,3,9,3310.0,0.0,2008,0.0,98065,47.521,-121.877,3200.0,7027.0,2014-05-29,658000.0
1898600100,3.0,1.5,1080.0,9774.0,1.0,0.0,0.0,3,7,1080.0,0.0,1968,0.0,98023,47.3155,-122.401,1190.0,9611.0,2014-11-24,218250.0
5611500100,4.0,2.5,2860.0,12394.0,2.0,0.0,0.0,3,10,2860.0,0.0,1999,0.0,98075,47.5832,-122.026,3070.0,8515.0,2014-05-22,655000.0
1796370590,3.0,2.0,1490.0,7599.0,1.0,0.0,0.0,3,7,1490.0,0.0,1990,0.0,98042,47.3687,-122.088,1560.0,7710.0,2015-03-05,255000.0
7831800110,3.0,1.0,1210.0,7175.0,1.0,0.0,0.0,3,7,1210.0,0.0,1918,0.0,98106,47.5339,-122.356,1640.0,5850.0,2015-01-15,215000.0
4218400175,3.0,1.75,2240.0,5657.0,1.5,0.0,2.0,4,8,1910.0,330.0,1941,0.0,98105,47.6621,-122.27,2970.0,5657.0,2015-02-23,1270000.0
5317100750,4.0,4.75,4575.0,24085.0,2.5,0.0,2.0,5,10,3905.0,670.0,1926,0.0,98112,47.6263,-122.284,3900.0,9687.0,2014-07-11,2920000.0
3365900175,3.0,2.5,1600.0,5960.0,2.0,0.0,2.0,5,8,1600.0,0.0,1910,0.0,98168,47.4758,-122.265,1410.0,13056.0,2015-04-02,424305.0
7649900175,4.0,1.75,2090.0,4300.0,1.5,0.0,0.0,4,7,1250.0,,1925,0.0,98136,47.5555,-122.397,1670.0,5000.0,2014-05-20,494000.0
8159600360,4.0,2.5,2260.0,3713.0,2.0,,0.0,3,9,2260.0,0.0,2003,0.0,98034,47.7247,-122.165,2260.0,3713.0,2014-06-05,560000.0
9272202260,3.0,1.0,1200.0,7000.0,2.0,0.0,0.0,1,7,1200.0,0.0,1908,0.0,98116,47.5883,-122.384,3290.0,6000.0,2014-09-24,130000.0
2820069048,4.0,2.5,2480.0,176418.0,1.5,,3.0,5,8,2480.0,0.0,1927,0.0,98022,47.1941,-122.038,1640.0,112384.0,2015-05-04,468000.0
6744700343,5.0,3.0,2240.0,15435.0,1.0,0.0,1.0,5,7,1390.0,850.0,1952,0.0,98155,47.7426,-122.288,2240.0,10750.0,2014-12-09,480000.0
925049318,3.0,1.75,1550.0,4054.0,1.5,0.0,0.0,4,7,1550.0,0.0,1926,0.0,98115,47.6743,-122.301,1510.0,3889.0,2014-08-11,475000.0
6648700150,4.0,1.75,2130.0,8151.0,1.0,0.0,0.0,4,7,1330.0,800.0,1967,0.0,98031,47.3932,-122.201,1600.0,8587.0,2015-02-25,285000.0
510001400,5.0,3.0,2870.0,5700.0,1.0,0.0,0.0,3,7,1950.0,920.0,1964,0.0,98103,47.6621,-122.33,1730.0,5529.0,2014-06-30,765000.0
7606200090,2.0,1.0,1160.0,5750.0,1.0,0.0,0.0,4,6,1160.0,0.0,1924,0.0,98065,47.5322,-121.829,1160.0,8250.0,2015-03-27,208000.0
8562890590,3.0,2.5,2430.0,5000.0,2.0,0.0,0.0,3,8,2430.0,0.0,2001,0.0,98042,47.3786,-122.127,2910.0,5620.0,2014-10-03,372000.0
441000115,2.0,1.0,900.0,5512.0,1.0,0.0,0.0,3,7,900.0,0.0,1947,0.0,98115,47.6877,-122.289,1270.0,5512.0,2014-12-09,470000.0
3876200330,5.0,2.75,2830.0,8925.0,1.5,0.0,0.0,3,7,2830.0,0.0,1967,0.0,98034,47.731,-122.179,1700.0,8539.0,2014-06-26,451000.0
1508210100,4.0,1.75,1620.0,8132.0,1.0,0.0,0.0,3,8,1620.0,0.0,1974,0.0,98052,47.6788,-122.11,1920.0,8400.0,2014-08-27,442200.0
2944500330,4.0,2.5,2510.0,8580.0,2.0,0.0,0.0,4,8,2510.0,0.0,1991,0.0,98023,47.295,-122.37,2290.0,7809.0,2014-08-25,330000.0
4302200625,3.0,1.75,1790.0,5120.0,1.0,0.0,0.0,4,6,940.0,850.0,1949,0.0,98106,47.5277,-122.355,1160.0,5120.0,2014-09-24,335000.0
2722049246,3.0,2.0,1640.0,13249.0,1.0,0.0,0.0,3,7,1640.0,0.0,1995,0.0,98032,47.3589,-122.281,1640.0,9240.0,2014-11-14,280000.0
142000175,3.0,1.75,2240.0,6050.0,1.0,0.0,0.0,4,8,1250.0,990.0,1950,0.0,98116,47.5658,-122.4,1720.0,6050.0,2014-08-22,625000.0
9558041130,3.0,2.5,1870.0,3584.0,2.0,0.0,0.0,3,8,1870.0,0.0,2003,0.0,98058,47.4521,-122.121,1900.0,3920.0,2014-09-03,345000.0
5112800210,4.0,1.0,1500.0,11050.0,1.0,0.0,0.0,5,7,1500.0,0.0,1964,0.0,98058,47.4509,-122.088,1970.0,20800.0,2014-10-24,255950.0
2461900850,4.0,1.0,1490.0,6000.0,1.5,0.0,0.0,3,7,1490.0,0.0,1918,0.0,98136,47.5518,-122.385,1700.0,6000.0,2015-01-05,570000.0
647100096,3.0,1.5,2230.0,8558.0,2.0,0.0,0.0,3,8,2230.0,0.0,1960,0.0,98040,47.5833,-122.219,2200.0,8558.0,2015-03-31,685000.0
2787311110,3.0,1.75,1710.0,7210.0,1.0,0.0,0.0,4,7,1240.0,470.0,1974,0.0,98031,47.4094,-122.175,1840.0,7245.0,2014-09-02,273148.0
1545801500,3.0,2.5,1620.0,7686.0,2.0,,0.0,3,7,1620.0,0.0,1989,0.0,98038,47.3613,-122.053,1370.0,7686.0,2014-06-25,246500.0
3811300110,5.0,2.5,2250.0,7176.0,1.0,0.0,0.0,3,7,1310.0,940.0,1983,0.0,98055,47.4486,-122.194,1550.0,9081.0,2015-04-06,349950.0
7519001321,4.0,2.0,1700.0,2350.0,1.0,0.0,0.0,3,6,850.0,850.0,1926,20140.0,98117,47.6865,-122.366,1600.0,4160.0,2015-02-10,545000.0
8641500252,3.0,2.5,1502.0,1400.0,3.0,0.0,0.0,3,7,1502.0,0.0,2005,0.0,98115,47.6951,-122.305,1377.0,1466.0,2015-02-27,403000.0
8562891240,4.0,2.5,1900.0,4054.0,2.0,,0.0,3,7,1900.0,0.0,2003,0.0,98042,47.3767,-122.124,2520.0,4085.0,2015-02-11,299950.0
8644210110,3.0,2.5,3320.0,12840.0,1.0,0.0,0.0,3,10,2600.0,720.0,1990,0.0,98075,47.5783,-121.994,3230.0,14933.0,2015-05-01,792000.0
8024202380,5.0,2.5,1980.0,10205.0,1.0,,0.0,4,7,1080.0,900.0,1929,0.0,98115,47.699,-122.307,1310.0,5413.0,2014-10-02,418000.0
5006000035,4.0,1.0,1670.0,8102.0,1.5,,0.0,3,6,1670.0,0.0,1944,0.0,98166,47.4692,-122.355,1310.0,7906.0,2015-04-27,332500.0
421069081,3.0,2.5,2235.0,43560.0,1.0,0.0,0.0,5,7,990.0,1245.0,1975,0.0,98010,47.3326,-122.046,1460.0,29621.0,2015-01-27,337000.0
5053300015,2.0,1.0,1070.0,7386.0,1.0,0.0,0.0,3,6,1070.0,0.0,1949,0.0,98108,47.5434,-122.298,1330.0,6351.0,2015-01-21,212000.0
8857320120,2.0,2.25,1800.0,2819.0,2.0,0.0,2.0,4,9,1800.0,0.0,1979,0.0,98008,47.6104,-122.113,1800.0,2755.0,2015-03-10,542000.0
7852110690,4.0,2.5,2980.0,8107.0,2.0,0.0,0.0,3,9,2980.0,0.0,2000,0.0,98065,47.5389,-121.876,2750.0,7760.0,2014-05-22,622500.0
6084600330,3.0,1.75,1670.0,8511.0,1.0,0.0,0.0,3,7,1340.0,330.0,1985,0.0,98001,47.3257,-122.276,1580.0,7218.0,2014-08-29,260000.0
5561000330,3.0,1.75,2620.0,38350.0,1.0,0.0,0.0,4,8,1320.0,1300.0,1977,0.0,98027,47.4619,-121.991,2170.0,36962.0,2015-05-05,525000.0
2225059273,5.0,3.5,5470.0,35071.0,2.0,0.0,0.0,3,11,4590.0,880.0,1976,0.0,98005,47.6368,-122.159,3600.0,35074.0,2014-11-14,975000.0
1370803445,4.0,1.75,3080.0,6500.0,1.0,0.0,0.0,4,9,1700.0,1380.0,1941,0.0,98199,47.6353,-122.402,2960.0,5711.0,2014-09-09,1140000.0
1236300268,3.0,1.0,940.0,10360.0,1.0,0.0,0.0,4,7,940.0,0.0,1964,0.0,98033,47.688,-122.19,2019.0,10360.0,2015-03-03,500000.0
7752700110,5.0,2.25,1870.0,11411.0,1.0,,0.0,4,8,1170.0,700.0,1961,0.0,98155,47.7445,-122.289,2420.0,10793.0,2014-06-18,554000.0
2781250230,4.0,2.5,2070.0,4500.0,2.0,0.0,0.0,3,7,2070.0,0.0,2004,0.0,98038,47.3497,-122.026,2760.0,5173.0,2014-06-05,343000.0
4027701055,2.0,1.75,950.0,15219.0,1.0,0.0,0.0,3,8,950.0,0.0,2009,0.0,98028,47.7723,-122.262,1560.0,12416.0,2015-04-24,515000.0
2755200040,2.0,1.0,1290.0,6272.0,1.0,0.0,0.0,4,6,890.0,400.0,1922,0.0,98115,47.6777,-122.305,1260.0,5376.0,2014-07-12,492000.0
2193320450,4.0,3.0,2570.0,8022.0,1.0,0.0,0.0,4,8,1370.0,1200.0,1984,0.0,98052,47.6956,-122.099,2090.0,8022.0,2015-02-13,655000.0
2895550330,3.0,2.5,1600.0,6848.0,2.0,0.0,0.0,3,7,1600.0,0.0,2000,0.0,98001,47.3303,-122.271,1700.0,7210.0,2015-05-06,290000.0
8712100790,4.0,1.5,2550.0,5055.0,2.0,0.0,0.0,4,10,2550.0,0.0,1910,0.0,98112,47.636,-122.301,1970.0,4431.0,2014-07-01,952500.0
7883603700,2.0,1.0,1010.0,7500.0,1.0,0.0,0.0,3,7,1010.0,0.0,1941,0.0,98108,47.5283,-122.32,1220.0,6000.0,2014-08-22,235000.0
3438502731,3.0,1.5,1720.0,7110.0,1.0,0.0,0.0,3,8,1720.0,0.0,1955,0.0,98106,47.5417,-122.355,1730.0,6840.0,2015-04-01,323000.0
2025049161,3.0,2.5,2200.0,1970.0,2.0,0.0,0.0,3,9,1610.0,590.0,2008,0.0,98102,47.6426,-122.327,1890.0,3505.0,2014-05-06,1050000.0
5706500385,2.0,1.0,1400.0,9600.0,1.5,0.0,0.0,4,6,1400.0,0.0,1941,0.0,98022,47.2113,-121.993,1230.0,9600.0,2015-01-29,200000.0
4024101254,3.0,2.25,1830.0,7500.0,1.0,0.0,0.0,4,7,1330.0,500.0,1968,0.0,98155,47.7574,-122.31,1830.0,8720.0,2014-12-04,419995.0
7923250090,3.0,3.0,3110.0,9015.0,1.0,,4.0,4,10,1590.0,1520.0,1980,0.0,98033,47.6624,-122.202,3150.0,11447.0,2015-03-10,1500000.0
6675500082,3.0,2.5,1600.0,7829.0,2.0,0.0,0.0,3,7,1600.0,0.0,1987,0.0,98034,47.7288,-122.227,1580.0,9104.0,2014-08-12,455000.0
4046710180,3.0,3.5,3600.0,37982.0,2.0,0.0,0.0,4,8,3600.0,0.0,1996,0.0,98014,47.6982,-121.917,2050.0,18019.0,2015-03-25,660000.0
1771000760,3.0,1.0,1390.0,12823.0,1.0,0.0,0.0,4,7,1390.0,0.0,1968,0.0,98077,47.7438,-122.075,1390.0,10095.0,2014-05-13,319000.0
3421069044,3.0,1.75,2092.0,250905.0,1.0,0.0,0.0,3,7,2092.0,0.0,1981,0.0,98022,47.2664,-122.027,2092.0,217800.0,2014-12-23,390000.0
6600000330,3.0,1.5,1200.0,6240.0,1.0,0.0,0.0,3,8,1030.0,170.0,1952,0.0,98112,47.6222,-122.287,2810.0,6240.0,2014-06-27,718500.0
2041000025,2.0,1.0,1090.0,3160.0,1.0,0.0,0.0,3,7,840.0,250.0,1926,0.0,98109,47.6385,-122.344,1070.0,3160.0,2014-12-03,474000.0
2215500230,4.0,2.0,2140.0,6360.0,2.0,0.0,0.0,3,7,1840.0,300.0,1945,0.0,98115,47.687,-122.286,1690.0,6360.0,2014-08-25,615750.0
6639900176,3.0,2.5,2010.0,17362.0,2.0,0.0,0.0,3,8,2010.0,0.0,1994,0.0,98033,47.6904,-122.176,1920.0,7200.0,2014-11-14,551000.0
104510180,3.0,2.25,1500.0,7210.0,1.0,0.0,0.0,3,7,1150.0,350.0,1984,0.0,98023,47.3124,-122.352,1500.0,7210.0,2015-02-11,230000.0
7202360760,4.0,2.5,3500.0,9198.0,2.0,0.0,0.0,3,9,3500.0,0.0,2004,0.0,98053,47.6785,-122.025,3990.0,8598.0,2014-07-11,790000.0
3879901285,3.0,2.5,2660.0,1967.0,3.0,0.0,3.0,3,9,1870.0,790.0,2007,0.0,98119,47.6264,-122.363,1640.0,1369.0,2015-03-26,1230000.0
1559900110,3.0,2.25,1440.0,6443.0,2.0,0.0,0.0,3,7,1440.0,0.0,1995,0.0,98019,47.7471,-121.979,1700.0,6749.0,2014-12-23,325000.0
7202260040,4.0,2.75,2780.0,6207.0,2.0,0.0,0.0,3,8,2780.0,0.0,2001,0.0,98053,47.6867,-122.038,2660.0,5592.0,2014-08-01,705000.0
7334600730,4.0,1.75,1580.0,8856.0,2.0,0.0,0.0,3,7,1580.0,0.0,1979,0.0,98045,47.4694,-121.745,1390.0,9490.0,2014-12-11,259000.0
1723049419,3.0,1.5,1250.0,8700.0,1.0,0.0,0.0,4,7,1250.0,0.0,1959,0.0,98168,47.4744,-122.328,1300.0,8700.0,2014-12-04,306000.0
3438501081,3.0,1.0,970.0,6828.0,1.0,0.0,0.0,3,6,970.0,0.0,1928,0.0,98106,47.5476,-122.36,1160.0,11666.0,2014-12-15,315000.0
2916200054,3.0,1.0,1100.0,7650.0,1.0,0.0,0.0,3,7,1100.0,0.0,1952,0.0,98133,47.7219,-122.354,1430.0,7650.0,2015-04-13,392500.0
3024059149,4.0,2.25,3240.0,12930.0,2.0,0.0,0.0,4,9,2730.0,510.0,1968,0.0,98040,47.5373,-122.22,2610.0,12884.0,2014-11-12,1070000.0
1862400528,2.0,2.5,1290.0,1445.0,3.0,0.0,0.0,3,8,1290.0,0.0,1999,0.0,98117,47.6955,-122.376,1470.0,1503.0,2014-07-16,350500.0
6329000385,4.0,3.5,3810.0,9792.0,2.0,0.0,0.0,3,9,3810.0,0.0,1938,20130.0,98146,47.5018,-122.38,1950.0,9792.0,2014-06-18,825000.0
7812800215,4.0,1.0,1500.0,6360.0,1.5,0.0,0.0,3,6,1500.0,0.0,1944,0.0,98178,47.4979,-122.24,1190.0,6360.0,2014-08-08,235000.0
2324079057,3.0,2.0,2660.0,257875.0,1.0,0.0,2.0,4,8,1530.0,1130.0,1976,0.0,98024,47.553,-121.887,1710.0,64033.0,2015-03-02,650000.0
1982201485,4.0,3.0,2400.0,3340.0,1.0,0.0,0.0,4,7,1200.0,1200.0,1964,0.0,98107,47.6646,-122.365,1520.0,3758.0,2014-05-12,675000.0
740500040,4.0,1.0,1860.0,8505.0,1.0,0.0,0.0,4,7,1860.0,0.0,1955,0.0,98055,47.4406,-122.194,1560.0,8505.0,2014-10-01,265000.0
3025049052,2.0,1.0,1450.0,7098.0,1.0,0.0,4.0,3,7,1450.0,0.0,1924,0.0,98109,47.63,-122.349,2390.0,6098.0,2014-08-12,822500.0
5244801255,3.0,2.75,2260.0,4000.0,2.0,0.0,0.0,4,8,1540.0,720.0,1956,0.0,98109,47.6435,-122.353,2120.0,4000.0,2015-04-28,705000.0
2397101606,6.0,4.75,5540.0,7200.0,2.5,0.0,2.0,4,11,3950.0,1590.0,1909,0.0,98119,47.6361,-122.366,2930.0,7200.0,2014-12-08,2630000.0
7234601445,2.0,1.5,1300.0,1676.0,1.0,,2.0,3,7,1300.0,0.0,1943,0.0,98122,47.6133,-122.308,1260.0,1740.0,2014-06-23,685000.0
3693901105,4.0,2.0,1610.0,5000.0,2.0,0.0,0.0,5,7,1610.0,0.0,1946,0.0,98117,47.6775,-122.398,1300.0,4950.0,2014-10-20,630000.0
3124059006,4.0,3.25,3820.0,24166.0,2.0,0.0,1.0,4,11,3310.0,510.0,1990,0.0,98040,47.5263,-122.227,2900.0,18786.0,2014-05-08,1250000.0
2523039310,4.0,2.5,1820.0,11325.0,1.0,,0.0,3,8,1390.0,430.0,1976,0.0,98166,47.4574,-122.361,1990.0,10802.0,2015-01-12,359000.0
5469650040,4.0,5.0,5820.0,13906.0,2.0,0.0,0.0,3,11,3750.0,2070.0,1993,0.0,98042,47.3814,-122.164,2980.0,13000.0,2015-03-16,784500.0
5021900945,3.0,2.0,2470.0,8800.0,2.0,,0.0,3,9,2470.0,0.0,1961,20040.0,98040,47.5753,-122.222,2340.0,10980.0,2014-07-03,850000.0
1152700220,3.0,2.5,3040.0,6054.0,2.0,0.0,0.0,3,9,3040.0,0.0,2005,0.0,98042,47.3508,-122.163,2650.0,6054.0,2014-09-03,410000.0
1423900220,4.0,1.75,1120.0,8250.0,1.0,0.0,0.0,4,7,1120.0,0.0,1966,0.0,98058,47.4555,-122.177,1330.0,7975.0,2014-07-09,252000.0
3425059066,5.0,1.75,1880.0,18295.0,1.0,0.0,0.0,4,7,1880.0,0.0,1955,0.0,98005,47.6059,-122.154,2180.0,20674.0,2014-08-12,618000.0
5347200165,3.0,1.0,1070.0,4800.0,1.0,0.0,0.0,3,6,970.0,100.0,1947,0.0,98126,47.5187,-122.377,1120.0,1198.0,2014-10-02,265000.0
5145100300,3.0,2.0,1560.0,8509.0,1.0,0.0,0.0,3,8,790.0,770.0,1969,0.0,98034,47.7261,-122.22,1410.0,7428.0,2014-09-18,465000.0
6141100395,2.0,1.0,870.0,6552.0,1.0,0.0,0.0,3,6,870.0,0.0,1947,0.0,98133,47.7188,-122.353,1500.0,6678.0,2015-02-04,240000.0
5153200506,3.0,1.0,1000.0,12000.0,1.0,0.0,0.0,3,7,1000.0,0.0,1959,0.0,98023,47.3321,-122.346,1490.0,14940.0,2014-07-31,217000.0
9122000385,4.0,2.25,2520.0,4200.0,1.5,0.0,0.0,4,7,1510.0,1010.0,1909,0.0,98144,47.5814,-122.312,1460.0,4200.0,2014-08-06,415000.0
3279000120,2.0,2.0,1700.0,7992.0,1.0,0.0,0.0,4,7,950.0,750.0,1980,0.0,98023,47.3031,-122.385,1700.0,8030.0,2014-12-22,274000.0
3438503223,5.0,3.0,2150.0,6117.0,1.0,0.0,0.0,3,7,1370.0,780.0,2003,0.0,98106,47.538,-122.356,1990.0,6064.0,2015-02-23,420000.0
6788201240,4.0,2.75,1590.0,6000.0,1.5,0.0,0.0,4,8,1590.0,0.0,1925,0.0,98112,47.6401,-122.299,1590.0,4000.0,2015-03-18,1060000.0
4139900120,4.0,5.25,4670.0,43950.0,2.0,0.0,0.0,3,12,4670.0,0.0,1989,0.0,98006,47.5456,-122.126,4900.0,35000.0,2014-06-05,1420000.0
1868900775,3.0,2.0,1800.0,5000.0,1.0,0.0,0.0,4,7,1080.0,,1942,0.0,98115,47.6738,-122.297,1800.0,5000.0,2014-05-05,618500.0
764000180,3.0,1.5,1670.0,10800.0,1.0,0.0,0.0,4,8,1670.0,0.0,1956,0.0,98022,47.2004,-122.003,1670.0,9169.0,2015-01-09,295000.0
3578400910,3.0,2.0,1010.0,12252.0,1.0,,0.0,3,8,1010.0,0.0,1980,0.0,98074,47.6224,-122.045,1840.0,11497.0,2015-03-16,400000.0
5631500191,3.0,2.5,2550.0,6677.0,2.0,0.0,0.0,3,8,2550.0,0.0,2002,0.0,98028,47.7336,-122.232,1930.0,7217.0,2015-03-26,595000.0
6448000100,4.0,3.0,3700.0,20570.0,1.0,0.0,0.0,4,10,1850.0,1850.0,1976,0.0,98004,47.6212,-122.224,3080.0,17595.0,2014-06-17,1730000.0
1545801340,3.0,1.75,1350.0,7686.0,1.0,0.0,0.0,3,7,1350.0,0.0,1987,0.0,98038,47.3617,-122.052,1370.0,7686.0,2014-12-31,261000.0
5244800915,5.0,2.5,1660.0,4000.0,1.5,0.0,0.0,5,8,1660.0,0.0,1929,0.0,98109,47.6452,-122.352,1210.0,4000.0,2014-10-16,780000.0
4217400590,3.0,1.5,1390.0,5040.0,1.0,0.0,0.0,3,7,1090.0,300.0,1947,0.0,98105,47.6611,-122.282,1910.0,4800.0,2014-11-18,589000.0
1683600110,3.0,1.75,1720.0,9125.0,1.0,0.0,0.0,4,7,1140.0,580.0,1981,0.0,98092,47.3173,-122.181,1120.0,7506.0,2015-03-05,230000.0
3630090110,4.0,3.5,2980.0,2147.0,2.5,0.0,0.0,3,10,2490.0,490.0,2006,0.0,98029,47.5463,-121.995,2880.0,2428.0,2014-10-18,690000.0
1785400210,4.0,2.25,2190.0,15491.0,2.0,0.0,0.0,3,8,2190.0,0.0,1981,0.0,98074,47.6299,-122.039,2090.0,15039.0,2015-01-29,524000.0
3319500317,2.0,2.5,1230.0,987.0,2.0,0.0,0.0,3,7,1060.0,170.0,2011,0.0,98144,47.6007,-122.305,1290.0,1328.0,2014-05-22,380000.0
2492200256,3.0,1.0,1000.0,4080.0,1.0,0.0,0.0,4,7,740.0,260.0,1945,0.0,98126,47.5351,-122.381,1480.0,4080.0,2014-11-12,357500.0
3797300110,3.0,2.0,2500.0,10697.0,1.0,0.0,0.0,3,8,2500.0,0.0,1994,0.0,98022,47.1927,-122.01,2560.0,9772.0,2014-10-27,330000.0
1870400615,5.0,1.75,2240.0,4750.0,1.0,0.0,0.0,4,7,1120.0,1120.0,1920,0.0,98115,47.6727,-122.293,1980.0,4750.0,2015-03-09,635000.0
8823901445,9.0,3.0,2820.0,4480.0,2.0,0.0,0.0,3,7,1880.0,940.0,1918,0.0,98105,47.6654,-122.307,2460.0,4400.0,2015-03-13,934000.0
3630000150,2.0,1.75,1400.0,865.0,2.0,0.0,0.0,3,8,1110.0,,2005,0.0,98029,47.5478,-121.999,1380.0,1107.0,2015-01-28,358500.0
5727500301,3.0,1.5,1470.0,6867.0,1.0,0.0,0.0,3,8,1470.0,0.0,1955,0.0,98155,47.7495,-122.327,1470.0,6523.0,2014-10-06,401000.0
4167960330,3.0,2.0,1820.0,7750.0,1.0,0.0,0.0,3,8,1820.0,0.0,1992,0.0,98023,47.3169,-122.352,2080.0,8084.0,2015-01-09,270000.0
2484700155,4.0,2.0,2060.0,6000.0,1.0,,1.0,4,8,1370.0,690.0,1954,0.0,98136,47.5237,-122.383,2060.0,6600.0,2014-10-14,705000.0
4046700300,3.0,2.0,1670.0,17071.0,1.0,0.0,0.0,3,7,1100.0,570.0,1988,0.0,98014,47.69,-121.913,1660.0,15593.0,2014-10-30,325000.0
4365200865,3.0,1.0,1540.0,7740.0,1.0,0.0,0.0,4,7,1540.0,0.0,1909,0.0,98126,47.522,-122.375,1220.0,7740.0,2014-09-02,384950.0
6713700205,3.0,1.0,1210.0,9730.0,1.0,0.0,0.0,4,7,1210.0,0.0,1953,0.0,98133,47.762,-122.355,1470.0,9730.0,2014-07-15,310000.0
293800900,4.0,2.5,3430.0,42775.0,2.0,0.0,0.0,3,10,3430.0,0.0,1992,0.0,98077,47.765,-122.045,3190.0,36820.0,2014-10-06,829950.0
3375800220,3.0,2.5,2550.0,6021.0,2.0,0.0,0.0,3,7,2550.0,0.0,2002,0.0,98030,47.3828,-122.211,2080.0,6021.0,2015-03-30,353000.0
8898700820,2.0,1.0,1060.0,7700.0,1.0,0.0,0.0,3,7,820.0,240.0,1981,0.0,98055,47.4599,-122.205,1370.0,8833.0,2014-07-07,170500.0
2725069156,4.0,2.5,3670.0,49658.0,2.0,0.0,0.0,3,10,3670.0,0.0,1999,0.0,98074,47.6219,-122.015,3040.0,49658.0,2014-07-16,885250.0
8043700300,4.0,3.25,4420.0,7850.0,2.0,1.0,4.0,3,11,3150.0,1270.0,2001,0.0,98008,47.572,-122.102,2760.0,8525.0,2014-06-08,2700000.0
2372800100,3.0,1.5,1550.0,9126.0,1.0,0.0,0.0,5,7,1550.0,0.0,1957,0.0,98022,47.2012,-122.0,1450.0,9282.0,2014-09-25,245000.0
7518501822,3.0,2.5,1190.0,1290.0,3.0,0.0,0.0,3,8,1190.0,0.0,2008,0.0,98107,47.6762,-122.378,1410.0,1923.0,2014-10-17,469000.0
1928300620,3.0,1.0,1300.0,3550.0,1.5,0.0,0.0,3,7,1300.0,0.0,1927,0.0,98105,47.6696,-122.32,1410.0,4080.0,2014-06-08,455000.0
1402950100,4.0,2.5,2430.0,5959.0,2.0,0.0,0.0,3,8,2430.0,0.0,2002,0.0,98092,47.3348,-122.19,2100.0,5414.0,2014-11-21,305000.0
2616800600,7.0,4.5,4290.0,37607.0,1.5,0.0,0.0,5,10,4290.0,0.0,1982,0.0,98027,47.4812,-122.033,2810.0,40510.0,2014-05-30,840000.0
2597530760,5.0,3.5,3500.0,10155.0,2.0,0.0,0.0,3,10,2570.0,930.0,1996,0.0,98006,47.5415,-122.133,2940.0,10753.0,2014-06-23,905000.0
7345200650,3.0,2.0,1680.0,7000.0,1.5,0.0,0.0,4,7,1680.0,0.0,1968,0.0,98002,47.2775,-122.203,1540.0,7480.0,2014-12-31,219200.0
259800750,3.0,1.5,1250.0,8004.0,1.0,0.0,0.0,3,7,1250.0,0.0,1965,0.0,98008,47.6285,-122.117,1450.0,7931.0,2015-02-23,455000.0
723049197,2.0,1.0,1020.0,8100.0,1.0,0.0,0.0,3,6,1020.0,0.0,1940,0.0,98168,47.4971,-122.334,1200.0,12500.0,2014-06-27,195000.0
2883200775,3.0,1.0,1510.0,4178.0,2.0,0.0,0.0,3,8,1510.0,0.0,1902,0.0,98103,47.6849,-122.335,2140.0,4916.0,2014-11-13,799000.0
3995700245,2.0,1.0,910.0,8155.0,1.0,0.0,0.0,4,6,910.0,0.0,1948,0.0,98155,47.7399,-122.3,1240.0,8155.0,2014-06-27,285000.0
1775900220,3.0,1.5,1320.0,15053.0,1.0,0.0,0.0,3,7,1320.0,0.0,1979,0.0,98072,47.7405,-122.095,1250.0,13368.0,2014-09-22,300000.0
7999600180,2.0,1.0,900.0,8580.0,1.0,0.0,0.0,3,5,900.0,0.0,1918,0.0,98168,47.4727,-122.27,2060.0,6533.0,2014-05-29,83000.0
6145601745,2.0,1.0,890.0,4804.0,1.0,,0.0,4,7,890.0,0.0,1928,0.0,98133,47.7027,-122.346,1010.0,3844.0,2015-04-14,220000.0
818500100,2.0,2.5,1240.0,2689.0,2.0,0.0,0.0,3,7,1240.0,0.0,1986,0.0,98003,47.3236,-122.323,1430.0,3609.0,2014-06-03,174500.0
3904920730,4.0,2.5,2960.0,10760.0,2.0,0.0,0.0,3,9,2960.0,0.0,1987,0.0,98029,47.5677,-122.013,2480.0,9528.0,2015-04-27,695000.0
3211000040,3.0,1.5,1020.0,11410.0,1.0,0.0,0.0,3,7,1020.0,0.0,1959,0.0,98059,47.4811,-122.162,1290.0,8400.0,2014-12-04,255000.0
9557300040,5.0,2.25,2590.0,7245.0,1.0,0.0,0.0,3,8,1510.0,1080.0,1973,0.0,98008,47.6398,-122.111,1930.0,7245.0,2015-02-25,539000.0
7011201482,2.0,1.0,1100.0,2800.0,1.0,0.0,0.0,3,7,1100.0,0.0,1925,0.0,98119,47.6361,-122.371,1110.0,1673.0,2015-03-17,552700.0
5315100667,3.0,1.0,1300.0,6710.0,1.0,0.0,0.0,4,6,1300.0,0.0,1952,0.0,98040,47.5851,-122.242,1630.0,9946.0,2014-06-03,571500.0
8598900157,3.0,1.0,1200.0,6561.0,1.0,,0.0,3,6,1200.0,0.0,1950,19680.0,98177,47.7763,-122.36,1340.0,9450.0,2015-03-13,263700.0
1346300150,8.0,4.0,7710.0,11750.0,3.5,0.0,0.0,5,12,6090.0,1620.0,1904,0.0,98112,47.6263,-122.314,4210.0,8325.0,2014-10-20,3300000.0
9268710220,2.0,2.0,1390.0,1302.0,2.0,0.0,0.0,3,7,1390.0,0.0,1986,0.0,98003,47.3089,-122.33,1390.0,1302.0,2014-05-28,186950.0
2224079086,3.0,1.75,1430.0,53628.0,2.0,0.0,0.0,3,8,1430.0,0.0,1985,0.0,98024,47.5577,-121.891,2100.0,53628.0,2014-11-10,520000.0
1761600150,3.0,1.5,1250.0,7194.0,1.0,0.0,0.0,4,7,1250.0,,1969,0.0,98034,47.7298,-122.231,1340.0,7242.0,2014-07-30,358000.0
2123049086,2.0,0.75,840.0,49658.0,1.0,0.0,0.0,2,6,840.0,0.0,1948,0.0,98168,47.4727,-122.292,1240.0,11000.0,2014-08-07,210000.0
4389201095,5.0,3.75,5020.0,8694.0,2.0,0.0,1.0,3,12,3970.0,1050.0,2007,0.0,98004,47.6146,-122.213,4190.0,11275.0,2015-05-11,3650000.0
2802200100,4.0,2.25,2060.0,8767.0,2.0,0.0,0.0,3,8,2060.0,0.0,1983,0.0,98052,47.7228,-122.103,1610.0,8062.0,2014-08-11,543000.0
6706000040,4.0,2.25,2000.0,10679.0,1.0,0.0,0.0,3,7,1350.0,650.0,1960,0.0,98148,47.4238,-122.329,1650.0,8875.0,2015-04-23,330000.0
9828701690,3.0,2.0,1530.0,3400.0,1.0,0.0,0.0,3,7,990.0,540.0,1907,20140.0,98112,47.6204,-122.296,1880.0,4212.0,2014-08-06,529000.0
7891600165,1.0,1.0,700.0,2500.0,1.0,,0.0,4,7,700.0,0.0,1907,0.0,98106,47.5662,-122.364,1340.0,5000.0,2014-06-27,295000.0
1238500978,3.0,1.0,950.0,8450.0,1.0,0.0,0.0,3,7,950.0,0.0,1962,0.0,98033,47.6884,-122.186,1610.0,10080.0,2014-09-22,365000.0
8673400141,3.0,3.0,1380.0,1081.0,3.0,0.0,0.0,3,8,1380.0,0.0,2005,0.0,98107,47.6692,-122.39,1390.0,1140.0,2014-10-15,473000.0
9421500150,3.0,1.0,1830.0,8004.0,1.0,0.0,0.0,3,8,1200.0,630.0,1960,0.0,98125,47.7259,-122.297,1860.0,7971.0,2014-06-23,403500.0
148000035,3.0,1.5,1790.0,8203.0,1.5,0.0,1.0,3,7,1790.0,0.0,1910,0.0,98116,47.5768,-122.403,1960.0,6047.0,2014-06-02,544000.0
2436700395,3.0,1.0,1340.0,4000.0,1.5,0.0,0.0,4,7,1340.0,0.0,1927,0.0,98105,47.6652,-122.288,1510.0,4000.0,2014-10-23,621000.0
8010100040,3.0,2.25,1520.0,5750.0,2.0,0.0,0.0,3,8,1400.0,120.0,1908,20060.0,98116,47.5787,-122.388,1420.0,5650.0,2014-08-01,672600.0
1193000220,2.0,1.75,1370.0,3125.0,1.0,0.0,0.0,3,7,1090.0,280.0,1950,0.0,98199,47.6492,-122.391,1730.0,5966.0,2015-04-07,689800.0
8827901415,3.0,1.5,1470.0,4480.0,1.0,0.0,0.0,4,7,1130.0,340.0,1918,0.0,98105,47.6693,-122.291,2120.0,4480.0,2015-05-07,613000.0
7732410220,4.0,2.25,2500.0,8866.0,2.0,0.0,0.0,4,9,2500.0,0.0,1987,0.0,98007,47.6604,-122.146,2630.0,8847.0,2014-07-01,808000.0
415100015,3.0,1.0,1060.0,9241.0,1.0,0.0,0.0,4,7,1060.0,0.0,1956,0.0,98133,47.7465,-122.339,1900.0,6484.0,2014-07-25,301000.0
2130400150,3.0,1.75,1210.0,9635.0,1.0,0.0,0.0,4,7,1210.0,0.0,1987,0.0,98019,47.7382,-121.98,1550.0,10707.0,2014-09-25,340000.0
1555200590,3.0,1.0,920.0,8400.0,1.0,0.0,0.0,3,7,920.0,0.0,1963,0.0,98032,47.3771,-122.287,1260.0,8400.0,2014-12-23,206000.0
2174503500,3.0,1.5,1340.0,6000.0,1.0,0.0,0.0,4,7,1340.0,0.0,1960,0.0,98040,47.5866,-122.25,1590.0,9000.0,2014-11-03,550000.0
6371500120,2.0,1.0,960.0,4800.0,1.5,,0.0,2,6,960.0,0.0,1912,0.0,98116,47.5752,-122.411,1440.0,4800.0,2014-12-24,325000.0
3904900610,3.0,2.5,1630.0,7586.0,2.0,0.0,0.0,3,8,1630.0,0.0,1986,0.0,98029,47.5689,-122.023,2090.0,7330.0,2014-10-12,475000.0
9527000490,3.0,1.75,1840.0,7350.0,1.0,0.0,0.0,3,8,1310.0,530.0,1976,0.0,98034,47.7089,-122.23,1860.0,7000.0,2014-07-30,432100.0
2457200120,3.0,2.0,3085.0,7280.0,1.0,0.0,0.0,4,7,1560.0,1525.0,1959,0.0,98056,47.4956,-122.181,1480.0,7900.0,2015-03-03,359000.0
3501600100,3.0,1.0,920.0,4800.0,1.0,0.0,0.0,4,6,780.0,140.0,1926,0.0,98117,47.6937,-122.362,1370.0,4800.0,2015-01-05,490000.0
1245001295,4.0,1.75,2260.0,7005.0,1.0,0.0,1.0,4,7,1130.0,1130.0,1947,0.0,98033,47.6895,-122.207,2330.0,9180.0,2014-05-22,648360.0
9536601295,3.0,1.75,1730.0,11986.0,1.0,0.0,3.0,5,6,1730.0,0.0,1918,0.0,98198,47.3595,-122.323,2490.0,9264.0,2014-10-07,340000.0
2205700180,3.0,2.0,1610.0,8069.0,1.0,0.0,0.0,5,7,1090.0,520.0,1955,0.0,98006,47.5754,-122.15,1510.0,8803.0,2015-04-03,545000.0
623049232,2.0,0.75,550.0,7980.0,1.0,0.0,0.0,3,5,550.0,0.0,1952,0.0,98146,47.511,-122.348,1330.0,7980.0,2014-07-15,115000.0
9413600100,3.0,2.25,2400.0,12350.0,1.0,,0.0,4,8,1420.0,980.0,1968,0.0,98033,47.6533,-122.192,2615.0,12043.0,2015-02-19,705640.0
6064800410,3.0,2.25,1960.0,1585.0,2.0,0.0,0.0,3,7,1750.0,210.0,2003,0.0,98118,47.5414,-122.288,1760.0,1958.0,2014-07-30,300000.0
8964800975,4.0,2.75,3190.0,14904.0,1.0,0.0,3.0,4,9,1940.0,1250.0,1949,19920.0,98004,47.6178,-122.214,2600.0,11195.0,2014-07-31,1650000.0
4473400155,4.0,3.5,3160.0,4200.0,2.0,,4.0,3,8,2180.0,980.0,1999,0.0,98144,47.5963,-122.292,2180.0,5200.0,2015-04-17,1140000.0
7657000210,3.0,1.75,1550.0,7410.0,1.5,0.0,0.0,5,7,1550.0,0.0,1944,0.0,98178,47.4951,-122.237,1250.0,7467.0,2014-08-18,280000.0
8732040180,4.0,1.75,1930.0,7650.0,1.0,0.0,0.0,4,8,1280.0,650.0,1981,0.0,98023,47.3078,-122.386,1860.0,8800.0,2014-12-19,245000.0
9547202950,4.0,1.0,1170.0,4590.0,1.5,0.0,0.0,4,7,1170.0,0.0,1925,0.0,98115,47.6804,-122.311,1430.0,4080.0,2014-10-30,564000.0
1370802770,3.0,1.75,2520.0,4534.0,1.0,,0.0,5,9,1460.0,1060.0,1954,0.0,98199,47.6381,-122.401,1870.0,5023.0,2014-09-19,849000.0
3885803465,3.0,1.75,1220.0,7447.0,1.0,0.0,0.0,4,7,1220.0,0.0,1964,0.0,98033,47.6886,-122.211,1340.0,7200.0,2015-04-09,698000.0
2896610210,3.0,1.0,960.0,8556.0,1.0,0.0,0.0,3,7,960.0,0.0,1971,0.0,98034,47.7245,-122.22,1320.0,7528.0,2014-09-25,319000.0
3760500455,3.0,3.5,4110.0,15720.0,1.0,0.0,1.0,3,10,2230.0,1880.0,2000,0.0,98034,47.6996,-122.229,2500.0,15400.0,2015-02-24,1450000.0
3324069541,4.0,3.5,3310.0,21050.0,2.0,0.0,0.0,5,9,2400.0,910.0,1992,0.0,98027,47.5197,-122.041,2260.0,23400.0,2014-07-10,695000.0
3600072,4.0,2.75,2220.0,5310.0,1.0,,0.0,5,7,1170.0,1050.0,1951,0.0,98144,47.5801,-122.294,1540.0,4200.0,2015-03-30,680000.0
2722049218,4.0,2.25,2250.0,12000.0,2.0,,0.0,3,8,2250.0,0.0,1985,0.0,98032,47.3715,-122.274,2140.0,11871.0,2014-10-27,287500.0
1225039052,3.0,3.25,1510.0,1850.0,2.0,,2.0,3,8,1230.0,280.0,2001,0.0,98107,47.6683,-122.362,1540.0,1840.0,2014-11-12,465000.0
8807810090,3.0,1.0,1350.0,14212.0,1.0,0.0,0.0,4,6,1350.0,0.0,1981,0.0,98053,47.6606,-122.06,1520.0,14404.0,2014-09-25,335000.0
9508850120,4.0,1.75,2420.0,37800.0,1.0,0.0,0.0,4,8,1880.0,540.0,1981,0.0,98053,47.6688,-122.024,2780.0,35532.0,2014-06-27,602000.0
5126300650,3.0,2.5,2950.0,6545.0,2.0,0.0,0.0,3,8,2950.0,0.0,2003,0.0,98059,47.4828,-122.139,2400.0,6550.0,2015-02-25,482000.0
6303400965,5.0,1.0,1260.0,8382.0,1.5,0.0,0.0,3,7,1260.0,0.0,1918,0.0,98146,47.5058,-122.355,910.0,8382.0,2014-09-09,220000.0
7116500925,4.0,2.0,1700.0,6025.0,1.0,0.0,0.0,3,6,1700.0,0.0,1978,0.0,98002,47.3029,-122.221,1320.0,5956.0,2014-05-20,206000.0
9241900115,4.0,3.0,3320.0,5760.0,2.0,0.0,0.0,3,9,2120.0,1200.0,1954,20070.0,98199,47.6474,-122.389,2400.0,6144.0,2015-03-24,1100000.0
7202330410,3.0,2.5,1470.0,3971.0,2.0,0.0,0.0,3,7,1470.0,0.0,2003,0.0,98053,47.6816,-122.035,1650.0,3148.0,2015-03-20,491150.0
5151600300,4.0,2.75,2500.0,12848.0,1.0,0.0,1.0,3,8,2120.0,380.0,1975,0.0,98003,47.3364,-122.321,2370.0,12497.0,2014-08-12,390000.0
1332200100,4.0,2.5,2641.0,8091.0,2.0,0.0,0.0,3,7,2641.0,0.0,1998,0.0,98031,47.4043,-122.213,2641.0,8535.0,2015-05-07,393000.0
1939130730,4.0,2.0,2260.0,8457.0,2.0,,0.0,3,9,2260.0,0.0,1992,0.0,98074,47.6251,-122.03,2410.0,7713.0,2014-07-17,635000.0
472000015,2.0,1.0,1160.0,5000.0,1.0,0.0,0.0,4,8,1160.0,0.0,1937,0.0,98117,47.6865,-122.399,1750.0,5000.0,2014-05-16,490000.0
3667500015,4.0,3.5,3680.0,2242.0,2.5,0.0,0.0,3,9,2670.0,1010.0,1930,0.0,98112,47.6192,-122.307,1350.0,1288.0,2014-09-25,770000.0
6430000945,2.0,2.0,1615.0,4590.0,1.5,0.0,0.0,5,8,1615.0,0.0,1906,0.0,98103,47.6886,-122.348,1470.0,4590.0,2014-12-04,665000.0
322059161,3.0,1.0,1250.0,26862.0,1.0,0.0,0.0,3,7,1250.0,0.0,1965,0.0,98058,47.426,-122.154,1530.0,24463.0,2014-10-01,287000.0
7905200205,3.0,1.0,1230.0,7020.0,1.0,,0.0,3,7,1090.0,140.0,1924,0.0,98116,47.5719,-122.39,1390.0,5850.0,2014-10-21,410000.0
1772600665,3.0,2.0,2510.0,5200.0,1.0,,0.0,5,8,1470.0,1040.0,1925,0.0,98106,47.5631,-122.366,990.0,5400.0,2015-02-25,562000.0
203101530,2.0,2.0,1540.0,54450.0,2.0,0.0,0.0,3,7,1540.0,0.0,1983,0.0,98053,47.638,-121.953,2280.0,29918.0,2014-05-30,475000.0
820000018,3.0,3.25,1860.0,2218.0,3.0,0.0,0.0,3,8,1860.0,0.0,2001,0.0,98125,47.7185,-122.313,1860.0,2218.0,2014-10-14,387500.0
1560800110,5.0,2.0,2700.0,10875.0,1.0,0.0,0.0,4,7,1540.0,1160.0,1962,0.0,98007,47.6163,-122.138,2040.0,7464.0,2014-06-17,580000.0
2869200110,3.0,2.5,3290.0,6830.0,2.0,0.0,0.0,3,10,3290.0,0.0,2000,0.0,98052,47.6702,-122.142,3200.0,6227.0,2014-06-21,930000.0
6151800300,3.0,1.75,2700.0,18893.0,1.0,0.0,0.0,4,7,2110.0,590.0,1948,19830.0,98010,47.3397,-122.048,2260.0,17494.0,2015-02-13,625000.0
4475000180,3.0,2.0,1570.0,5600.0,1.0,0.0,0.0,3,8,1570.0,0.0,1999,0.0,98058,47.4286,-122.185,2010.0,5600.0,2014-12-03,325000.0
3223059206,3.0,1.75,1950.0,8712.0,1.0,0.0,0.0,3,7,1950.0,0.0,1960,0.0,98055,47.4391,-122.189,1820.0,11520.0,2014-06-27,235000.0
5102400025,2.0,1.0,1380.0,4390.0,1.0,0.0,0.0,4,8,880.0,500.0,1931,0.0,98115,47.6947,-122.323,1390.0,5234.0,2014-06-25,450000.0
194000145,4.0,2.75,2410.0,5650.0,1.5,0.0,0.0,5,8,2070.0,340.0,1909,0.0,98116,47.5651,-122.391,1960.0,5650.0,2015-03-12,745000.0
5560000540,4.0,2.0,1200.0,8470.0,1.0,0.0,0.0,4,7,1200.0,0.0,1961,0.0,98023,47.3262,-122.338,1110.0,8400.0,2014-07-23,223000.0
3326049077,4.0,1.75,1770.0,12278.0,1.0,0.0,0.0,3,7,1350.0,420.0,1937,0.0,98115,47.7004,-122.295,1670.0,9336.0,2014-07-28,630000.0
3126049517,3.0,2.5,1540.0,1614.0,3.0,0.0,0.0,3,8,1470.0,70.0,2008,0.0,98103,47.6961,-122.341,1540.0,1418.0,2014-05-08,413450.0
2568200740,5.0,2.75,2860.0,5379.0,2.0,0.0,0.0,3,9,2860.0,0.0,2005,0.0,98052,47.7082,-122.104,2980.0,6018.0,2014-08-11,720000.0
2622059138,3.0,1.5,1740.0,21980.0,1.0,0.0,0.0,4,7,1740.0,0.0,1973,0.0,98042,47.3644,-122.132,1400.0,16100.0,2015-04-16,339000.0
6738700205,4.0,3.5,2830.0,4000.0,1.5,,0.0,3,7,1840.0,990.0,1919,20140.0,98144,47.5842,-122.292,2340.0,4000.0,2015-05-05,1120000.0
1778350150,5.0,4.0,4280.0,11307.0,2.0,0.0,0.0,3,10,2710.0,1570.0,1996,0.0,98027,47.5503,-122.081,3080.0,11307.0,2014-08-11,839000.0
6613000930,4.0,3.25,3890.0,25470.0,2.0,1.0,3.0,5,10,3030.0,860.0,1923,0.0,98105,47.6608,-122.269,4140.0,19281.0,2014-09-02,2950000.0
324069058,4.0,2.0,2340.0,50233.0,1.0,0.0,0.0,4,7,1170.0,1170.0,1966,0.0,98075,47.5905,-122.022,2470.0,62290.0,2014-05-30,568000.0
4345300180,3.0,2.0,1410.0,10577.0,1.0,0.0,0.0,3,7,1410.0,0.0,1994,0.0,98030,47.3642,-122.187,1660.0,6757.0,2015-04-06,269000.0
7525100590,2.0,2.0,1350.0,2560.0,1.0,0.0,0.0,4,8,1350.0,0.0,1974,0.0,98052,47.6338,-122.106,1800.0,2560.0,2015-04-06,382000.0
955000453,2.0,2.25,1100.0,1114.0,2.0,0.0,0.0,3,8,900.0,200.0,2009,0.0,98122,47.6199,-122.304,1230.0,1800.0,2015-04-13,574000.0
7852150720,3.0,2.5,2070.0,4697.0,2.0,0.0,0.0,3,7,2070.0,0.0,2002,0.0,98065,47.5307,-121.875,2230.0,4437.0,2014-09-22,405000.0
9545220100,3.0,2.5,2360.0,9938.0,1.0,0.0,0.0,3,8,1690.0,670.0,1987,0.0,98027,47.5374,-122.053,2280.0,9626.0,2014-07-28,572000.0
7504000230,4.0,2.25,2760.0,12100.0,2.0,0.0,0.0,4,9,2760.0,0.0,1976,0.0,98074,47.6285,-122.058,2850.0,12410.0,2014-12-05,675000.0
7657000540,4.0,1.0,1220.0,7980.0,1.5,0.0,0.0,3,6,1220.0,0.0,1944,0.0,98178,47.4924,-122.237,1210.0,7920.0,2014-09-02,165000.0
7657000540,4.0,1.0,1220.0,7980.0,1.5,0.0,0.0,3,6,1220.0,0.0,1944,0.0,98178,47.4924,-122.237,1210.0,7920.0,2015-03-04,260000.0
7893203770,3.0,1.0,1220.0,6719.0,1.0,0.0,0.0,3,6,1220.0,0.0,1953,0.0,98198,47.4187,-122.329,1580.0,7200.0,2015-03-04,196000.0
8035350120,3.0,2.5,3020.0,12184.0,2.0,0.0,0.0,3,8,3020.0,0.0,2003,0.0,98019,47.744,-121.976,2980.0,10029.0,2015-02-24,515000.0
8820902350,4.0,3.5,3470.0,7396.0,2.0,0.0,3.0,3,8,2520.0,950.0,1979,0.0,98125,47.7146,-122.279,2360.0,10541.0,2014-12-03,810000.0
5089700300,4.0,2.25,2380.0,7700.0,2.0,0.0,0.0,4,8,2380.0,0.0,1977,0.0,98055,47.4391,-122.194,2100.0,7700.0,2015-03-11,365650.0
7234601541,3.0,3.0,2260.0,1834.0,2.0,0.0,0.0,3,8,1660.0,600.0,2002,0.0,98122,47.6111,-122.308,2260.0,1834.0,2014-07-28,651000.0
7972603931,2.0,1.0,720.0,6345.0,1.0,0.0,0.0,3,6,720.0,0.0,1943,0.0,98106,47.5201,-122.35,720.0,6345.0,2014-10-09,240000.0
318390180,3.0,2.0,1730.0,6007.0,1.0,0.0,0.0,3,8,1730.0,0.0,2004,0.0,98030,47.3573,-122.2,2000.0,6245.0,2014-10-29,299000.0
2597520900,3.0,2.5,2660.0,10928.0,2.0,0.0,0.0,3,9,1830.0,830.0,1988,0.0,98006,47.5442,-122.141,2800.0,10025.0,2014-08-04,768000.0
5652600556,2.0,1.0,1030.0,5072.0,1.0,0.0,0.0,3,6,1030.0,0.0,1924,19580.0,98115,47.6962,-122.294,1220.0,6781.0,2014-10-28,397380.0
8935100100,4.0,3.0,2890.0,6885.0,1.0,0.0,0.0,3,7,1590.0,1300.0,1945,20150.0,98115,47.6763,-122.282,2180.0,6885.0,2014-07-01,476000.0
4154301371,3.0,1.0,890.0,5200.0,1.0,0.0,0.0,3,7,890.0,0.0,1957,0.0,98118,47.559,-122.277,1420.0,6000.0,2015-01-06,315000.0
1105000787,3.0,2.25,1410.0,7290.0,1.0,0.0,0.0,3,7,940.0,470.0,1980,0.0,98118,47.5396,-122.274,1550.0,7375.0,2014-09-26,240000.0
2492201005,2.0,1.0,810.0,4080.0,1.0,,0.0,4,6,810.0,0.0,1941,0.0,98126,47.5337,-122.379,1400.0,4080.0,2014-07-08,325000.0
9265410090,3.0,1.75,1370.0,8006.0,2.0,0.0,0.0,3,7,1370.0,0.0,1990,0.0,98001,47.258,-122.252,1530.0,8006.0,2014-10-08,160000.0
2619950740,3.0,2.5,2260.0,5100.0,2.0,0.0,0.0,3,8,2260.0,0.0,2007,0.0,98019,47.7341,-121.968,2260.0,5100.0,2015-01-09,435000.0
9412200330,3.0,1.75,1430.0,16200.0,1.0,0.0,0.0,4,7,1430.0,0.0,1967,0.0,98027,47.5223,-122.043,1690.0,13125.0,2015-04-10,427500.0
1079450410,5.0,2.5,2510.0,10240.0,1.0,0.0,0.0,4,8,1410.0,1100.0,1984,0.0,98059,47.4732,-122.141,2170.0,10500.0,2015-04-17,450000.0
9238900850,3.0,1.5,1760.0,4880.0,1.5,0.0,3.0,3,8,1290.0,470.0,1928,0.0,98136,47.5334,-122.388,1840.0,4998.0,2014-09-19,688000.0
2112701165,4.0,1.0,1430.0,3600.0,1.0,,0.0,3,6,980.0,450.0,1947,0.0,98106,47.5343,-122.355,1170.0,4000.0,2015-04-08,285000.0
2767604067,3.0,3.25,1510.0,1125.0,3.0,0.0,0.0,3,8,1510.0,0.0,2006,0.0,98107,47.6711,-122.39,1390.0,1174.0,2014-08-20,530000.0
522049122,4.0,1.75,1320.0,7694.0,1.0,0.0,0.0,3,7,1320.0,0.0,1928,19720.0,98148,47.4297,-122.325,1620.0,8468.0,2015-04-02,195000.0
8857600360,3.0,1.5,1180.0,7384.0,1.0,0.0,0.0,5,7,1180.0,0.0,1959,0.0,98032,47.3838,-122.287,1150.0,7455.0,2014-08-28,250200.0
4389200761,3.0,2.25,1560.0,8570.0,1.0,0.0,0.0,5,7,1080.0,480.0,1977,0.0,98004,47.6155,-122.21,2660.0,9621.0,2015-01-28,1100000.0
6421000330,3.0,2.5,2470.0,10321.0,2.0,0.0,0.0,3,9,2470.0,0.0,1988,0.0,98052,47.6694,-122.141,2450.0,8440.0,2014-11-12,732500.0
2154900040,3.0,2.25,2190.0,8834.0,1.0,0.0,0.0,3,7,1390.0,800.0,1987,0.0,98001,47.2633,-122.244,1490.0,8766.0,2014-10-30,194250.0
259801030,4.0,2.0,1610.0,8000.0,1.0,0.0,0.0,3,7,1190.0,420.0,1966,0.0,98008,47.6301,-122.118,1560.0,7896.0,2015-03-09,526000.0
326049038,4.0,2.75,2700.0,9882.0,2.0,0.0,0.0,3,7,2700.0,0.0,1958,19890.0,98155,47.7671,-122.291,2250.0,10797.0,2015-05-04,520000.0
6384500590,3.0,1.75,1530.0,6125.0,1.0,,0.0,3,7,1120.0,410.0,1958,0.0,98116,47.5687,-122.397,1360.0,6125.0,2014-11-13,526000.0
3023069166,5.0,4.0,7320.0,217800.0,2.0,0.0,0.0,3,11,7320.0,0.0,1992,0.0,98058,47.4473,-122.086,3270.0,34500.0,2014-07-08,1140000.0
3826000735,2.0,1.0,920.0,7569.0,1.0,0.0,0.0,4,6,920.0,,1950,0.0,98168,47.4951,-122.302,1280.0,7627.0,2014-06-26,202000.0
7852110740,4.0,2.5,2990.0,8622.0,2.0,0.0,0.0,3,9,2990.0,0.0,2000,0.0,98065,47.5394,-121.875,2980.0,8622.0,2014-11-12,645500.0
3222049087,1.0,1.0,720.0,7540.0,1.0,1.0,4.0,4,6,720.0,0.0,1905,0.0,98198,47.3509,-122.323,1120.0,9736.0,2015-04-22,570000.0
726049131,3.0,2.0,1750.0,9000.0,1.5,0.0,0.0,4,5,1750.0,0.0,1936,0.0,98133,47.7489,-122.35,1830.0,8100.0,2015-03-20,325000.0
9424400110,2.0,1.0,2410.0,5930.0,2.0,0.0,0.0,3,9,1930.0,480.0,2007,0.0,98116,47.5657,-122.395,1540.0,5892.0,2014-12-16,725000.0
193300120,3.0,1.75,1240.0,10361.0,1.0,,0.0,3,6,1240.0,0.0,1987,0.0,98042,47.37,-122.151,1240.0,8834.0,2014-11-26,192000.0
1245001751,2.0,1.0,1010.0,9219.0,1.0,0.0,0.0,4,7,1010.0,0.0,1960,0.0,98033,47.6886,-122.202,1610.0,9219.0,2014-07-09,560000.0
1386800054,5.0,2.75,2770.0,6116.0,1.0,0.0,0.0,3,7,1490.0,1280.0,1979,0.0,98168,47.4847,-122.291,1920.0,6486.0,2014-12-01,283450.0
6814600150,4.0,1.75,2800.0,5400.0,1.0,0.0,0.0,3,9,1400.0,1400.0,1924,20060.0,98115,47.6803,-122.313,1490.0,5400.0,2014-09-05,863000.0
9828200790,4.0,2.0,1400.0,4800.0,2.0,0.0,0.0,3,7,1400.0,0.0,1986,0.0,98122,47.6168,-122.298,1620.0,2595.0,2014-10-28,815000.0
9476200650,2.0,1.0,1020.0,7679.0,1.0,0.0,0.0,5,6,1020.0,0.0,1942,0.0,98056,47.4915,-122.188,1280.0,6497.0,2015-04-16,245000.0
9533600100,4.0,3.0,2860.0,10292.0,1.0,0.0,0.0,4,8,2860.0,0.0,1953,19990.0,98004,47.6286,-122.206,1840.0,10273.0,2014-12-08,1320000.0
4139430410,4.0,3.5,4270.0,12305.0,2.0,0.0,2.0,3,10,4270.0,0.0,1994,0.0,98006,47.5489,-122.118,4190.0,13137.0,2014-11-07,1160000.0
7852030330,3.0,2.5,2270.0,4488.0,2.0,0.0,0.0,3,7,2270.0,0.0,1999,0.0,98065,47.5329,-121.879,2360.0,4427.0,2014-09-03,480000.0
7202270930,4.0,2.5,2560.0,5593.0,2.0,0.0,0.0,3,7,2560.0,0.0,2001,0.0,98053,47.6886,-122.037,2800.0,5890.0,2014-06-06,600000.0
223039254,2.0,1.0,900.0,5220.0,1.0,0.0,0.0,4,6,900.0,0.0,1956,0.0,98146,47.5105,-122.387,1480.0,6660.0,2014-06-24,329950.0
7843500090,4.0,2.5,2010.0,12085.0,2.0,0.0,0.0,3,8,2010.0,0.0,1986,0.0,98042,47.3406,-122.057,1910.0,12133.0,2014-08-22,299500.0
2491200330,3.0,2.5,1690.0,5131.0,1.0,0.0,0.0,3,7,1690.0,0.0,1941,19980.0,98126,47.5234,-122.38,860.0,5137.0,2014-09-18,460000.0
8113101582,5.0,3.5,2310.0,5249.0,2.0,0.0,0.0,3,8,1560.0,750.0,2000,0.0,98118,47.5463,-122.272,1900.0,7296.0,2015-04-15,515000.0
993002225,3.0,2.25,1520.0,1245.0,3.0,,0.0,3,8,1520.0,0.0,2004,0.0,98103,47.6907,-122.34,1520.0,1470.0,2014-06-23,405000.0
9530100921,4.0,1.5,1220.0,3780.0,1.5,0.0,0.0,3,7,1220.0,0.0,1927,0.0,98107,47.6667,-122.36,1400.0,3185.0,2014-10-27,483000.0
3235390100,4.0,2.5,2170.0,11511.0,2.0,0.0,0.0,3,8,2170.0,0.0,1992,0.0,98031,47.3886,-122.188,1900.0,8961.0,2015-02-03,377000.0
5122400025,4.0,1.75,2790.0,17476.0,1.0,0.0,2.0,3,7,1450.0,1340.0,1956,0.0,98166,47.4556,-122.369,2790.0,16401.0,2014-07-08,568000.0
9297300750,2.0,1.75,1760.0,4600.0,1.0,0.0,0.0,4,7,850.0,910.0,1926,0.0,98126,47.5654,-122.372,1150.0,4800.0,2014-11-05,355000.0
3856900590,4.0,1.75,2100.0,3000.0,1.5,0.0,0.0,4,7,1500.0,600.0,1911,0.0,98103,47.6721,-122.329,1690.0,4000.0,2014-08-06,640000.0
4024700100,4.0,1.0,1430.0,5909.0,1.0,0.0,0.0,3,6,1070.0,360.0,1947,0.0,98155,47.7623,-122.313,1460.0,8433.0,2015-01-21,270000.0
114100131,5.0,3.5,2450.0,8193.0,2.0,0.0,0.0,3,9,2450.0,0.0,2005,0.0,98028,47.7721,-122.241,2310.0,8193.0,2015-01-14,559950.0
2296700330,4.0,3.0,1820.0,8261.0,1.0,,0.0,3,7,1420.0,400.0,1969,0.0,98034,47.7197,-122.219,1920.0,7961.0,2014-10-14,515000.0
1995200215,4.0,1.75,1850.0,5712.0,1.0,0.0,0.0,3,7,1850.0,0.0,1954,0.0,98115,47.6966,-122.324,1510.0,6038.0,2014-08-26,352000.0
2287600035,3.0,1.75,1870.0,9000.0,1.0,0.0,0.0,5,9,1870.0,0.0,1958,0.0,98177,47.7203,-122.361,2030.0,8160.0,2014-06-25,595888.0
2923501130,4.0,2.25,2580.0,7344.0,2.0,,0.0,3,8,2580.0,0.0,1977,0.0,98027,47.5647,-122.09,2390.0,7507.0,2014-07-22,588000.0
2485000076,4.0,3.25,3680.0,8580.0,1.0,0.0,0.0,5,10,1840.0,1840.0,1959,0.0,98136,47.5266,-122.387,2700.0,9100.0,2015-01-22,1050000.0
9264921020,3.0,1.5,1750.0,7000.0,2.0,0.0,0.0,3,8,1750.0,0.0,1983,0.0,98023,47.3108,-122.346,1840.0,9305.0,2014-09-08,260000.0
5318100965,4.0,3.5,3890.0,3600.0,2.0,0.0,0.0,3,9,2860.0,1030.0,2005,0.0,98112,47.6342,-122.282,2460.0,6050.0,2015-02-17,1600000.0
3501600215,2.0,1.0,1000.0,4800.0,1.0,0.0,0.0,3,6,1000.0,0.0,1952,0.0,98117,47.6926,-122.362,1000.0,4800.0,2015-04-14,380000.0
8682230610,2.0,2.5,2210.0,6327.0,1.0,0.0,0.0,3,8,2210.0,0.0,2003,0.0,98053,47.7114,-122.03,2170.0,6327.0,2014-06-02,802000.0
1337800665,4.0,3.25,2850.0,4800.0,2.5,0.0,0.0,5,10,2700.0,,1905,0.0,98112,47.6292,-122.312,2850.0,4800.0,2014-08-11,1330000.0
7960100220,4.0,2.75,2460.0,3600.0,2.0,,0.0,3,8,1640.0,820.0,1907,20070.0,98122,47.6093,-122.297,1890.0,3600.0,2015-04-16,710000.0
1549500272,3.0,2.5,2630.0,77972.0,2.0,,0.0,3,9,2630.0,0.0,2004,0.0,98019,47.745,-121.916,2250.0,75794.0,2014-06-09,600000.0
9547202380,3.0,1.0,1750.0,5355.0,2.0,0.0,0.0,4,7,1750.0,0.0,1929,0.0,98115,47.6792,-122.31,2240.0,4590.0,2014-09-02,707900.0
3518000180,2.0,1.0,1100.0,7323.0,1.0,,0.0,3,7,780.0,320.0,1982,0.0,98023,47.2874,-122.37,1410.0,7227.0,2014-11-20,179950.0
6792100090,4.0,2.5,2620.0,10489.0,2.0,0.0,0.0,3,9,2620.0,0.0,1990,0.0,98052,47.6732,-122.143,2430.0,7701.0,2014-09-14,683000.0
5702330120,3.0,2.0,1200.0,9566.0,1.0,0.0,0.0,3,7,1200.0,0.0,1995,0.0,98001,47.2649,-122.252,1590.0,9518.0,2014-06-03,222400.0
1189000910,2.0,1.5,1920.0,3408.0,1.0,,0.0,4,7,960.0,960.0,1912,0.0,98122,47.6118,-122.299,1130.0,3408.0,2014-07-08,517000.0
6204200590,3.0,2.75,1690.0,5763.0,1.0,0.0,0.0,5,7,1180.0,510.0,1985,0.0,98011,47.7336,-122.202,1560.0,7518.0,2014-10-29,410000.0
4443801340,3.0,1.75,1680.0,2552.0,1.0,0.0,0.0,4,7,840.0,840.0,1952,0.0,98117,47.6848,-122.391,1220.0,3880.0,2014-10-06,480000.0
2473370750,3.0,1.75,3440.0,10428.0,1.5,0.0,0.0,5,8,3440.0,0.0,1974,0.0,98058,47.449,-122.128,2160.0,8400.0,2015-02-24,430000.0
2644900109,5.0,1.75,2190.0,7500.0,1.0,0.0,0.0,3,7,1290.0,900.0,1979,0.0,98133,47.7766,-122.355,1790.0,8820.0,2015-04-27,439950.0
293620220,4.0,2.5,3270.0,8223.0,2.0,0.0,0.0,3,10,3270.0,0.0,1998,0.0,98075,47.6018,-122.073,3460.0,8872.0,2015-04-21,797500.0
2624049115,4.0,1.5,1280.0,5460.0,1.5,0.0,0.0,5,7,1080.0,200.0,1920,0.0,98118,47.5348,-122.268,1470.0,5934.0,2014-07-10,379000.0
7942600910,1.0,1.0,1310.0,8667.0,1.5,0.0,0.0,1,6,1310.0,0.0,1918,0.0,98122,47.6059,-122.313,1130.0,4800.0,2014-12-16,575000.0
643000110,3.0,1.0,1660.0,11060.0,1.0,0.0,0.0,4,7,1110.0,550.0,1962,0.0,98003,47.3311,-122.326,1890.0,11060.0,2015-03-25,247500.0
9485951460,4.0,2.75,2700.0,37011.0,2.0,0.0,0.0,3,9,2700.0,0.0,1984,0.0,98042,47.3496,-122.088,2700.0,37457.0,2014-06-23,385000.0
6378500230,4.0,1.75,1940.0,6909.0,1.0,0.0,0.0,4,7,970.0,970.0,1941,0.0,98133,47.7108,-122.352,1460.0,6906.0,2014-05-20,423000.0
430000175,3.0,1.75,1520.0,5618.0,1.0,0.0,0.0,3,7,1170.0,350.0,1953,0.0,98115,47.68,-122.284,1550.0,5618.0,2014-12-15,550000.0
1493300115,4.0,1.0,1620.0,4329.0,1.5,0.0,0.0,3,7,1620.0,,1927,0.0,98116,47.5728,-122.388,1220.0,5520.0,2014-09-10,415000.0
2024059059,3.0,2.25,2090.0,45535.0,1.0,0.0,2.0,5,8,1280.0,810.0,1952,0.0,98006,47.5538,-122.191,3090.0,12889.0,2014-10-10,693000.0
2922701085,2.0,1.0,1070.0,4700.0,1.0,0.0,0.0,5,7,1070.0,0.0,1910,0.0,98117,47.6887,-122.368,1370.0,4700.0,2015-03-27,543000.0
4058801780,5.0,1.75,2000.0,10246.0,1.0,0.0,2.0,3,7,1200.0,800.0,1953,0.0,98178,47.5084,-122.246,2340.0,9030.0,2015-03-27,465000.0
2114700384,3.0,2.5,1020.0,2217.0,2.0,0.0,0.0,3,7,720.0,300.0,2004,0.0,98106,47.5343,-122.348,1060.0,1524.0,2015-04-27,280000.0
9829201020,3.0,1.25,2400.0,6653.0,3.0,0.0,2.0,3,11,2400.0,0.0,1992,0.0,98122,47.6019,-122.29,1910.0,6653.0,2014-11-18,1390000.0
6918720100,6.0,3.0,2480.0,9720.0,2.0,0.0,0.0,3,8,2480.0,0.0,1972,0.0,98007,47.6127,-122.145,2480.0,9200.0,2015-01-30,665000.0
1450100330,3.0,1.75,1310.0,7314.0,1.0,0.0,0.0,5,6,1310.0,0.0,1960,0.0,98002,47.2888,-122.221,1010.0,7314.0,2015-03-12,237950.0
518000040,4.0,2.75,2420.0,10200.0,1.0,0.0,0.0,3,8,1220.0,1200.0,1962,0.0,98034,47.72,-122.236,2240.0,9750.0,2015-01-02,440000.0
4242900245,2.0,1.0,1890.0,4700.0,1.0,0.0,0.0,4,7,1030.0,860.0,1928,0.0,98107,47.6747,-122.391,2150.0,4700.0,2015-01-12,618000.0
1231001130,3.0,2.25,1860.0,4000.0,1.5,0.0,0.0,5,7,1020.0,840.0,1920,0.0,98118,47.5539,-122.267,1180.0,4000.0,2014-11-13,572000.0
7445000115,3.0,1.5,2500.0,4774.0,1.5,0.0,2.0,3,7,1450.0,1050.0,1940,0.0,98107,47.6567,-122.358,1300.0,4000.0,2014-05-27,725000.0
7802900504,3.0,1.0,1970.0,22144.0,1.0,0.0,0.0,4,7,1970.0,0.0,1970,0.0,98065,47.5234,-121.841,1970.0,13500.0,2014-06-25,454000.0
4317700085,4.0,1.0,1660.0,10656.0,1.5,0.0,0.0,4,7,1180.0,480.0,1920,0.0,98136,47.5391,-122.385,1120.0,8816.0,2015-01-22,535000.0
8732040580,3.0,2.5,1850.0,7200.0,1.0,0.0,0.0,3,7,1500.0,350.0,1979,0.0,98023,47.3063,-122.384,2140.0,7500.0,2014-12-18,249000.0
3223039149,4.0,2.75,1970.0,37026.0,1.0,0.0,0.0,4,8,1970.0,0.0,1961,0.0,98070,47.4375,-122.446,1970.0,51836.0,2014-07-09,395000.0
4073200757,3.0,2.0,1890.0,6620.0,1.0,0.0,3.0,4,8,1890.0,0.0,1954,0.0,98125,47.7016,-122.274,2590.0,7188.0,2014-12-31,690000.0
3226049054,3.0,1.5,1310.0,7236.0,1.0,0.0,0.0,4,7,1170.0,140.0,1928,0.0,98103,47.6944,-122.333,1680.0,8431.0,2014-10-03,526500.0
5490700035,4.0,1.5,1870.0,7220.0,2.0,0.0,0.0,3,7,1870.0,0.0,1956,0.0,98155,47.77,-122.319,1550.0,7592.0,2014-08-07,325000.0
9834200975,3.0,3.0,1520.0,4080.0,2.0,0.0,0.0,5,7,1520.0,0.0,1948,0.0,98144,47.572,-122.29,1320.0,4080.0,2015-02-10,495000.0
3305100210,5.0,3.0,3070.0,8474.0,2.0,0.0,0.0,3,9,3070.0,0.0,2011,0.0,98033,47.6852,-122.184,3070.0,8527.0,2014-10-21,825000.0
3123039042,3.0,1.5,1400.0,14850.0,1.5,0.0,0.0,4,7,1400.0,0.0,1910,0.0,98070,47.4471,-122.464,1350.0,14850.0,2014-12-23,383000.0
1105000360,3.0,1.75,1960.0,11931.0,1.0,0.0,0.0,3,7,980.0,980.0,1954,0.0,98118,47.5432,-122.272,1460.0,4498.0,2015-04-28,320000.0
1724079048,3.0,2.5,2680.0,87117.0,1.0,0.0,0.0,3,7,1340.0,1340.0,1989,0.0,98024,47.5646,-121.935,2580.0,87117.0,2014-12-08,475000.0
7437100770,3.0,2.5,2030.0,6326.0,2.0,0.0,0.0,3,7,2030.0,0.0,1993,0.0,98038,47.3491,-122.029,1810.0,6825.0,2014-05-21,275000.0
8925100115,2.0,2.25,2320.0,9300.0,1.5,0.0,4.0,5,9,1920.0,400.0,1937,0.0,98115,47.681,-122.273,2790.0,9300.0,2014-10-15,1150000.0
4019300051,3.0,1.75,1760.0,11371.0,1.0,0.0,0.0,5,8,1760.0,0.0,1959,0.0,98155,47.7616,-122.273,2220.0,19884.0,2014-11-25,455000.0
5300200085,5.0,1.0,1870.0,7800.0,1.0,0.0,0.0,3,7,1580.0,290.0,1962,0.0,98168,47.5127,-122.321,1740.0,7808.0,2014-07-02,262000.0
9417400110,4.0,1.0,1280.0,4840.0,1.0,0.0,0.0,3,7,940.0,340.0,1950,0.0,98136,47.5477,-122.395,1360.0,4840.0,2014-09-15,390000.0
9264920870,3.0,2.25,1730.0,10030.0,1.0,0.0,0.0,4,8,1730.0,0.0,1985,0.0,98023,47.3108,-122.345,2090.0,8823.0,2014-10-23,300000.0
9169600209,3.0,1.75,2060.0,5721.0,1.0,,2.0,3,9,1140.0,920.0,1964,0.0,98136,47.5268,-122.388,2060.0,8124.0,2014-08-20,746300.0
6123000090,3.0,1.5,1030.0,8223.0,1.0,0.0,0.0,4,7,1030.0,0.0,1952,0.0,98148,47.4282,-122.331,1460.0,9463.0,2014-09-08,267000.0
2592401080,3.0,2.5,1720.0,7950.0,1.5,0.0,0.0,4,7,1720.0,0.0,1972,0.0,98034,47.7178,-122.168,1790.0,7030.0,2015-04-02,525000.0
2423020090,3.0,1.75,1210.0,7350.0,1.0,,0.0,3,7,1210.0,0.0,1977,0.0,98033,47.7,-122.172,1610.0,7313.0,2015-04-24,570000.0
2968801130,4.0,2.25,2620.0,8100.0,1.0,0.0,0.0,4,7,1550.0,1070.0,1964,0.0,98166,47.4564,-122.351,1650.0,8100.0,2014-10-27,360000.0
3325069064,3.0,1.0,1860.0,44431.0,1.0,,0.0,4,6,1860.0,0.0,1947,0.0,98074,47.6057,-122.038,2000.0,44431.0,2015-03-26,1050000.0
3629910210,3.0,2.5,2510.0,4106.0,2.0,0.0,0.0,3,9,2510.0,0.0,2003,0.0,98029,47.5494,-121.994,2470.0,4106.0,2014-11-03,699950.0
622079089,4.0,2.5,2040.0,109336.0,1.5,0.0,0.0,4,8,2040.0,0.0,1973,0.0,98038,47.4193,-121.958,2370.0,133729.0,2014-06-16,375000.0
1919800090,4.0,1.75,2410.0,6770.0,1.0,0.0,0.0,4,7,1220.0,1190.0,1924,0.0,98103,47.6946,-122.336,1440.0,6770.0,2014-12-15,625000.0
9274200850,2.0,1.0,780.0,2750.0,1.0,0.0,0.0,4,7,780.0,0.0,1928,0.0,98116,47.5842,-122.388,1320.0,4440.0,2014-10-16,464050.0
1737320120,5.0,2.5,2210.0,9655.0,1.0,0.0,0.0,3,8,1460.0,750.0,1976,0.0,98011,47.7698,-122.222,2080.0,8633.0,2014-05-02,470000.0
2473100450,4.0,2.0,1590.0,9100.0,1.0,0.0,0.0,3,7,1040.0,550.0,1967,0.0,98058,47.4465,-122.156,1670.0,9100.0,2014-09-09,330000.0
7923200150,4.0,1.75,2230.0,7957.0,1.0,0.0,0.0,4,7,2230.0,0.0,1967,0.0,98008,47.5859,-122.122,2230.0,8040.0,2014-09-15,537000.0
7524600120,3.0,2.0,1560.0,32137.0,1.0,0.0,0.0,5,7,910.0,650.0,1976,0.0,98092,47.3197,-122.117,1470.0,29150.0,2015-03-05,250000.0
424069206,4.0,2.5,2950.0,48351.0,2.0,0.0,0.0,3,10,2950.0,0.0,1986,0.0,98075,47.5938,-122.048,2870.0,34417.0,2015-01-12,835000.0
9523103590,4.0,1.0,1480.0,3750.0,1.5,,0.0,4,7,1480.0,0.0,1912,0.0,98103,47.6737,-122.354,1570.0,3750.0,2015-03-16,770000.0
161000120,4.0,2.0,2850.0,4497.0,1.5,0.0,1.0,3,7,1730.0,1120.0,1910,0.0,98144,47.5876,-122.292,2450.0,6000.0,2014-11-18,650000.0
1623049241,3.0,1.75,2390.0,30409.0,1.0,0.0,0.0,3,7,1560.0,830.0,1953,0.0,98168,47.4789,-122.296,1750.0,13500.0,2014-11-07,335000.0
7229700165,3.0,1.75,1740.0,29597.0,1.0,0.0,0.0,4,7,1740.0,0.0,1965,0.0,98059,47.481,-122.115,1560.0,20741.0,2014-12-02,350000.0
3031200205,5.0,2.75,2060.0,8906.0,1.0,0.0,0.0,4,7,1220.0,840.0,1978,0.0,98118,47.5358,-122.289,1840.0,8906.0,2014-07-24,415000.0
2600100110,4.0,2.5,2680.0,8778.0,2.0,0.0,0.0,4,8,2680.0,0.0,1977,0.0,98006,47.5516,-122.161,2680.0,10020.0,2014-11-19,788000.0
5652601140,4.0,2.75,3150.0,7379.0,1.5,0.0,0.0,4,7,2430.0,720.0,1915,0.0,98115,47.6968,-122.3,1990.0,7379.0,2014-10-14,640000.0
2473530100,4.0,2.5,2440.0,7155.0,2.0,0.0,0.0,3,8,2440.0,0.0,1993,0.0,98058,47.4501,-122.126,2450.0,8109.0,2014-05-23,388000.0
3558900590,6.0,1.75,2230.0,10080.0,1.0,0.0,0.0,3,7,1390.0,840.0,1969,0.0,98034,47.7089,-122.201,2110.0,8475.0,2014-11-25,360000.0
3558900590,6.0,1.75,2230.0,10080.0,1.0,0.0,0.0,3,7,1390.0,840.0,1969,0.0,98034,47.7089,-122.201,2110.0,8475.0,2015-03-24,692500.0
8121100395,4.0,1.5,1600.0,6180.0,1.5,0.0,0.0,3,6,1600.0,0.0,1946,0.0,98118,47.5681,-122.285,1410.0,6180.0,2014-06-24,425000.0
8121100395,4.0,1.5,1600.0,6180.0,1.5,0.0,0.0,3,6,1600.0,0.0,1946,0.0,98118,47.5681,-122.285,1410.0,6180.0,2015-03-11,645000.0
7100000110,3.0,1.0,1580.0,8308.0,1.5,,0.0,3,7,1580.0,0.0,1948,0.0,98146,47.5075,-122.379,1200.0,8308.0,2015-01-14,340000.0
925069042,4.0,3.25,2840.0,54400.0,1.0,0.0,0.0,4,8,2840.0,0.0,1984,0.0,98053,47.6707,-122.045,2550.0,43560.0,2015-01-05,713000.0
7568700740,3.0,2.75,2550.0,11160.0,2.0,0.0,0.0,3,8,2550.0,0.0,1994,0.0,98155,47.7351,-122.323,1020.0,7440.0,2014-05-21,430000.0
7205510230,3.0,2.25,1700.0,7210.0,1.0,0.0,0.0,4,7,1250.0,450.0,1974,0.0,98003,47.3546,-122.318,2070.0,7300.0,2015-03-06,280000.0
9268700040,3.0,2.0,1470.0,2052.0,1.5,0.0,0.0,3,7,1470.0,0.0,1986,0.0,98003,47.3084,-122.331,1390.0,2052.0,2015-02-26,215000.0
2473480210,3.0,2.5,1680.0,11193.0,2.0,0.0,0.0,3,8,1680.0,0.0,1984,0.0,98058,47.4482,-122.125,2080.0,8084.0,2014-05-28,306000.0
4024100120,3.0,1.0,1110.0,8593.0,1.0,0.0,0.0,3,7,1110.0,0.0,1979,0.0,98155,47.7595,-122.309,1780.0,8593.0,2014-06-25,299900.0
4038200120,5.0,1.75,2120.0,8625.0,1.0,0.0,0.0,3,7,1200.0,920.0,1959,0.0,98008,47.6118,-122.131,1930.0,8625.0,2014-08-25,534000.0
4218400395,3.0,2.75,2380.0,5572.0,2.0,0.0,4.0,3,9,1930.0,450.0,1939,0.0,98105,47.6626,-122.271,3370.0,5500.0,2014-07-28,1160000.0
669000210,3.0,2.5,2670.0,5000.0,2.0,0.0,3.0,5,9,2000.0,670.0,1942,19950.0,98144,47.5855,-122.292,2320.0,5000.0,2014-07-16,1170000.0
6018500015,2.0,1.0,890.0,6430.0,1.0,0.0,0.0,3,6,890.0,0.0,1935,19970.0,98022,47.2003,-121.996,1460.0,6430.0,2014-07-11,199990.0
2600140120,4.0,3.0,3140.0,9058.0,1.0,0.0,0.0,3,9,2140.0,1000.0,1989,0.0,98006,47.5462,-122.154,2760.0,10018.0,2014-08-12,946000.0
6381500090,4.0,1.0,1260.0,7800.0,1.5,0.0,0.0,3,7,1260.0,0.0,1947,20070.0,98125,47.7334,-122.307,1639.0,7492.0,2015-02-20,295000.0
4109600306,2.0,1.0,920.0,5157.0,1.0,0.0,0.0,3,6,920.0,0.0,1909,0.0,98118,47.5499,-122.269,1700.0,5150.0,2015-02-18,475000.0
2624079010,5.0,3.5,2990.0,212137.0,2.0,0.0,0.0,3,8,2450.0,540.0,1994,0.0,98024,47.5298,-121.887,1060.0,69260.0,2015-04-29,750000.0
7204200025,4.0,2.5,3120.0,49456.0,2.0,1.0,4.0,4,9,2590.0,530.0,1974,19890.0,98198,47.3535,-122.323,2030.0,32181.0,2014-10-28,1230000.0
8856003525,3.0,1.0,1010.0,7520.0,1.0,0.0,0.0,4,6,1010.0,0.0,1975,0.0,98001,47.2699,-122.255,1370.0,8469.0,2015-03-23,183500.0
1695900025,2.0,1.0,1010.0,3627.0,1.0,,2.0,4,6,1010.0,0.0,1924,0.0,98144,47.5873,-122.294,1630.0,4040.0,2015-03-27,450000.0
3331001285,3.0,1.0,1020.0,5500.0,1.5,0.0,0.0,3,7,1020.0,0.0,1961,0.0,98118,47.5502,-122.286,1160.0,5500.0,2015-01-08,180000.0
239000155,5.0,4.5,3540.0,21217.0,2.0,0.0,0.0,4,8,2940.0,600.0,1926,0.0,98188,47.4274,-122.28,1290.0,12040.0,2015-01-05,707000.0
1721801280,2.0,0.75,900.0,3527.0,1.0,0.0,0.0,3,6,900.0,0.0,1939,0.0,98146,47.5083,-122.336,1220.0,4080.0,2015-03-04,230000.0
5557700210,3.0,1.0,1100.0,9750.0,1.0,0.0,0.0,4,7,1100.0,0.0,1966,0.0,98023,47.3248,-122.345,1190.0,9750.0,2014-12-09,192500.0
5416500040,3.0,2.5,1990.0,3614.0,2.0,0.0,0.0,3,7,1990.0,,2005,0.0,98038,47.36,-122.039,1980.0,3800.0,2014-10-17,309000.0
3271300155,3.0,1.5,1980.0,5800.0,1.0,0.0,0.0,4,8,1520.0,460.0,1949,0.0,98199,47.6499,-122.413,2280.0,5800.0,2014-10-01,759000.0
3303980210,4.0,3.75,4040.0,14212.0,2.0,0.0,0.0,3,11,4040.0,,2002,0.0,98059,47.5189,-122.147,3940.0,14212.0,2015-04-27,1120000.0
1944900090,5.0,1.75,1250.0,10530.0,1.0,0.0,0.0,4,7,1250.0,0.0,1966,0.0,98007,47.6101,-122.138,1560.0,8190.0,2014-05-19,462000.0
7663700401,4.0,1.5,1820.0,22814.0,1.5,0.0,0.0,3,7,1820.0,0.0,1920,0.0,98125,47.7321,-122.296,1770.0,9150.0,2014-12-20,229000.0
5694500386,2.0,2.25,1140.0,1184.0,2.0,0.0,0.0,3,8,1010.0,130.0,1999,0.0,98103,47.659,-122.346,1140.0,1339.0,2014-10-20,399950.0
7227800180,5.0,2.0,1730.0,10532.0,1.0,0.0,0.0,4,5,1730.0,,1943,0.0,98056,47.5076,-122.178,1940.0,8501.0,2015-04-03,325000.0
2767604558,2.0,2.25,1170.0,1313.0,3.0,0.0,0.0,3,8,1170.0,0.0,2007,0.0,98107,47.6712,-122.378,1310.0,1304.0,2014-07-21,512000.0
5422950040,5.0,2.75,2910.0,5802.0,2.0,0.0,0.0,3,7,2910.0,0.0,2006,0.0,98038,47.3591,-122.036,2910.0,5000.0,2014-07-25,410000.0
2660500283,2.0,1.0,970.0,5500.0,1.0,0.0,0.0,3,7,970.0,0.0,1956,0.0,98118,47.556,-122.291,1180.0,6000.0,2014-06-24,210000.0
3308010040,4.0,2.25,2130.0,8499.0,1.0,0.0,0.0,4,7,1600.0,,1975,0.0,98030,47.3657,-122.21,1890.0,11368.0,2014-09-25,325000.0
5423030040,3.0,2.5,2520.0,10175.0,1.0,0.0,0.0,3,8,1630.0,890.0,1979,0.0,98027,47.5652,-122.089,2220.0,8388.0,2015-04-06,685000.0
8604900245,2.0,2.0,1360.0,4688.0,1.0,,0.0,3,7,780.0,580.0,1944,0.0,98115,47.6874,-122.315,1340.0,4750.0,2014-05-18,488000.0
7349650230,3.0,2.25,1620.0,6000.0,1.0,0.0,0.0,3,7,1280.0,340.0,1998,0.0,98002,47.2835,-122.2,1710.0,6318.0,2015-03-02,247500.0
8902000175,4.0,2.0,2120.0,11479.0,1.0,0.0,0.0,4,7,1060.0,1060.0,1940,0.0,98125,47.7084,-122.303,1540.0,11000.0,2014-06-20,489000.0
582000065,4.0,1.75,2700.0,6000.0,1.0,0.0,0.0,4,8,1450.0,1250.0,1953,0.0,98199,47.6539,-122.395,2080.0,6000.0,2014-11-25,725000.0
2123049194,3.0,1.5,1370.0,10317.0,1.5,0.0,0.0,3,6,1370.0,0.0,1958,0.0,98168,47.4731,-122.298,1370.0,9884.0,2015-04-09,199950.0
1830300090,5.0,3.0,2520.0,13001.0,2.0,0.0,1.0,3,8,2010.0,510.0,1973,0.0,98008,47.6385,-122.114,2170.0,8215.0,2015-04-01,670000.0
7522600110,3.0,2.0,1540.0,10410.0,1.0,,0.0,4,7,1540.0,0.0,1967,0.0,98198,47.3662,-122.315,1590.0,7725.0,2014-12-29,275000.0
5457800740,3.0,1.75,2610.0,6360.0,2.0,0.0,2.0,3,8,2130.0,480.0,1924,0.0,98109,47.6287,-122.351,3010.0,6000.0,2015-04-07,1000000.0
5115000100,3.0,2.0,1490.0,8371.0,1.5,0.0,0.0,3,7,1490.0,0.0,1984,0.0,98031,47.3962,-122.189,1350.0,7846.0,2014-05-23,255000.0
4038400150,3.0,1.75,2760.0,9137.0,1.0,0.0,0.0,3,7,1380.0,1380.0,1960,0.0,98007,47.6079,-122.132,1980.0,9137.0,2014-11-13,465000.0
1796500100,3.0,1.75,1260.0,3604.0,1.0,0.0,0.0,3,7,1260.0,0.0,2012,0.0,98042,47.3612,-122.103,1430.0,3767.0,2015-02-11,259000.0
8956000100,3.0,3.5,2630.0,4713.0,2.0,0.0,2.0,3,9,2030.0,600.0,2008,0.0,98027,47.5473,-122.016,2450.0,4187.0,2014-11-21,695000.0
3876313120,3.0,1.75,1800.0,7210.0,1.0,0.0,0.0,3,7,1370.0,430.0,1976,0.0,98072,47.7346,-122.17,1820.0,8100.0,2015-05-01,505000.0
6819100040,2.0,1.0,1130.0,2640.0,1.0,0.0,0.0,4,8,1130.0,0.0,1927,0.0,98109,47.6438,-122.357,1680.0,3200.0,2014-06-24,631500.0
5318101185,3.0,1.0,1180.0,3600.0,1.5,0.0,0.0,3,7,1180.0,0.0,1926,0.0,98112,47.6337,-122.28,1900.0,3600.0,2014-10-16,630500.0
424069112,4.0,2.75,2800.0,19168.0,2.0,,0.0,3,10,2800.0,0.0,1992,0.0,98075,47.5911,-122.037,2010.0,16020.0,2014-06-16,999000.0
2533300025,3.0,1.5,1830.0,4000.0,1.0,0.0,0.0,4,7,1350.0,480.0,1910,0.0,98119,47.6453,-122.371,1570.0,3672.0,2014-07-10,740000.0
5101404482,3.0,2.5,2220.0,6380.0,1.5,0.0,0.0,4,8,1660.0,560.0,1931,0.0,98115,47.6974,-122.313,950.0,6380.0,2014-09-29,650000.0
8682231210,2.0,2.0,1870.0,5580.0,1.0,0.0,0.0,3,8,1870.0,0.0,2004,0.0,98053,47.7101,-122.031,1670.0,4500.0,2014-08-05,554000.0
1525069021,3.0,2.5,2580.0,214315.0,1.5,0.0,0.0,3,8,2580.0,0.0,1946,19860.0,98053,47.6465,-122.024,2580.0,70131.0,2014-12-01,400000.0
5076700115,3.0,2.0,1660.0,10000.0,1.0,0.0,0.0,4,7,1010.0,650.0,1961,0.0,98005,47.5852,-122.174,2020.0,9720.0,2015-02-23,529941.0
3332000615,3.0,1.0,1330.0,3740.0,1.5,,0.0,3,6,1330.0,0.0,1903,0.0,98118,47.5502,-122.274,1330.0,5053.0,2014-10-20,310000.0
3332000615,3.0,1.0,1330.0,3740.0,1.5,,0.0,3,6,1330.0,0.0,1903,0.0,98118,47.5502,-122.274,1330.0,5053.0,2015-04-22,389000.0
5569620410,3.0,3.0,2630.0,4972.0,2.0,0.0,0.0,3,9,2630.0,0.0,2006,0.0,98052,47.693,-122.133,2880.0,4972.0,2014-09-09,731781.0
3009800015,2.0,1.0,1100.0,4750.0,1.0,,0.0,3,7,1100.0,0.0,1946,0.0,98116,47.5772,-122.381,1830.0,4750.0,2015-04-22,502501.0
6189600040,3.0,1.75,1810.0,7950.0,1.0,0.0,0.0,4,7,1810.0,0.0,1968,0.0,98008,47.6236,-122.117,1680.0,7725.0,2014-11-17,443000.0
9834200365,3.0,2.0,2060.0,4080.0,1.0,0.0,0.0,5,7,1060.0,1000.0,1921,0.0,98144,47.574,-122.289,1400.0,4080.0,2014-08-15,607000.0
1959701800,3.0,3.5,4660.0,5500.0,2.0,0.0,4.0,5,10,3040.0,1620.0,1909,0.0,98102,47.6465,-122.319,2980.0,5500.0,2014-07-02,2150000.0
8917100153,4.0,2.5,2370.0,15200.0,1.0,0.0,0.0,3,8,1660.0,710.0,1975,0.0,98052,47.6295,-122.089,2360.0,13879.0,2014-09-10,585000.0
2344300180,3.0,2.5,2430.0,10500.0,2.0,,1.0,3,9,2430.0,0.0,1989,0.0,98004,47.5818,-122.198,3440.0,12842.0,2014-06-19,1030000.0
3216900100,3.0,2.5,1880.0,7000.0,2.0,,0.0,3,8,1880.0,0.0,1993,0.0,98031,47.4206,-122.184,1880.0,7000.0,2014-06-12,315000.0
425000065,2.0,1.0,1150.0,5695.0,1.0,0.0,0.0,4,6,1150.0,0.0,1958,0.0,98056,47.4989,-122.171,1150.0,5695.0,2014-10-21,180000.0
2426069085,3.0,2.0,1350.0,14200.0,1.0,,0.0,3,7,1350.0,0.0,1989,0.0,98019,47.7315,-121.972,2100.0,15101.0,2014-05-13,322500.0
7199350600,3.0,2.75,2180.0,7519.0,1.0,0.0,0.0,4,7,1310.0,870.0,1981,0.0,98052,47.6959,-122.125,1510.0,7107.0,2014-06-02,568500.0
6909700040,4.0,2.75,3370.0,6675.0,1.0,0.0,3.0,4,8,1920.0,1450.0,1948,0.0,98144,47.5887,-122.291,2250.0,5550.0,2014-06-11,813000.0
4147200040,5.0,2.25,3650.0,13068.0,1.0,0.0,0.0,4,10,1850.0,1800.0,1976,0.0,98040,47.5458,-122.231,2760.0,13927.0,2015-04-14,1090000.0
1062100100,4.0,2.0,2100.0,4857.0,2.0,0.0,0.0,3,8,2100.0,0.0,1965,19840.0,98155,47.7521,-122.279,1450.0,5965.0,2014-06-26,424000.0
2124049254,2.0,1.0,670.0,5600.0,1.0,0.0,0.0,3,6,670.0,0.0,1903,0.0,98108,47.5498,-122.304,1960.0,7176.0,2014-07-17,235000.0
6841700100,3.0,3.5,2420.0,4000.0,2.0,0.0,0.0,5,9,1820.0,600.0,1907,0.0,98122,47.6054,-122.295,2030.0,4550.0,2014-09-29,740000.0
7544800195,1.0,1.0,760.0,3000.0,1.0,0.0,0.0,3,7,760.0,0.0,1900,0.0,98122,47.6059,-122.303,1270.0,3000.0,2014-08-13,415000.0
8807810110,3.0,2.75,2200.0,14925.0,1.0,0.0,0.0,3,6,1100.0,1100.0,1982,0.0,98053,47.6606,-122.059,1520.0,14212.0,2014-05-22,432000.0
1126059201,5.0,3.25,4410.0,35192.0,2.0,0.0,2.0,3,12,3880.0,530.0,1990,0.0,98072,47.7522,-122.13,4410.0,59677.0,2015-05-04,1270000.0
1422200090,3.0,1.75,1300.0,2446.0,1.0,0.0,3.0,3,8,880.0,420.0,1961,0.0,98122,47.6071,-122.285,2440.0,5051.0,2014-09-15,676500.0
871000065,2.0,1.0,720.0,4592.0,1.0,0.0,0.0,4,6,720.0,0.0,1943,0.0,98199,47.6534,-122.404,1030.0,5816.0,2014-11-20,419000.0
4054710090,3.0,2.5,2180.0,37042.0,2.0,0.0,0.0,3,9,2180.0,0.0,1998,0.0,98077,47.722,-122.026,2880.0,32688.0,2015-03-20,650000.0
8075400360,2.0,1.0,1130.0,15190.0,1.0,0.0,0.0,4,7,1130.0,0.0,1954,0.0,98032,47.3902,-122.283,1490.0,16920.0,2014-08-22,239000.0
9551202875,4.0,2.5,2230.0,4372.0,2.0,0.0,0.0,5,8,1540.0,690.0,1935,0.0,98103,47.6698,-122.334,2020.0,4372.0,2014-07-09,900000.0
4027700930,5.0,1.75,2100.0,7347.0,1.0,0.0,0.0,3,7,1070.0,1030.0,1981,0.0,98028,47.7751,-122.268,2170.0,9418.0,2015-04-28,330000.0
1535204165,3.0,1.75,2060.0,58341.0,1.0,0.0,4.0,3,8,1100.0,960.0,1982,0.0,98070,47.4193,-122.439,1230.0,14904.0,2014-12-04,510000.0
3303860590,4.0,2.5,3060.0,6000.0,2.0,0.0,0.0,3,9,3060.0,0.0,2012,0.0,98038,47.3689,-122.058,3040.0,6000.0,2014-06-27,465000.0
1925069066,3.0,2.75,2810.0,18731.0,2.0,1.0,4.0,4,10,2810.0,0.0,1974,0.0,98052,47.6361,-122.093,3120.0,14810.0,2014-06-23,1700000.0
6137610540,3.0,2.25,2550.0,8588.0,1.0,0.0,4.0,3,9,2550.0,0.0,1989,0.0,98011,47.7711,-122.195,3050.0,8588.0,2014-08-27,490000.0
2525049263,5.0,3.0,4290.0,20445.0,2.0,,0.0,4,11,4290.0,0.0,1985,0.0,98039,47.6217,-122.239,3620.0,22325.0,2014-07-09,2680000.0
126059310,3.0,2.25,3040.0,52302.0,1.0,0.0,0.0,3,9,3040.0,0.0,2005,0.0,98072,47.7635,-122.112,2070.0,38600.0,2014-11-30,1000000.0
4254000540,4.0,2.75,2530.0,14178.0,2.0,0.0,0.0,3,8,2530.0,0.0,1997,0.0,98019,47.737,-121.955,2530.0,14055.0,2014-07-08,469950.0
5101405067,3.0,1.75,1300.0,5413.0,1.5,0.0,0.0,3,7,1300.0,,1925,0.0,98115,47.6988,-122.32,1590.0,6380.0,2014-05-09,536000.0
5468000180,4.0,2.5,1790.0,19177.0,1.0,0.0,0.0,4,7,1790.0,0.0,1966,0.0,98030,47.3617,-122.172,1760.0,11726.0,2015-03-05,244950.0
1930301220,3.0,1.0,1530.0,2400.0,1.0,0.0,0.0,4,7,890.0,640.0,1928,0.0,98103,47.6543,-122.354,1240.0,2400.0,2015-04-17,575000.0
9282801450,5.0,2.75,2380.0,7500.0,1.0,0.0,0.0,3,7,1300.0,1080.0,1984,0.0,98178,47.5009,-122.235,2400.0,6000.0,2015-03-25,361000.0
4037000925,5.0,2.25,2400.0,13450.0,1.0,0.0,0.0,5,7,1200.0,1200.0,1957,0.0,98008,47.6007,-122.117,1950.0,10361.0,2015-03-27,650000.0
3336000230,2.0,1.0,1030.0,6000.0,1.0,0.0,0.0,2,7,830.0,200.0,1951,0.0,98118,47.5291,-122.268,1770.0,5000.0,2015-03-23,230005.0
3621059043,4.0,2.5,3250.0,235063.0,1.0,0.0,2.0,3,9,3250.0,0.0,1973,0.0,98092,47.2582,-122.113,1600.0,44287.0,2014-05-27,293000.0
126049231,3.0,3.0,1970.0,24318.0,1.0,0.0,0.0,3,8,1970.0,0.0,2010,0.0,98028,47.7651,-122.246,2150.0,14695.0,2014-05-16,445000.0
3331000220,4.0,1.5,1940.0,6386.0,1.0,,0.0,3,7,1140.0,800.0,1954,0.0,98118,47.5533,-122.285,1340.0,6165.0,2014-08-14,280000.0
3904900230,3.0,2.25,1850.0,10855.0,1.0,0.0,0.0,3,8,1370.0,480.0,1985,0.0,98029,47.5696,-122.02,1850.0,8209.0,2014-07-16,520000.0
525069133,4.0,3.25,3900.0,40962.0,2.0,0.0,0.0,3,10,3900.0,0.0,1991,0.0,98053,47.683,-122.063,1730.0,11775.0,2014-08-05,780000.0
2721049061,3.0,1.75,3160.0,76230.0,1.0,0.0,0.0,4,8,2160.0,1000.0,1978,0.0,98001,47.274,-122.287,1990.0,45789.0,2014-07-09,625000.0
5381000411,3.0,1.75,1440.0,7200.0,1.0,0.0,0.0,3,7,1440.0,0.0,1986,0.0,98188,47.4473,-122.284,1640.0,9167.0,2015-04-10,239950.0
603000150,3.0,1.5,2040.0,6000.0,1.0,0.0,0.0,3,7,1340.0,700.0,1957,0.0,98118,47.5218,-122.286,1190.0,6000.0,2014-06-16,335000.0
3904960690,3.0,2.5,2120.0,7401.0,2.0,0.0,0.0,3,8,2120.0,0.0,1989,0.0,98029,47.5781,-122.018,2010.0,7972.0,2015-04-17,612000.0
7686202730,2.0,1.0,830.0,8000.0,1.0,0.0,0.0,3,6,830.0,0.0,1954,0.0,98198,47.4215,-122.318,1300.0,8000.0,2014-08-04,200000.0
9264910300,3.0,1.75,3140.0,8571.0,1.0,0.0,0.0,4,8,1670.0,1470.0,1985,0.0,98023,47.3074,-122.337,2590.0,7949.0,2014-07-10,345000.0
1437910090,4.0,2.5,2410.0,6440.0,1.0,0.0,0.0,3,8,1550.0,860.0,1974,0.0,98034,47.7153,-122.191,2330.0,6938.0,2015-01-28,520000.0
2652500740,4.0,2.25,2190.0,4080.0,2.0,0.0,0.0,3,8,1800.0,390.0,1918,0.0,98119,47.6425,-122.358,2100.0,4080.0,2014-06-18,855000.0
9274200735,4.0,1.75,2190.0,5060.0,1.0,0.0,0.0,3,7,1190.0,1000.0,1950,0.0,98116,47.5846,-122.387,1510.0,4600.0,2015-05-07,567500.0
1745000090,3.0,1.5,1210.0,7247.0,1.0,0.0,0.0,4,7,1210.0,0.0,1967,0.0,98003,47.328,-122.321,1370.0,7869.0,2014-11-10,208000.0
5101405338,3.0,1.75,1880.0,16239.0,1.0,,0.0,3,7,880.0,1000.0,1922,0.0,98115,47.7004,-122.304,1260.0,7528.0,2014-08-21,452000.0
9348500220,3.0,3.0,2410.0,12183.0,2.0,0.0,0.0,3,9,2410.0,0.0,1988,0.0,98011,47.747,-122.177,2540.0,9979.0,2014-07-28,555000.0
1066600090,5.0,2.75,2620.0,8861.0,1.0,0.0,0.0,5,8,1350.0,1270.0,1979,0.0,98056,47.5226,-122.183,1940.0,10800.0,2014-09-05,519000.0
3331500455,3.0,2.25,1850.0,2575.0,2.0,0.0,0.0,3,9,1850.0,0.0,2013,0.0,98118,47.5525,-122.273,1080.0,4120.0,2014-12-03,474950.0
1427300120,3.0,2.25,1760.0,16418.0,1.0,0.0,0.0,3,7,1190.0,570.0,1990,0.0,98053,47.6525,-121.985,2260.0,20747.0,2015-01-21,419000.0
1861400068,2.0,1.0,860.0,1800.0,1.0,0.0,0.0,3,7,860.0,0.0,1909,0.0,98119,47.6334,-122.371,2160.0,3120.0,2014-09-11,390000.0
4040500100,7.0,2.25,2620.0,6890.0,2.0,0.0,0.0,4,7,2620.0,0.0,1961,0.0,98007,47.6123,-122.134,2070.0,7910.0,2014-10-20,539000.0
6117501250,4.0,1.75,2400.0,21196.0,1.0,0.0,0.0,5,8,1590.0,810.0,1956,0.0,98166,47.4282,-122.347,2200.0,19134.0,2014-08-01,569000.0
9523103990,3.0,1.0,1850.0,5000.0,1.5,0.0,0.0,3,7,1850.0,0.0,1922,0.0,98103,47.6727,-122.351,1850.0,5000.0,2014-12-08,611000.0
3221069054,3.0,2.5,4040.0,147856.0,2.0,0.0,0.0,3,9,4040.0,0.0,2004,0.0,98092,47.2711,-122.067,3000.0,125452.0,2014-10-28,760000.0
8838900032,3.0,2.0,1940.0,55756.0,1.0,,0.0,5,9,1940.0,0.0,1954,0.0,98007,47.5913,-122.149,2330.0,10018.0,2014-05-18,732000.0
1455100355,3.0,2.5,3490.0,8343.0,2.0,1.0,4.0,4,9,2150.0,1340.0,1939,0.0,98125,47.7265,-122.281,2990.0,13104.0,2014-07-08,1680000.0
1853080120,5.0,2.75,3170.0,7062.0,2.0,0.0,0.0,3,9,3170.0,0.0,2014,0.0,98074,47.5937,-122.061,3210.0,6891.0,2014-09-03,919950.0
2806800120,4.0,2.5,2530.0,7563.0,1.0,0.0,0.0,3,7,1440.0,1090.0,1978,0.0,98011,47.7762,-122.21,1960.0,7811.0,2014-06-10,400000.0
3216000090,4.0,2.5,3230.0,21781.0,2.0,0.0,0.0,3,9,3230.0,0.0,1993,0.0,98053,47.6318,-122.01,3230.0,21780.0,2014-07-29,785000.0
1525059165,3.0,2.25,2120.0,54014.0,2.0,0.0,0.0,4,9,2120.0,0.0,1964,0.0,98005,47.6482,-122.159,3280.0,50690.0,2014-06-29,835000.0
8901000835,2.0,1.75,1640.0,6750.0,1.0,0.0,0.0,4,8,1340.0,300.0,1939,0.0,98125,47.7068,-122.308,1760.0,7490.0,2015-02-11,640500.0
8001400300,4.0,2.5,2130.0,9013.0,2.0,0.0,0.0,3,8,2130.0,0.0,1988,0.0,98001,47.3208,-122.273,2350.0,8982.0,2015-03-16,310000.0
1138000450,4.0,1.0,1440.0,7215.0,1.5,0.0,0.0,3,7,1440.0,0.0,1969,0.0,98034,47.7133,-122.212,1150.0,7215.0,2014-10-16,355000.0
2485000100,3.0,1.75,1940.0,7313.0,1.0,0.0,1.0,4,8,1440.0,500.0,1960,0.0,98136,47.5239,-122.387,2160.0,7200.0,2014-05-29,685000.0
7689600215,3.0,1.0,1120.0,8576.0,1.0,0.0,0.0,3,6,1120.0,0.0,1943,0.0,98178,47.4896,-122.248,1050.0,8812.0,2014-10-17,202500.0
7852010940,3.0,2.5,2400.0,5817.0,2.0,0.0,0.0,3,8,2400.0,0.0,1998,0.0,98065,47.5371,-121.87,2420.0,5817.0,2015-05-05,540000.0
739980360,4.0,2.5,1810.0,4871.0,2.0,0.0,0.0,3,8,1810.0,0.0,1999,0.0,98031,47.4088,-122.192,1850.0,5003.0,2014-11-17,295000.0
1102001055,3.0,1.0,1270.0,6612.0,1.5,,3.0,3,7,1270.0,0.0,1927,0.0,98118,47.5433,-122.264,2100.0,7680.0,2015-04-24,518000.0
2781250970,2.0,1.75,1350.0,4023.0,1.0,0.0,0.0,3,7,1350.0,0.0,2005,0.0,98038,47.3493,-122.023,1370.0,3570.0,2015-05-01,250000.0
3624079067,2.0,2.0,1550.0,435600.0,1.5,0.0,0.0,2,7,1550.0,0.0,1972,0.0,98065,47.5145,-121.853,1600.0,217800.0,2014-05-08,330000.0
4443800785,2.0,1.0,1620.0,3880.0,1.0,0.0,0.0,4,7,920.0,700.0,1924,0.0,98117,47.6855,-122.391,1330.0,3880.0,2014-11-21,481000.0
3303900090,3.0,2.25,2650.0,12845.0,1.0,0.0,3.0,3,9,1770.0,880.0,1977,0.0,98034,47.7209,-122.256,2650.0,12902.0,2014-10-23,898000.0
686530530,5.0,1.75,2510.0,9750.0,1.5,0.0,0.0,3,8,2510.0,0.0,1969,0.0,98052,47.6635,-122.149,1900.0,9750.0,2014-08-04,570000.0
4254000220,4.0,2.5,2040.0,16200.0,2.0,0.0,0.0,3,8,2040.0,0.0,1997,0.0,98019,47.7366,-121.958,2530.0,15389.0,2015-03-07,475000.0
7575600610,3.0,2.5,1660.0,5250.0,2.0,0.0,0.0,4,8,1660.0,0.0,1988,0.0,98003,47.3541,-122.3,1630.0,5505.0,2015-02-09,265000.0
7631800110,3.0,2.5,1980.0,17342.0,2.0,1.0,4.0,3,10,1580.0,400.0,1984,0.0,98166,47.4551,-122.373,2060.0,17313.0,2014-09-18,380000.0
7732410120,4.0,2.5,2690.0,8036.0,2.0,0.0,0.0,4,9,2690.0,0.0,1987,0.0,98007,47.6596,-122.144,2420.0,8087.0,2014-08-19,790000.0
2493200040,2.0,2.25,2910.0,6110.0,2.0,0.0,2.0,4,9,2910.0,0.0,1985,0.0,98136,47.5279,-122.387,2090.0,5763.0,2015-03-12,620000.0
2568300040,4.0,3.5,2720.0,9000.0,2.0,0.0,0.0,3,8,2670.0,50.0,1997,0.0,98125,47.7034,-122.297,1960.0,7772.0,2014-08-19,709050.0
1781500385,3.0,1.0,1280.0,5100.0,1.0,0.0,0.0,3,7,1280.0,0.0,1948,0.0,98126,47.5259,-122.38,1380.0,7140.0,2014-08-06,296500.0
626710220,3.0,2.5,2160.0,35912.0,2.0,0.0,0.0,3,8,2160.0,0.0,1982,0.0,98077,47.7273,-122.083,2230.0,35244.0,2014-08-13,475000.0
9414500230,3.0,2.25,1760.0,10835.0,1.0,0.0,0.0,4,8,1290.0,470.0,1976,0.0,98027,47.522,-122.048,2050.0,10488.0,2014-10-22,440000.0
6638900405,2.0,1.0,800.0,6016.0,1.0,0.0,0.0,3,6,800.0,0.0,1942,0.0,98117,47.6913,-122.369,1470.0,3734.0,2014-12-08,405000.0
7327902612,2.0,1.0,930.0,4000.0,1.0,0.0,0.0,3,6,730.0,200.0,1943,0.0,98108,47.5321,-122.323,1100.0,5000.0,2015-05-13,269500.0
7923600330,5.0,1.75,2040.0,5280.0,1.0,0.0,0.0,4,7,1020.0,1020.0,1961,0.0,98007,47.5941,-122.144,1720.0,7344.0,2014-11-19,520000.0
2011400782,1.0,1.0,1180.0,22000.0,1.0,0.0,2.0,3,6,1180.0,0.0,1948,0.0,98198,47.4007,-122.323,1890.0,11761.0,2014-08-04,229500.0
821049149,4.0,1.75,2000.0,10890.0,1.0,0.0,0.0,4,7,1390.0,610.0,1961,0.0,98003,47.3203,-122.321,1520.0,9250.0,2014-10-09,335000.0
4054700300,4.0,2.75,3310.0,50951.0,2.0,0.0,0.0,3,9,3310.0,0.0,1998,0.0,98077,47.7249,-122.027,3230.0,39340.0,2014-10-21,680000.0
3931900580,4.0,3.5,3130.0,3900.0,2.0,0.0,0.0,3,9,2550.0,580.0,2008,0.0,98115,47.6849,-122.327,1830.0,3900.0,2015-03-13,1390000.0
2485000165,4.0,2.5,2300.0,9900.0,1.0,0.0,2.0,3,8,1600.0,700.0,1961,0.0,98136,47.5256,-122.385,2510.0,7500.0,2014-12-15,740000.0
1117000150,3.0,2.25,2140.0,9990.0,1.0,0.0,0.0,4,8,2140.0,0.0,1962,0.0,98003,47.3484,-122.298,2060.0,9990.0,2015-03-17,270000.0
4321200600,4.0,2.0,2210.0,5572.0,1.5,0.0,3.0,3,7,1760.0,450.0,1911,0.0,98126,47.5727,-122.376,1760.0,4713.0,2015-05-04,510000.0
123039364,2.0,1.0,970.0,13700.0,1.0,0.0,0.0,3,6,970.0,0.0,1949,0.0,98106,47.515,-122.362,1570.0,10880.0,2014-05-21,300000.0
2175100205,5.0,2.25,2690.0,10800.0,1.0,0.0,3.0,4,8,2020.0,670.0,1956,0.0,98040,47.5821,-122.247,3380.0,9134.0,2015-03-23,1300000.0
8813400165,4.0,2.0,1890.0,5188.0,1.5,0.0,0.0,4,7,1670.0,220.0,1940,0.0,98105,47.6633,-122.287,1800.0,4848.0,2014-08-19,675000.0
2597531020,6.0,3.25,3140.0,14923.0,2.0,0.0,0.0,3,10,3140.0,0.0,1991,0.0,98006,47.5411,-122.133,2980.0,10758.0,2014-11-04,925850.0
723069013,2.0,1.0,1440.0,43560.0,1.0,0.0,0.0,4,7,1150.0,290.0,1965,0.0,98027,47.4916,-122.082,1870.0,56628.0,2014-07-18,255500.0
1137800230,3.0,2.5,2910.0,17172.0,2.0,0.0,0.0,3,10,2910.0,0.0,1989,0.0,98003,47.2789,-122.331,2910.0,20048.0,2014-05-14,450000.0
3221069057,3.0,1.0,1310.0,22652.0,1.0,0.0,0.0,3,7,1310.0,0.0,1968,0.0,98092,47.2574,-122.072,1600.0,103672.0,2014-11-05,280000.0
3832500230,4.0,2.25,2140.0,8800.0,2.0,0.0,0.0,4,7,2140.0,0.0,1963,0.0,98032,47.3655,-122.291,2060.0,9790.0,2015-01-05,245000.0
1138010220,3.0,1.0,1090.0,6712.0,1.0,0.0,0.0,4,7,1090.0,0.0,1972,0.0,98034,47.7155,-122.211,1440.0,7350.0,2015-03-17,344950.0
3205500230,3.0,1.75,1330.0,7216.0,1.0,0.0,0.0,3,7,1330.0,0.0,1969,0.0,98034,47.7199,-122.18,1500.0,8000.0,2014-08-11,381000.0
4389201241,4.0,4.0,4690.0,6900.0,2.0,0.0,0.0,3,11,3480.0,1210.0,2001,0.0,98004,47.6165,-122.216,2800.0,11240.0,2014-12-30,1950000.0
9808700025,3.0,1.5,1910.0,21374.0,1.0,0.0,0.0,1,8,1910.0,0.0,1955,0.0,98004,47.6453,-122.214,2850.0,16167.0,2015-02-11,1500000.0
4399210110,3.0,1.75,1750.0,11461.0,2.0,0.0,0.0,4,7,1750.0,0.0,1976,0.0,98002,47.3173,-122.21,2140.0,11276.0,2014-06-19,232603.0
7972602490,5.0,2.5,1760.0,10200.0,1.5,0.0,0.0,3,6,1760.0,0.0,1925,0.0,98106,47.5271,-122.351,1370.0,7620.0,2014-12-12,220000.0
2128000180,4.0,1.75,1810.0,7700.0,1.0,0.0,0.0,5,8,1390.0,420.0,1977,0.0,98033,47.6976,-122.169,2080.0,7700.0,2014-08-11,600000.0
4345000090,3.0,2.5,1360.0,5754.0,2.0,0.0,0.0,3,7,1360.0,0.0,1994,0.0,98030,47.3645,-122.183,1360.0,7050.0,2014-11-05,239000.0
6413100242,3.0,1.75,1730.0,9211.0,1.0,0.0,0.0,3,8,1730.0,0.0,1961,0.0,98125,47.7149,-122.322,1440.0,9211.0,2014-08-26,400000.0
4218400455,6.0,2.75,4710.0,11000.0,2.0,0.0,3.0,3,10,3690.0,1020.0,1931,0.0,98105,47.6622,-122.272,2950.0,5300.0,2014-07-08,2180000.0
1568100220,3.0,1.0,1010.0,8551.0,1.0,,0.0,5,7,1010.0,0.0,1953,0.0,98155,47.7351,-122.295,1310.0,8504.0,2014-09-08,350000.0
1626069220,3.0,2.5,2400.0,97138.0,2.0,0.0,0.0,5,8,2400.0,0.0,1983,0.0,98077,47.7361,-122.046,2230.0,54450.0,2014-09-05,562000.0
3342103149,3.0,1.5,1540.0,8400.0,1.0,,0.0,5,7,1540.0,0.0,1968,0.0,98056,47.5237,-122.199,1690.0,7689.0,2014-09-10,380000.0
8127700410,4.0,1.75,1480.0,7875.0,1.0,0.0,0.0,3,7,740.0,740.0,1927,0.0,98199,47.643,-122.397,1680.0,5851.0,2014-10-15,511200.0
3629970090,4.0,2.5,2520.0,5000.0,2.0,0.0,0.0,3,9,2520.0,0.0,2004,0.0,98029,47.5524,-121.992,2910.0,5001.0,2014-10-14,680000.0
8910500237,3.0,3.25,1210.0,941.0,2.0,0.0,0.0,3,8,1000.0,210.0,2002,0.0,98133,47.7114,-122.356,1650.0,1493.0,2014-07-26,350000.0
621069218,5.0,2.5,2670.0,184140.0,1.0,0.0,0.0,3,8,1410.0,1260.0,1980,0.0,98042,47.3429,-122.097,1860.0,35719.0,2015-02-19,410000.0
3394100230,4.0,2.5,3030.0,12590.0,1.5,,0.0,4,10,3030.0,0.0,1988,0.0,98004,47.5806,-122.193,2980.0,11635.0,2014-05-22,1050000.0
8682211030,3.0,2.0,1440.0,3900.0,1.0,0.0,0.0,3,8,1440.0,0.0,2002,0.0,98053,47.7022,-122.021,1350.0,3900.0,2014-10-28,391265.0
5427100150,4.0,2.25,3250.0,16684.0,2.0,0.0,0.0,3,9,3250.0,0.0,1979,0.0,98039,47.6334,-122.229,2890.0,16927.0,2014-06-26,1410000.0
7579200600,3.0,2.0,1750.0,5750.0,1.0,0.0,2.0,5,7,870.0,880.0,1956,0.0,98116,47.5579,-122.384,1750.0,5750.0,2015-04-28,575000.0
7302000610,4.0,1.5,2120.0,46173.0,2.0,0.0,0.0,3,7,2120.0,0.0,1974,0.0,98053,47.6503,-121.968,2000.0,46173.0,2015-05-08,316000.0
3004800175,3.0,1.0,1050.0,5156.0,1.5,,0.0,3,7,1050.0,0.0,1919,0.0,98106,47.5169,-122.358,1050.0,5502.0,2015-04-16,165000.0
2397101055,3.0,2.25,1950.0,3600.0,1.5,0.0,0.0,5,8,1430.0,520.0,1911,0.0,98119,47.637,-122.363,1950.0,3600.0,2014-08-12,850000.0
2354300845,3.0,1.0,1020.0,6000.0,1.0,0.0,0.0,3,5,1020.0,0.0,1900,0.0,98027,47.5281,-122.031,2070.0,7200.0,2014-08-04,210000.0
984220330,4.0,2.5,1820.0,9161.0,1.0,0.0,0.0,4,7,1220.0,600.0,1975,0.0,98058,47.4333,-122.168,1860.0,7650.0,2014-08-24,325000.0
7273100026,4.0,2.5,2390.0,53941.0,2.0,0.0,0.0,3,8,2390.0,0.0,1989,0.0,98053,47.7066,-122.08,2610.0,104108.0,2015-04-07,682000.0
6386200100,3.0,2.5,1400.0,7508.0,2.0,0.0,0.0,4,7,1400.0,0.0,1987,0.0,98034,47.7233,-122.167,1710.0,7700.0,2014-07-18,430000.0
9324800025,3.0,1.5,1540.0,8110.0,1.0,0.0,0.0,4,7,1190.0,350.0,1959,0.0,98125,47.7329,-122.291,1290.0,8110.0,2014-11-25,325500.0
4058800930,3.0,1.75,2370.0,6360.0,1.0,0.0,3.0,3,7,1280.0,1090.0,1954,0.0,98178,47.5039,-122.24,1990.0,6360.0,2014-07-20,385000.0
1972201161,1.0,1.0,670.0,1800.0,1.0,0.0,0.0,5,6,670.0,0.0,1905,0.0,98103,47.654,-122.35,1330.0,3360.0,2015-03-23,435000.0
2202500025,4.0,1.0,2420.0,15520.0,2.0,0.0,0.0,4,7,2420.0,0.0,1945,0.0,98006,47.5744,-122.137,1630.0,9965.0,2014-07-21,550000.0
4077800258,3.0,1.0,1000.0,7800.0,1.0,0.0,0.0,4,6,860.0,,1930,0.0,98125,47.7098,-122.283,1700.0,7800.0,2014-10-09,400000.0
2558700220,4.0,2.75,2100.0,7350.0,1.0,0.0,0.0,5,7,1240.0,860.0,1978,0.0,98034,47.7194,-122.172,2490.0,7350.0,2014-07-21,503000.0
290200230,4.0,2.5,2800.0,5368.0,2.0,0.0,0.0,3,8,2800.0,0.0,2003,0.0,98074,47.6076,-122.053,2790.0,5368.0,2014-08-19,676000.0
1951100100,3.0,1.0,940.0,11055.0,1.5,0.0,0.0,4,7,940.0,0.0,1959,0.0,98032,47.3732,-122.295,1420.0,9100.0,2014-11-13,180000.0
9499200220,3.0,2.0,1640.0,5280.0,1.5,0.0,0.0,5,6,1640.0,0.0,1910,0.0,98002,47.3089,-122.213,1160.0,7875.0,2014-06-11,234000.0
999000215,4.0,2.5,2760.0,5000.0,1.5,0.0,0.0,5,7,1680.0,1080.0,1928,0.0,98107,47.6726,-122.371,1850.0,5000.0,2014-05-12,734200.0
822069118,3.0,3.25,3660.0,66211.0,2.0,0.0,0.0,3,10,3660.0,0.0,2003,0.0,98038,47.4087,-122.062,3660.0,107153.0,2014-07-29,920000.0
2425049066,4.0,2.5,3070.0,34412.0,1.0,0.0,3.0,4,9,2070.0,1000.0,1950,0.0,98039,47.64,-122.24,3780.0,27940.0,2014-06-16,1920000.0
7950700110,3.0,1.75,1100.0,10125.0,1.0,0.0,0.0,4,7,1100.0,0.0,1969,0.0,98092,47.3232,-122.103,1520.0,10125.0,2014-12-09,224000.0
9253900408,3.0,2.75,3130.0,19530.0,1.0,1.0,4.0,3,8,1690.0,1440.0,1947,19840.0,98008,47.5895,-122.111,2980.0,18782.0,2015-04-08,1400000.0
3313600077,3.0,1.0,1320.0,7155.0,1.0,0.0,0.0,4,6,1320.0,0.0,1961,0.0,98002,47.2857,-122.22,1070.0,8100.0,2014-09-19,185000.0
452001540,3.0,1.75,1470.0,5000.0,1.5,0.0,0.0,5,7,1470.0,0.0,1900,0.0,98107,47.6755,-122.369,1530.0,5000.0,2014-08-18,554600.0
3832710210,3.0,1.75,1480.0,8009.0,1.0,0.0,0.0,3,7,980.0,500.0,1980,0.0,98032,47.3657,-122.28,1790.0,7678.0,2014-08-25,268000.0
8563000300,4.0,2.25,2260.0,8715.0,1.0,0.0,0.0,4,8,1530.0,730.0,1976,0.0,98008,47.6237,-122.106,2220.0,8650.0,2014-09-15,675000.0
1313000650,4.0,2.25,2210.0,10039.0,1.0,0.0,0.0,4,8,1710.0,500.0,1967,0.0,98052,47.634,-122.101,2070.0,10965.0,2014-07-11,620000.0
3424069066,3.0,1.75,1540.0,12446.0,1.0,0.0,0.0,5,8,1540.0,0.0,1967,0.0,98027,47.5172,-122.027,1330.0,11508.0,2014-05-21,396450.0
2206500300,5.0,1.75,1910.0,9720.0,1.0,0.0,0.0,4,7,1390.0,520.0,1955,0.0,98006,47.5772,-122.159,1750.0,9720.0,2014-08-20,565000.0
3083001095,3.0,1.75,1760.0,3520.0,1.0,0.0,0.0,3,7,1160.0,600.0,1966,0.0,98144,47.5773,-122.303,1840.0,5000.0,2014-08-24,410000.0
809002290,4.0,3.0,2240.0,6000.0,1.5,0.0,0.0,4,8,1270.0,970.0,1914,0.0,98109,47.6369,-122.35,2240.0,4250.0,2014-05-19,1190000.0
6669070220,3.0,2.25,2110.0,7279.0,1.0,0.0,0.0,4,9,2110.0,,1984,0.0,98033,47.6669,-122.17,2130.0,7279.0,2014-08-21,716125.0
2325069054,2.0,1.0,1396.0,111949.0,1.0,0.0,0.0,3,7,1396.0,0.0,1940,19970.0,98053,47.6374,-122.007,2020.0,111949.0,2014-05-21,225000.0
8820901792,4.0,2.75,3040.0,7274.0,2.0,0.0,3.0,3,9,2320.0,720.0,1986,0.0,98125,47.7184,-122.28,2830.0,10080.0,2014-07-11,640000.0
3488300110,2.0,1.0,1140.0,5650.0,1.0,0.0,1.0,3,6,980.0,160.0,1920,0.0,98116,47.5634,-122.391,1220.0,5700.0,2014-09-10,374000.0
3971700330,4.0,2.0,1780.0,12161.0,1.0,0.0,0.0,5,7,1160.0,620.0,1950,0.0,98155,47.7746,-122.323,1780.0,8170.0,2015-04-15,415000.0
5561400220,4.0,2.5,3370.0,35150.0,1.0,,0.0,5,8,1770.0,1600.0,1993,0.0,98027,47.461,-122.002,2920.0,41241.0,2014-08-19,592500.0
2979800762,3.0,2.5,1484.0,1761.0,3.0,0.0,0.0,3,7,1484.0,0.0,2003,0.0,98115,47.6844,-122.317,1484.0,4320.0,2014-09-04,365000.0
6600220300,4.0,2.5,2230.0,12753.0,1.0,0.0,0.0,4,7,1180.0,1050.0,1981,0.0,98074,47.6297,-122.033,1860.0,12753.0,2014-09-14,600000.0
2817910220,4.0,2.5,2820.0,39413.0,2.0,0.0,0.0,4,9,2820.0,0.0,1989,0.0,98092,47.3064,-122.1,2910.0,39413.0,2014-12-16,465000.0
7696620100,3.0,1.0,1580.0,7560.0,1.0,0.0,0.0,4,7,1000.0,580.0,1976,0.0,98001,47.3318,-122.277,1580.0,7560.0,2015-04-22,254999.0
7760400900,4.0,2.5,2040.0,8076.0,2.0,0.0,0.0,3,7,2040.0,0.0,1994,0.0,98042,47.3691,-122.074,2040.0,8408.0,2014-09-16,279000.0
3353404265,3.0,2.5,2720.0,40813.0,2.0,0.0,0.0,3,8,2720.0,0.0,2001,0.0,98001,47.2619,-122.271,2250.0,40511.0,2014-12-31,460000.0
9828702666,4.0,2.25,1490.0,956.0,2.0,0.0,0.0,3,7,1020.0,470.0,2005,0.0,98122,47.6184,-122.301,1510.0,1350.0,2014-07-28,507000.0
1823059223,3.0,1.75,1560.0,9788.0,1.0,0.0,0.0,3,7,1560.0,0.0,1964,0.0,98178,47.4876,-122.226,1840.0,11180.0,2014-05-20,291000.0
2197600388,2.0,1.5,830.0,1077.0,2.0,0.0,0.0,3,7,830.0,0.0,2006,0.0,98122,47.6058,-122.319,830.0,1366.0,2014-12-02,350000.0
4239400300,3.0,1.0,980.0,2490.0,2.0,0.0,0.0,4,6,980.0,0.0,1969,0.0,98092,47.317,-122.182,980.0,3154.0,2014-11-29,90000.0
1328300820,3.0,1.75,1980.0,7000.0,1.0,0.0,0.0,4,8,1360.0,620.0,1977,0.0,98058,47.4442,-122.129,1880.0,7200.0,2014-08-06,329000.0
7805450870,4.0,2.5,3680.0,11648.0,2.0,0.0,0.0,3,10,3680.0,0.0,1986,0.0,98006,47.5604,-122.107,2830.0,11251.0,2014-08-14,909000.0
419000035,2.0,1.0,860.0,5400.0,1.0,0.0,0.0,4,5,860.0,0.0,1953,0.0,98056,47.492,-122.171,960.0,5400.0,2014-10-15,187000.0
3131201105,3.0,1.75,1850.0,5100.0,1.0,0.0,0.0,3,7,1020.0,830.0,1909,0.0,98105,47.6605,-122.326,1850.0,5100.0,2014-07-09,580000.0
112900110,3.0,2.5,1620.0,5992.0,2.0,0.0,0.0,3,7,1620.0,0.0,2001,0.0,98019,47.736,-121.965,1620.0,4644.0,2014-09-03,345000.0
5249802240,4.0,2.5,2240.0,7200.0,2.0,0.0,0.0,3,8,2240.0,0.0,1995,0.0,98118,47.5636,-122.275,1860.0,6600.0,2014-05-15,497000.0
7950302345,3.0,1.0,1010.0,3060.0,1.5,0.0,0.0,3,6,1010.0,0.0,1904,0.0,98118,47.5657,-122.285,1330.0,4590.0,2014-08-15,345000.0
2473371570,3.0,1.75,1610.0,7350.0,1.0,,0.0,3,8,1610.0,0.0,1974,0.0,98058,47.4503,-122.131,2120.0,7350.0,2014-11-19,313500.0
3982700088,3.0,2.5,2720.0,7250.0,2.0,0.0,0.0,3,9,2720.0,0.0,1990,0.0,98033,47.6894,-122.195,2870.0,7250.0,2015-04-02,910000.0
3448000755,3.0,1.5,2080.0,5244.0,1.0,0.0,0.0,3,7,1190.0,890.0,1959,0.0,98125,47.7144,-122.293,1850.0,6982.0,2014-06-04,399950.0
1446400615,4.0,2.0,1930.0,6600.0,1.0,,0.0,4,7,1030.0,900.0,1967,0.0,98168,47.482,-122.332,1220.0,6600.0,2014-05-27,268000.0
2484700145,4.0,1.75,2250.0,8458.0,1.0,0.0,0.0,3,8,1450.0,800.0,1954,0.0,98136,47.5235,-122.383,1950.0,7198.0,2014-12-29,559000.0
1753500100,3.0,2.25,1980.0,8755.0,1.0,0.0,0.0,4,7,1300.0,680.0,1963,0.0,98198,47.3922,-122.321,2030.0,8671.0,2014-07-09,309000.0
7853300770,3.0,2.5,1960.0,4400.0,2.0,0.0,0.0,3,7,1960.0,0.0,2006,0.0,98065,47.5384,-121.889,2060.0,4400.0,2014-06-09,410000.0
7236100015,3.0,1.0,1320.0,8625.0,1.0,0.0,0.0,4,7,1320.0,0.0,1957,0.0,98056,47.4902,-122.179,1370.0,8295.0,2014-05-20,259000.0
1959701695,5.0,2.0,2940.0,5500.0,2.0,0.0,0.0,4,9,2340.0,600.0,1909,0.0,98102,47.6466,-122.321,2940.0,5500.0,2014-11-24,950000.0
4024101421,4.0,1.0,1460.0,7200.0,1.5,0.0,0.0,4,7,1460.0,0.0,1955,0.0,98155,47.7602,-122.306,1690.0,7357.0,2014-12-02,320000.0
327000165,4.0,2.5,2330.0,30122.0,1.0,,1.0,3,8,1490.0,840.0,1951,0.0,98115,47.6843,-122.267,2430.0,6726.0,2015-04-13,1150000.0
7893800534,3.0,2.0,2620.0,10107.0,1.0,0.0,3.0,3,7,2620.0,0.0,1982,0.0,98198,47.4096,-122.329,1730.0,7812.0,2014-11-24,394250.0
6430500191,1.0,1.0,700.0,3876.0,1.0,0.0,0.0,3,6,700.0,0.0,1910,0.0,98103,47.6886,-122.352,1150.0,3952.0,2014-11-06,315000.0
2354300835,2.0,2.0,1140.0,12000.0,1.0,0.0,0.0,3,6,1140.0,0.0,1943,0.0,98027,47.5277,-122.031,1880.0,6125.0,2014-12-24,480000.0
9510300220,3.0,2.5,2750.0,35440.0,2.0,0.0,0.0,3,9,2750.0,0.0,1994,0.0,98045,47.4745,-121.723,2710.0,35440.0,2014-08-04,556000.0
7852130410,3.0,2.5,2480.0,5647.0,2.0,0.0,0.0,3,7,2480.0,0.0,2002,0.0,98065,47.5355,-121.88,2510.0,5018.0,2014-10-27,450000.0
5101406522,3.0,1.5,1130.0,5413.0,1.0,0.0,0.0,3,7,940.0,190.0,1946,0.0,98125,47.7021,-122.32,1400.0,7168.0,2014-10-01,420000.0
2768200090,6.0,3.75,2770.0,5000.0,1.0,0.0,0.0,3,8,1870.0,900.0,1969,0.0,98107,47.669,-122.365,1570.0,2108.0,2015-03-17,890000.0
1761300650,4.0,2.0,1710.0,8814.0,1.0,0.0,0.0,5,7,1030.0,,1975,0.0,98031,47.395,-122.174,1710.0,7272.0,2014-10-06,295000.0
1081330210,4.0,2.25,2150.0,27345.0,2.0,,0.0,5,8,2150.0,0.0,1976,0.0,98059,47.469,-122.121,2200.0,11923.0,2014-09-11,410000.0
4137070090,3.0,2.5,2250.0,7294.0,2.0,0.0,0.0,3,8,2250.0,0.0,1994,0.0,98092,47.2636,-122.212,2140.0,7363.0,2014-06-11,308900.0
327000100,4.0,2.5,2960.0,26742.0,1.0,0.0,3.0,3,8,1480.0,1480.0,1949,19960.0,98115,47.6846,-122.268,2500.0,9460.0,2014-10-22,1160000.0
8682281510,2.0,2.5,2300.0,6984.0,1.0,0.0,0.0,3,8,2300.0,0.0,2006,0.0,98053,47.7087,-122.015,1820.0,4950.0,2015-01-28,665000.0
3297700100,3.0,1.75,1740.0,5500.0,1.0,0.0,0.0,5,7,970.0,770.0,1953,0.0,98116,47.577,-122.395,1740.0,7250.0,2014-09-03,577000.0
7518506717,3.0,2.5,2830.0,3750.0,3.0,0.0,0.0,3,10,2830.0,0.0,2014,0.0,98117,47.6799,-122.385,1780.0,5000.0,2014-09-17,959000.0
65000210,2.0,1.75,1240.0,6417.0,1.0,0.0,0.0,5,7,1240.0,0.0,1924,0.0,98126,47.5439,-122.379,1800.0,6417.0,2014-06-26,471000.0
3905040590,3.0,2.5,2180.0,7169.0,2.0,0.0,0.0,3,8,2180.0,0.0,1990,0.0,98029,47.5714,-122.002,2150.0,5914.0,2015-04-21,560000.0
5451210150,5.0,2.25,2510.0,9887.0,2.0,0.0,0.0,3,8,2510.0,0.0,1972,0.0,98040,47.5339,-122.223,2510.0,10006.0,2014-05-14,955000.0
1778360150,7.0,5.5,6630.0,13782.0,2.0,0.0,0.0,3,10,4930.0,1700.0,2004,0.0,98006,47.5399,-122.118,4470.0,8639.0,2014-06-20,1240000.0
6649900301,3.0,2.5,2300.0,18540.0,1.0,0.0,0.0,3,8,1800.0,500.0,1961,0.0,98177,47.7767,-122.369,2460.0,18540.0,2014-12-31,579000.0
9264901490,4.0,2.25,3220.0,7889.0,2.0,,0.0,3,8,3220.0,0.0,1978,0.0,98023,47.3112,-122.339,2120.0,7651.0,2015-04-28,335000.0
7853220910,3.0,2.5,2270.0,7887.0,2.0,0.0,2.0,3,8,2270.0,0.0,2004,0.0,98065,47.5326,-121.855,2550.0,7133.0,2014-09-15,485000.0
9346700150,3.0,2.5,1840.0,9900.0,1.0,0.0,0.0,3,9,1840.0,0.0,1978,0.0,98007,47.6131,-122.151,2730.0,9900.0,2014-07-02,552000.0
2327000110,4.0,3.25,3820.0,15293.0,2.0,,0.0,3,10,3820.0,0.0,2003,0.0,98074,47.6097,-122.017,2790.0,7142.0,2014-07-14,950000.0
7137900490,3.0,2.0,1660.0,7958.0,1.0,0.0,0.0,3,7,1130.0,530.0,1983,0.0,98092,47.3187,-122.171,1550.0,7647.0,2015-03-16,203700.0
9264960850,4.0,3.5,3360.0,9767.0,2.0,0.0,0.0,3,9,2450.0,910.0,1990,0.0,98023,47.3047,-122.347,2580.0,8757.0,2014-07-09,412000.0
1545808960,3.0,2.0,1350.0,8960.0,1.0,0.0,0.0,4,7,1350.0,0.0,1986,0.0,98038,47.3614,-122.045,1470.0,8288.0,2015-01-06,237500.0
486000085,4.0,3.5,2970.0,5000.0,2.0,0.0,2.0,3,9,2200.0,770.0,2001,0.0,98117,47.6772,-122.399,1470.0,4560.0,2014-08-15,866800.0
7977200945,3.0,1.0,1000.0,5100.0,1.0,0.0,0.0,3,7,860.0,140.0,1946,0.0,98115,47.6857,-122.293,1000.0,5100.0,2015-03-10,425000.0
3056700150,3.0,2.0,1190.0,6833.0,1.0,0.0,0.0,3,7,1190.0,0.0,1995,0.0,98092,47.3191,-122.18,1540.0,8000.0,2014-06-25,200000.0
7896300150,3.0,1.75,1670.0,6034.0,1.0,0.0,0.0,3,7,990.0,680.0,1957,0.0,98118,47.5209,-122.286,1230.0,6034.0,2014-09-29,280000.0
7399100210,3.0,1.5,1200.0,2002.0,2.0,0.0,0.0,3,8,1200.0,0.0,1966,0.0,98055,47.4659,-122.189,1270.0,1848.0,2014-11-26,140000.0
2473370110,5.0,2.5,2250.0,10400.0,1.0,0.0,0.0,3,8,1280.0,970.0,1973,0.0,98058,47.4501,-122.139,2140.0,9592.0,2014-11-14,370000.0
2770605420,2.0,0.75,1040.0,4000.0,1.0,0.0,0.0,3,7,930.0,110.0,1909,0.0,98119,47.6489,-122.372,1700.0,4800.0,2014-09-16,550000.0
7856400300,2.0,2.5,3180.0,9400.0,2.0,0.0,4.0,5,10,2610.0,570.0,1985,0.0,98006,47.5617,-122.158,3760.0,9450.0,2014-07-02,1410000.0
7856400300,2.0,2.5,3180.0,9400.0,2.0,0.0,4.0,5,10,2610.0,570.0,1985,0.0,98006,47.5617,-122.158,3760.0,9450.0,2015-03-22,1510000.0
7923700330,4.0,1.5,2040.0,8800.0,1.0,0.0,0.0,4,7,1020.0,1020.0,1961,0.0,98007,47.5965,-122.139,1490.0,8800.0,2014-05-28,510000.0
5632500110,3.0,1.0,1160.0,10518.0,1.0,0.0,0.0,3,7,1160.0,0.0,1960,0.0,98028,47.7343,-122.22,1670.0,9380.0,2014-07-16,351000.0
723049219,3.0,1.0,880.0,10800.0,1.0,0.0,0.0,3,6,880.0,0.0,1942,0.0,98146,47.4949,-122.338,1100.0,8820.0,2015-03-25,210000.0
2320069111,4.0,1.75,2290.0,36900.0,1.5,0.0,2.0,5,7,1690.0,600.0,1938,0.0,98022,47.2034,-122.003,2170.0,12434.0,2015-05-07,449999.0
7972604345,3.0,1.0,950.0,7620.0,1.0,0.0,0.0,3,6,950.0,0.0,1954,0.0,98106,47.5178,-122.346,1260.0,7620.0,2014-05-19,137000.0
3222069156,3.0,1.0,1010.0,14510.0,1.0,0.0,0.0,5,7,1010.0,0.0,1974,0.0,98042,47.3437,-122.078,2020.0,44866.0,2014-12-17,270000.0
1722069097,3.0,2.5,3100.0,100188.0,1.0,0.0,0.0,4,7,1820.0,,1981,0.0,98038,47.3928,-122.066,2430.0,104979.0,2014-12-29,540000.0
4022905473,5.0,3.0,2560.0,12480.0,1.0,0.0,0.0,3,8,1590.0,970.0,2012,0.0,98155,47.7657,-122.284,2500.0,17299.0,2014-12-05,565000.0
5318101695,4.0,1.5,2430.0,3600.0,2.5,0.0,0.0,3,8,2430.0,0.0,1980,0.0,98112,47.6351,-122.285,2020.0,4800.0,2015-04-09,940000.0
5216200090,2.0,1.0,830.0,26329.0,1.0,1.0,3.0,4,6,830.0,0.0,1928,0.0,98070,47.4012,-122.425,2030.0,27338.0,2014-06-16,385000.0
9526500090,3.0,3.0,2090.0,7634.0,1.0,0.0,0.0,3,8,1450.0,640.0,2001,0.0,98019,47.7408,-121.974,2090.0,9600.0,2014-08-22,400000.0
423059039,3.0,2.0,2030.0,8649.0,1.0,0.0,0.0,3,7,2030.0,0.0,1998,0.0,98056,47.5082,-122.166,1760.0,7200.0,2015-03-21,365000.0
6909700437,2.0,1.0,1060.0,1600.0,2.0,0.0,0.0,3,7,1060.0,0.0,1979,0.0,98144,47.5888,-122.294,1360.0,3360.0,2014-05-22,353250.0
1205000215,2.0,1.5,1090.0,6750.0,1.0,0.0,0.0,3,7,950.0,140.0,1942,0.0,98117,47.6836,-122.397,1640.0,6750.0,2015-04-29,455000.0
3223039229,4.0,3.5,3400.0,234352.0,2.0,0.0,0.0,3,8,2500.0,900.0,1991,0.0,98070,47.4335,-122.449,1300.0,39639.0,2014-05-27,475000.0
4077800474,4.0,1.75,1920.0,7455.0,1.0,0.0,0.0,4,7,960.0,960.0,1939,19640.0,98125,47.7106,-122.286,1920.0,7455.0,2014-11-24,571500.0
1604600227,2.0,1.0,1150.0,3000.0,1.0,0.0,0.0,3,6,780.0,370.0,1915,0.0,98118,47.5624,-122.291,1150.0,5000.0,2015-03-28,441000.0
9542200220,6.0,2.75,3970.0,9500.0,1.0,0.0,0.0,4,10,2180.0,,1970,0.0,98005,47.5956,-122.178,2490.0,9775.0,2015-02-13,810000.0
6600220490,3.0,2.25,1880.0,11556.0,2.0,0.0,0.0,3,8,1880.0,0.0,1987,0.0,98074,47.6283,-122.032,1880.0,12000.0,2015-04-09,550000.0
2138700141,2.0,1.0,1500.0,4000.0,1.0,0.0,0.0,3,8,1100.0,400.0,1933,0.0,98109,47.6409,-122.353,1980.0,4000.0,2014-07-02,736000.0
4046600820,3.0,1.75,2190.0,17550.0,1.0,0.0,0.0,3,7,2190.0,0.0,1989,0.0,98014,47.6984,-121.912,1700.0,17550.0,2015-02-24,375000.0
9430100360,3.0,2.5,2530.0,9932.0,2.0,0.0,0.0,3,8,2530.0,0.0,1995,0.0,98052,47.6853,-122.16,2140.0,7950.0,2015-02-05,717500.0
2447500015,2.0,1.75,1930.0,11200.0,1.0,0.0,2.0,3,8,1430.0,500.0,1951,0.0,98177,47.7576,-122.37,2840.0,12408.0,2014-11-21,581000.0
1524039043,3.0,2.0,1510.0,4560.0,2.0,,0.0,4,7,1510.0,0.0,1909,19950.0,98116,47.5689,-122.408,1990.0,5000.0,2014-07-25,629000.0
2303900100,3.0,4.25,5510.0,35000.0,2.0,0.0,4.0,3,13,4910.0,600.0,1997,0.0,98177,47.7296,-122.37,3430.0,45302.0,2014-09-11,3800000.0
8651400230,3.0,2.0,1100.0,5200.0,1.0,0.0,0.0,3,6,1100.0,0.0,1969,20140.0,98042,47.3606,-122.083,1050.0,5330.0,2014-12-08,225000.0
7437100210,3.0,2.5,1730.0,6368.0,2.0,0.0,0.0,3,7,1730.0,0.0,1993,0.0,98038,47.3505,-122.032,1780.0,6597.0,2014-06-18,315000.0
3630020150,3.0,2.5,1480.0,1386.0,3.0,,0.0,3,8,1480.0,0.0,2005,0.0,98029,47.5468,-121.998,1470.0,1593.0,2015-03-10,425000.0
1773600691,3.0,1.0,1150.0,11802.0,1.0,0.0,0.0,4,7,1150.0,0.0,1932,19580.0,98106,47.5624,-122.361,1880.0,6082.0,2014-06-25,346500.0
5448300150,3.0,2.25,1950.0,26500.0,1.0,0.0,0.0,4,8,1570.0,380.0,1965,0.0,98006,47.5784,-122.179,2160.0,12751.0,2015-01-05,550000.0
2260000210,3.0,1.75,2380.0,10450.0,1.0,0.0,0.0,3,8,1400.0,980.0,1977,0.0,98052,47.6409,-122.111,2150.0,9600.0,2015-02-09,565000.0
6815100085,4.0,2.0,3100.0,8000.0,1.5,0.0,0.0,5,7,2040.0,1060.0,1939,0.0,98103,47.6852,-122.329,1650.0,4000.0,2014-12-24,1000000.0
5141000720,2.0,2.0,2010.0,3797.0,1.5,0.0,0.0,3,7,1450.0,560.0,1922,20040.0,98108,47.5596,-122.315,1660.0,4650.0,2014-08-05,400000.0
9276200455,4.0,2.0,2270.0,5760.0,2.0,,0.0,4,8,2270.0,0.0,1909,0.0,98116,47.5809,-122.39,1420.0,5760.0,2014-11-21,724950.0
5459500165,3.0,1.75,2050.0,16313.0,1.0,0.0,0.0,2,8,2050.0,0.0,1973,0.0,98040,47.5743,-122.212,3180.0,10264.0,2014-07-08,623000.0
9828701295,2.0,1.0,650.0,5400.0,1.0,,0.0,3,6,650.0,0.0,1950,0.0,98122,47.6185,-122.295,1310.0,4906.0,2014-06-24,295000.0
164000261,4.0,3.25,2780.0,7875.0,2.0,,0.0,3,9,2780.0,0.0,2006,0.0,98133,47.7294,-122.352,1000.0,7500.0,2014-05-21,700000.0
2767704682,2.0,1.5,1300.0,1229.0,2.0,0.0,0.0,3,8,1160.0,140.0,2000,0.0,98107,47.6727,-122.375,1430.0,1255.0,2015-04-08,482000.0
6791050450,3.0,2.5,2730.0,11380.0,2.0,0.0,0.0,3,10,2730.0,0.0,1995,0.0,98075,47.58,-122.057,2800.0,10070.0,2014-08-21,770000.0
1221039066,4.0,2.5,3140.0,22100.0,1.0,0.0,0.0,4,8,1820.0,1320.0,1960,0.0,98023,47.319,-122.362,2700.0,25500.0,2014-10-17,310000.0
686300450,4.0,2.25,2410.0,8400.0,2.0,0.0,0.0,5,8,2410.0,0.0,1965,0.0,98008,47.626,-122.119,1910.0,8056.0,2014-07-08,720000.0
3822200087,3.0,1.0,1180.0,5965.0,1.5,0.0,0.0,4,6,1180.0,0.0,1928,0.0,98125,47.7281,-122.299,1270.0,7710.0,2015-03-19,355000.0
6669250100,4.0,2.5,2600.0,4506.0,2.0,0.0,0.0,3,9,2600.0,0.0,2005,0.0,98056,47.5146,-122.188,2470.0,6041.0,2014-07-29,512000.0
1453602310,2.0,1.5,1400.0,1650.0,3.0,0.0,0.0,3,7,1400.0,0.0,1999,0.0,98125,47.7222,-122.29,1430.0,1650.0,2014-12-16,303000.0
984200690,5.0,2.5,2220.0,9360.0,1.0,0.0,0.0,4,7,1110.0,1110.0,1968,0.0,98058,47.4341,-122.169,1780.0,7704.0,2014-06-18,299000.0
5468770180,3.0,2.5,1660.0,6263.0,2.0,0.0,0.0,3,8,1660.0,0.0,2003,0.0,98042,47.3507,-122.141,2190.0,6192.0,2014-06-23,285000.0
5459500100,3.0,1.75,2330.0,9652.0,1.0,0.0,0.0,4,8,1590.0,740.0,1968,0.0,98040,47.5714,-122.211,2420.0,9631.0,2014-09-24,680000.0
2968801605,4.0,1.75,1440.0,6720.0,1.0,,0.0,5,6,720.0,720.0,1954,0.0,98166,47.4571,-122.345,1820.0,6784.0,2014-09-02,285000.0
2141310580,4.0,2.25,2920.0,17023.0,1.0,0.0,0.0,4,9,1690.0,1230.0,1977,0.0,98006,47.5585,-122.134,2710.0,10681.0,2014-11-25,707000.0
2325039067,3.0,2.0,1760.0,6428.0,1.0,,0.0,4,7,980.0,780.0,1942,0.0,98199,47.6388,-122.397,1760.0,6004.0,2014-05-07,690000.0
2426059103,4.0,2.25,2860.0,40284.0,2.0,0.0,0.0,3,10,2860.0,0.0,1983,0.0,98072,47.7308,-122.115,2670.0,92782.0,2015-04-22,872000.0
3541600450,4.0,1.75,2090.0,12750.0,1.0,0.0,0.0,3,8,1360.0,730.0,1967,0.0,98166,47.4792,-122.357,2040.0,12300.0,2014-11-04,290000.0
5631501161,4.0,1.75,1910.0,16785.0,1.0,0.0,0.0,4,7,1110.0,,1981,0.0,98028,47.7474,-122.235,1590.0,9900.0,2015-04-17,425000.0
3224510300,3.0,2.75,3280.0,10558.0,1.0,0.0,2.0,4,9,2040.0,1240.0,1979,0.0,98006,47.5606,-122.133,3150.0,9998.0,2015-01-26,925000.0
4027700466,3.0,1.0,1770.0,12458.0,1.0,0.0,0.0,3,7,1770.0,0.0,1957,0.0,98155,47.7715,-122.27,2000.0,8225.0,2014-12-19,340500.0
1702901500,2.0,1.0,920.0,6600.0,1.0,0.0,0.0,4,6,920.0,0.0,1910,0.0,98118,47.5572,-122.282,1370.0,5500.0,2014-11-21,365000.0
8146300205,3.0,1.75,1690.0,8489.0,1.0,0.0,0.0,4,7,1690.0,0.0,1959,0.0,98004,47.6079,-122.192,1850.0,8536.0,2014-07-10,725000.0
3526039019,3.0,3.0,2470.0,7410.0,2.0,0.0,0.0,5,8,1860.0,610.0,1977,0.0,98117,47.6937,-122.392,2390.0,7800.0,2014-07-02,811000.0
5230300210,3.0,1.0,1040.0,9514.0,1.0,0.0,0.0,4,7,1040.0,0.0,1969,0.0,98059,47.4936,-122.102,1040.0,9514.0,2014-12-10,299000.0
7907600100,4.0,2.0,1220.0,9147.0,1.0,0.0,0.0,5,7,1220.0,0.0,1953,0.0,98146,47.5011,-122.336,1220.0,8576.0,2015-04-21,287500.0
9322800210,4.0,2.25,3500.0,13875.0,1.0,0.0,4.0,4,9,1830.0,1670.0,1938,0.0,98146,47.5083,-122.388,2960.0,15000.0,2014-05-20,879950.0
3352400661,2.0,1.0,760.0,3800.0,1.0,0.0,0.0,3,6,760.0,0.0,1950,0.0,98178,47.5019,-122.269,1220.0,7410.0,2014-11-10,135900.0
3625710100,4.0,2.25,3070.0,16028.0,1.0,0.0,3.0,3,9,1870.0,1200.0,1976,0.0,98040,47.5271,-122.228,3070.0,19822.0,2014-05-12,1230000.0
3626039207,4.0,1.75,2100.0,6480.0,1.0,0.0,0.0,5,7,1300.0,800.0,1947,0.0,98177,47.7049,-122.359,1840.0,7500.0,2014-10-17,522500.0
7568700215,4.0,1.5,1660.0,6617.0,1.0,0.0,0.0,5,7,1660.0,0.0,1947,0.0,98155,47.739,-122.323,950.0,7440.0,2015-03-12,399500.0
1604600540,3.0,1.0,1430.0,5960.0,1.5,0.0,0.0,4,7,1430.0,0.0,1917,0.0,98118,47.562,-122.289,1140.0,3960.0,2015-05-04,450000.0
1421039067,4.0,1.0,1620.0,17500.0,1.0,,0.0,3,7,1620.0,,1962,0.0,98023,47.3021,-122.388,2400.0,17394.0,2014-10-27,218000.0
7137970210,3.0,2.0,1490.0,9285.0,1.0,0.0,0.0,3,8,1490.0,0.0,1995,0.0,98092,47.3248,-122.169,2040.0,6681.0,2015-03-27,289999.0
2767603255,2.0,1.0,1170.0,4750.0,1.0,,0.0,3,6,1170.0,0.0,1903,0.0,98107,47.6729,-122.378,1170.0,2023.0,2015-02-24,540000.0
3575303700,3.0,1.0,1240.0,7500.0,1.0,0.0,0.0,4,7,1240.0,0.0,1976,0.0,98074,47.6199,-122.062,1240.0,9750.0,2014-07-25,324950.0
1702901340,3.0,2.0,2910.0,6600.0,2.0,0.0,0.0,4,7,1920.0,990.0,1900,0.0,98118,47.5576,-122.281,1370.0,5500.0,2014-06-13,718500.0
2320069014,3.0,2.0,2660.0,192099.0,1.0,0.0,0.0,4,9,2660.0,0.0,1964,0.0,98022,47.2098,-122.016,2570.0,43561.0,2014-07-09,495000.0
3141600600,6.0,2.0,2220.0,8797.0,1.0,0.0,0.0,3,7,2220.0,0.0,1977,0.0,98002,47.2977,-122.227,1170.0,5123.0,2014-05-21,260000.0
2201501015,4.0,1.5,1920.0,10000.0,1.0,0.0,0.0,4,7,1070.0,850.0,1954,0.0,98006,47.5725,-122.133,1450.0,10836.0,2014-05-02,430000.0
3782760040,3.0,3.25,2780.0,4002.0,2.0,0.0,0.0,3,8,2780.0,0.0,2009,0.0,98019,47.7348,-121.966,1890.0,4090.0,2014-06-03,402500.0
6613001241,4.0,3.0,3110.0,4408.0,2.5,0.0,3.0,4,10,2510.0,600.0,1931,0.0,98105,47.6583,-122.27,3250.0,5669.0,2014-08-11,1420000.0
3276980120,3.0,2.25,1820.0,9766.0,1.0,0.0,0.0,4,7,1450.0,370.0,1987,0.0,98031,47.397,-122.203,1860.0,8236.0,2014-10-28,275000.0
1321400650,3.0,2.25,1765.0,7652.0,2.0,0.0,0.0,3,7,1765.0,0.0,1996,0.0,98003,47.3072,-122.328,1765.0,7719.0,2014-06-03,250000.0
643300180,3.0,2.75,1800.0,9550.0,1.0,0.0,0.0,4,7,1320.0,480.0,1966,0.0,98006,47.5679,-122.178,1890.0,9902.0,2014-05-23,665000.0
322059210,3.0,2.5,2650.0,144183.0,1.0,0.0,0.0,3,8,2650.0,0.0,1967,0.0,98042,47.4212,-122.144,1940.0,41210.0,2015-02-03,425000.0
9551201560,2.0,1.0,1410.0,3600.0,1.5,0.0,0.0,4,7,1310.0,100.0,1925,0.0,98103,47.6695,-122.338,1740.0,4200.0,2014-07-22,760000.0
7202330330,3.0,2.5,1650.0,3076.0,2.0,0.0,0.0,3,7,1650.0,0.0,2003,0.0,98053,47.682,-122.035,1560.0,3064.0,2014-08-14,447000.0
5153900150,3.0,1.0,1180.0,8240.0,1.0,0.0,0.0,4,7,1180.0,0.0,1967,0.0,98003,47.3325,-122.321,1180.0,7840.0,2014-07-08,205000.0
1788700230,3.0,1.5,800.0,8850.0,1.0,0.0,0.0,4,6,800.0,0.0,1959,0.0,98023,47.3266,-122.348,820.0,8775.0,2014-05-06,191000.0
49000051,2.0,1.75,1430.0,7921.0,1.0,0.0,0.0,3,7,1430.0,0.0,1983,0.0,98146,47.5088,-122.371,1290.0,8040.0,2015-03-16,350000.0
3343301393,5.0,3.5,3300.0,7860.0,2.0,0.0,0.0,3,9,2410.0,890.0,2001,0.0,98006,47.5463,-122.192,2540.0,9920.0,2015-03-30,789888.0
2832100215,2.0,1.0,1220.0,10170.0,1.0,0.0,0.0,3,7,980.0,240.0,1948,0.0,98125,47.7297,-122.327,1990.0,9064.0,2015-03-23,443000.0
1980200015,4.0,3.5,3530.0,7202.0,2.0,0.0,0.0,3,9,2660.0,870.0,2000,0.0,98177,47.7339,-122.36,2810.0,8100.0,2014-09-29,695000.0
1825049013,4.0,2.0,1380.0,4048.0,1.5,0.0,0.0,4,7,1380.0,0.0,1906,0.0,98103,47.6583,-122.344,1440.0,3956.0,2015-02-13,560000.0
7550800015,3.0,1.75,1410.0,5000.0,1.0,,0.0,4,7,810.0,600.0,1923,0.0,98107,47.6727,-122.395,1760.0,5000.0,2014-07-14,550000.0
8682230760,2.0,2.5,3360.0,6750.0,2.0,0.0,0.0,3,9,3360.0,0.0,2004,0.0,98053,47.7112,-122.033,2510.0,6750.0,2014-07-24,850000.0
8645511500,4.0,2.75,2270.0,24237.0,1.0,0.0,0.0,4,7,1360.0,910.0,1977,0.0,98058,47.4672,-122.175,2050.0,8016.0,2015-04-20,352750.0
8567450220,4.0,2.5,2890.0,9045.0,2.0,,0.0,3,8,2890.0,0.0,2001,0.0,98019,47.7385,-121.965,2840.0,10114.0,2014-08-18,550000.0
1556200205,5.0,1.0,1750.0,3861.0,1.5,0.0,0.0,3,7,1750.0,,1903,0.0,98122,47.6075,-122.295,1700.0,4255.0,2014-11-18,774900.0
9476200580,3.0,1.0,1010.0,8711.0,1.0,,0.0,5,6,1010.0,0.0,1944,0.0,98056,47.4914,-122.186,1250.0,8053.0,2014-07-10,250000.0
8965410150,4.0,2.5,3780.0,23623.0,2.0,,0.0,3,9,3780.0,0.0,1997,0.0,98006,47.559,-122.118,3370.0,10210.0,2014-08-25,962800.0
5031300011,3.0,1.75,1880.0,11700.0,1.0,0.0,0.0,4,7,1880.0,0.0,1968,0.0,98092,47.3213,-122.187,2230.0,35200.0,2014-11-04,299500.0
5101408735,2.0,1.0,800.0,5220.0,1.0,0.0,0.0,3,6,800.0,0.0,1943,0.0,98125,47.7037,-122.32,1910.0,5376.0,2014-11-03,250000.0
2623069010,5.0,4.0,4720.0,493534.0,2.0,0.0,0.0,5,9,3960.0,760.0,1975,0.0,98027,47.4536,-122.009,2160.0,219542.0,2015-01-16,745000.0
2624089040,2.0,1.0,1060.0,10600.0,1.5,0.0,0.0,3,6,1060.0,0.0,1968,0.0,98065,47.5375,-121.742,1560.0,21344.0,2015-02-17,279475.0
3345700165,3.0,2.25,2530.0,27227.0,2.0,0.0,0.0,3,8,2530.0,0.0,1987,0.0,98056,47.527,-122.193,2160.0,30192.0,2014-12-02,450000.0
379000051,5.0,2.25,1980.0,13132.0,1.0,,0.0,4,7,1260.0,720.0,1962,0.0,98198,47.3984,-122.301,1880.0,11325.0,2014-08-26,307700.0
871000155,3.0,1.0,1650.0,5102.0,1.0,0.0,0.0,4,8,1300.0,350.0,1953,0.0,98199,47.6524,-122.404,1440.0,5102.0,2014-12-11,665000.0
7852020580,3.0,2.75,1890.0,3930.0,2.0,0.0,0.0,3,8,1890.0,0.0,1999,0.0,98065,47.5337,-121.867,2100.0,4259.0,2014-07-24,375000.0
7298050110,4.0,2.5,3360.0,11637.0,2.0,0.0,0.0,3,11,3360.0,0.0,1990,0.0,98023,47.3018,-122.342,3530.0,11205.0,2015-03-03,420000.0
2114700615,2.0,1.0,630.0,4200.0,1.0,0.0,0.0,3,6,630.0,0.0,1930,0.0,98106,47.5329,-122.348,970.0,4200.0,2014-07-08,148000.0
809001965,3.0,1.5,1980.0,4000.0,2.0,0.0,0.0,3,8,1980.0,0.0,1919,0.0,98109,47.6364,-122.351,1980.0,3600.0,2014-07-29,707000.0
9557200090,3.0,1.0,990.0,4250.0,1.0,0.0,0.0,4,7,840.0,150.0,1924,0.0,98136,47.5392,-122.39,990.0,4500.0,2014-11-12,399000.0
5126210360,4.0,2.5,3420.0,115434.0,2.0,0.0,0.0,3,9,3420.0,,1989,0.0,98038,47.3932,-121.988,3250.0,111513.0,2014-10-22,570000.0
3528000210,4.0,2.25,3440.0,35025.0,2.0,0.0,0.0,3,10,3440.0,0.0,1988,0.0,98053,47.6674,-122.055,3210.0,35005.0,2015-03-23,853000.0
424059052,3.0,1.0,1300.0,14138.0,1.0,0.0,0.0,4,7,1300.0,0.0,1943,0.0,98005,47.593,-122.165,2440.0,12196.0,2014-12-22,400000.0
594000115,2.0,1.75,2040.0,28593.0,1.5,1.0,3.0,4,7,2040.0,0.0,1919,19900.0,98070,47.3979,-122.465,2040.0,35124.0,2014-05-12,615000.0
2207100740,3.0,1.0,1250.0,7700.0,1.0,0.0,0.0,4,7,1250.0,0.0,1955,0.0,98007,47.5974,-122.149,1520.0,7700.0,2015-01-06,463000.0
7784000100,4.0,2.5,1960.0,14242.0,1.0,0.0,1.0,4,8,1290.0,670.0,1958,0.0,98146,47.4947,-122.369,2490.0,10907.0,2014-06-03,600000.0
3732800495,5.0,2.5,2720.0,8120.0,1.0,0.0,0.0,3,7,1360.0,1360.0,1970,0.0,98108,47.557,-122.308,2020.0,8120.0,2014-10-28,429000.0
2025059131,4.0,4.25,3250.0,11780.0,2.0,0.0,0.0,3,8,2360.0,890.0,1944,20010.0,98004,47.6322,-122.203,1800.0,9000.0,2014-09-04,980000.0
6699000740,6.0,3.75,3190.0,4700.0,2.0,0.0,0.0,3,8,3190.0,0.0,2003,0.0,98042,47.3724,-122.105,2680.0,5640.0,2015-04-21,359500.0
8651610580,4.0,2.5,2570.0,7980.0,2.0,0.0,0.0,3,9,2570.0,0.0,1998,0.0,98074,47.6378,-122.065,2760.0,6866.0,2014-11-07,715000.0
5412300100,3.0,1.75,1420.0,6984.0,1.0,0.0,0.0,4,7,980.0,440.0,1980,0.0,98030,47.3748,-122.18,1430.0,7875.0,2015-03-25,240000.0
8096600100,4.0,2.0,2120.0,9442.0,1.0,0.0,0.0,5,7,1060.0,1060.0,1968,0.0,98011,47.7675,-122.226,1290.0,9600.0,2014-12-15,455000.0
722079015,3.0,2.5,2080.0,167270.0,1.0,0.0,0.0,3,7,2080.0,0.0,2000,0.0,98038,47.4032,-121.963,2080.0,55321.0,2014-10-17,610000.0
339350150,3.0,2.75,2740.0,5735.0,2.0,,0.0,3,9,2740.0,0.0,2004,0.0,98052,47.6862,-122.093,2210.0,5026.0,2015-03-11,675000.0
2560805440,3.0,1.75,1250.0,5375.0,1.0,,0.0,3,7,1250.0,0.0,1985,0.0,98198,47.3787,-122.323,1320.0,6258.0,2015-01-29,283500.0
7131300047,2.0,1.0,2150.0,4500.0,1.5,,0.0,3,7,1260.0,890.0,1917,0.0,98118,47.5158,-122.267,1590.0,5010.0,2014-08-26,235000.0
3459600180,4.0,2.5,3230.0,12100.0,1.0,,0.0,3,9,1870.0,1360.0,1977,0.0,98006,47.562,-122.146,2670.0,10200.0,2014-06-26,827000.0
7663700663,2.0,1.0,860.0,8511.0,1.0,0.0,0.0,3,7,860.0,0.0,1949,0.0,98125,47.7312,-122.3,1554.0,8499.0,2014-09-10,353000.0
5415350770,4.0,2.5,2810.0,11902.0,2.0,0.0,0.0,4,9,2810.0,0.0,1993,0.0,98059,47.5303,-122.143,2990.0,10754.0,2014-09-23,747500.0
3083000940,2.0,1.0,1040.0,4000.0,1.0,0.0,0.0,3,6,1040.0,0.0,1914,0.0,98144,47.5753,-122.303,1740.0,4000.0,2015-04-12,341000.0
1670400090,3.0,1.0,1160.0,18055.0,1.0,0.0,0.0,2,5,1160.0,0.0,1950,0.0,98168,47.4772,-122.269,1340.0,10324.0,2014-11-24,182000.0
2781250610,3.0,2.0,1470.0,2781.0,2.0,0.0,0.0,3,6,1470.0,0.0,2003,0.0,98038,47.349,-122.024,1360.0,3008.0,2014-12-02,250000.0
3764500090,4.0,3.5,2350.0,13402.0,2.0,0.0,3.0,3,8,1670.0,680.0,1994,0.0,98033,47.6947,-122.19,2250.0,9474.0,2014-05-21,655000.0
7401000040,3.0,2.25,1660.0,8307.0,1.0,0.0,0.0,4,8,1660.0,0.0,1961,0.0,98133,47.7575,-122.352,2510.0,7800.0,2014-05-07,405000.0
4323700230,4.0,1.75,2020.0,9750.0,1.0,0.0,0.0,3,7,1100.0,920.0,1975,0.0,98074,47.6192,-122.055,1670.0,9600.0,2014-08-18,390000.0
3500100047,2.0,1.0,890.0,8180.0,1.0,0.0,0.0,3,7,890.0,0.0,1947,0.0,98155,47.737,-122.3,1130.0,8180.0,2014-10-08,275400.0
3885807362,3.0,2.25,2430.0,5500.0,2.0,0.0,0.0,3,8,1810.0,620.0,1989,0.0,98033,47.6812,-122.196,2040.0,5500.0,2014-06-04,791000.0
7199340650,3.0,1.75,1460.0,7700.0,1.0,0.0,0.0,3,7,1460.0,0.0,1979,0.0,98052,47.6981,-122.127,1720.0,7280.0,2014-05-08,424500.0
5014000120,3.0,1.0,980.0,7200.0,1.0,,0.0,4,7,980.0,0.0,1950,0.0,98116,47.5718,-122.395,1180.0,6572.0,2014-06-17,430000.0
3758900037,4.0,2.5,2580.0,10631.0,2.0,,2.0,4,9,2580.0,0.0,1992,0.0,98033,47.6993,-122.206,4220.0,10631.0,2015-05-05,865000.0
2724201202,2.0,2.0,1250.0,7543.0,1.0,0.0,0.0,3,7,1250.0,0.0,1962,0.0,98198,47.4051,-122.296,1250.0,7506.0,2015-03-04,163000.0
7855600730,4.0,2.75,3140.0,9085.0,1.0,0.0,2.0,5,8,1570.0,1570.0,1961,0.0,98006,47.5675,-122.16,2430.0,9350.0,2014-09-08,920000.0
7151700360,5.0,3.25,2680.0,3011.0,2.0,,0.0,3,9,1870.0,810.0,1910,0.0,98122,47.6115,-122.287,3440.0,5165.0,2014-12-11,1030000.0
3811300090,3.0,1.75,1810.0,8048.0,1.0,0.0,0.0,4,7,1290.0,520.0,1983,0.0,98055,47.4484,-122.194,1550.0,9081.0,2014-07-24,325000.0
538000450,5.0,2.5,2090.0,4698.0,2.0,,0.0,3,7,2090.0,0.0,1998,0.0,98038,47.3538,-122.025,2070.0,4698.0,2014-06-03,315000.0
6303400475,4.0,1.0,1120.0,8763.0,1.0,,0.0,3,6,1120.0,,1971,0.0,98146,47.508,-122.358,1120.0,8636.0,2014-09-11,227000.0
3388110230,4.0,1.75,1790.0,7175.0,1.5,0.0,0.0,3,6,1410.0,380.0,1900,0.0,98168,47.4963,-122.318,1790.0,8417.0,2014-07-29,179000.0
9834201215,2.0,1.0,870.0,2676.0,1.0,,0.0,3,7,820.0,50.0,2004,0.0,98144,47.5702,-122.287,1500.0,1719.0,2014-10-09,276000.0
844000375,4.0,1.5,3160.0,19745.0,1.5,0.0,0.0,4,6,1840.0,1320.0,1968,0.0,98010,47.3103,-122.006,1540.0,8611.0,2015-03-03,335000.0
3816700150,3.0,2.0,2350.0,12480.0,1.0,0.0,0.0,3,7,1600.0,750.0,1981,0.0,98028,47.7661,-122.262,2160.0,12000.0,2014-11-14,430000.0
7237301210,3.0,2.5,1810.0,4113.0,2.0,0.0,0.0,3,7,1810.0,0.0,2004,0.0,98042,47.3715,-122.126,1880.0,4465.0,2014-11-18,266490.0
130000175,4.0,2.75,3160.0,8197.0,1.0,,0.0,3,8,1580.0,1580.0,1962,0.0,98115,47.7004,-122.287,2050.0,8197.0,2014-08-06,655000.0
9468200175,3.0,2.0,1660.0,3600.0,1.0,0.0,0.0,3,7,1000.0,660.0,1939,20060.0,98103,47.6789,-122.351,1700.0,4356.0,2014-11-14,635500.0
8643200061,5.0,2.5,2500.0,9583.0,1.0,0.0,0.0,3,7,1300.0,1200.0,1979,0.0,98198,47.3946,-122.312,2120.0,19352.0,2014-06-26,235000.0
7805460760,3.0,2.5,2880.0,11443.0,2.0,0.0,0.0,4,9,2880.0,0.0,1986,0.0,98006,47.5633,-122.111,2840.0,12530.0,2015-04-27,885000.0
6713700155,3.0,1.0,1470.0,8400.0,1.0,0.0,0.0,4,7,1470.0,0.0,1953,0.0,98133,47.7628,-122.354,1470.0,8400.0,2014-08-18,352500.0
3236500220,3.0,2.5,1460.0,7573.0,2.0,0.0,0.0,3,8,1460.0,0.0,1983,0.0,98007,47.6012,-122.141,1910.0,7668.0,2014-07-09,450000.0
3625049042,5.0,6.0,5490.0,19897.0,2.0,0.0,0.0,3,12,5490.0,0.0,2005,0.0,98039,47.6165,-122.236,2910.0,17600.0,2014-10-11,3640000.0
7935000450,3.0,2.25,2480.0,15022.0,1.0,0.0,4.0,3,9,1330.0,1150.0,1967,20030.0,98136,47.5497,-122.396,2500.0,8178.0,2014-09-19,1050000.0
1324300018,2.0,2.25,1140.0,1332.0,3.0,0.0,0.0,3,8,1140.0,0.0,1999,0.0,98103,47.6543,-122.356,1140.0,1267.0,2014-11-21,476000.0
4123820450,3.0,2.5,1830.0,13042.0,2.0,0.0,0.0,3,8,1830.0,0.0,1990,0.0,98038,47.3738,-122.042,1940.0,6996.0,2014-05-07,375000.0
9325200120,4.0,3.5,3110.0,6829.0,2.0,0.0,0.0,3,8,3110.0,0.0,2014,0.0,98148,47.4349,-122.328,2910.0,7425.0,2014-09-09,600600.0
3918400097,4.0,1.75,2630.0,11213.0,1.0,0.0,2.0,4,8,1430.0,1200.0,1948,0.0,98177,47.7158,-122.366,2240.0,15186.0,2014-11-17,567000.0
8126300410,4.0,1.75,2390.0,12000.0,1.0,,0.0,3,8,1470.0,920.0,1979,0.0,98052,47.7061,-122.163,2110.0,12000.0,2014-07-25,650000.0
7227800040,5.0,2.0,1750.0,10284.0,1.0,0.0,0.0,4,5,1750.0,0.0,1943,0.0,98056,47.5094,-122.182,1560.0,9010.0,2014-06-04,190000.0
1020069042,4.0,3.5,4370.0,422967.0,1.0,0.0,2.0,4,10,2580.0,1790.0,1978,0.0,98022,47.2332,-122.029,3260.0,422967.0,2014-10-01,858000.0
3213200245,1.0,1.75,1020.0,4512.0,1.0,0.0,0.0,3,7,770.0,250.0,1937,0.0,98115,47.6724,-122.266,1230.0,5029.0,2015-01-15,435500.0
455000760,3.0,2.0,2500.0,6733.0,1.0,0.0,0.0,3,8,1770.0,730.0,1979,0.0,98107,47.6691,-122.36,1770.0,6343.0,2015-03-11,685000.0
104510230,3.0,2.0,1540.0,7210.0,2.0,,0.0,4,7,1540.0,0.0,1984,0.0,98023,47.3128,-122.351,1500.0,7210.0,2014-11-19,252000.0
4140090110,4.0,2.25,2200.0,6900.0,2.0,0.0,0.0,4,8,2200.0,0.0,1975,0.0,98028,47.7682,-122.261,2400.0,6900.0,2014-09-12,512500.0
6072500490,3.0,2.5,1940.0,7415.0,2.0,0.0,0.0,3,8,1940.0,0.0,1965,0.0,98006,47.542,-122.176,1940.0,8425.0,2014-08-01,423800.0
6705120100,3.0,2.25,1453.0,2225.0,2.0,0.0,0.0,4,8,1453.0,0.0,1986,0.0,98006,47.5429,-122.188,1860.0,2526.0,2015-05-04,460000.0
3764390100,3.0,2.75,1830.0,3200.0,2.0,0.0,0.0,3,8,1830.0,0.0,1991,0.0,98034,47.7155,-122.218,2030.0,3331.0,2014-07-22,434000.0
2988800011,3.0,1.0,2000.0,15900.0,1.0,0.0,0.0,3,6,1000.0,1000.0,1948,0.0,98178,47.4816,-122.233,1760.0,10500.0,2015-04-14,244000.0
1073100065,3.0,1.0,1400.0,8451.0,1.5,0.0,0.0,3,7,1400.0,0.0,1953,0.0,98133,47.7719,-122.337,1590.0,8433.0,2015-02-17,348125.0
1136100062,4.0,3.25,2400.0,29252.0,2.0,0.0,0.0,4,8,2400.0,0.0,1982,0.0,98072,47.743,-122.131,2280.0,45000.0,2014-05-09,585000.0
3356402020,3.0,1.0,1390.0,16000.0,1.0,0.0,0.0,4,6,1390.0,0.0,1960,0.0,98001,47.2898,-122.251,1420.0,10000.0,2014-05-08,230000.0
8039900180,3.0,2.0,1680.0,11250.0,1.0,0.0,0.0,4,8,1680.0,0.0,1967,0.0,98045,47.4861,-121.786,1760.0,12160.0,2014-08-05,450000.0
4174600391,5.0,2.0,1820.0,5054.0,1.0,0.0,0.0,4,7,910.0,910.0,1970,0.0,98108,47.5547,-122.299,1180.0,5628.0,2015-03-23,393000.0
6865200981,2.0,1.0,1140.0,3750.0,1.0,0.0,0.0,4,7,1140.0,0.0,1925,0.0,98103,47.6619,-122.343,1660.0,4000.0,2014-12-21,517000.0
1236900090,3.0,1.0,1060.0,12690.0,1.0,0.0,0.0,3,7,1060.0,0.0,1969,0.0,98033,47.6736,-122.167,1920.0,10200.0,2014-09-15,400000.0
925069152,2.0,1.75,3050.0,50965.0,2.0,0.0,0.0,3,10,3050.0,0.0,1991,0.0,98053,47.6744,-122.05,3050.0,40107.0,2015-03-04,890000.0
9456200405,3.0,1.0,970.0,11963.0,1.0,0.0,0.0,4,6,970.0,0.0,1970,0.0,98198,47.3776,-122.315,1210.0,11963.0,2015-03-10,205950.0
2420069220,3.0,1.0,1320.0,3954.0,1.5,0.0,0.0,3,6,1320.0,0.0,1912,20140.0,98022,47.202,-121.994,1270.0,5184.0,2014-12-03,209000.0
6381501965,4.0,1.75,1890.0,6000.0,1.0,0.0,0.0,4,6,1110.0,780.0,1947,0.0,98125,47.7274,-122.305,1560.0,6356.0,2014-06-12,430000.0
9191201325,4.0,1.75,2040.0,2750.0,1.5,0.0,0.0,4,6,1260.0,780.0,1926,0.0,98105,47.6698,-122.3,1940.0,3750.0,2015-03-01,534000.0
9547202245,4.0,3.0,2370.0,3672.0,1.5,,0.0,5,7,1650.0,720.0,1916,0.0,98115,47.678,-122.311,2140.0,4182.0,2014-06-27,735000.0
1924069115,3.0,2.25,2720.0,54450.0,2.0,0.0,0.0,3,11,2720.0,0.0,1997,0.0,98027,47.5473,-122.092,3170.0,60548.0,2015-02-24,873000.0
8121200970,4.0,2.25,1970.0,7532.0,1.0,0.0,0.0,3,8,1390.0,580.0,1983,0.0,98052,47.7219,-122.109,1970.0,8248.0,2014-11-18,475000.0
323049176,3.0,1.75,2180.0,10230.0,1.0,0.0,0.0,4,7,1090.0,1090.0,1961,0.0,98118,47.5158,-122.281,2130.0,7200.0,2014-05-30,325000.0
826079047,3.0,2.25,2990.0,216057.0,2.0,0.0,0.0,3,9,2990.0,0.0,1994,0.0,98019,47.754,-121.942,2840.0,215622.0,2014-08-14,500000.0
8078550610,4.0,2.75,2180.0,8475.0,1.0,0.0,0.0,4,7,1330.0,850.0,1987,0.0,98031,47.4045,-122.174,1500.0,7140.0,2015-01-20,279000.0
3904930530,3.0,2.0,1440.0,5469.0,1.0,0.0,0.0,3,8,1440.0,0.0,1988,0.0,98029,47.5753,-122.017,1980.0,6198.0,2015-04-14,350000.0
7504020970,4.0,2.25,3180.0,13653.0,2.0,0.0,0.0,3,9,3180.0,0.0,1978,0.0,98074,47.6316,-122.05,2910.0,12350.0,2015-04-21,660000.0
8642600090,2.0,1.5,1643.0,14616.0,1.0,0.0,1.0,4,7,1643.0,0.0,1954,0.0,98198,47.3973,-122.312,2270.0,9940.0,2015-02-18,324950.0
2239000011,4.0,2.0,1530.0,7816.0,1.0,,0.0,3,7,1530.0,0.0,1955,0.0,98133,47.7309,-122.332,1480.0,7816.0,2015-01-27,500000.0
9382200121,2.0,1.0,1310.0,7697.0,1.0,0.0,0.0,3,6,850.0,460.0,1950,0.0,98146,47.4982,-122.348,1270.0,6410.0,2014-07-18,187300.0
7942601475,5.0,3.5,2800.0,5120.0,2.5,0.0,0.0,3,9,2800.0,0.0,1903,20050.0,98122,47.6059,-122.31,1780.0,5120.0,2014-05-20,345600.0
7375300100,3.0,1.5,1510.0,7642.0,1.0,0.0,0.0,3,7,1510.0,0.0,1959,0.0,98008,47.5978,-122.116,2180.0,8357.0,2014-11-24,400000.0
7974200457,5.0,3.0,2700.0,5001.0,2.0,0.0,0.0,3,10,2700.0,0.0,2009,0.0,98115,47.6811,-122.288,1610.0,5191.0,2015-01-22,935000.0
923059206,4.0,1.75,2220.0,15600.0,1.0,0.0,0.0,5,7,1140.0,1080.0,1963,0.0,98056,47.492,-122.166,1670.0,4800.0,2014-07-15,374000.0
782700150,3.0,1.75,1440.0,45302.0,2.0,0.0,0.0,3,7,1440.0,0.0,1977,0.0,98019,47.7078,-121.915,2080.0,49658.0,2014-06-09,328000.0
2144800146,3.0,2.0,1300.0,9334.0,1.0,0.0,0.0,5,7,1300.0,0.0,1981,0.0,98178,47.4865,-122.238,2210.0,9636.0,2014-08-26,257500.0
1337800220,4.0,2.5,2230.0,3600.0,2.0,0.0,0.0,5,8,1630.0,600.0,1906,0.0,98112,47.6304,-122.309,2410.0,4800.0,2014-09-08,1000000.0
3530410081,2.0,1.75,1390.0,4482.0,1.0,0.0,0.0,4,8,1390.0,0.0,1980,0.0,98198,47.3785,-122.32,1390.0,4680.0,2014-06-26,216500.0
1525059198,3.0,2.25,2760.0,40946.0,2.0,0.0,0.0,5,10,2760.0,0.0,1978,0.0,98005,47.6501,-122.164,3030.0,42253.0,2014-05-21,1190000.0
8665000040,4.0,2.5,3200.0,7282.0,2.0,0.0,0.0,3,9,3200.0,0.0,2007,0.0,98188,47.4318,-122.286,3030.0,7290.0,2014-07-30,360000.0
5016001619,3.0,0.75,1240.0,4000.0,1.0,0.0,0.0,4,7,1240.0,0.0,1968,0.0,98112,47.6239,-122.297,1460.0,4000.0,2015-01-22,699999.0
826069184,3.0,2.5,1960.0,47044.0,2.0,0.0,0.0,4,8,1960.0,0.0,1978,0.0,98077,47.7573,-122.07,2020.0,29004.0,2014-10-02,535000.0
123039147,3.0,2.0,2190.0,19800.0,1.0,0.0,0.0,3,7,2190.0,0.0,1994,0.0,98146,47.5106,-122.365,1640.0,9719.0,2015-03-19,464950.0
8089510150,4.0,2.5,3540.0,18168.0,2.0,0.0,0.0,3,10,3540.0,0.0,1996,0.0,98006,47.5441,-122.131,4130.0,11180.0,2014-12-02,925000.0
8818400450,3.0,3.25,2640.0,4080.0,2.0,0.0,0.0,3,9,1840.0,800.0,1912,20000.0,98105,47.6636,-122.326,1990.0,4080.0,2014-05-08,930000.0
6324000115,3.0,2.0,2660.0,5000.0,1.5,0.0,3.0,3,8,1940.0,720.0,1910,0.0,98116,47.5829,-122.382,2270.0,5000.0,2014-09-22,727500.0
1133000694,4.0,1.75,1670.0,9500.0,1.0,0.0,0.0,3,7,1670.0,0.0,1976,0.0,98125,47.7254,-122.31,1620.0,9500.0,2015-03-12,325000.0
4441300325,3.0,3.25,3080.0,12100.0,2.0,0.0,0.0,3,8,2080.0,1000.0,1984,0.0,98117,47.695,-122.399,2100.0,6581.0,2014-09-05,695000.0
3288301010,4.0,2.75,2890.0,6825.0,1.0,0.0,0.0,3,8,1560.0,1330.0,1973,0.0,98034,47.734,-122.182,1900.0,10120.0,2014-06-25,585000.0
8125200481,3.0,2.25,1800.0,9597.0,1.0,0.0,2.0,3,7,1200.0,600.0,1963,0.0,98188,47.4516,-122.267,1700.0,13502.0,2014-09-26,319000.0
8857600540,6.0,2.5,2000.0,7650.0,1.5,,0.0,4,7,1790.0,210.0,1960,0.0,98032,47.3841,-122.288,1710.0,7650.0,2015-01-06,265000.0
1901600090,5.0,1.75,1940.0,6654.0,1.5,0.0,0.0,4,7,1940.0,0.0,1953,0.0,98166,47.4663,-122.359,2300.0,9500.0,2014-06-26,359000.0
1901600090,5.0,1.75,1940.0,6654.0,1.5,0.0,0.0,4,7,1940.0,0.0,1953,0.0,98166,47.4663,-122.359,2300.0,9500.0,2015-04-26,390000.0
9144300120,3.0,1.0,960.0,9531.0,1.0,0.0,0.0,5,7,960.0,0.0,1969,0.0,98072,47.7619,-122.162,1670.0,9250.0,2015-01-28,374500.0
3401700031,2.0,1.5,1750.0,46173.0,2.0,0.0,0.0,4,8,1750.0,0.0,1964,0.0,98072,47.7397,-122.126,2220.0,42224.0,2014-08-22,661000.0
5332200375,3.0,2.5,2320.0,5000.0,2.0,0.0,0.0,3,8,1620.0,700.0,1907,19930.0,98112,47.6278,-122.292,2160.0,5000.0,2014-12-03,900000.0
8582400015,5.0,2.5,2380.0,8204.0,1.0,0.0,0.0,3,8,1540.0,840.0,1957,0.0,98115,47.7,-122.287,2270.0,8204.0,2015-04-13,600000.0
4131900042,5.0,4.25,6490.0,10862.0,2.0,0.0,3.0,4,11,3940.0,2550.0,1991,0.0,98040,47.5728,-122.205,3290.0,14080.0,2014-05-16,2000000.0
3964400120,4.0,1.75,1620.0,4240.0,1.5,0.0,0.0,5,7,1620.0,0.0,1916,0.0,98144,47.5746,-122.311,1450.0,4240.0,2015-05-08,512500.0
2212600040,3.0,1.75,1770.0,33224.0,1.0,0.0,0.0,4,8,1770.0,0.0,1968,0.0,98092,47.3377,-122.194,1690.0,22069.0,2014-06-04,229500.0
8562750300,3.0,2.5,2320.0,5663.0,2.0,0.0,0.0,3,8,2320.0,0.0,2003,0.0,98027,47.539,-122.07,2500.0,4500.0,2014-07-31,589000.0
2705600067,3.0,2.5,1330.0,2183.0,3.0,0.0,0.0,3,8,1330.0,0.0,2014,0.0,98117,47.6987,-122.365,1310.0,5000.0,2015-03-23,539950.0
3023049143,4.0,2.5,3420.0,21344.0,2.0,0.0,0.0,3,9,3420.0,0.0,2002,0.0,98166,47.45,-122.334,2110.0,21344.0,2014-10-20,640000.0
8944300110,3.0,1.0,1270.0,7344.0,1.0,0.0,0.0,3,7,970.0,300.0,1967,0.0,98023,47.305,-122.371,1290.0,7300.0,2015-01-08,218250.0
7277100395,4.0,3.5,2550.0,3600.0,2.0,0.0,2.0,3,8,1880.0,670.0,1997,0.0,98177,47.7709,-122.39,2090.0,6000.0,2015-02-25,675000.0
9407001830,5.0,2.0,1860.0,9000.0,2.0,0.0,0.0,3,7,1860.0,0.0,1980,0.0,98045,47.4484,-121.772,1390.0,9752.0,2014-07-17,338000.0
4406000620,3.0,1.0,1020.0,7615.0,1.0,0.0,0.0,3,7,1020.0,0.0,1981,0.0,98058,47.4292,-122.152,1470.0,9515.0,2015-03-31,231750.0
2414600366,1.0,1.0,720.0,7140.0,1.0,0.0,0.0,3,6,720.0,0.0,1930,0.0,98146,47.5119,-122.339,1140.0,7577.0,2014-11-14,199900.0
98000870,4.0,3.5,4460.0,16271.0,2.0,0.0,2.0,3,11,4460.0,0.0,2001,0.0,98075,47.5862,-121.97,4540.0,17122.0,2014-10-01,1060000.0
9211500230,4.0,2.75,1830.0,7315.0,1.0,0.0,0.0,5,7,1250.0,580.0,1979,0.0,98023,47.2989,-122.38,1730.0,7208.0,2014-10-02,263000.0
3600600065,3.0,1.5,1520.0,7200.0,1.0,0.0,0.0,4,7,1160.0,360.0,1990,0.0,98198,47.3855,-122.302,1460.0,7200.0,2014-08-20,279950.0
7177300090,3.0,1.5,1080.0,2940.0,1.5,0.0,0.0,4,7,1080.0,0.0,1920,0.0,98115,47.6832,-122.304,1400.0,4930.0,2014-05-20,395000.0
6664900410,3.0,2.0,1900.0,8002.0,1.0,0.0,0.0,3,7,1900.0,0.0,1991,0.0,98023,47.2909,-122.352,1900.0,6086.0,2014-06-26,252500.0
1853000530,4.0,3.75,5300.0,37034.0,2.0,0.0,0.0,3,11,5300.0,0.0,1989,0.0,98077,47.7283,-122.076,3730.0,37034.0,2015-03-12,1150000.0
3751604653,3.0,1.0,1370.0,10708.0,1.0,0.0,0.0,3,7,1370.0,0.0,1969,0.0,98001,47.2769,-122.264,1770.0,14482.0,2014-08-26,205000.0
8563001130,5.0,2.5,2960.0,8968.0,1.0,0.0,0.0,4,8,1640.0,1320.0,1965,0.0,98008,47.6233,-122.102,1890.0,9077.0,2014-08-28,654000.0
1324079029,3.0,1.0,960.0,213008.0,1.0,0.0,0.0,2,6,960.0,0.0,1933,0.0,98024,47.5621,-121.862,1520.0,57499.0,2015-03-17,200000.0
1236300214,3.0,2.5,2190.0,7982.0,2.0,0.0,0.0,3,8,2190.0,0.0,2004,0.0,98033,47.6869,-122.187,2090.0,8888.0,2014-07-22,700000.0
2525049086,4.0,3.25,3990.0,18115.0,2.0,0.0,0.0,4,11,3990.0,0.0,1989,0.0,98039,47.6177,-122.229,3450.0,16087.0,2014-10-03,2720000.0
8822900115,2.0,1.75,1200.0,2622.0,1.0,0.0,0.0,5,7,800.0,400.0,1956,0.0,98125,47.7175,-122.292,1310.0,1926.0,2014-12-09,306000.0
3832080610,3.0,2.5,1780.0,5015.0,2.0,0.0,0.0,3,7,1780.0,0.0,2010,0.0,98042,47.3352,-122.052,2010.0,5250.0,2015-04-06,270000.0
1657300450,3.0,2.25,2630.0,9916.0,2.0,0.0,0.0,4,9,2630.0,0.0,1988,0.0,98092,47.3314,-122.202,2470.0,10810.0,2014-10-29,340000.0
1151100035,4.0,2.5,2300.0,19250.0,1.0,0.0,0.0,4,7,2300.0,0.0,1955,0.0,98045,47.4793,-121.776,1460.0,19250.0,2014-06-11,450000.0
3876311490,4.0,2.75,3210.0,6825.0,1.0,0.0,0.0,5,7,1810.0,1400.0,1975,0.0,98034,47.7338,-122.169,1840.0,8000.0,2014-07-24,580000.0
9297300590,4.0,1.75,2290.0,4400.0,1.0,0.0,3.0,3,7,1290.0,1000.0,1959,0.0,98126,47.5698,-122.375,1820.0,4000.0,2014-11-03,435000.0
3260350100,4.0,2.5,2780.0,4688.0,2.0,0.0,0.0,3,9,2780.0,0.0,2003,0.0,98059,47.5225,-122.156,3000.0,6029.0,2014-08-18,690000.0
3886902615,4.0,2.5,2650.0,11520.0,2.0,0.0,0.0,3,8,2110.0,,1988,0.0,98033,47.683,-122.187,2000.0,7680.0,2014-06-17,720000.0
2193300620,3.0,2.25,1840.0,13020.0,1.0,0.0,0.0,3,8,1390.0,450.0,1980,0.0,98052,47.6923,-122.095,2210.0,13020.0,2015-02-17,403000.0
7016100120,3.0,2.75,1560.0,7392.0,1.0,0.0,0.0,5,7,1030.0,530.0,1972,0.0,98011,47.7382,-122.182,1870.0,7520.0,2014-06-12,440000.0
8857600220,3.0,1.0,1200.0,8470.0,1.0,0.0,0.0,5,7,1200.0,0.0,1961,0.0,98032,47.3864,-122.287,1200.0,7952.0,2014-10-23,178500.0
1645000580,4.0,2.5,1900.0,8282.0,1.0,0.0,0.0,3,7,1900.0,0.0,1968,19970.0,98022,47.2089,-122.003,1420.0,8350.0,2014-10-02,270000.0
4337600205,2.0,1.0,710.0,9900.0,1.0,,0.0,3,6,710.0,,1943,0.0,98166,47.479,-122.339,1070.0,9900.0,2014-11-12,129888.0
1545805730,3.0,1.75,1360.0,15210.0,1.0,0.0,0.0,3,7,1360.0,0.0,1987,0.0,98038,47.3657,-122.047,1610.0,7800.0,2015-02-18,260000.0
8650100120,5.0,2.5,2990.0,7292.0,2.0,0.0,0.0,4,8,2990.0,0.0,1990,0.0,98042,47.3604,-122.091,2150.0,8190.0,2014-08-29,339950.0
4047200820,3.0,1.0,1640.0,26127.0,2.0,0.0,0.0,3,6,1640.0,0.0,1975,0.0,98019,47.7656,-121.905,1620.0,25788.0,2014-08-22,250000.0
1822059156,3.0,3.5,3650.0,103672.0,1.0,0.0,0.0,3,10,2050.0,1600.0,2011,0.0,98031,47.4002,-122.217,2550.0,16140.0,2015-01-14,680000.0
8812401450,10.0,3.0,2920.0,3745.0,2.0,0.0,0.0,4,7,1860.0,1060.0,1913,0.0,98105,47.6635,-122.32,1810.0,3745.0,2014-12-29,660000.0
1854750090,3.0,3.5,3680.0,11491.0,2.0,0.0,2.0,3,11,3680.0,0.0,1999,0.0,98007,47.5647,-122.128,3710.0,10030.0,2014-07-16,1230000.0
6071200455,3.0,2.0,1830.0,9152.0,1.0,0.0,0.0,5,8,1830.0,0.0,1959,0.0,98006,47.5531,-122.181,1770.0,9220.0,2014-05-23,550000.0
6790200110,5.0,2.75,2570.0,12906.0,2.0,0.0,0.0,3,8,2570.0,0.0,1987,0.0,98075,47.5814,-122.05,2580.0,12927.0,2015-01-02,675000.0
6710100131,3.0,3.25,2730.0,9588.0,2.0,0.0,1.0,3,10,1900.0,830.0,1984,0.0,98052,47.6339,-122.09,2730.0,12736.0,2015-04-10,981000.0
8856004415,3.0,1.0,1150.0,8000.0,1.5,0.0,0.0,4,6,1150.0,0.0,1913,19570.0,98001,47.2749,-122.252,1170.0,9600.0,2015-03-25,168000.0
3276940100,4.0,3.0,4260.0,18687.0,2.0,0.0,0.0,3,11,4260.0,0.0,1996,0.0,98075,47.5874,-121.982,3490.0,16772.0,2014-05-22,1000000.0
9407100300,3.0,1.0,1260.0,9600.0,1.0,,0.0,3,7,1260.0,0.0,1970,19950.0,98045,47.4444,-121.762,1530.0,9790.0,2015-04-01,320000.0
1224049095,6.0,3.25,4440.0,17424.0,1.0,0.0,1.0,4,9,2220.0,2220.0,1959,0.0,98040,47.5791,-122.23,2660.0,10768.0,2015-02-04,959000.0
7899800586,4.0,1.0,2300.0,7680.0,1.0,0.0,0.0,3,7,1270.0,1030.0,1959,0.0,98106,47.524,-122.359,1840.0,5120.0,2015-04-09,372000.0
2607730110,3.0,2.5,1920.0,9625.0,2.0,0.0,0.0,3,8,1920.0,0.0,1993,0.0,98045,47.4876,-121.8,1920.0,10343.0,2014-07-07,391500.0
1781500180,2.0,1.0,1080.0,4725.0,1.5,0.0,0.0,3,7,1080.0,0.0,1944,0.0,98126,47.5275,-122.381,1520.0,4961.0,2015-03-27,390000.0
2341800195,2.0,1.0,890.0,5000.0,1.0,0.0,0.0,4,6,890.0,0.0,1947,0.0,98118,47.5526,-122.287,1160.0,5000.0,2014-11-06,302000.0
52000067,3.0,3.5,1650.0,1577.0,2.0,0.0,0.0,3,7,1100.0,550.0,2012,0.0,98109,47.6302,-122.344,1580.0,1280.0,2014-11-03,495000.0
1972202023,3.0,2.5,1820.0,1545.0,3.0,0.0,2.0,3,8,1640.0,180.0,1998,0.0,98103,47.6523,-122.346,1440.0,1290.0,2014-09-04,504500.0
2919700540,4.0,1.75,2320.0,4800.0,1.5,0.0,0.0,3,7,2170.0,150.0,1918,0.0,98117,47.6893,-122.365,1390.0,4800.0,2015-03-18,555000.0
6613000375,4.0,3.5,3260.0,5000.0,2.0,0.0,0.0,5,9,2630.0,630.0,1937,0.0,98105,47.6598,-122.273,2600.0,5000.0,2015-03-17,1550000.0
2391600735,3.0,1.5,1730.0,5750.0,1.0,0.0,0.0,3,7,1250.0,480.0,1947,0.0,98116,47.5645,-122.397,1370.0,5750.0,2014-09-09,550000.0
1337300145,4.0,2.5,3320.0,8325.0,2.5,0.0,0.0,5,10,3320.0,0.0,1905,0.0,98112,47.6263,-122.314,3680.0,6050.0,2014-07-21,1800000.0
9164100035,1.0,1.0,1660.0,5422.0,1.0,0.0,0.0,4,7,830.0,830.0,1908,0.0,98117,47.6821,-122.388,1100.0,5356.0,2015-04-29,655000.0
821069025,3.0,2.5,3290.0,90796.0,2.0,0.0,0.0,4,10,3290.0,0.0,1992,0.0,98042,47.3154,-122.079,2700.0,55023.0,2015-02-13,685000.0
1566100555,4.0,2.0,2280.0,8339.0,1.0,0.0,0.0,4,7,1220.0,1060.0,1954,0.0,98115,47.6986,-122.297,1970.0,8340.0,2015-05-01,721000.0
2397100705,4.0,4.25,3650.0,5328.0,1.5,0.0,0.0,3,9,2330.0,1320.0,1907,20140.0,98119,47.638,-122.362,1710.0,3600.0,2014-07-14,1520000.0
822069066,4.0,2.5,1620.0,219542.0,2.0,0.0,0.0,3,7,1620.0,0.0,1980,0.0,98038,47.4014,-122.069,2240.0,217800.0,2015-02-23,365000.0
3834000820,3.0,2.0,2020.0,8555.0,1.0,,0.0,4,7,1220.0,800.0,1957,0.0,98125,47.7278,-122.287,1600.0,8148.0,2014-06-13,458000.0
1432700880,2.0,1.0,1150.0,12861.0,1.0,,0.0,3,6,1150.0,0.0,1959,0.0,98058,47.4493,-122.171,1170.0,7574.0,2015-04-09,280000.0
3658700395,4.0,1.75,1940.0,3060.0,1.0,0.0,0.0,4,7,1000.0,940.0,1911,0.0,98115,47.6786,-122.317,1320.0,3060.0,2015-04-09,628000.0
1564000410,4.0,2.5,3440.0,6332.0,2.0,0.0,0.0,3,10,3440.0,0.0,2001,0.0,98059,47.5347,-122.155,3310.0,6528.0,2015-02-18,781500.0
984100450,3.0,1.75,2000.0,7560.0,1.0,0.0,0.0,4,7,1300.0,700.0,1968,0.0,98058,47.4346,-122.171,1900.0,8301.0,2014-06-24,295000.0
4449800063,2.0,1.0,750.0,2786.0,1.0,0.0,0.0,5,7,750.0,0.0,1947,0.0,98117,47.6892,-122.393,1700.0,4653.0,2015-04-03,435000.0
7694600201,3.0,1.75,1420.0,7200.0,1.0,0.0,0.0,3,7,1000.0,420.0,1979,0.0,98146,47.5069,-122.367,1550.0,8640.0,2015-03-22,300000.0
844001145,2.0,1.0,880.0,4814.0,1.0,0.0,0.0,4,5,880.0,0.0,1906,0.0,98010,47.3107,-121.999,1010.0,6160.0,2015-03-26,208500.0
8682281960,2.0,2.5,2680.0,11214.0,1.0,0.0,0.0,3,9,2680.0,0.0,2006,0.0,98053,47.7078,-122.019,2305.0,6908.0,2014-06-03,930000.0
1604600790,2.0,2.0,860.0,3000.0,1.0,0.0,0.0,3,6,860.0,0.0,1906,0.0,98118,47.5633,-122.288,1290.0,3500.0,2015-02-11,316000.0
1796380330,3.0,2.0,1310.0,6738.0,1.0,0.0,0.0,4,7,1310.0,0.0,1990,0.0,98042,47.3694,-122.083,1290.0,8067.0,2014-06-23,249900.0
3416600490,3.0,2.25,1780.0,4252.0,2.0,0.0,0.0,4,8,1540.0,240.0,1989,0.0,98144,47.6004,-122.292,2220.0,4000.0,2014-07-31,675000.0
3904901520,3.0,2.25,1440.0,4667.0,2.0,0.0,0.0,3,7,1440.0,0.0,1985,0.0,98029,47.5662,-122.017,1610.0,4756.0,2014-10-30,447000.0
1556200155,3.0,2.0,1510.0,3817.0,1.5,0.0,0.0,3,8,1510.0,0.0,1905,19940.0,98122,47.6088,-122.294,1510.0,3817.0,2015-04-17,675000.0
567000401,4.0,2.5,2100.0,1397.0,3.0,0.0,0.0,3,8,1580.0,520.0,2008,0.0,98144,47.5928,-122.295,1490.0,1201.0,2015-04-21,546000.0
6450300673,3.0,2.0,1310.0,1361.0,3.0,0.0,0.0,3,7,1310.0,0.0,2003,0.0,98133,47.7337,-122.343,1370.0,1608.0,2014-12-31,310000.0
4440400155,3.0,1.0,1280.0,5100.0,1.0,0.0,0.0,3,7,880.0,400.0,1961,0.0,98178,47.5035,-122.259,1360.0,6120.0,2015-01-06,190000.0
2450000165,3.0,1.5,1320.0,8114.0,1.0,0.0,0.0,3,8,1320.0,0.0,1951,0.0,98004,47.5827,-122.195,2110.0,8114.0,2014-06-18,650000.0
9828701605,3.0,2.5,1740.0,2350.0,2.0,,0.0,3,8,1130.0,610.0,1995,0.0,98112,47.6207,-122.297,1740.0,3201.0,2014-10-02,585000.0
856000985,4.0,2.5,2910.0,7364.0,2.0,0.0,0.0,3,10,2910.0,0.0,2003,0.0,98033,47.6906,-122.213,2480.0,8400.0,2014-11-06,1430000.0
7504100360,4.0,2.5,2500.0,12090.0,1.0,0.0,0.0,3,9,2500.0,0.0,1983,0.0,98074,47.6346,-122.045,3380.0,12760.0,2015-01-12,565000.0
7883606725,3.0,1.0,1100.0,6000.0,1.5,0.0,0.0,2,6,1100.0,0.0,1926,0.0,98108,47.5279,-122.318,960.0,5880.0,2014-11-11,174900.0
2926049564,3.0,2.25,1381.0,1180.0,3.0,,0.0,3,8,1381.0,0.0,2007,0.0,98125,47.711,-122.32,1381.0,1180.0,2014-09-24,360000.0
7418700040,3.0,1.0,960.0,9624.0,1.0,0.0,0.0,3,7,960.0,0.0,1953,0.0,98155,47.7758,-122.301,1540.0,9624.0,2015-04-29,234000.0
3756900027,8.0,3.0,3840.0,15990.0,1.0,0.0,0.0,3,7,2530.0,1310.0,1961,0.0,98034,47.7111,-122.211,1380.0,8172.0,2014-11-25,575000.0
7237300610,3.0,2.5,2200.0,5954.0,2.0,0.0,0.0,3,7,2200.0,0.0,2004,0.0,98042,47.3709,-122.125,2200.0,5046.0,2015-03-03,315000.0
1312900180,3.0,1.0,1250.0,7820.0,1.0,0.0,0.0,3,7,1250.0,0.0,1967,0.0,98001,47.3397,-122.291,1300.0,7920.0,2015-03-25,225000.0
3824100211,3.0,1.5,2380.0,14500.0,1.0,0.0,0.0,4,7,1850.0,530.0,1961,0.0,98028,47.7714,-122.256,1830.0,13600.0,2014-06-26,370000.0
455000395,3.0,1.0,1500.0,3920.0,1.0,0.0,0.0,3,7,1000.0,500.0,1947,0.0,98107,47.6718,-122.359,1640.0,4017.0,2014-05-23,606000.0
2472950120,3.0,2.0,1410.0,7622.0,1.0,0.0,0.0,4,7,1410.0,0.0,1983,0.0,98058,47.4273,-122.147,1830.0,8330.0,2014-06-03,272500.0
7977201709,3.0,1.75,1680.0,3420.0,1.0,0.0,0.0,3,7,960.0,720.0,1992,0.0,98115,47.6855,-122.291,1680.0,4080.0,2015-03-23,475000.0
5095400040,3.0,1.0,1500.0,13500.0,1.0,0.0,0.0,4,7,1500.0,0.0,1968,0.0,98059,47.4666,-122.072,1350.0,13680.0,2014-06-05,270000.0
2324039152,4.0,1.75,2710.0,9216.0,1.0,0.0,0.0,3,8,1440.0,1270.0,1961,0.0,98126,47.5523,-122.379,1960.0,6350.0,2014-08-18,624000.0
1442300035,3.0,1.75,1730.0,7416.0,1.5,0.0,0.0,3,7,1730.0,0.0,1954,0.0,98133,47.76,-122.349,1390.0,6490.0,2014-07-02,355000.0
6145601725,3.0,1.0,960.0,3844.0,1.0,0.0,0.0,3,7,960.0,0.0,1972,0.0,98133,47.7027,-122.346,1020.0,3844.0,2014-11-04,345000.0
7137950210,4.0,2.5,2380.0,7792.0,2.0,0.0,0.0,3,8,2380.0,0.0,1993,0.0,98092,47.3273,-122.173,2260.0,7378.0,2014-11-20,342000.0
2720069019,3.0,1.75,1120.0,98445.0,1.5,0.0,2.0,4,7,1120.0,0.0,1917,0.0,98022,47.1853,-122.017,1620.0,34200.0,2014-11-03,316000.0
1560920040,4.0,2.5,2960.0,37430.0,2.0,0.0,0.0,3,9,2960.0,0.0,1990,0.0,98038,47.3988,-122.023,2800.0,36384.0,2014-07-31,539950.0
7812801785,3.0,2.0,1580.0,6655.0,1.0,0.0,0.0,3,6,790.0,790.0,1944,0.0,98178,47.4927,-122.248,1090.0,6655.0,2015-02-18,221347.0
8860500300,3.0,2.5,1870.0,4657.0,2.0,0.0,0.0,3,8,1870.0,0.0,2000,0.0,98055,47.4615,-122.214,2290.0,4795.0,2014-07-18,330000.0
6142100090,4.0,2.5,1810.0,13000.0,1.0,0.0,0.0,4,8,1470.0,340.0,1977,0.0,98022,47.2202,-121.993,1850.0,13000.0,2014-07-18,279000.0
4083302225,4.0,3.0,2550.0,3784.0,1.5,0.0,0.0,4,8,1750.0,800.0,1900,0.0,98103,47.6559,-122.338,2100.0,4560.0,2014-10-14,850000.0
2591700037,3.0,1.75,1910.0,12321.0,1.0,0.0,0.0,4,7,1100.0,810.0,1952,0.0,98004,47.5995,-122.198,1910.0,11761.0,2015-02-12,746000.0
5458300580,2.0,2.0,1200.0,1867.0,1.0,0.0,0.0,3,7,600.0,600.0,1924,19980.0,98109,47.627,-122.345,1790.0,2221.0,2014-10-01,478000.0
3362400650,4.0,2.75,2420.0,4635.0,1.5,0.0,0.0,5,7,2420.0,0.0,1905,0.0,98103,47.682,-122.347,1590.0,3150.0,2015-01-16,820000.0
5553300375,3.0,3.5,3080.0,6495.0,2.0,0.0,3.0,3,11,2530.0,550.0,1996,20060.0,98199,47.6321,-122.393,4120.0,8620.0,2014-08-20,2160000.0
2024059111,3.0,3.0,3850.0,38830.0,2.0,0.0,1.0,3,10,3850.0,0.0,2000,0.0,98006,47.5535,-122.191,2970.0,14050.0,2014-10-23,820000.0
6649900090,3.0,2.0,3000.0,22040.0,2.0,0.0,2.0,4,8,2470.0,530.0,1942,0.0,98177,47.7745,-122.368,2600.0,7947.0,2015-04-18,887000.0
3356403400,3.0,1.0,1360.0,20000.0,1.0,0.0,0.0,4,7,1360.0,0.0,1953,0.0,98001,47.2861,-122.253,1530.0,9997.0,2014-07-24,159000.0
2771604190,7.0,4.25,3670.0,4000.0,2.0,0.0,1.0,3,8,2800.0,870.0,1964,0.0,98199,47.6375,-122.388,2010.0,4000.0,2014-06-17,824000.0
6638900265,4.0,2.5,2270.0,5000.0,2.0,0.0,0.0,3,9,2270.0,0.0,2014,0.0,98117,47.6916,-122.37,1210.0,5000.0,2014-09-25,812000.0
8731960540,4.0,2.5,1750.0,11400.0,2.0,0.0,0.0,4,7,1750.0,0.0,1975,0.0,98023,47.3149,-122.386,1890.0,9024.0,2014-12-15,242000.0
7853301400,4.0,2.5,3550.0,8048.0,2.0,0.0,0.0,3,9,3550.0,0.0,2007,0.0,98065,47.5422,-121.888,3920.0,7871.0,2014-05-20,625000.0
123039176,4.0,1.0,2370.0,30200.0,1.5,0.0,0.0,4,7,1570.0,800.0,1948,0.0,98146,47.5108,-122.366,1640.0,9719.0,2014-12-12,399888.0
4178500150,3.0,2.25,1670.0,6600.0,2.0,0.0,0.0,4,7,1670.0,0.0,1990,0.0,98042,47.3604,-122.089,1670.0,6801.0,2014-09-22,289000.0
7702600930,3.0,2.0,1860.0,12944.0,1.0,0.0,0.0,3,9,1860.0,0.0,2002,0.0,98058,47.4298,-122.102,2500.0,29279.0,2014-08-04,400000.0
3892500150,3.0,2.5,4460.0,26027.0,2.0,0.0,0.0,3,12,4460.0,0.0,1992,0.0,98033,47.6573,-122.173,3770.0,26027.0,2014-05-21,1550000.0
6021500970,2.0,1.0,1080.0,4000.0,1.0,0.0,0.0,3,7,1080.0,0.0,1940,0.0,98117,47.6902,-122.387,1530.0,4240.0,2014-05-28,345000.0
6021500970,2.0,1.0,1080.0,4000.0,1.0,0.0,0.0,3,7,1080.0,0.0,1940,0.0,98117,47.6902,-122.387,1530.0,4240.0,2015-04-07,874950.0
9136100056,3.0,2.75,2280.0,4280.0,1.0,,0.0,5,7,1280.0,1000.0,1917,0.0,98103,47.6685,-122.335,1650.0,4280.0,2014-05-28,875000.0
205000120,4.0,2.5,2540.0,32647.0,2.0,0.0,0.0,3,9,2540.0,0.0,1996,0.0,98053,47.6324,-121.988,2740.0,32647.0,2015-03-10,628990.0
3019300090,2.0,3.5,2560.0,5000.0,1.0,0.0,0.0,4,6,1280.0,1280.0,1944,0.0,98107,47.6681,-122.368,1390.0,4000.0,2014-07-23,535000.0
5492200090,4.0,2.75,2390.0,9300.0,1.0,0.0,0.0,3,8,1430.0,960.0,1979,0.0,98004,47.6035,-122.206,1910.0,9348.0,2014-10-07,770126.0
1777600900,4.0,2.5,2870.0,8995.0,1.0,0.0,0.0,5,8,1870.0,1000.0,1968,0.0,98006,47.5678,-122.128,2670.0,9672.0,2014-07-10,710000.0
9297301050,3.0,1.75,1510.0,4800.0,1.0,0.0,2.0,3,7,860.0,650.0,1925,0.0,98126,47.5667,-122.372,1510.0,4800.0,2014-06-18,465000.0
5745600040,3.0,1.75,2200.0,11520.0,1.0,0.0,0.0,4,7,2200.0,0.0,1952,0.0,98133,47.7659,-122.341,1690.0,8038.0,2014-08-14,359000.0
2114700090,2.0,0.75,720.0,5040.0,1.0,0.0,0.0,3,4,720.0,0.0,1949,0.0,98106,47.5323,-122.347,1290.0,4120.0,2015-03-01,151000.0
2597530650,3.0,2.5,2970.0,9600.0,2.0,0.0,0.0,3,9,2970.0,0.0,1994,0.0,98006,47.5422,-122.132,2970.0,9707.0,2014-08-15,820000.0
1099600620,3.0,1.5,960.0,6497.0,1.0,0.0,0.0,4,7,960.0,0.0,1970,0.0,98023,47.3018,-122.378,1160.0,7080.0,2015-03-26,160000.0
3693901720,4.0,1.75,1420.0,5000.0,1.5,,0.0,4,7,1420.0,0.0,1945,0.0,98117,47.6771,-122.397,1490.0,5000.0,2014-07-01,535000.0
7417100123,3.0,2.25,1800.0,9010.0,1.0,0.0,0.0,3,7,1300.0,500.0,1975,0.0,98155,47.7722,-122.312,1950.0,10240.0,2015-04-23,365000.0
8691410730,4.0,2.5,3090.0,5600.0,2.0,0.0,0.0,3,9,3090.0,0.0,2005,0.0,98075,47.597,-121.979,3080.0,5788.0,2015-02-20,708000.0
3832300090,3.0,1.0,1200.0,7280.0,1.0,0.0,0.0,4,7,1200.0,0.0,1967,0.0,98032,47.3724,-122.277,1200.0,8400.0,2014-07-09,215000.0
2525049113,4.0,3.5,4065.0,18713.0,2.0,0.0,0.0,4,10,4065.0,0.0,1987,0.0,98039,47.6209,-122.237,3070.0,18713.0,2014-07-25,1950000.0
1523059103,4.0,2.5,2570.0,22215.0,2.0,0.0,0.0,5,7,2570.0,0.0,1958,0.0,98059,47.4833,-122.157,2460.0,6533.0,2014-09-26,390000.0
3187600100,3.0,2.0,1530.0,5401.0,1.0,0.0,0.0,4,7,1530.0,0.0,1937,0.0,98115,47.686,-122.304,1640.0,5467.0,2014-05-13,570000.0
1628700107,3.0,1.75,1500.0,13430.0,1.0,0.0,0.0,3,7,1500.0,0.0,1977,0.0,98072,47.7527,-122.082,1500.0,13430.0,2014-06-25,383000.0
1152700120,4.0,3.0,2490.0,5706.0,2.0,0.0,0.0,3,9,2490.0,0.0,2005,0.0,98042,47.3509,-122.165,2650.0,5880.0,2015-04-09,370000.0
808300180,4.0,2.5,3040.0,12522.0,2.0,0.0,0.0,3,7,3040.0,0.0,2000,0.0,98019,47.7247,-121.959,2490.0,9742.0,2015-02-11,454000.0
3585300194,5.0,3.25,4140.0,32700.0,1.0,0.0,4.0,3,10,2190.0,1950.0,1973,0.0,98177,47.7633,-122.369,3220.0,22077.0,2015-03-24,1400000.0
3342700610,4.0,1.75,1690.0,10854.0,1.0,0.0,0.0,3,7,1690.0,0.0,1977,0.0,98056,47.5241,-122.199,2390.0,7000.0,2014-07-28,371000.0
7376300085,3.0,1.75,1430.0,10350.0,1.0,,0.0,3,7,1430.0,0.0,1959,0.0,98008,47.6353,-122.123,1890.0,10350.0,2015-05-05,530000.0
6204000040,4.0,2.75,2490.0,9714.0,1.0,0.0,0.0,4,8,1400.0,1090.0,1983,0.0,98011,47.7496,-122.201,2060.0,15300.0,2014-06-10,608000.0
3992700475,3.0,1.75,1350.0,7200.0,1.0,0.0,0.0,5,7,1350.0,0.0,1954,0.0,98125,47.713,-122.284,1100.0,7200.0,2014-11-11,450000.0
9510920120,4.0,2.5,3140.0,14421.0,2.0,0.0,0.0,3,10,3140.0,0.0,1994,0.0,98075,47.5943,-122.018,3140.0,17417.0,2014-07-30,780000.0
9485920120,4.0,2.5,2340.0,52272.0,2.0,0.0,0.0,2,8,2340.0,0.0,1978,0.0,98042,47.3468,-122.091,2480.0,40500.0,2014-08-29,290000.0
1685200110,3.0,1.75,1610.0,14182.0,1.0,,0.0,4,7,1100.0,510.0,1978,0.0,98092,47.3174,-122.18,1510.0,8400.0,2014-09-16,225000.0
7574910650,4.0,2.5,3320.0,38032.0,2.0,0.0,0.0,4,10,3320.0,0.0,1991,0.0,98077,47.7478,-122.036,3270.0,37804.0,2014-09-11,805000.0
4178600040,3.0,2.5,2390.0,15669.0,2.0,0.0,0.0,3,9,2390.0,0.0,1991,0.0,98011,47.7446,-122.193,2640.0,12500.0,2015-04-07,660000.0
3793700210,3.0,1.75,1180.0,13927.0,1.0,0.0,0.0,5,7,1180.0,0.0,1962,0.0,98059,47.4818,-122.094,1400.0,13173.0,2014-06-13,299000.0
1972200325,2.0,2.25,1260.0,1312.0,3.0,0.0,0.0,3,8,1260.0,0.0,2007,0.0,98103,47.6538,-122.356,1300.0,1312.0,2014-09-19,530000.0
7010701383,3.0,2.5,1800.0,4400.0,1.0,0.0,0.0,5,7,1350.0,450.0,1970,0.0,98199,47.6599,-122.396,1920.0,4400.0,2014-10-17,680000.0
3353401340,4.0,1.75,1790.0,12000.0,1.0,0.0,0.0,5,6,1790.0,0.0,1944,0.0,98001,47.2664,-122.256,1550.0,9840.0,2015-02-16,199900.0
3352401037,3.0,1.75,1760.0,6300.0,1.0,0.0,0.0,3,7,1060.0,700.0,1963,0.0,98178,47.5003,-122.26,1340.0,7300.0,2015-01-08,224000.0
8802400906,3.0,1.75,1540.0,8885.0,1.0,0.0,0.0,4,7,1440.0,100.0,1980,0.0,98031,47.4031,-122.201,1540.0,12734.0,2014-08-29,244000.0
4443800940,4.0,1.75,1260.0,3880.0,1.0,,0.0,5,7,860.0,400.0,1918,0.0,98117,47.687,-122.391,1000.0,3880.0,2015-04-08,485000.0
2215450100,4.0,2.5,2240.0,7589.0,2.0,0.0,0.0,3,8,2240.0,0.0,1994,0.0,98030,47.3824,-122.207,2250.0,7300.0,2015-01-12,330000.0
8900000100,4.0,2.0,1630.0,1724.0,1.5,0.0,0.0,3,6,1030.0,600.0,1915,19700.0,98119,47.6472,-122.362,1780.0,3810.0,2014-12-31,509000.0
8079010220,4.0,2.5,2350.0,7203.0,2.0,0.0,0.0,3,8,2350.0,0.0,1989,0.0,98059,47.5123,-122.151,2260.0,7274.0,2014-11-17,440000.0
8078050120,3.0,2.0,1350.0,8587.0,1.0,0.0,0.0,3,7,1350.0,0.0,1998,0.0,98022,47.2073,-122.012,1350.0,8587.0,2014-12-10,244000.0
1773101215,4.0,1.75,1320.0,4800.0,1.0,0.0,0.0,4,7,870.0,450.0,1930,0.0,98106,47.5534,-122.365,940.0,4800.0,2014-07-17,399700.0
2768100205,4.0,2.5,1950.0,2617.0,1.5,0.0,0.0,4,7,1250.0,700.0,1910,0.0,98107,47.6696,-122.372,1520.0,1438.0,2014-06-25,519000.0
5537200043,4.0,1.0,2100.0,9200.0,1.0,0.0,0.0,3,7,1050.0,1050.0,1959,0.0,98168,47.476,-122.292,1540.0,10033.0,2014-05-08,211000.0
868000905,3.0,2.5,3480.0,7800.0,1.0,0.0,0.0,4,7,1750.0,1730.0,1941,19980.0,98177,47.7047,-122.378,3010.0,9918.0,2014-07-08,950000.0
8635760490,3.0,2.5,1830.0,2839.0,2.0,0.0,0.0,3,8,1830.0,0.0,1999,0.0,98074,47.6022,-122.021,1830.0,3011.0,2014-09-02,410000.0
3052700245,4.0,2.0,2640.0,5000.0,2.0,0.0,0.0,3,7,2040.0,600.0,1949,0.0,98117,47.678,-122.375,1330.0,5000.0,2015-03-25,750000.0
9320901250,3.0,1.0,900.0,2550.0,1.0,0.0,0.0,4,6,900.0,0.0,1978,0.0,98023,47.3036,-122.363,1120.0,2550.0,2014-09-10,133400.0
2420069042,3.0,2.0,1553.0,6550.0,1.0,,0.0,3,7,1553.0,0.0,1900,0.0,98022,47.2056,-121.994,1010.0,10546.0,2015-04-24,240000.0
6870300090,3.0,2.5,1710.0,2300.0,2.0,0.0,0.0,3,8,1570.0,140.0,2005,0.0,98052,47.6743,-122.142,2120.0,2856.0,2014-06-04,539000.0
1223089066,4.0,3.0,3400.0,292723.0,2.0,0.0,0.0,3,10,3400.0,0.0,1998,0.0,98045,47.4883,-121.725,1760.0,69696.0,2014-08-14,688000.0
7974200937,3.0,1.5,1270.0,5112.0,1.0,,0.0,3,7,1270.0,0.0,1950,0.0,98115,47.676,-122.288,1580.0,5080.0,2014-05-13,465000.0
2998300146,3.0,1.75,2960.0,12420.0,1.0,,2.0,4,8,1480.0,1480.0,1952,0.0,98116,47.5739,-122.406,2700.0,9106.0,2014-06-17,936000.0
7202290650,4.0,2.5,3040.0,9606.0,2.0,0.0,0.0,3,7,3040.0,0.0,2003,0.0,98053,47.6884,-122.044,1690.0,3849.0,2014-12-30,620000.0
1326039061,3.0,1.75,1430.0,9750.0,1.0,,0.0,5,7,1430.0,0.0,1962,0.0,98133,47.7441,-122.357,1630.0,9282.0,2014-10-20,429950.0
4142450330,3.0,2.5,1520.0,4170.0,2.0,0.0,0.0,3,7,1520.0,0.0,2004,0.0,98038,47.3842,-122.04,1560.0,4237.0,2014-07-07,296475.0
6139100076,4.0,2.0,1820.0,9450.0,1.0,0.0,0.0,3,7,1100.0,720.0,1962,0.0,98155,47.7607,-122.329,1540.0,9450.0,2015-04-27,330000.0
8126300360,3.0,2.25,1800.0,11200.0,1.0,0.0,0.0,3,8,1270.0,530.0,1979,0.0,98052,47.7072,-122.164,1940.0,11250.0,2014-07-30,445000.0
1231000645,4.0,3.25,2720.0,4000.0,2.0,0.0,1.0,3,10,2070.0,650.0,2014,0.0,98118,47.5554,-122.267,1450.0,4000.0,2014-08-01,846000.0
8149600265,4.0,1.75,1980.0,5850.0,1.0,,1.0,4,8,1380.0,600.0,1960,0.0,98116,47.5607,-122.391,1810.0,5850.0,2015-05-14,725000.0
9264950410,4.0,2.5,2550.0,7349.0,2.0,0.0,0.0,3,9,2550.0,0.0,1989,0.0,98023,47.3059,-122.349,2400.0,8508.0,2015-05-04,369000.0
9541800065,3.0,1.75,2210.0,16200.0,1.0,0.0,0.0,3,8,1390.0,820.0,1958,0.0,98005,47.5924,-122.175,2050.0,16200.0,2014-06-09,625000.0
7202330790,3.0,2.0,2120.0,4080.0,2.0,0.0,0.0,3,7,2120.0,0.0,2003,0.0,98053,47.682,-122.037,2280.0,4080.0,2014-06-18,535000.0
7335400065,4.0,1.5,1570.0,6717.0,1.0,0.0,0.0,5,6,1570.0,0.0,1911,0.0,98002,47.307,-122.217,1140.0,6716.0,2014-12-18,229950.0
1313500090,3.0,1.75,1310.0,6960.0,1.0,0.0,0.0,4,7,1310.0,0.0,1974,0.0,98092,47.2761,-122.153,1580.0,7200.0,2015-04-23,229999.0
1797500600,5.0,3.5,3150.0,4120.0,2.0,0.0,0.0,3,8,2460.0,690.0,1911,20070.0,98115,47.6754,-122.315,2080.0,4160.0,2014-08-25,850000.0
5561301220,4.0,4.5,3870.0,35889.0,2.0,0.0,0.0,3,10,2530.0,1340.0,2001,0.0,98027,47.4677,-122.01,3020.0,35366.0,2014-06-10,589900.0
5700002165,2.0,1.0,1840.0,4322.0,1.0,0.0,0.0,4,7,1160.0,680.0,1914,0.0,98144,47.5764,-122.289,1750.0,4322.0,2014-10-30,513000.0
9202650040,3.0,1.0,1120.0,8321.0,1.0,0.0,0.0,4,6,1120.0,0.0,1941,0.0,98027,47.5631,-122.091,1980.0,8671.0,2014-09-26,401000.0
7211401975,3.0,2.5,1440.0,2500.0,2.0,0.0,0.0,3,7,1440.0,0.0,2006,0.0,98146,47.511,-122.359,1440.0,5000.0,2014-09-05,260000.0
126039394,4.0,2.75,2300.0,26650.0,1.0,0.0,0.0,4,8,2300.0,0.0,1950,0.0,98177,47.7771,-122.362,2000.0,9879.0,2015-05-08,525000.0
3204800150,3.0,3.5,2070.0,11658.0,1.0,0.0,0.0,4,8,1370.0,700.0,1977,0.0,98056,47.537,-122.178,1930.0,8744.0,2015-03-20,470000.0
7686204750,4.0,1.5,1420.0,8063.0,1.0,0.0,0.0,3,7,940.0,480.0,1962,0.0,98198,47.4174,-122.316,1330.0,7515.0,2015-01-21,205000.0
7524950900,3.0,2.25,2010.0,7495.0,1.0,0.0,0.0,4,8,1570.0,440.0,1979,0.0,98027,47.5613,-122.083,2050.0,8402.0,2015-02-10,620000.0
7211400850,3.0,1.5,1200.0,5000.0,1.0,0.0,0.0,3,6,1200.0,0.0,1979,0.0,98146,47.5122,-122.357,1440.0,2500.0,2014-08-11,229000.0
8024202520,2.0,2.0,1150.0,6634.0,1.0,0.0,0.0,3,7,860.0,290.0,1940,0.0,98115,47.7001,-122.309,1680.0,6892.0,2014-05-09,445000.0
7340600068,2.0,1.0,1240.0,7200.0,1.0,0.0,0.0,3,7,1240.0,0.0,1967,0.0,98168,47.4971,-122.282,1130.0,9200.0,2014-05-14,215000.0
8682260850,2.0,2.5,1900.0,4871.0,2.0,0.0,0.0,3,8,1900.0,0.0,2005,0.0,98053,47.7132,-122.034,1640.0,4780.0,2014-07-29,504975.0
6804600720,4.0,2.25,2350.0,10072.0,2.0,0.0,0.0,3,8,2350.0,0.0,1980,0.0,98011,47.7628,-122.168,2210.0,9687.0,2014-08-01,495000.0
1865820300,3.0,1.0,1120.0,8342.0,1.0,0.0,0.0,4,7,1120.0,0.0,1976,0.0,98042,47.3732,-122.116,1190.0,6660.0,2015-03-11,205000.0
3163600076,1.0,1.0,1020.0,6871.0,1.0,0.0,0.0,3,6,1020.0,0.0,1937,0.0,98146,47.5051,-122.338,1260.0,6933.0,2014-07-30,152275.0
5418500650,4.0,2.25,1930.0,8338.0,1.0,0.0,0.0,3,8,1930.0,0.0,1968,0.0,98125,47.7026,-122.285,2280.0,7616.0,2015-03-25,586000.0
8682220230,2.0,2.5,2680.0,7625.0,1.0,0.0,0.0,3,9,2680.0,0.0,2002,0.0,98053,47.7094,-122.024,2310.0,7395.0,2014-10-17,779950.0
3578401210,4.0,1.75,2660.0,11315.0,2.0,0.0,0.0,4,8,2660.0,0.0,1983,0.0,98074,47.6204,-122.044,1980.0,11315.0,2014-12-18,557000.0
9122001225,4.0,2.25,2200.0,7200.0,1.0,0.0,2.0,4,8,1220.0,980.0,1958,0.0,98144,47.5818,-122.296,1940.0,6000.0,2014-10-29,610000.0
5667100025,3.0,1.5,1010.0,7683.0,1.5,0.0,0.0,5,7,1010.0,0.0,1953,0.0,98125,47.72,-122.318,1550.0,7271.0,2014-07-08,405000.0
5089700750,4.0,2.25,2310.0,7490.0,2.0,0.0,0.0,3,8,2310.0,0.0,1980,0.0,98055,47.4379,-122.192,2310.0,8480.0,2014-05-09,320000.0
3331500650,3.0,1.0,920.0,3863.0,1.0,0.0,0.0,3,6,920.0,0.0,1970,0.0,98118,47.5524,-122.27,1080.0,5150.0,2014-09-19,356000.0
9528102865,5.0,3.0,3030.0,4120.0,1.5,0.0,0.0,4,7,1930.0,1100.0,1913,0.0,98115,47.6771,-122.319,1280.0,3090.0,2015-02-26,794500.0
6928000590,3.0,1.75,1590.0,9620.0,1.0,0.0,0.0,3,7,1590.0,0.0,1988,0.0,98059,47.4815,-122.152,2980.0,9398.0,2014-05-08,349000.0
1423069162,4.0,2.25,2740.0,88426.0,2.0,0.0,0.0,3,7,2740.0,0.0,1991,0.0,98027,47.4734,-122.006,2740.0,62726.0,2014-06-04,549000.0
7877400245,3.0,1.0,960.0,10761.0,1.0,0.0,0.0,4,6,960.0,0.0,1962,0.0,98002,47.2819,-122.224,960.0,10761.0,2014-07-18,193000.0
7430500301,3.0,1.5,2240.0,7227.0,2.0,,1.0,3,9,1440.0,800.0,1977,0.0,98008,47.6208,-122.093,3150.0,16150.0,2014-10-16,700000.0
7852010900,3.0,2.5,2400.0,6182.0,2.0,0.0,0.0,3,8,2400.0,0.0,1998,0.0,98065,47.5363,-121.87,2420.0,5829.0,2015-03-24,523000.0
4022900652,5.0,3.25,2860.0,20790.0,1.0,0.0,0.0,4,7,1800.0,1060.0,1965,0.0,98155,47.7757,-122.295,1920.0,9612.0,2014-11-18,565000.0
7852030790,4.0,2.5,2960.0,5027.0,2.0,0.0,0.0,3,7,2960.0,0.0,2000,0.0,98065,47.5328,-121.881,2760.0,5500.0,2015-05-05,500000.0
3528900330,4.0,3.25,3770.0,4103.0,2.0,0.0,0.0,5,9,2710.0,1060.0,1925,0.0,98109,47.641,-122.349,2560.0,4160.0,2014-07-07,1450000.0
2623069106,6.0,3.5,3830.0,68825.0,2.0,,0.0,3,9,3830.0,0.0,1995,0.0,98027,47.4574,-122.003,2410.0,68825.0,2015-02-19,710000.0
88000173,4.0,2.0,2750.0,9001.0,1.0,0.0,0.0,3,8,2750.0,0.0,2008,0.0,98055,47.457,-122.189,1340.0,11050.0,2014-10-15,333000.0
3179102305,3.0,1.75,2100.0,6874.0,1.0,0.0,0.0,3,7,1300.0,800.0,1943,0.0,98115,47.6724,-122.279,2220.0,5912.0,2014-07-17,580000.0
5379803386,4.0,1.75,1500.0,8400.0,1.0,,0.0,3,7,1200.0,300.0,1956,0.0,98188,47.4531,-122.273,1780.0,9913.0,2014-08-01,289950.0
8127700845,2.0,1.0,710.0,4618.0,1.0,0.0,1.0,3,5,710.0,0.0,1925,0.0,98199,47.64,-122.394,1810.0,4988.0,2015-02-19,375000.0
8562901010,2.0,3.0,2770.0,10800.0,1.5,,0.0,5,8,1910.0,860.0,1984,0.0,98074,47.6082,-122.057,2140.0,10800.0,2014-09-26,505000.0
4058200915,3.0,1.75,2050.0,6720.0,1.0,0.0,2.0,3,7,1050.0,1000.0,1939,0.0,98178,47.5058,-122.235,2380.0,7260.0,2014-07-21,324950.0
8861700110,4.0,2.25,1960.0,10275.0,2.0,0.0,0.0,3,7,1960.0,0.0,1965,0.0,98052,47.6887,-122.124,1560.0,10275.0,2014-07-14,490000.0
6822100155,4.0,2.0,1770.0,6000.0,2.0,0.0,0.0,5,7,1770.0,0.0,1911,0.0,98199,47.6493,-122.401,1340.0,6000.0,2014-05-12,630000.0
3345700215,3.0,2.75,3290.0,22649.0,2.0,0.0,0.0,4,8,3290.0,0.0,1993,0.0,98056,47.5241,-122.193,2750.0,6119.0,2014-06-20,595000.0
582000644,4.0,2.0,1990.0,6000.0,1.0,,0.0,3,9,1260.0,730.0,1956,20150.0,98199,47.6515,-122.397,1770.0,6000.0,2015-05-01,872500.0
6126601380,2.0,1.0,1760.0,5250.0,1.0,0.0,2.0,4,7,1000.0,,1951,0.0,98126,47.5577,-122.379,1760.0,5400.0,2015-02-22,490000.0
3303850330,4.0,3.25,5080.0,27755.0,2.0,0.0,0.0,3,11,5080.0,0.0,2001,0.0,98006,47.5423,-122.111,4730.0,22326.0,2014-12-16,1900000.0
3343902281,2.0,1.0,1020.0,8102.0,1.0,0.0,0.0,3,7,1020.0,0.0,1956,0.0,98056,47.5135,-122.193,1770.0,7291.0,2015-05-05,310000.0
2023059052,3.0,1.0,1350.0,92721.0,1.0,0.0,0.0,2,6,1200.0,150.0,1946,0.0,98055,47.4657,-122.198,1860.0,8096.0,2015-05-04,450000.0
7504001430,3.0,1.5,1740.0,12000.0,2.0,0.0,0.0,3,9,1740.0,0.0,1974,0.0,98074,47.6276,-122.053,2580.0,12224.0,2014-10-23,539000.0
9290850330,3.0,2.5,3540.0,38322.0,2.0,0.0,0.0,3,10,3540.0,0.0,1989,0.0,98053,47.6892,-122.048,3540.0,35926.0,2014-07-07,888550.0
7955080300,3.0,2.5,1520.0,8720.0,1.0,0.0,0.0,3,7,1080.0,440.0,1981,0.0,98058,47.4267,-122.157,1720.0,7551.0,2014-07-14,269950.0
3755100220,3.0,1.75,1310.0,9761.0,1.0,0.0,0.0,3,7,1310.0,0.0,1967,0.0,98034,47.721,-122.228,1490.0,9600.0,2014-08-19,300000.0
3425059076,2.0,3.25,3000.0,24004.0,1.0,0.0,0.0,3,10,2410.0,590.0,1952,0.0,98005,47.611,-122.157,4270.0,24506.0,2014-09-22,780000.0
8728550150,3.0,2.5,2660.0,20369.0,2.0,0.0,0.0,3,8,2660.0,0.0,1992,0.0,98027,47.5234,-122.055,2720.0,12927.0,2014-07-15,545000.0
2108500110,3.0,2.25,2120.0,9804.0,2.0,0.0,0.0,3,7,2120.0,0.0,1994,0.0,98042,47.3596,-122.16,2120.0,7200.0,2015-04-15,278000.0
7941130110,3.0,2.25,1200.0,2845.0,2.0,0.0,0.0,3,7,1200.0,0.0,1986,0.0,98034,47.7151,-122.203,1220.0,2140.0,2014-12-01,342000.0
1545807180,4.0,1.75,1900.0,9861.0,1.0,0.0,0.0,4,7,1900.0,0.0,1967,0.0,98038,47.3615,-122.057,1720.0,7967.0,2015-05-06,190000.0
1972200382,2.0,1.5,1010.0,948.0,3.0,0.0,0.0,3,8,1010.0,0.0,1999,0.0,98103,47.6529,-122.355,1330.0,1318.0,2014-11-21,387000.0
2473420100,3.0,2.25,1850.0,7480.0,2.0,,0.0,3,7,1850.0,0.0,1978,0.0,98058,47.452,-122.159,1870.0,7480.0,2015-03-04,279950.0
722059020,6.0,4.5,4520.0,40164.0,2.0,0.0,0.0,3,9,3580.0,940.0,1953,20080.0,98031,47.407,-122.216,2870.0,13068.0,2015-03-18,550000.0
1626079154,3.0,2.0,2010.0,251341.0,2.0,0.0,0.0,3,8,1510.0,500.0,2003,0.0,98019,47.7416,-121.91,1780.0,108900.0,2014-05-20,439000.0
1152000040,3.0,2.25,2420.0,23507.0,1.0,0.0,0.0,4,8,2420.0,0.0,1969,0.0,98027,47.5107,-122.027,2540.0,22257.0,2014-10-10,774888.0
5152960330,5.0,2.5,2732.0,9500.0,1.0,0.0,2.0,4,8,1870.0,862.0,1975,0.0,98003,47.3436,-122.323,2720.0,10000.0,2014-06-10,480000.0
6431000206,4.0,2.0,1910.0,6960.0,1.5,,0.0,5,8,1910.0,,1941,0.0,98103,47.6893,-122.348,1360.0,3300.0,2014-05-08,835000.0
2397101185,5.0,3.5,3520.0,5400.0,2.0,0.0,0.0,3,9,2400.0,1120.0,2008,0.0,98119,47.6364,-122.363,1360.0,3600.0,2015-03-03,1500000.0
2922700865,4.0,2.0,2220.0,3760.0,1.5,0.0,0.0,4,7,1370.0,850.0,1929,0.0,98117,47.6876,-122.368,1620.0,3760.0,2015-03-26,771000.0
3271800870,4.0,2.25,2020.0,5800.0,1.0,0.0,3.0,4,9,1760.0,260.0,1941,0.0,98199,47.6471,-122.412,3100.0,5800.0,2014-08-07,1230000.0
1562200090,4.0,2.5,2090.0,7290.0,1.0,,0.0,5,8,1420.0,670.0,1966,0.0,98007,47.624,-122.142,2110.0,8436.0,2014-10-17,600000.0
1431700210,3.0,1.0,1580.0,7424.0,1.0,0.0,0.0,3,7,1010.0,570.0,1962,0.0,98058,47.4607,-122.171,1710.0,7772.0,2014-07-02,305000.0
2566300100,5.0,1.75,2650.0,11340.0,1.0,0.0,0.0,3,8,2650.0,0.0,1955,0.0,98004,47.626,-122.213,2780.0,13204.0,2015-03-27,1390000.0
5379806155,3.0,1.0,1020.0,11652.0,1.0,0.0,0.0,4,6,1020.0,0.0,1971,0.0,98188,47.4459,-122.278,1690.0,11652.0,2014-09-10,216500.0
952006857,3.0,2.5,1070.0,1219.0,2.0,0.0,0.0,3,7,720.0,350.0,2004,0.0,98116,47.5618,-122.384,1070.0,1254.0,2015-01-22,370000.0
3792400110,4.0,1.75,2120.0,9786.0,1.0,0.0,0.0,3,8,1640.0,480.0,1967,0.0,98177,47.7753,-122.365,2310.0,8787.0,2014-06-30,492650.0
3755100540,5.0,1.75,1360.0,10609.0,1.0,0.0,0.0,3,7,1060.0,300.0,1966,0.0,98034,47.7203,-122.229,1490.0,9935.0,2014-07-25,431200.0
2122059014,4.0,2.0,1700.0,12048.0,2.0,0.0,0.0,3,7,1700.0,0.0,1990,0.0,98030,47.3748,-122.186,1960.0,7650.0,2015-04-09,277500.0
110000040,5.0,1.5,1820.0,8712.0,1.0,0.0,0.0,5,7,1090.0,730.0,1960,0.0,98032,47.3712,-122.289,1820.0,8712.0,2015-03-17,278000.0
3876800580,4.0,1.0,1430.0,8400.0,1.0,0.0,0.0,3,6,730.0,700.0,1969,0.0,98072,47.7417,-122.172,1310.0,8240.0,2014-09-02,351000.0
3127200021,4.0,3.5,4140.0,7089.0,2.0,0.0,0.0,3,10,3160.0,980.0,2003,0.0,98034,47.7059,-122.2,2640.0,8896.0,2014-06-16,850000.0
2397101460,2.0,2.0,1313.0,3600.0,1.0,0.0,0.0,3,8,1313.0,0.0,1904,20120.0,98119,47.6369,-122.365,1080.0,3600.0,2014-08-11,885000.0
1720069146,3.0,2.0,1590.0,87120.0,1.0,0.0,3.0,3,8,1590.0,0.0,1998,0.0,98022,47.2241,-122.072,2780.0,183161.0,2014-07-15,399950.0
7878400043,3.0,1.75,1080.0,9262.0,1.0,0.0,0.0,3,7,1080.0,0.0,1968,0.0,98178,47.4883,-122.248,1090.0,9262.0,2014-08-05,185000.0
9282801030,5.0,3.0,2730.0,6000.0,1.0,0.0,0.0,3,8,1470.0,1260.0,1979,0.0,98178,47.4994,-122.234,2590.0,6000.0,2014-09-25,440000.0
6072800265,4.0,3.25,3800.0,19798.0,2.0,0.0,0.0,3,10,3800.0,0.0,1969,20090.0,98006,47.5684,-122.19,3940.0,18975.0,2014-08-13,2400000.0
5267000180,3.0,2.25,2540.0,9961.0,1.0,0.0,0.0,4,8,1320.0,1220.0,1969,0.0,98031,47.41,-122.208,1870.0,10251.0,2014-08-21,299000.0
2722049077,3.0,1.75,1810.0,34500.0,1.0,0.0,0.0,3,8,1230.0,580.0,1980,0.0,98032,47.3707,-122.275,2090.0,9735.0,2014-08-28,299500.0
1115100278,3.0,1.5,1540.0,7506.0,1.0,0.0,0.0,5,7,1540.0,0.0,1961,0.0,98155,47.7565,-122.325,2180.0,7653.0,2015-03-17,420000.0
8075400530,4.0,1.0,1390.0,18000.0,1.0,,0.0,3,7,1390.0,0.0,1955,20130.0,98032,47.3885,-122.284,1390.0,18000.0,2014-06-27,234000.0
1997200245,2.0,1.75,1460.0,4800.0,1.0,0.0,0.0,5,7,850.0,610.0,1950,0.0,98103,47.6928,-122.339,2050.0,5592.0,2014-07-14,540000.0
926069009,4.0,2.5,2350.0,63162.0,2.0,0.0,0.0,4,8,2350.0,0.0,1994,0.0,98077,47.7545,-122.047,2370.0,63162.0,2014-06-09,649950.0
6381500110,3.0,1.0,1160.0,7912.0,1.0,0.0,0.0,4,7,1160.0,0.0,1956,0.0,98125,47.7336,-122.306,1190.0,7482.0,2015-01-08,330000.0
7203100850,4.0,3.25,3500.0,5960.0,2.0,0.0,0.0,3,9,3500.0,0.0,2010,0.0,98053,47.6944,-122.022,3390.0,6856.0,2015-04-27,840000.0
3529300330,3.0,2.5,1980.0,6922.0,2.0,,0.0,5,8,1980.0,0.0,1991,0.0,98031,47.396,-122.184,2090.0,7697.0,2014-11-07,370000.0
3204800330,3.0,1.5,1250.0,7700.0,1.0,0.0,0.0,5,7,1250.0,0.0,1968,0.0,98056,47.5383,-122.178,1430.0,7700.0,2014-06-25,410000.0
6411600411,2.0,1.0,770.0,7200.0,1.0,0.0,0.0,3,7,770.0,0.0,1951,0.0,98125,47.7143,-122.325,1320.0,7139.0,2014-12-09,257000.0
8685500145,3.0,1.0,1920.0,6710.0,1.0,,0.0,3,7,1320.0,600.0,1959,0.0,98118,47.5346,-122.286,1810.0,5600.0,2014-12-30,350000.0
7277100610,2.0,1.0,1120.0,7560.0,1.0,0.0,1.0,3,6,1120.0,0.0,1947,0.0,98177,47.77,-122.39,1120.0,7200.0,2014-08-25,380000.0
1775800750,3.0,1.0,1150.0,12402.0,1.0,0.0,0.0,4,6,1150.0,0.0,1969,0.0,98072,47.7422,-122.099,1400.0,13600.0,2015-03-10,344000.0
2856101105,3.0,2.5,1590.0,2550.0,3.0,0.0,0.0,3,7,1590.0,0.0,1985,0.0,98117,47.6772,-122.393,1260.0,5100.0,2014-05-27,488000.0
4443800705,3.0,1.0,910.0,3880.0,1.0,0.0,0.0,3,7,780.0,130.0,1942,0.0,98117,47.6862,-122.392,1220.0,3880.0,2014-10-08,465000.0
3878900464,2.0,1.75,1870.0,6625.0,1.0,0.0,0.0,3,7,960.0,910.0,1948,0.0,98178,47.5071,-122.249,1680.0,6000.0,2015-05-04,229500.0
8151600900,5.0,3.0,2420.0,11250.0,2.0,0.0,0.0,3,8,2420.0,0.0,2013,0.0,98146,47.5082,-122.362,1510.0,9950.0,2014-11-12,445000.0
1612500155,4.0,1.5,2120.0,7110.0,1.5,0.0,0.0,3,6,2120.0,0.0,1919,0.0,98030,47.3846,-122.227,1540.0,7110.0,2015-03-17,246000.0
4140500180,5.0,2.5,2730.0,17240.0,1.0,0.0,0.0,5,7,1660.0,1070.0,1958,0.0,98028,47.7646,-122.267,2250.0,13200.0,2014-06-04,545000.0
3342103174,4.0,2.5,2560.0,5672.0,2.0,0.0,1.0,3,8,2560.0,0.0,2005,0.0,98056,47.5222,-122.201,2190.0,6788.0,2014-08-13,518000.0
2078500210,4.0,2.5,2620.0,10016.0,2.0,0.0,0.0,3,8,2620.0,0.0,1996,0.0,98056,47.5295,-122.179,2620.0,10016.0,2014-10-31,565000.0
3955900910,4.0,2.5,2760.0,8558.0,2.0,0.0,0.0,3,7,2760.0,0.0,2001,0.0,98056,47.4802,-122.189,2760.0,7703.0,2015-04-10,445000.0
3472800068,5.0,2.5,2900.0,9799.0,1.0,0.0,0.0,3,8,1450.0,1450.0,1959,0.0,98004,47.6255,-122.208,2810.0,9687.0,2014-07-17,968000.0
8928100205,3.0,2.0,1820.0,6324.0,1.0,0.0,0.0,5,7,910.0,910.0,1945,0.0,98115,47.6823,-122.27,1850.0,6440.0,2015-03-31,725000.0
2473400110,3.0,1.75,1870.0,8400.0,1.0,0.0,0.0,3,7,990.0,880.0,1977,0.0,98058,47.454,-122.164,1750.0,8400.0,2014-08-26,315500.0
2558720120,4.0,1.75,2010.0,9211.0,1.0,0.0,0.0,3,7,1470.0,540.0,1977,0.0,98034,47.7206,-122.171,1840.0,8500.0,2014-05-05,487585.0
2023049361,2.0,1.0,940.0,6000.0,1.0,0.0,0.0,2,7,940.0,0.0,1954,0.0,98148,47.4631,-122.329,1890.0,8547.0,2015-03-23,246500.0
6821101285,3.0,1.75,1850.0,6000.0,1.5,0.0,0.0,3,8,1650.0,200.0,1913,19990.0,98199,47.6528,-122.401,1540.0,6000.0,2014-08-14,819000.0
2780910100,5.0,2.5,2530.0,4229.0,2.0,0.0,0.0,3,7,2530.0,0.0,2004,0.0,98038,47.3531,-122.021,2070.0,4879.0,2014-12-18,349900.0
9357000230,3.0,1.0,940.0,4700.0,1.0,0.0,0.0,4,6,940.0,0.0,1942,0.0,98146,47.5117,-122.378,1020.0,5700.0,2014-08-22,267000.0
3649100015,3.0,2.25,1820.0,15000.0,1.0,0.0,0.0,3,7,1480.0,340.0,1978,0.0,98028,47.7401,-122.249,1930.0,13600.0,2015-05-13,480000.0
1189000180,2.0,1.0,1510.0,3360.0,1.0,0.0,0.0,3,7,880.0,630.0,1924,0.0,98122,47.6135,-122.297,1330.0,3360.0,2014-09-10,525000.0
3905120610,4.0,2.5,2070.0,5415.0,2.0,0.0,0.0,3,8,2070.0,0.0,1996,0.0,98029,47.5706,-122.006,2120.0,5331.0,2014-06-25,578000.0
993002177,3.0,2.5,1380.0,1547.0,3.0,0.0,0.0,3,8,1380.0,0.0,2000,0.0,98103,47.6908,-122.341,1380.0,1465.0,2015-05-06,345000.0
6384500535,3.0,1.0,1270.0,6250.0,1.0,0.0,0.0,3,7,910.0,360.0,1955,0.0,98116,47.5694,-122.397,2000.0,6250.0,2015-03-26,499000.0
7751800115,3.0,1.5,1390.0,9680.0,1.0,0.0,0.0,4,7,1390.0,0.0,1956,0.0,98008,47.634,-122.125,1460.0,10050.0,2014-08-26,425000.0
4137020820,4.0,3.0,1840.0,7510.0,2.0,0.0,0.0,5,8,1840.0,0.0,1988,20130.0,98092,47.2595,-122.218,1650.0,7957.0,2014-10-27,268000.0
9407000230,3.0,1.0,1600.0,12566.0,1.0,0.0,0.0,4,7,1600.0,0.0,1971,0.0,98045,47.4431,-121.765,1600.0,10650.0,2014-12-04,240000.0
3306200230,3.0,1.5,1480.0,9606.0,1.0,0.0,0.0,4,7,1100.0,380.0,1964,0.0,98023,47.2978,-122.363,1600.0,9619.0,2015-03-03,147000.0
3888100176,4.0,2.0,2120.0,7806.0,1.0,0.0,0.0,4,6,1770.0,350.0,1949,0.0,98033,47.6859,-122.166,1560.0,9920.0,2015-03-06,500000.0
7011201325,4.0,2.75,2940.0,5400.0,1.5,0.0,2.0,5,8,1940.0,1000.0,1910,0.0,98119,47.6366,-122.369,1970.0,2008.0,2014-10-28,1010000.0
1424130220,4.0,3.0,3820.0,26895.0,2.0,0.0,2.0,3,11,3820.0,0.0,1995,0.0,98072,47.7253,-122.092,3820.0,24751.0,2015-03-09,991500.0
9165100375,5.0,2.0,2740.0,3838.0,1.0,0.0,0.0,4,7,1370.0,1370.0,1959,0.0,98117,47.6819,-122.393,1660.0,4040.0,2014-11-18,510000.0
1651500040,4.0,4.0,4360.0,12081.0,2.0,0.0,0.0,3,10,4360.0,0.0,2007,0.0,98004,47.6377,-122.219,2180.0,10800.0,2014-08-01,1980000.0
8929000090,4.0,2.5,1540.0,1870.0,2.0,0.0,0.0,3,8,1540.0,0.0,2014,0.0,98029,47.5524,-121.999,1540.0,1619.0,2014-07-02,484998.0
3303850360,4.0,3.5,4660.0,17398.0,2.0,0.0,2.0,3,11,4660.0,0.0,2003,0.0,98006,47.5422,-122.112,5080.0,24913.0,2014-06-25,1280000.0
2011000120,3.0,1.75,1590.0,7617.0,2.0,0.0,0.0,3,7,1590.0,0.0,1986,0.0,98198,47.3819,-122.312,1490.0,7450.0,2014-05-29,210000.0
6751100205,2.0,1.0,1180.0,10720.0,1.0,0.0,0.0,4,7,1180.0,0.0,1955,0.0,98007,47.5893,-122.135,1420.0,10750.0,2014-08-04,450000.0
5078400035,4.0,1.75,2360.0,8286.0,1.0,0.0,0.0,3,7,1320.0,1040.0,1952,0.0,98004,47.6226,-122.205,1680.0,7630.0,2015-04-02,875000.0
6073300530,4.0,2.75,1860.0,7500.0,1.0,0.0,0.0,5,8,1220.0,640.0,1967,0.0,98056,47.5398,-122.173,2020.0,8137.0,2015-04-28,529950.0
9818700645,3.0,1.75,1470.0,4000.0,1.0,,0.0,3,7,1070.0,400.0,1979,0.0,98122,47.6067,-122.298,1280.0,3500.0,2014-07-23,415000.0
6181700625,4.0,2.0,2990.0,12970.0,1.5,0.0,2.0,4,7,1960.0,1030.0,1948,0.0,98028,47.7605,-122.258,2500.0,10680.0,2015-02-20,590000.0
8718500610,3.0,1.5,1690.0,9144.0,1.0,,0.0,4,7,1140.0,550.0,1956,0.0,98028,47.739,-122.253,1840.0,10600.0,2014-05-26,379950.0
7950302150,1.0,1.0,660.0,3570.0,1.0,0.0,0.0,3,6,660.0,0.0,1906,0.0,98118,47.5659,-122.284,1520.0,4080.0,2015-04-10,385000.0
923000115,3.0,1.75,2310.0,7620.0,2.0,0.0,0.0,3,8,2310.0,0.0,1942,19880.0,98177,47.7266,-122.363,2200.0,7672.0,2014-10-29,588000.0
1722800835,2.0,1.0,770.0,2191.0,1.0,0.0,0.0,3,6,770.0,0.0,1937,0.0,98108,47.5512,-122.323,940.0,5000.0,2014-08-11,252500.0
7436300180,3.0,3.5,2320.0,3174.0,2.0,0.0,0.0,3,9,2060.0,260.0,1997,0.0,98033,47.6897,-122.175,2320.0,3187.0,2014-05-19,530000.0
1630700276,2.0,1.5,1370.0,159865.0,1.0,0.0,0.0,3,7,1370.0,0.0,1960,0.0,98072,47.7592,-122.092,1370.0,16217.0,2015-01-05,385000.0
2558670110,3.0,2.25,1700.0,7650.0,1.0,0.0,0.0,4,7,1340.0,360.0,1975,0.0,98034,47.7214,-122.166,1980.0,7200.0,2014-08-29,419000.0
402000110,2.0,1.0,960.0,5508.0,1.0,0.0,0.0,3,6,770.0,190.0,1951,0.0,98118,47.5307,-122.277,1280.0,5304.0,2014-10-17,175000.0
442000175,2.0,1.0,1150.0,5664.0,1.0,0.0,0.0,3,7,870.0,280.0,1948,0.0,98115,47.6894,-122.284,1380.0,5664.0,2015-03-31,515000.0
8825900410,4.0,2.5,2910.0,4680.0,1.5,0.0,0.0,5,9,1850.0,1060.0,1937,0.0,98115,47.6745,-122.31,1960.0,4120.0,2015-02-18,945000.0
984210120,5.0,2.25,2290.0,7420.0,1.0,0.0,0.0,3,7,1290.0,1000.0,1973,0.0,98058,47.4375,-122.166,1660.0,7526.0,2014-06-20,359900.0
8044050040,4.0,2.5,2260.0,5164.0,2.0,0.0,0.0,3,8,2260.0,0.0,1996,0.0,98056,47.509,-122.166,2260.0,5866.0,2014-08-07,419950.0
2771604370,3.0,1.75,1300.0,4000.0,1.0,0.0,0.0,3,7,900.0,400.0,1953,0.0,98199,47.6368,-122.388,1750.0,4000.0,2014-09-26,460000.0
5028602020,3.0,2.25,1850.0,7151.0,2.0,0.0,0.0,3,7,1850.0,0.0,1989,0.0,98023,47.2843,-122.352,1710.0,6827.0,2015-03-05,255000.0
643300040,4.0,1.75,1920.0,9500.0,1.0,0.0,0.0,4,7,1470.0,450.0,1966,0.0,98006,47.5683,-122.177,1820.0,10091.0,2014-11-04,481000.0
643300040,4.0,1.75,1920.0,9500.0,1.0,0.0,0.0,4,7,1470.0,450.0,1966,0.0,98006,47.5683,-122.177,1820.0,10091.0,2015-03-13,719521.0
224059025,3.0,3.0,4910.0,43560.0,2.0,0.0,0.0,4,10,4000.0,910.0,1989,0.0,98007,47.5911,-122.131,3540.0,12288.0,2014-06-20,1080000.0
3379200100,4.0,2.5,2210.0,6080.0,1.0,0.0,2.0,4,8,1410.0,800.0,1965,0.0,98178,47.4915,-122.228,2210.0,6175.0,2014-05-23,334000.0
6338000493,4.0,2.75,2280.0,3200.0,1.5,0.0,0.0,5,8,1520.0,760.0,1931,0.0,98105,47.6709,-122.282,1970.0,4687.0,2014-09-12,675000.0
293000068,3.0,1.75,1640.0,7437.0,1.0,,0.0,3,7,1090.0,550.0,1948,0.0,98126,47.5324,-122.38,1640.0,7436.0,2014-06-13,556000.0
6169901095,4.0,2.0,1980.0,7200.0,2.0,0.0,3.0,3,8,1700.0,280.0,1910,0.0,98119,47.6318,-122.369,2490.0,4200.0,2014-08-15,900000.0
4443800375,3.0,1.0,900.0,4084.0,1.5,,0.0,3,7,900.0,0.0,1910,0.0,98117,47.684,-122.393,1280.0,4080.0,2014-10-02,400000.0
9376301800,4.0,1.75,1960.0,4340.0,1.0,0.0,0.0,5,8,980.0,980.0,1912,0.0,98117,47.6847,-122.37,1630.0,4360.0,2015-03-24,724950.0
6799300150,4.0,2.25,1800.0,4500.0,2.0,0.0,0.0,4,8,1800.0,0.0,2004,0.0,98031,47.394,-122.183,2010.0,5050.0,2014-09-03,321000.0
3271800910,4.0,3.5,4270.0,5800.0,2.0,0.0,3.0,5,10,3170.0,1100.0,1937,0.0,98199,47.6474,-122.411,3100.0,5800.0,2014-07-01,1360000.0
42000245,4.0,2.0,1520.0,19672.0,1.0,0.0,0.0,3,6,1020.0,500.0,1920,0.0,98188,47.4683,-122.281,1810.0,7840.0,2014-06-13,171000.0
1625069101,4.0,3.0,5430.0,108900.0,2.0,0.0,0.0,4,10,5430.0,0.0,1987,0.0,98053,47.6582,-122.038,3170.0,107076.0,2014-07-07,1360000.0
4046700110,3.0,1.75,1950.0,15037.0,1.0,0.0,0.0,3,7,1950.0,0.0,1989,0.0,98014,47.6892,-121.913,1760.0,15181.0,2015-02-24,323000.0
2423600100,4.0,1.75,2190.0,125452.0,1.0,0.0,2.0,3,9,2190.0,0.0,1968,0.0,98092,47.2703,-122.069,3000.0,125017.0,2014-05-02,491500.0
621069154,4.0,1.5,1200.0,10890.0,1.0,0.0,0.0,5,7,1200.0,0.0,1972,0.0,98042,47.3423,-122.088,1250.0,10139.0,2014-07-21,226000.0
2436200025,6.0,1.75,2180.0,4000.0,1.5,0.0,0.0,4,7,1380.0,800.0,1926,0.0,98105,47.6643,-122.29,1720.0,4000.0,2014-10-09,580000.0
9808610410,4.0,2.5,2320.0,11259.0,2.0,0.0,0.0,3,9,2320.0,0.0,1982,0.0,98004,47.6443,-122.194,2820.0,11770.0,2014-08-22,640000.0
1370803640,3.0,1.75,1040.0,5097.0,1.0,0.0,0.0,4,7,800.0,240.0,1944,0.0,98199,47.6385,-122.401,1630.0,5097.0,2014-08-20,619790.0
3779300210,4.0,2.5,2700.0,6998.0,2.0,0.0,0.0,3,8,2700.0,0.0,2001,0.0,98188,47.4694,-122.263,2350.0,10550.0,2014-06-30,383962.0
424049059,3.0,2.0,1400.0,2445.0,1.0,0.0,0.0,3,7,840.0,560.0,2002,0.0,98144,47.5926,-122.299,1400.0,3200.0,2014-08-15,373000.0
5422560850,3.0,2.5,2060.0,8123.0,2.0,0.0,0.0,3,8,1010.0,1050.0,1977,0.0,98052,47.6642,-122.13,1760.0,6170.0,2014-12-10,541338.0
558100065,2.0,1.0,780.0,8160.0,1.0,0.0,0.0,4,6,780.0,0.0,1953,0.0,98133,47.7356,-122.34,1310.0,8160.0,2014-10-03,254922.0
4442800040,3.0,2.25,2400.0,5000.0,1.5,0.0,0.0,4,7,1440.0,960.0,1926,0.0,98117,47.6897,-122.393,1630.0,5000.0,2014-06-24,575000.0
4038600300,4.0,3.0,2900.0,15535.0,1.0,,2.0,4,7,1870.0,1030.0,1961,0.0,98008,47.612,-122.119,2330.0,10217.0,2014-09-02,650000.0
5070000120,3.0,1.5,1740.0,9547.0,1.0,0.0,0.0,4,7,1740.0,0.0,1962,0.0,98055,47.4475,-122.213,1780.0,9936.0,2014-08-13,269950.0
795002450,2.0,1.0,780.0,6250.0,1.0,0.0,0.0,3,6,780.0,,1942,0.0,98168,47.5099,-122.33,1280.0,7100.0,2015-04-30,270950.0
3579000180,3.0,2.75,2430.0,14861.0,1.0,0.0,0.0,3,9,1530.0,900.0,1988,0.0,98028,47.7461,-122.247,2230.0,10300.0,2014-12-29,495000.0
6821102170,4.0,2.0,2210.0,8556.0,1.0,0.0,1.0,4,8,1210.0,1000.0,1954,0.0,98199,47.6498,-122.396,2190.0,7975.0,2014-05-07,794154.0
5151900110,3.0,1.5,1510.0,11200.0,1.0,0.0,0.0,4,8,1510.0,0.0,1960,0.0,98003,47.3347,-122.325,2110.0,12070.0,2014-12-19,340768.0
5101407790,2.0,1.0,900.0,5413.0,1.0,0.0,0.0,3,7,900.0,0.0,1947,0.0,98125,47.7047,-122.307,1280.0,6380.0,2014-08-01,375000.0
2538400040,4.0,2.5,3670.0,7000.0,2.0,0.0,0.0,3,10,3670.0,0.0,2005,0.0,98075,47.5854,-122.08,3680.0,7437.0,2014-05-24,820000.0
1025049266,2.0,2.25,1160.0,954.0,2.0,0.0,0.0,3,8,960.0,200.0,2014,0.0,98105,47.6647,-122.284,1160.0,1327.0,2014-09-30,555000.0
4340610040,2.0,1.5,1070.0,1200.0,2.0,,0.0,3,7,1070.0,0.0,1999,0.0,98103,47.697,-122.347,1070.0,1200.0,2014-06-12,312500.0
3204300610,2.0,1.0,950.0,4560.0,1.5,0.0,0.0,3,7,950.0,,1925,0.0,98112,47.6288,-122.3,2040.0,4560.0,2014-12-02,450000.0
6793300220,3.0,2.75,2950.0,6667.0,2.0,0.0,0.0,3,9,2950.0,0.0,2003,0.0,98029,47.5577,-122.026,3340.0,6667.0,2015-01-05,739000.0
1568100087,3.0,2.0,1420.0,1716.0,2.0,0.0,0.0,3,7,1050.0,370.0,2003,0.0,98155,47.7364,-122.295,1420.0,8150.0,2015-04-13,320000.0
4338800600,3.0,1.0,1590.0,13000.0,1.5,0.0,0.0,3,6,1590.0,0.0,1944,0.0,98166,47.4789,-122.346,1460.0,8400.0,2014-06-09,235000.0
7211400535,4.0,1.0,1290.0,5000.0,1.5,0.0,0.0,3,7,1290.0,0.0,1957,0.0,98146,47.5128,-122.358,1440.0,2500.0,2015-03-23,275500.0
8682261140,2.0,2.0,1690.0,4500.0,1.0,0.0,0.0,3,8,1690.0,0.0,2004,0.0,98053,47.7133,-122.031,1640.0,4500.0,2014-06-18,564000.0
4435000145,4.0,1.75,1340.0,8700.0,1.5,0.0,0.0,3,6,1340.0,0.0,1958,0.0,98188,47.4514,-122.287,1240.0,8700.0,2015-05-01,263000.0
421059018,3.0,1.75,1397.0,18000.0,1.0,0.0,0.0,3,7,1397.0,0.0,1965,20140.0,98092,47.3388,-122.166,1950.0,31294.0,2014-11-04,257000.0
1321059013,4.0,2.5,3750.0,218506.0,2.0,0.0,0.0,3,10,3750.0,0.0,1991,0.0,98092,47.3045,-122.103,2540.0,39413.0,2015-03-19,725000.0
2143700406,3.0,2.25,2000.0,7560.0,1.0,0.0,0.0,3,7,1400.0,600.0,1979,0.0,98055,47.4798,-122.228,2040.0,6949.0,2014-12-11,300000.0
8961950410,3.0,2.0,2250.0,7904.0,1.5,0.0,0.0,3,8,2250.0,0.0,1998,0.0,98001,47.3165,-122.252,2460.0,8622.0,2014-07-07,328000.0
1788800770,3.0,1.0,840.0,8400.0,1.0,0.0,0.0,3,6,840.0,0.0,1959,0.0,98023,47.3281,-122.344,1030.0,8640.0,2014-07-28,187500.0
7518507685,3.0,1.0,1100.0,5100.0,2.0,,0.0,4,7,1100.0,0.0,1900,0.0,98117,47.679,-122.386,1540.0,5100.0,2015-02-23,400000.0
2490200220,3.0,1.5,1660.0,5100.0,1.0,0.0,0.0,4,7,1210.0,450.0,1954,0.0,98136,47.5345,-122.383,1440.0,5100.0,2015-03-02,515000.0
284000025,2.0,2.0,2180.0,18525.0,1.0,1.0,4.0,5,9,1580.0,,1952,0.0,98146,47.5036,-122.387,2480.0,21503.0,2015-04-20,1410000.0
522059189,3.0,1.0,1460.0,8400.0,1.0,0.0,0.0,3,7,1460.0,0.0,1958,0.0,98055,47.4243,-122.198,1460.0,9600.0,2015-04-17,235000.0
7203150330,4.0,2.5,2470.0,4945.0,2.0,0.0,0.0,3,8,2470.0,0.0,2012,0.0,98053,47.6898,-122.015,2510.0,4988.0,2014-07-17,669000.0
3124089060,3.0,1.0,1250.0,13503.0,1.5,0.0,0.0,4,6,1250.0,0.0,1931,0.0,98065,47.526,-121.829,1450.0,13503.0,2015-04-24,282000.0
7518504130,3.0,2.0,1480.0,3876.0,1.0,0.0,0.0,5,7,860.0,620.0,1928,0.0,98117,47.6808,-122.382,1660.0,3774.0,2014-06-26,663000.0
7893802670,3.0,3.25,2240.0,5000.0,2.0,0.0,0.0,3,9,1540.0,700.0,1989,0.0,98198,47.4114,-122.334,1800.0,7500.0,2015-04-24,279900.0
2548100180,3.0,2.0,1570.0,7200.0,1.0,0.0,0.0,4,7,1570.0,0.0,1952,0.0,98155,47.7501,-122.314,1410.0,7434.0,2014-05-07,335000.0
4024100915,4.0,2.75,3250.0,10000.0,2.0,0.0,0.0,3,9,3250.0,0.0,2014,0.0,98155,47.7557,-122.309,1620.0,10089.0,2014-12-31,689000.0
1026069106,3.0,2.25,1790.0,231303.0,1.0,0.0,0.0,3,7,1250.0,540.0,1980,0.0,98077,47.7558,-122.027,2090.0,93654.0,2015-04-21,413100.0
7852020720,3.0,2.5,2080.0,4931.0,2.0,0.0,0.0,3,8,2080.0,0.0,2000,0.0,98065,47.5342,-121.868,1890.0,4229.0,2015-03-27,506950.0
9828702265,3.0,2.5,1480.0,1171.0,3.0,0.0,0.0,3,8,1480.0,0.0,2006,0.0,98112,47.62,-122.3,1480.0,1231.0,2014-05-06,500000.0
5104511250,5.0,3.0,3610.0,9775.0,2.0,0.0,0.0,3,8,3610.0,0.0,2003,0.0,98038,47.3545,-122.011,2800.0,8582.0,2014-06-13,540000.0
9828201885,3.0,2.5,2040.0,4559.0,2.0,,0.0,3,9,2040.0,0.0,1998,0.0,98122,47.6156,-122.295,1500.0,4500.0,2014-08-22,812000.0
7525950110,4.0,3.25,3850.0,19842.0,2.0,0.0,3.0,3,11,3180.0,670.0,1989,0.0,98074,47.6239,-122.065,4320.0,19500.0,2014-08-28,1200000.0
3211260120,3.0,2.25,3230.0,35306.0,2.0,0.0,0.0,3,9,3230.0,0.0,1987,0.0,98092,47.3065,-122.113,2760.0,35285.0,2014-12-15,370000.0
7250000065,3.0,2.0,2440.0,23512.0,1.0,,0.0,3,6,1640.0,800.0,1933,0.0,98148,47.4594,-122.326,1630.0,19613.0,2014-08-25,338000.0
1446400564,4.0,1.0,1490.0,6600.0,1.0,0.0,0.0,3,7,1490.0,0.0,1969,0.0,98168,47.4835,-122.332,1280.0,6600.0,2014-05-07,185000.0
224059021,3.0,1.0,1150.0,35415.0,1.0,0.0,0.0,4,7,1010.0,,1950,0.0,98008,47.5974,-122.129,2460.0,11781.0,2014-12-19,450000.0
6392000625,2.0,1.0,900.0,6000.0,1.0,0.0,0.0,3,7,900.0,0.0,1944,20040.0,98115,47.6855,-122.289,1460.0,4800.0,2014-07-12,451000.0
6817850110,4.0,2.5,3210.0,24527.0,1.5,0.0,0.0,3,11,3210.0,0.0,1984,0.0,98074,47.6399,-122.052,3280.0,24527.0,2015-04-21,785000.0
3902100175,5.0,3.0,3900.0,5250.0,1.5,0.0,1.0,5,8,2620.0,1280.0,1931,0.0,98116,47.5577,-122.389,1950.0,5700.0,2014-07-28,850000.0
7205400180,3.0,1.0,1240.0,18000.0,1.0,,0.0,2,7,1240.0,0.0,1943,0.0,98198,47.3514,-122.315,1240.0,18000.0,2014-12-23,235000.0
7351200295,3.0,1.75,1760.0,6788.0,2.0,1.0,4.0,3,7,1760.0,0.0,1940,0.0,98125,47.7336,-122.284,1630.0,7588.0,2015-01-14,1150000.0
291310260,3.0,2.25,1410.0,1377.0,2.0,0.0,0.0,3,7,1290.0,120.0,2005,0.0,98027,47.5342,-122.067,1445.0,1370.0,2014-05-16,377500.0
3026059204,3.0,2.5,2780.0,11964.0,2.0,0.0,0.0,3,9,2780.0,0.0,2009,0.0,98034,47.7127,-122.216,1760.0,9640.0,2014-05-30,825500.0
2856102105,5.0,3.25,3230.0,3825.0,2.0,0.0,0.0,3,9,2480.0,750.0,2014,0.0,98117,47.6785,-122.392,1480.0,5100.0,2014-06-10,1060000.0
3343301343,5.0,3.5,4600.0,8764.0,2.0,0.0,0.0,3,10,3180.0,1420.0,2007,0.0,98006,47.5491,-122.19,3210.0,9431.0,2014-11-20,880000.0
8682302030,3.0,2.0,1440.0,4421.0,1.0,0.0,0.0,3,8,1440.0,0.0,2007,0.0,98053,47.7188,-122.024,1440.0,4157.0,2014-05-21,413800.0
1048000160,2.0,1.5,1200.0,1687.0,3.0,0.0,0.0,3,8,1200.0,0.0,2008,0.0,98103,47.6491,-122.334,1240.0,1296.0,2014-06-27,504200.0
5714200140,4.0,3.0,2793.0,5703.0,2.0,0.0,0.0,3,9,2793.0,0.0,2009,0.0,98030,47.3682,-122.178,2793.0,5704.0,2015-04-22,421500.0
1152200030,4.0,2.5,2970.0,5050.0,2.0,0.0,0.0,3,8,2970.0,0.0,2014,0.0,98052,47.7043,-122.122,2810.0,4998.0,2015-03-05,855169.0
3157600075,3.0,2.0,1440.0,3218.0,1.0,0.0,0.0,3,7,850.0,590.0,2008,0.0,98106,47.5655,-122.36,1170.0,5000.0,2015-02-07,380000.0
1972200554,3.0,2.25,1480.0,1026.0,3.0,0.0,0.0,3,8,1480.0,0.0,2014,0.0,98103,47.6536,-122.354,1570.0,1283.0,2014-08-04,580000.0
9429400060,3.0,2.5,1870.0,5333.0,2.0,0.0,0.0,3,8,1870.0,,2012,0.0,98019,47.7447,-121.984,2100.0,3730.0,2015-04-09,377000.0
301401610,4.0,2.75,2475.0,4000.0,2.0,0.0,0.0,3,7,2475.0,0.0,2014,0.0,98002,47.3452,-122.209,2475.0,4000.0,2014-09-30,329900.0
1025039326,4.0,2.5,2950.0,7024.0,2.0,,0.0,3,10,2950.0,0.0,2012,0.0,98199,47.6651,-122.403,2950.0,6339.0,2014-08-28,921800.0
9385200041,3.0,2.25,1410.0,905.0,3.0,0.0,0.0,3,9,1410.0,0.0,2014,0.0,98116,47.5818,-122.402,1510.0,1352.0,2015-03-04,529500.0
7237450550,4.0,2.5,2240.0,3712.0,2.0,0.0,0.0,3,8,2240.0,0.0,2014,0.0,98038,47.3551,-122.061,2530.0,4315.0,2014-06-03,363990.0
2862500060,5.0,2.75,3230.0,6500.0,2.0,0.0,0.0,3,9,3230.0,0.0,2014,0.0,98074,47.6237,-122.023,3180.0,7624.0,2015-01-15,834950.0
4046500270,3.0,2.0,2100.0,31550.0,1.0,0.0,0.0,3,8,2100.0,0.0,2010,0.0,98014,47.6907,-121.917,1860.0,18452.0,2014-08-19,399000.0
2161400060,3.0,2.25,1936.0,9495.0,1.0,0.0,0.0,3,8,1936.0,0.0,2013,0.0,98030,47.3714,-122.197,1410.0,12770.0,2014-11-14,338900.0
2781230070,3.0,2.5,3120.0,6000.0,2.0,0.0,0.0,3,9,3120.0,0.0,2007,0.0,98038,47.3473,-122.03,2670.0,6000.0,2015-03-11,419950.0
4019500160,4.0,2.5,2070.0,4270.0,2.0,0.0,0.0,3,8,2070.0,0.0,2010,0.0,98028,47.773,-122.265,2070.0,4610.0,2015-04-13,493000.0
6980500030,4.0,2.5,3700.0,4500.0,2.0,0.0,0.0,3,9,3700.0,0.0,2007,0.0,98028,47.7473,-122.23,3050.0,5047.0,2014-12-11,650000.0
1442880260,3.0,2.5,2130.0,5205.0,2.0,0.0,0.0,3,8,2130.0,0.0,2013,0.0,98045,47.4832,-121.774,2250.0,5462.0,2014-09-09,456000.0
9268851860,3.0,2.25,1620.0,997.0,2.5,0.0,0.0,3,8,1540.0,80.0,2010,0.0,98027,47.54,-122.026,1620.0,1068.0,2014-09-18,425000.0
832700320,3.0,2.5,1490.0,2478.0,3.0,0.0,0.0,3,8,1490.0,0.0,2009,0.0,98133,47.7236,-122.353,1270.0,1156.0,2015-02-09,348000.0
2937300550,5.0,4.0,4180.0,7232.0,2.0,0.0,0.0,3,9,4180.0,0.0,2014,0.0,98052,47.7049,-122.125,3570.0,6054.0,2014-10-29,1040000.0
2114700368,2.0,2.5,1400.0,1262.0,2.0,0.0,0.0,3,8,1160.0,240.0,2008,0.0,98106,47.5342,-122.349,1060.0,1524.0,2014-11-18,299000.0
2213000030,4.0,3.75,3490.0,9170.0,2.0,0.0,0.0,3,9,3490.0,0.0,2012,0.0,98004,47.5991,-122.2,1810.0,8470.0,2014-05-12,1260000.0
2626119062,3.0,1.0,1300.0,6098.0,1.0,0.0,0.0,3,7,1300.0,,2013,0.0,98014,47.7074,-121.364,1300.0,6849.0,2014-11-12,155000.0
7338220160,4.0,2.5,2730.0,4962.0,2.0,0.0,0.0,3,8,2730.0,0.0,2006,0.0,98002,47.3363,-122.216,2150.0,3802.0,2015-02-25,319500.0
2781280310,3.0,2.5,1830.0,2517.0,2.0,0.0,0.0,3,8,1830.0,0.0,2005,0.0,98055,47.4496,-122.189,1610.0,2762.0,2014-12-22,274000.0
3448740070,5.0,2.5,2340.0,4500.0,2.0,0.0,0.0,3,7,2340.0,0.0,2009,0.0,98059,47.4911,-122.154,2190.0,4500.0,2014-06-16,429000.0
2895800710,3.0,1.75,1410.0,1899.0,2.0,0.0,0.0,3,8,1410.0,0.0,2014,0.0,98106,47.5171,-122.347,1410.0,1811.0,2014-12-02,267800.0
723049434,3.0,2.5,1930.0,8254.0,2.0,0.0,0.0,3,7,1930.0,0.0,2014,0.0,98146,47.4973,-122.346,1540.0,8849.0,2015-04-08,369950.0
2922059212,6.0,5.0,3028.0,18055.0,2.0,,0.0,3,7,3028.0,,2005,0.0,98030,47.3651,-122.197,1400.0,34575.0,2015-01-09,480000.0
1441000350,4.0,3.5,3180.0,4869.0,2.0,0.0,0.0,3,8,2390.0,790.0,2007,0.0,98055,47.4482,-122.206,2850.0,4500.0,2014-09-15,440000.0
8562790310,4.0,3.25,2950.0,4161.0,2.0,0.0,0.0,3,10,2210.0,740.0,2014,0.0,98027,47.5297,-122.073,2790.0,3693.0,2015-03-24,839704.0
2767604425,3.0,3.25,1430.0,1276.0,3.0,0.0,0.0,3,8,1430.0,0.0,2007,0.0,98107,47.6712,-122.38,1430.0,1243.0,2015-01-29,535000.0
306000565,2.0,1.5,1020.0,1275.0,3.0,0.0,0.0,3,8,1020.0,0.0,2008,0.0,98103,47.7003,-122.346,980.0,1415.0,2014-08-25,290000.0
6130500060,3.0,2.5,1650.0,1793.0,3.0,0.0,0.0,3,8,1650.0,0.0,2007,0.0,98133,47.7107,-122.332,1650.0,1863.0,2014-07-21,370000.0
3362400125,3.0,2.0,1060.0,651.0,3.0,0.0,0.0,3,7,1060.0,0.0,2007,0.0,98103,47.6828,-122.345,1440.0,1501.0,2015-03-03,405000.0
1442880510,4.0,2.75,2620.0,6019.0,2.0,0.0,0.0,3,8,2620.0,0.0,2013,0.0,98045,47.484,-121.771,2790.0,6716.0,2014-05-30,499431.0
9188200505,4.0,2.5,1830.0,3868.0,2.0,0.0,0.0,3,7,1830.0,0.0,2007,0.0,98118,47.5186,-122.276,2330.0,3868.0,2014-07-10,275000.0
1865400075,3.0,2.25,998.0,844.0,2.0,0.0,0.0,3,7,798.0,200.0,2007,0.0,98117,47.6983,-122.367,998.0,1110.0,2014-05-22,320000.0
7853320550,4.0,2.5,2070.0,4427.0,2.0,0.0,0.0,3,7,2070.0,0.0,2007,0.0,98065,47.5208,-121.869,2070.0,4556.0,2014-08-05,425000.0
9831200172,4.0,3.5,2860.0,2199.0,3.0,0.0,0.0,3,10,2860.0,0.0,2013,0.0,98102,47.6262,-122.323,1990.0,1378.0,2015-02-27,1450000.0
8141300030,3.0,2.0,1920.0,5688.0,1.0,0.0,3.0,3,9,1920.0,0.0,2007,0.0,98022,47.1952,-121.976,2384.0,4802.0,2015-02-10,340000.0
7899800863,3.0,2.5,1210.0,2046.0,2.0,0.0,0.0,3,9,920.0,290.0,2008,0.0,98106,47.5212,-122.357,1070.0,651.0,2014-10-01,299900.0
745530240,5.0,3.5,4890.0,12039.0,2.0,0.0,0.0,3,9,3590.0,1300.0,2014,0.0,98011,47.7338,-122.208,4590.0,10079.0,2014-12-26,865950.0
4055700784,4.0,2.5,3420.0,17038.0,2.0,0.0,0.0,3,9,3420.0,0.0,2007,0.0,98034,47.718,-122.241,2520.0,14190.0,2014-08-15,720000.0
1180000830,4.0,3.5,2870.0,3225.0,2.0,0.0,3.0,3,9,2070.0,800.0,2006,0.0,98178,47.5009,-122.225,1770.0,6450.0,2014-10-02,460000.0
291310270,3.0,2.5,1600.0,2042.0,2.0,0.0,0.0,3,8,1600.0,,2005,0.0,98027,47.5341,-122.067,1445.0,1370.0,2014-11-19,375000.0
1934800162,2.0,1.5,960.0,1829.0,2.0,0.0,0.0,3,7,960.0,0.0,2005,0.0,98122,47.6032,-122.308,1470.0,1829.0,2015-05-11,386180.0
2309710070,3.0,2.75,1740.0,5639.0,1.0,,3.0,3,7,1740.0,0.0,2010,0.0,98022,47.1942,-121.977,2380.0,5331.0,2015-01-14,280000.0
6181500340,4.0,2.5,2575.0,4725.0,2.0,,0.0,3,8,2575.0,0.0,2011,0.0,98001,47.3058,-122.277,2575.0,5323.0,2014-08-08,359000.0
7853220390,5.0,3.25,3660.0,11995.0,2.0,0.0,2.0,3,10,3660.0,0.0,2006,0.0,98065,47.5337,-121.86,3320.0,11241.0,2014-05-02,785000.0
9834201375,3.0,2.25,1420.0,1230.0,2.0,0.0,0.0,3,8,940.0,480.0,2009,0.0,98144,47.5703,-122.288,1400.0,1230.0,2015-02-06,425000.0
5214510060,5.0,2.5,3070.0,7200.0,2.0,0.0,0.0,3,8,3070.0,0.0,2005,0.0,98059,47.4939,-122.137,2590.0,7200.0,2015-05-04,575000.0
3221079050,3.0,2.5,1920.0,144619.0,1.0,0.0,0.0,3,8,1920.0,0.0,2014,0.0,98022,47.2683,-121.946,2010.0,48787.0,2015-03-03,465000.0
1266200140,4.0,3.25,4160.0,10335.0,2.0,0.0,0.0,3,10,4160.0,0.0,2014,0.0,98004,47.6235,-122.192,1840.0,10333.0,2015-05-06,1850000.0
2523039346,4.0,3.25,3276.0,10801.0,2.0,0.0,0.0,3,9,3276.0,0.0,2008,0.0,98166,47.4585,-122.361,2010.0,11656.0,2015-02-18,720000.0
1624049293,5.0,3.75,2890.0,5000.0,1.0,0.0,0.0,3,7,1310.0,1580.0,2006,0.0,98108,47.5701,-122.296,1930.0,5117.0,2014-05-06,390000.0
1973700030,3.0,2.5,3430.0,10177.0,2.0,0.0,0.0,3,10,3430.0,0.0,2014,0.0,98034,47.7159,-122.251,3110.0,12339.0,2015-04-29,2210000.0
1070000390,4.0,3.5,3390.0,3979.0,2.0,0.0,0.0,3,9,2610.0,780.0,2014,0.0,98199,47.6482,-122.408,3350.0,4165.0,2014-07-02,1050000.0
2524059269,6.0,3.75,2930.0,14980.0,2.0,0.0,3.0,3,9,2930.0,0.0,2013,0.0,98006,47.5441,-122.117,3210.0,10787.0,2014-06-10,915000.0
1972200326,2.0,2.25,1300.0,1314.0,3.0,0.0,0.0,3,8,1300.0,0.0,2008,0.0,98103,47.6536,-122.356,1300.0,1312.0,2015-04-22,562000.0
3796000400,2.0,1.75,1250.0,1208.0,2.0,0.0,0.0,3,7,1040.0,210.0,2007,0.0,98144,47.6004,-122.299,1250.0,1656.0,2014-11-20,349000.0
321030070,4.0,2.5,2310.0,7800.0,2.0,0.0,0.0,3,8,2310.0,0.0,2011,0.0,98042,47.3737,-122.164,2310.0,7140.0,2014-08-14,375000.0
476000118,2.0,2.25,1360.0,1336.0,3.0,0.0,0.0,3,8,1360.0,0.0,2008,0.0,98107,47.6714,-122.392,1280.0,1295.0,2014-12-12,479950.0
2909310060,4.0,2.5,2020.0,5100.0,2.0,0.0,0.0,3,7,2020.0,0.0,2010,0.0,98023,47.2822,-122.357,2300.0,5685.0,2015-01-09,319000.0
832700240,3.0,1.5,1270.0,1067.0,3.0,,0.0,3,8,1270.0,0.0,2009,0.0,98133,47.7236,-122.353,1090.0,1118.0,2014-10-03,325000.0
1442880570,4.0,2.75,2790.0,8092.0,2.0,0.0,0.0,3,8,2790.0,0.0,2013,0.0,98045,47.4834,-121.773,2790.0,6154.0,2014-08-21,505657.0
9542840060,4.0,2.5,2320.0,4142.0,2.0,0.0,0.0,3,7,2320.0,0.0,2010,0.0,98038,47.3662,-122.019,2150.0,4140.0,2015-03-05,340000.0
629650370,3.0,2.5,1750.0,6351.0,2.0,0.0,0.0,3,7,1750.0,0.0,2012,0.0,98001,47.2589,-122.256,1398.0,6092.0,2015-01-23,250000.0
7967000060,4.0,2.5,2030.0,4596.0,2.0,,0.0,3,8,2030.0,0.0,2014,0.0,98001,47.3515,-122.275,2040.0,4705.0,2014-09-26,349500.0
3904100041,3.0,2.5,1270.0,865.0,2.0,0.0,0.0,3,7,1080.0,190.0,2008,0.0,98118,47.5351,-122.279,1630.0,7752.0,2015-04-24,290750.0
9268850860,5.0,3.25,2710.0,2356.0,2.0,0.0,0.0,3,8,2230.0,480.0,2013,0.0,98027,47.5394,-122.028,2160.0,2108.0,2015-05-05,715000.0
1454100127,4.0,2.75,2520.0,8433.0,2.0,0.0,0.0,3,8,2520.0,0.0,2014,0.0,98125,47.7214,-122.289,1890.0,7772.0,2014-08-11,689950.0
2856101290,2.0,2.5,1340.0,1263.0,3.0,0.0,0.0,3,8,1340.0,0.0,2008,0.0,98117,47.6788,-122.388,1510.0,1260.0,2014-09-24,425000.0
2767601872,2.0,3.0,1570.0,1281.0,3.0,,0.0,3,8,1570.0,0.0,2014,0.0,98107,47.6741,-122.384,1570.0,2500.0,2015-01-19,657000.0
255370570,4.0,3.5,2690.0,5564.0,2.0,0.0,0.0,3,7,2690.0,0.0,2007,0.0,98038,47.3537,-122.018,2210.0,4046.0,2014-11-20,359950.0
301401370,4.0,2.75,2475.0,4276.0,2.0,0.0,0.0,3,7,2475.0,0.0,2014,0.0,98002,47.345,-122.21,2475.0,4000.0,2014-07-31,319900.0
1604601804,3.0,3.75,2260.0,2050.0,2.0,0.0,0.0,3,9,1170.0,1090.0,2010,0.0,98118,47.566,-122.29,2130.0,3082.0,2015-04-16,532000.0
6749700004,2.0,1.0,840.0,863.0,3.0,0.0,0.0,3,8,840.0,0.0,2008,0.0,98103,47.6974,-122.349,1110.0,1190.0,2015-03-30,291000.0
1806900499,3.0,3.25,1720.0,1330.0,2.0,,0.0,3,8,1030.0,690.0,2004,0.0,98112,47.62,-122.309,1720.0,1520.0,2014-07-21,675000.0
7625703435,3.0,2.25,2940.0,6500.0,3.0,0.0,0.0,3,9,2940.0,0.0,2014,0.0,98136,47.5482,-122.388,1680.0,6500.0,2015-01-21,885000.0
7324900016,5.0,3.5,4170.0,9090.0,2.0,0.0,0.0,3,10,4170.0,0.0,2008,0.0,98004,47.5918,-122.196,1930.0,13635.0,2014-10-21,1450000.0
3575303430,6.0,4.25,4310.0,10000.0,2.0,0.0,0.0,3,8,2950.0,1360.0,2008,0.0,98074,47.6214,-122.062,2100.0,10000.0,2014-10-16,780000.0
9492500140,4.0,2.75,3010.0,7200.0,2.0,,0.0,3,9,3010.0,0.0,2014,0.0,98033,47.6948,-122.179,3010.0,7203.0,2014-07-12,839950.0
9268851670,3.0,2.5,2170.0,1984.0,2.5,0.0,0.0,3,8,2170.0,0.0,2008,0.0,98027,47.5401,-122.027,2150.0,1984.0,2015-04-24,645000.0
301400830,3.0,2.5,1584.0,3200.0,2.0,,0.0,3,7,1584.0,0.0,2011,0.0,98002,47.3451,-122.215,1584.0,2800.0,2014-12-23,263000.0
4310702918,2.0,2.25,1110.0,1290.0,3.0,0.0,0.0,3,8,1110.0,0.0,2006,0.0,98103,47.6968,-122.34,1360.0,1251.0,2014-10-30,345000.0
4305600240,4.0,2.5,2420.0,5006.0,2.0,0.0,0.0,3,8,2420.0,0.0,2013,0.0,98059,47.4795,-122.126,2750.0,5471.0,2014-11-25,505000.0
7169500200,2.0,2.25,1430.0,1210.0,2.0,,0.0,3,8,1340.0,90.0,2005,0.0,98115,47.6765,-122.301,1430.0,1016.0,2014-09-03,522500.0
3943600070,3.0,2.5,2393.0,4788.0,2.0,0.0,0.0,3,8,2393.0,0.0,2012,0.0,98055,47.4517,-122.204,2439.0,5477.0,2014-08-11,400000.0
1048000060,3.0,2.25,1240.0,949.0,3.0,0.0,0.0,3,8,1240.0,0.0,2008,0.0,98103,47.6488,-122.334,1310.0,1140.0,2014-06-19,543000.0
3449500045,4.0,2.5,2980.0,12075.0,1.0,0.0,0.0,3,8,1910.0,1070.0,2007,0.0,98056,47.5074,-122.172,2240.0,12075.0,2014-10-13,495000.0
1438000200,4.0,3.5,2970.0,6587.0,2.0,0.0,0.0,3,8,2260.0,710.0,2014,0.0,98059,47.4776,-122.122,2970.0,5690.0,2014-09-11,549995.0
5424100030,3.0,2.5,2329.0,5720.0,2.0,0.0,0.0,3,8,2329.0,0.0,2010,0.0,98030,47.362,-122.2,2197.0,5720.0,2015-02-11,327555.0
7853270710,5.0,3.25,3340.0,9075.0,2.0,0.0,0.0,3,8,2600.0,740.0,2005,0.0,98065,47.5446,-121.88,2770.0,6646.0,2015-04-09,690000.0
9161100075,4.0,2.25,2580.0,2875.0,2.0,0.0,0.0,3,9,2580.0,0.0,2015,0.0,98116,47.5674,-122.392,1290.0,5750.0,2015-03-18,673000.0
1085622860,3.0,2.5,2029.0,3906.0,2.0,0.0,0.0,3,9,2029.0,0.0,2014,0.0,98003,47.341,-122.18,2029.0,3920.0,2014-07-21,384435.0
9578090240,4.0,2.75,3430.0,6500.0,2.0,0.0,0.0,3,9,3050.0,380.0,2006,0.0,98052,47.7079,-122.106,3070.0,6802.0,2014-08-15,780000.0
4083306045,5.0,3.75,3330.0,5042.0,2.0,,2.0,3,9,2470.0,860.0,2014,0.0,98103,47.6497,-122.339,1780.0,3990.0,2014-10-29,1380000.0
6666830320,5.0,3.5,3220.0,5081.0,2.0,0.0,0.0,3,8,3220.0,0.0,2013,0.0,98052,47.7048,-122.111,2970.0,5753.0,2015-03-24,950968.0
8562780160,2.0,2.25,1240.0,750.0,2.0,0.0,0.0,3,7,1150.0,90.0,2008,0.0,98027,47.5322,-122.073,1240.0,750.0,2015-03-29,334950.0
2767704603,3.0,3.5,1500.0,1249.0,2.0,0.0,0.0,3,8,1240.0,260.0,2004,0.0,98107,47.6727,-122.373,1440.0,1850.0,2014-06-09,489000.0
5631500292,3.0,3.0,3530.0,8345.0,2.0,0.0,0.0,3,10,3530.0,0.0,2006,0.0,98028,47.7338,-122.234,1940.0,9600.0,2015-04-20,600000.0
2424039036,3.0,2.25,1260.0,915.0,2.0,0.0,0.0,3,8,1020.0,240.0,2007,0.0,98106,47.555,-122.363,1260.0,1056.0,2014-08-22,282000.0
2867300030,4.0,4.0,4168.0,8485.0,2.0,0.0,0.0,3,10,3222.0,946.0,2007,0.0,98023,47.3029,-122.387,4362.0,8100.0,2014-08-01,442000.0
6661200260,2.0,1.5,1030.0,2850.0,2.0,0.0,0.0,3,7,1030.0,0.0,1995,0.0,98038,47.3845,-122.039,1030.0,3000.0,2015-05-12,220000.0
7238000240,3.0,2.5,3080.0,5598.0,2.0,0.0,0.0,3,8,3080.0,0.0,2006,0.0,98055,47.4372,-122.206,3080.0,5303.0,2015-02-18,489000.0
4051150070,3.0,1.5,1072.0,4339.0,2.0,0.0,0.0,3,7,1072.0,0.0,2009,0.0,98042,47.386,-122.162,1443.0,4341.0,2014-12-23,250000.0
1442880320,4.0,2.75,2790.0,5000.0,2.0,0.0,0.0,3,8,2790.0,0.0,2014,0.0,98045,47.4831,-121.773,2620.0,5527.0,2014-07-24,484259.0
3616600003,3.0,2.5,4090.0,16972.0,2.0,,2.0,3,11,3590.0,500.0,2007,0.0,98177,47.7258,-122.37,3740.0,16972.0,2015-03-02,1680000.0
3862710030,3.0,2.5,1800.0,4357.0,2.0,0.0,0.0,3,8,1800.0,0.0,2013,0.0,98065,47.5337,-121.841,1800.0,3663.0,2015-04-24,450000.0
9828201361,2.0,1.5,830.0,1276.0,2.0,0.0,0.0,3,7,830.0,0.0,2005,0.0,98122,47.6175,-122.297,1540.0,1484.0,2014-11-14,299000.0
4019500030,3.0,2.5,2280.0,4557.0,2.0,0.0,0.0,3,8,2280.0,0.0,2010,0.0,98028,47.7733,-122.266,2070.0,4610.0,2014-10-29,450000.0
3630240140,4.0,3.0,2110.0,1286.0,2.0,0.0,0.0,3,9,1710.0,400.0,2007,0.0,98029,47.5444,-122.014,2000.0,1286.0,2015-01-23,585000.0
5695000270,3.0,2.25,1570.0,1680.0,3.0,0.0,0.0,3,8,1570.0,0.0,2014,0.0,98103,47.6585,-122.348,1290.0,1870.0,2014-11-03,660000.0
2349300069,2.0,1.5,830.0,1333.0,2.0,0.0,0.0,3,7,830.0,0.0,2005,0.0,98136,47.5506,-122.381,1120.0,4822.0,2014-05-12,301500.0
6790830060,4.0,3.75,4120.0,8258.0,2.0,0.0,0.0,3,10,4120.0,0.0,2012,0.0,98075,47.5872,-122.055,3730.0,8332.0,2014-09-15,949950.0
3630200640,4.0,2.5,2540.0,5760.0,2.0,0.0,0.0,3,9,2540.0,0.0,2009,0.0,98029,47.5405,-121.993,2580.0,3600.0,2014-10-30,759990.0
7967000160,4.0,2.75,2050.0,4000.0,2.0,0.0,0.0,3,8,2050.0,0.0,2014,0.0,98001,47.3522,-122.275,2050.0,4000.0,2015-03-16,355000.0
9492500160,4.0,2.75,3080.0,7242.0,2.0,0.0,0.0,3,9,3080.0,0.0,2014,0.0,98033,47.6948,-122.178,3010.0,7205.0,2014-07-23,889950.0
9268851740,3.0,2.5,2390.0,1984.0,2.0,0.0,0.0,3,8,2220.0,170.0,2008,0.0,98027,47.5405,-122.027,2150.0,1984.0,2014-07-01,629800.0
3342100421,4.0,2.5,3170.0,5100.0,2.0,0.0,0.0,3,9,3170.0,0.0,2012,0.0,98056,47.5187,-122.208,1580.0,5100.0,2015-04-24,745000.0
6362900138,2.0,1.5,1240.0,1331.0,2.0,0.0,0.0,3,7,1050.0,190.0,2007,0.0,98144,47.5959,-122.298,1250.0,1431.0,2014-11-03,379900.0
9358001422,3.0,2.5,1090.0,1139.0,2.0,0.0,0.0,3,8,960.0,130.0,2009,0.0,98126,47.5664,-122.369,1400.0,1348.0,2014-11-14,335000.0
7853280350,5.0,4.5,4630.0,6324.0,2.0,0.0,0.0,3,9,3210.0,1420.0,2006,0.0,98065,47.5382,-121.86,4420.0,6790.0,2014-05-12,809000.0
7853361420,4.0,2.5,3230.0,5899.0,2.0,0.0,0.0,3,8,3230.0,0.0,2012,0.0,98065,47.515,-121.869,2720.0,5899.0,2014-08-26,569950.0
7852120030,4.0,3.5,3510.0,9263.0,2.0,0.0,0.0,3,10,3510.0,0.0,2001,0.0,98065,47.5413,-121.877,3690.0,10417.0,2014-08-08,723000.0
731500320,4.0,2.5,1785.0,2552.0,2.0,0.0,0.0,3,8,1785.0,0.0,2009,0.0,98030,47.3582,-122.2,1691.0,2700.0,2014-11-10,282000.0
6056100102,5.0,3.25,2360.0,3873.0,2.0,0.0,0.0,3,8,1990.0,370.0,2006,0.0,98108,47.5635,-122.299,1720.0,3071.0,2014-10-30,569900.0
1823049179,4.0,2.0,2340.0,9716.0,1.0,0.0,0.0,3,7,2340.0,0.0,2009,0.0,98146,47.4842,-122.347,1180.0,13500.0,2015-01-21,385000.0
9268850030,3.0,2.25,1620.0,1075.0,3.0,,0.0,3,8,1540.0,80.0,2009,0.0,98027,47.5405,-122.026,1620.0,1237.0,2014-07-07,420000.0
9831200159,3.0,3.25,3890.0,3452.0,2.0,0.0,0.0,3,12,2890.0,1000.0,2006,0.0,98102,47.626,-122.323,2860.0,2199.0,2014-08-06,2250000.0
8924100370,4.0,3.5,3590.0,5335.0,2.0,0.0,2.0,3,9,3140.0,450.0,2006,0.0,98115,47.6762,-122.267,2100.0,6250.0,2014-09-15,1210000.0
8669150700,4.0,3.0,1984.0,4460.0,2.0,0.0,0.0,3,7,1984.0,0.0,2012,0.0,98002,47.3532,-122.211,2095.0,3402.0,2014-12-08,292000.0
889000024,3.0,2.25,1640.0,1023.0,3.0,0.0,0.0,3,8,1640.0,0.0,2014,0.0,98105,47.6636,-122.319,1720.0,1960.0,2015-03-16,645000.0
9268850350,4.0,2.0,1350.0,942.0,3.0,0.0,0.0,3,7,1350.0,0.0,2008,0.0,98027,47.5394,-122.026,1390.0,942.0,2015-03-19,304500.0
2619950310,4.0,3.5,2730.0,5707.0,2.0,0.0,0.0,3,8,2000.0,730.0,2011,0.0,98019,47.7327,-121.965,2430.0,5899.0,2015-05-07,489500.0
7430200060,4.0,4.0,5610.0,11063.0,3.0,0.0,0.0,3,11,4750.0,860.0,2006,0.0,98074,47.65,-122.065,4560.0,11063.0,2015-04-24,1580000.0
5100400251,2.0,1.0,962.0,1992.0,2.0,0.0,0.0,3,7,962.0,0.0,2012,0.0,98115,47.6911,-122.313,1130.0,1992.0,2015-01-06,390000.0
2597490030,4.0,3.5,3040.0,4006.0,2.0,0.0,0.0,3,8,2350.0,690.0,2013,0.0,98029,47.5439,-122.011,2050.0,4000.0,2014-10-02,815000.0
3655500030,3.0,3.5,2540.0,10578.0,2.0,0.0,1.0,3,9,2010.0,530.0,2014,0.0,98006,47.547,-122.192,3240.0,9831.0,2015-04-03,719000.0
3751600784,4.0,2.5,2240.0,4800.0,2.0,,0.0,3,8,2240.0,0.0,2014,0.0,98001,47.2911,-122.266,2240.0,5040.0,2015-04-03,331210.0
6781200013,3.0,1.5,1260.0,1270.0,2.0,0.0,0.0,3,7,1040.0,220.0,2005,0.0,98133,47.7111,-122.331,1260.0,1472.0,2014-05-07,245000.0
2619950060,5.0,4.0,3210.0,7200.0,2.0,,0.0,3,8,2410.0,800.0,2011,0.0,98019,47.7329,-121.966,2750.0,7200.0,2014-09-09,465000.0
9523100731,3.0,2.5,1620.0,1171.0,3.0,0.0,4.0,3,8,1470.0,150.0,2008,0.0,98103,47.6681,-122.355,1620.0,1505.0,2014-09-30,580000.0
9272201318,3.0,2.0,1580.0,1972.0,2.5,0.0,2.0,3,8,1180.0,400.0,2007,0.0,98116,47.5903,-122.386,1500.0,1908.0,2015-04-14,540000.0
5676000004,3.0,2.5,1430.0,1250.0,3.0,0.0,0.0,3,7,1430.0,0.0,2007,0.0,98103,47.6904,-122.342,1360.0,1269.0,2014-11-18,399000.0
8091670070,4.0,2.5,1850.0,5388.0,2.0,0.0,0.0,3,8,1850.0,0.0,2009,0.0,98038,47.3494,-122.041,2140.0,5086.0,2014-08-04,328000.0
7853380570,4.0,2.5,3340.0,5314.0,2.0,0.0,0.0,3,10,3340.0,0.0,2010,0.0,98065,47.5167,-121.885,3220.0,5500.0,2015-05-11,701000.0
8091670200,3.0,2.75,2670.0,4800.0,2.0,,0.0,3,8,2670.0,0.0,2014,0.0,98038,47.3483,-122.042,2340.0,5000.0,2014-10-22,408000.0
8084900160,5.0,4.25,4660.0,16200.0,2.0,0.0,2.0,3,11,4660.0,0.0,2005,0.0,98004,47.6326,-122.216,3340.0,16200.0,2015-02-12,2640000.0
1498300875,3.0,2.5,1550.0,930.0,2.0,0.0,0.0,3,8,1060.0,490.0,2006,0.0,98144,47.5857,-122.314,1550.0,1301.0,2014-08-14,445000.0
7853270200,4.0,2.5,3470.0,6651.0,2.0,0.0,0.0,3,9,3470.0,0.0,2005,0.0,98065,47.5426,-121.879,2730.0,6179.0,2014-10-21,672500.0
9211010320,3.0,2.5,3010.0,7014.0,2.0,0.0,0.0,3,8,3010.0,0.0,2009,0.0,98059,47.4949,-122.149,3030.0,6180.0,2014-07-09,538000.0
2867300160,5.0,3.5,3931.0,9497.0,2.0,0.0,0.0,3,10,2650.0,1281.0,2014,0.0,98023,47.3008,-122.386,3510.0,9497.0,2014-09-04,450000.0
3278605570,3.0,2.5,1800.0,2700.0,2.0,0.0,0.0,3,8,1800.0,0.0,2011,0.0,98126,47.5458,-122.369,1380.0,1200.0,2014-06-19,362500.0
4310702858,3.0,2.5,1570.0,1551.0,3.0,0.0,0.0,3,8,1570.0,0.0,2008,0.0,98103,47.6961,-122.341,1570.0,1705.0,2014-10-15,414950.0
2838000030,3.0,2.5,2230.0,3939.0,2.0,0.0,0.0,3,8,2230.0,0.0,2014,0.0,98133,47.73,-122.335,2230.0,4200.0,2015-01-27,679950.0
1673000240,4.0,2.5,2423.0,7292.0,2.0,,0.0,3,8,2423.0,0.0,2005,0.0,98023,47.3227,-122.37,2495.0,7489.0,2014-11-12,290000.0
7899800791,3.0,2.0,1160.0,1174.0,2.0,0.0,0.0,3,7,790.0,370.0,2007,0.0,98106,47.5225,-122.357,1160.0,994.0,2014-10-23,230000.0
8682320160,2.0,2.0,1440.0,4666.0,1.0,0.0,0.0,3,8,1440.0,0.0,2010,0.0,98053,47.709,-122.019,1510.0,4595.0,2015-02-20,439950.0
8155870200,4.0,2.5,2052.0,3723.0,2.0,,0.0,3,8,2052.0,0.0,2014,0.0,98003,47.2824,-122.295,2052.0,5250.0,2014-05-22,349900.0
2858600083,5.0,2.5,2780.0,9272.0,2.0,0.0,0.0,3,8,2780.0,0.0,2014,0.0,98126,47.5168,-122.378,1150.0,8460.0,2014-12-22,550000.0
2391601195,4.0,4.25,3720.0,5750.0,2.0,0.0,2.0,3,9,2960.0,760.0,2006,0.0,98116,47.5632,-122.399,2550.0,5750.0,2015-04-30,1050000.0
976000903,2.0,2.25,1460.0,1851.0,2.0,,0.0,3,9,1180.0,280.0,2014,0.0,98119,47.6461,-122.362,1800.0,4269.0,2015-03-19,655000.0
7904700128,3.0,3.5,1370.0,1540.0,2.0,0.0,0.0,3,8,1100.0,270.0,2006,0.0,98116,47.5638,-122.388,1370.0,915.0,2014-11-10,385000.0
5609000311,6.0,4.5,3600.0,6110.0,2.0,0.0,0.0,3,9,2510.0,,2012,0.0,98118,47.5687,-122.291,1360.0,5800.0,2015-04-10,729999.0
1972201963,3.0,2.25,1420.0,1282.0,3.0,0.0,0.0,3,8,1420.0,0.0,2006,0.0,98103,47.6533,-122.346,1530.0,1280.0,2014-06-16,523950.0
9272201704,2.0,2.5,980.0,895.0,2.0,0.0,0.0,3,8,670.0,310.0,2009,0.0,98116,47.5874,-122.386,980.0,899.0,2014-05-12,369000.0
8648900060,3.0,2.5,1790.0,2700.0,2.0,0.0,0.0,3,8,1790.0,0.0,2010,0.0,98027,47.564,-122.093,1890.0,3078.0,2014-05-05,509900.0
3832050890,3.0,2.5,2010.0,5399.0,2.0,0.0,0.0,3,7,2010.0,0.0,2006,0.0,98042,47.3338,-122.052,2280.0,5141.0,2014-07-15,282000.0
255450340,3.0,2.5,2370.0,4200.0,2.0,0.0,0.0,3,8,2370.0,0.0,2014,0.0,98038,47.3696,-122.018,2370.0,4200.0,2014-08-27,387865.0
2172000890,4.0,2.5,2560.0,6238.0,2.0,0.0,0.0,3,8,2560.0,0.0,2007,0.0,98178,47.4899,-122.255,2560.0,6240.0,2014-11-20,385000.0
6127010320,3.0,2.5,1900.0,6224.0,2.0,0.0,0.0,3,7,1900.0,0.0,2005,0.0,98075,47.5941,-122.004,2260.0,5450.0,2014-06-09,536000.0
2810100023,2.0,2.25,1350.0,1493.0,2.0,,0.0,3,8,1050.0,300.0,2007,0.0,98136,47.5421,-122.388,1250.0,1202.0,2014-06-25,395000.0
8011100125,4.0,2.75,2650.0,6717.0,2.0,0.0,0.0,3,10,2650.0,0.0,2014,0.0,98056,47.4947,-122.171,2740.0,7923.0,2014-11-17,545000.0
7852090390,4.0,2.5,3020.0,7035.0,2.0,0.0,4.0,3,9,3020.0,0.0,2001,0.0,98065,47.5344,-121.874,3020.0,6771.0,2015-04-13,715000.0
3630080070,3.0,2.5,1500.0,2255.0,2.0,0.0,0.0,3,7,1500.0,0.0,2005,0.0,98029,47.5538,-121.997,1440.0,2040.0,2014-07-10,348000.0
9126100765,3.0,1.75,1320.0,1014.0,3.0,0.0,0.0,3,9,1320.0,0.0,2015,0.0,98122,47.6047,-122.305,1380.0,1495.0,2014-08-01,455000.0
7853380510,4.0,2.75,3120.0,7644.0,2.0,0.0,0.0,3,10,3120.0,0.0,2010,0.0,98065,47.5156,-121.884,2980.0,6050.0,2014-06-03,575000.0
993000136,3.0,2.25,1540.0,1270.0,3.0,0.0,0.0,3,7,1540.0,0.0,2014,0.0,98103,47.6935,-122.341,1230.0,1454.0,2014-10-07,449950.0
3278604510,3.0,2.5,1800.0,2790.0,2.0,0.0,0.0,3,8,1800.0,0.0,2011,0.0,98126,47.5455,-122.371,1580.0,2036.0,2014-06-25,364000.0
2937300060,4.0,2.5,3640.0,6389.0,2.0,0.0,0.0,3,9,3640.0,0.0,2014,0.0,98052,47.7049,-122.123,3570.0,6303.0,2014-12-01,932990.0
9510860060,3.0,2.5,2440.0,4153.0,2.0,0.0,0.0,3,9,2440.0,0.0,2003,0.0,98052,47.665,-122.087,2030.0,4143.0,2014-06-27,710000.0
293070310,4.0,4.0,3970.0,7314.0,2.0,0.0,0.0,3,9,3970.0,0.0,2014,0.0,98074,47.6173,-122.056,3560.0,5258.0,2015-02-13,949990.0
255450400,3.0,2.5,2060.0,4200.0,2.0,0.0,0.0,3,8,2060.0,0.0,2014,0.0,98038,47.3706,-122.017,2370.0,4200.0,2014-07-31,326989.0
3845100140,3.0,2.5,2538.0,4600.0,2.0,0.0,0.0,3,8,2538.0,0.0,2013,0.0,98092,47.2584,-122.196,2570.0,4800.0,2014-07-08,335606.0
3758900075,5.0,4.5,4270.0,8076.0,2.0,0.0,0.0,3,11,3400.0,870.0,2007,0.0,98033,47.699,-122.206,4100.0,10631.0,2014-05-07,1530000.0
3395071610,3.0,2.5,1320.0,3150.0,2.0,0.0,0.0,3,7,1320.0,0.0,2005,0.0,98118,47.5328,-122.282,1390.0,1725.0,2014-11-26,299950.0
9477580030,4.0,2.75,3340.0,5700.0,2.0,0.0,0.0,3,11,3340.0,0.0,2013,0.0,98059,47.5059,-122.146,3340.0,6940.0,2014-10-14,962000.0
8138870060,2.0,2.5,1590.0,1679.0,2.0,0.0,0.0,3,8,1590.0,0.0,2012,0.0,98029,47.5449,-122.011,1590.0,1680.0,2014-08-13,395825.0
7237450030,5.0,2.75,2710.0,4500.0,2.0,0.0,0.0,3,8,2710.0,0.0,2014,0.0,98038,47.3547,-122.062,2710.0,4626.0,2014-10-14,419354.0
3767300041,4.0,2.75,3140.0,7258.0,2.0,0.0,1.0,3,10,3140.0,0.0,2006,0.0,98034,47.7064,-122.232,2990.0,13600.0,2014-08-26,920000.0
291310370,3.0,2.25,1445.0,1028.0,2.0,0.0,0.0,3,7,1300.0,145.0,2005,0.0,98027,47.5339,-122.067,1445.0,1377.0,2014-08-29,366000.0
7853361230,4.0,2.5,2430.0,5000.0,2.0,0.0,0.0,3,7,2430.0,,2009,0.0,98065,47.515,-121.873,2430.0,5441.0,2014-05-16,480000.0
7904700126,3.0,3.25,1370.0,915.0,2.0,0.0,0.0,3,8,1100.0,270.0,2006,0.0,98116,47.5639,-122.388,1370.0,1146.0,2014-11-20,388000.0
8085400376,4.0,3.5,5050.0,9520.0,2.0,0.0,0.0,3,11,3610.0,1440.0,2007,0.0,98004,47.6364,-122.209,2430.0,9248.0,2015-04-21,2320000.0
9828702851,3.0,2.5,1860.0,1290.0,2.0,0.0,0.0,3,9,1240.0,620.0,2010,0.0,98122,47.6179,-122.301,1710.0,1525.0,2015-01-21,730000.0
8562710550,5.0,3.75,5330.0,6000.0,2.0,0.0,2.0,3,10,3570.0,1760.0,2006,0.0,98027,47.5401,-122.073,4420.0,5797.0,2014-05-21,950000.0
3278613210,3.0,3.25,1710.0,2171.0,2.0,0.0,0.0,3,7,1400.0,310.0,2014,0.0,98106,47.5434,-122.368,1380.0,1300.0,2014-07-28,358990.0
7694200340,4.0,2.5,2650.0,4120.0,2.0,0.0,0.0,3,8,2650.0,0.0,2014,0.0,98146,47.5019,-122.34,2030.0,3768.0,2014-10-16,398651.0
1839500055,4.0,2.5,2590.0,7891.0,2.0,0.0,0.0,3,9,2590.0,0.0,2006,0.0,98056,47.5055,-122.194,1400.0,7891.0,2014-11-14,530000.0
3448900320,4.0,2.5,2610.0,5562.0,2.0,0.0,0.0,3,9,2610.0,0.0,2013,0.0,98056,47.5137,-122.169,2720.0,7400.0,2014-07-23,610360.0
9267200226,3.0,2.5,1770.0,1235.0,3.0,0.0,0.0,3,8,1600.0,170.0,2007,0.0,98103,47.6965,-122.342,1680.0,1203.0,2014-05-02,436110.0
2895730070,4.0,2.75,3730.0,8014.0,2.0,,0.0,3,10,3730.0,0.0,2012,0.0,98074,47.6036,-122.059,3670.0,8279.0,2014-06-20,925000.0
2970800105,4.0,2.5,2420.0,5244.0,2.0,0.0,0.0,3,9,2420.0,0.0,2007,0.0,98166,47.4729,-122.35,1400.0,5250.0,2015-03-13,449950.0
325059277,4.0,2.5,3330.0,7399.0,2.0,0.0,0.0,3,9,3330.0,0.0,2009,0.0,98052,47.679,-122.153,2640.0,8601.0,2014-05-27,760000.0
6817750140,3.0,2.25,1910.0,3481.0,2.0,0.0,0.0,3,8,1910.0,0.0,2009,0.0,98055,47.4293,-122.188,1714.0,3177.0,2014-07-08,293000.0
8682320640,2.0,2.5,2170.0,7665.0,1.0,0.0,2.0,3,8,2170.0,0.0,2013,0.0,98053,47.7112,-122.019,2300.0,7100.0,2015-02-12,695000.0
8669180390,3.0,2.5,2437.0,5136.0,2.0,0.0,0.0,3,7,2437.0,0.0,2011,0.0,98002,47.3517,-122.21,2437.0,4614.0,2014-06-04,285000.0
4233600260,5.0,4.0,4180.0,12042.0,2.0,0.0,0.0,3,10,4180.0,0.0,2014,0.0,98075,47.5959,-122.014,1800.0,6052.0,2014-12-30,1260000.0
3278611600,3.0,2.5,1800.0,2791.0,2.0,0.0,0.0,3,8,1800.0,0.0,2011,0.0,98126,47.5442,-122.371,1580.0,2617.0,2014-07-14,379900.0
7787920160,5.0,2.5,2570.0,7412.0,2.0,0.0,0.0,3,8,2570.0,0.0,2006,0.0,98019,47.7265,-121.957,2890.0,8056.0,2015-04-27,472000.0
2517101200,4.0,2.5,2090.0,5195.0,2.0,0.0,0.0,3,7,2090.0,0.0,2007,0.0,98031,47.3986,-122.166,2090.0,5236.0,2014-07-07,300000.0
6181420200,4.0,2.5,2789.0,3960.0,2.0,0.0,0.0,3,7,2789.0,0.0,2007,0.0,98001,47.3059,-122.28,2547.0,3960.0,2014-11-20,272000.0
3845100550,4.0,2.5,2906.0,5893.0,2.0,0.0,0.0,3,9,2906.0,0.0,2014,0.0,98092,47.2599,-122.192,2680.0,4950.0,2014-11-20,418395.0
7853321180,5.0,2.5,2550.0,6405.0,2.0,0.0,0.0,3,7,2550.0,0.0,2008,0.0,98065,47.5191,-121.869,2190.0,5900.0,2014-12-22,465000.0
7502800030,4.0,2.75,3550.0,9400.0,2.0,,0.0,3,9,3550.0,0.0,2014,0.0,98059,47.4827,-122.131,3550.0,9421.0,2014-07-16,659950.0
3869900139,3.0,2.25,1590.0,926.0,3.0,0.0,0.0,3,8,1590.0,0.0,2014,0.0,98136,47.5402,-122.387,1640.0,1321.0,2015-01-07,484950.0
1332700200,3.0,2.25,1950.0,1968.0,2.0,0.0,0.0,4,7,1160.0,790.0,1979,0.0,98056,47.5179,-122.195,1950.0,1968.0,2015-04-26,359000.0
9211010260,4.0,2.5,3250.0,4500.0,2.0,,0.0,3,8,3250.0,0.0,2009,0.0,98059,47.4944,-122.149,3030.0,4518.0,2014-06-17,519000.0
4100500070,5.0,4.5,4590.0,14685.0,2.0,0.0,0.0,3,10,4590.0,0.0,2009,0.0,98033,47.664,-122.2,3030.0,9486.0,2014-05-27,1710000.0
7708210070,4.0,2.75,3070.0,7201.0,2.0,,0.0,3,9,3070.0,0.0,2006,0.0,98059,47.4897,-122.147,2880.0,8364.0,2014-06-17,535000.0
7853270520,4.0,3.25,3030.0,7644.0,2.0,0.0,0.0,3,8,2830.0,200.0,2006,0.0,98065,47.5457,-121.881,3400.0,6908.0,2015-04-09,622950.0
5126300060,3.0,2.5,2610.0,5845.0,2.0,0.0,0.0,3,8,2610.0,0.0,2005,0.0,98059,47.4821,-122.142,2810.0,5000.0,2014-08-11,515000.0
2517000260,4.0,3.5,3150.0,6202.0,2.0,0.0,0.0,3,7,3150.0,0.0,2005,0.0,98042,47.3993,-122.162,2950.0,5940.0,2014-05-22,330000.0
832700270,3.0,1.5,1240.0,983.0,3.0,0.0,0.0,3,8,1240.0,0.0,2009,0.0,98133,47.7235,-122.353,1240.0,1026.0,2015-02-13,318000.0
3022800260,3.0,2.5,1680.0,2801.0,2.0,0.0,0.0,3,7,1680.0,0.0,2011,0.0,98011,47.745,-122.181,1920.0,2723.0,2014-10-07,439000.0
254000241,3.0,2.5,2220.0,5279.0,2.0,0.0,0.0,3,8,2220.0,0.0,2006,0.0,98146,47.5132,-122.387,1610.0,5297.0,2015-03-24,540000.0
7237501370,4.0,3.25,4800.0,12727.0,2.0,0.0,0.0,3,10,4800.0,0.0,2011,0.0,98059,47.5311,-122.134,4750.0,13602.0,2014-07-17,1080000.0
662440030,4.0,2.5,3100.0,4699.0,2.0,0.0,0.0,3,9,3100.0,0.0,2010,0.0,98038,47.3785,-122.023,2450.0,5130.0,2015-03-26,435000.0
2524069078,4.0,4.0,7850.0,89651.0,2.0,0.0,0.0,3,12,7850.0,0.0,2006,0.0,98027,47.5406,-121.982,6210.0,95832.0,2015-01-22,2700000.0
8895800200,4.0,2.75,3590.0,5625.0,2.0,0.0,0.0,3,10,3590.0,0.0,2012,0.0,98052,47.6959,-122.133,3590.0,5625.0,2014-10-17,1100000.0
9268850160,4.0,2.0,1590.0,942.0,3.0,0.0,0.0,3,7,1590.0,0.0,2008,0.0,98027,47.54,-122.026,1390.0,942.0,2015-02-06,293467.0
7299600700,3.0,2.5,2242.0,4800.0,2.0,0.0,0.0,3,8,2242.0,0.0,2013,0.0,98092,47.2581,-122.2,2009.0,4800.0,2015-05-12,328000.0
291310340,3.0,3.5,2490.0,3582.0,2.0,0.0,0.0,3,8,1720.0,770.0,2005,0.0,98027,47.5338,-122.067,1445.0,1590.0,2014-07-08,550000.0
2768100510,3.0,2.0,1530.0,1442.0,3.0,0.0,0.0,3,9,1530.0,0.0,2015,0.0,98107,47.6692,-122.372,1620.0,1456.0,2015-04-02,649000.0
1776230060,4.0,2.5,2150.0,3143.0,2.0,0.0,0.0,3,7,2150.0,0.0,2010,0.0,98059,47.5048,-122.154,2640.0,3200.0,2014-07-08,435000.0
1772600510,3.0,2.5,2440.0,4800.0,2.0,0.0,0.0,3,10,2440.0,0.0,2014,0.0,98106,47.5595,-122.365,1180.0,5480.0,2014-06-20,625000.0
8024200677,3.0,1.5,1270.0,1483.0,3.0,0.0,0.0,3,8,1270.0,0.0,2007,0.0,98115,47.6987,-122.317,1270.0,1413.0,2015-04-29,415000.0
982850060,3.0,2.25,1450.0,4706.0,2.0,,0.0,3,7,1450.0,0.0,2009,0.0,98028,47.761,-122.232,1490.0,4667.0,2014-06-03,400000.0
7518506715,3.0,2.5,2690.0,4047.0,3.0,0.0,0.0,3,10,2690.0,0.0,2014,0.0,98117,47.6797,-122.385,2040.0,5000.0,2014-05-06,979000.0
7202280390,4.0,2.5,2755.0,4831.0,2.0,0.0,0.0,3,7,2755.0,0.0,2003,0.0,98053,47.685,-122.039,2510.0,4831.0,2015-02-20,625250.0
710600160,4.0,3.5,2650.0,3474.0,2.0,0.0,0.0,3,8,2230.0,420.0,2011,0.0,98027,47.5377,-122.046,2330.0,3474.0,2014-09-09,665000.0
952005525,3.0,3.25,2310.0,3075.0,2.0,0.0,0.0,3,8,1730.0,580.0,2005,0.0,98116,47.5644,-122.383,2310.0,3075.0,2014-06-27,589500.0
2487700274,2.0,3.0,1460.0,1452.0,2.0,0.0,0.0,3,8,1140.0,320.0,2007,0.0,98136,47.5224,-122.39,1460.0,1452.0,2015-03-09,437000.0
3449000060,3.0,1.0,1400.0,9000.0,1.0,0.0,0.0,5,7,1400.0,0.0,1959,0.0,98059,47.5022,-122.145,1440.0,8400.0,2014-10-01,320000.0
7830800473,3.0,2.5,2196.0,7475.0,2.0,0.0,0.0,3,8,2196.0,0.0,2006,0.0,98030,47.3803,-122.204,1860.0,6755.0,2015-01-14,333500.0
6056100370,3.0,2.25,2020.0,2750.0,2.0,0.0,0.0,3,8,1680.0,340.0,2008,0.0,98108,47.5633,-122.297,1720.0,1546.0,2014-11-24,430000.0
2126059295,5.0,4.5,4280.0,8465.0,2.0,,0.0,3,10,4280.0,0.0,2014,0.0,98034,47.7325,-122.165,2990.0,11067.0,2014-08-05,995500.0
1442880340,3.0,3.0,2340.0,5002.0,2.0,,0.0,3,8,2340.0,0.0,2013,0.0,98045,47.4831,-121.773,2790.0,5375.0,2014-06-03,427874.0
7694200070,4.0,2.5,2220.0,4228.0,2.0,0.0,0.0,3,8,2220.0,0.0,2014,0.0,98146,47.5014,-122.341,2220.0,4157.0,2014-05-21,334990.0
8562710640,4.0,4.0,4420.0,5940.0,2.0,0.0,0.0,3,10,3410.0,1010.0,2006,0.0,98027,47.5397,-122.072,4510.0,5797.0,2015-02-11,909500.0
3832050860,3.0,2.0,1580.0,4961.0,2.0,0.0,0.0,3,7,1580.0,0.0,2006,0.0,98042,47.3338,-122.053,2280.0,5000.0,2015-03-19,210000.0
2526059225,4.0,2.75,3550.0,6558.0,2.0,0.0,0.0,3,9,3550.0,0.0,2013,0.0,98052,47.7076,-122.115,3140.0,5617.0,2015-01-23,952990.0
1972200139,2.0,1.75,1510.0,851.0,3.0,0.0,0.0,3,8,1420.0,90.0,2013,0.0,98107,47.6536,-122.358,1300.0,1338.0,2015-02-18,622500.0
2768100186,3.0,3.5,1360.0,1419.0,2.0,0.0,0.0,3,8,1040.0,320.0,2007,0.0,98107,47.6697,-122.371,1560.0,1977.0,2014-06-18,515000.0
6791400070,3.0,2.5,2040.0,13590.0,2.0,0.0,0.0,3,8,2040.0,0.0,2009,0.0,98042,47.3122,-122.04,1850.0,12485.0,2015-01-26,350000.0
424049284,1.0,1.5,1120.0,912.0,3.0,0.0,0.0,3,7,1120.0,0.0,2011,0.0,98144,47.5924,-122.299,1380.0,3200.0,2014-10-16,310000.0
7853280550,4.0,3.5,4490.0,5099.0,2.0,0.0,0.0,3,9,3390.0,1100.0,2006,0.0,98065,47.5394,-121.861,4290.0,5537.0,2014-05-28,700000.0
7768800270,4.0,2.5,3560.0,6786.0,2.0,0.0,0.0,3,9,2930.0,630.0,2014,0.0,98075,47.5756,-122.071,3560.0,5886.0,2014-07-15,907687.0
8682320350,2.0,2.5,2150.0,5760.0,1.0,0.0,0.0,3,8,2150.0,0.0,2010,0.0,98053,47.7094,-122.018,1640.0,4680.0,2014-07-09,741500.0
1776460140,3.0,2.5,2130.0,5088.0,2.0,0.0,0.0,3,8,1840.0,290.0,2011,0.0,98019,47.7329,-121.976,2130.0,5762.0,2014-07-24,395000.0
5045700400,5.0,2.75,2990.0,6370.0,2.0,0.0,0.0,3,8,2990.0,0.0,2014,0.0,98059,47.4853,-122.154,2730.0,5740.0,2015-02-23,559950.0
3356402702,4.0,2.5,1847.0,8000.0,2.0,0.0,0.0,3,7,1847.0,0.0,2008,0.0,98001,47.2872,-122.257,1847.0,8000.0,2014-07-25,215000.0
2140950160,4.0,2.5,2610.0,7227.0,2.0,,0.0,3,9,2610.0,0.0,2011,0.0,98010,47.314,-122.023,2630.0,7421.0,2015-02-22,390000.0
2621069017,3.0,2.25,1670.0,107157.0,1.0,0.0,0.0,3,7,1670.0,0.0,2007,0.0,98022,47.2743,-122.009,3310.0,108900.0,2015-03-03,425000.0
1422069070,3.0,2.5,1860.0,415126.0,2.0,0.0,0.0,3,7,1860.0,0.0,2006,0.0,98038,47.3974,-122.005,2070.0,54014.0,2015-05-07,472000.0
2579500181,4.0,3.5,3440.0,9776.0,2.0,0.0,0.0,3,10,3440.0,0.0,2006,0.0,98040,47.5374,-122.216,2400.0,11000.0,2015-04-07,1330000.0
7852120140,4.0,3.5,3510.0,9364.0,2.0,0.0,0.0,3,10,3510.0,0.0,2001,0.0,98065,47.54,-121.876,3510.0,9161.0,2014-06-10,695000.0
9274200324,3.0,2.5,1740.0,1279.0,3.0,0.0,0.0,3,8,1740.0,0.0,2008,0.0,98116,47.589,-122.387,1740.0,1280.0,2015-01-20,545000.0
422000075,4.0,2.5,2240.0,5500.0,2.0,0.0,0.0,3,8,2240.0,0.0,2013,0.0,98056,47.496,-122.169,700.0,5500.0,2014-07-11,389950.0
263000253,3.0,2.25,1550.0,1485.0,3.0,0.0,0.0,3,8,1550.0,0.0,2011,0.0,98103,47.6989,-122.346,1550.0,1480.0,2015-03-30,380000.0
9268850140,4.0,2.0,1390.0,745.0,3.0,0.0,0.0,3,7,1390.0,0.0,2008,0.0,98027,47.5401,-122.026,1390.0,942.0,2014-11-17,288790.0
9306500200,3.0,3.0,2500.0,6000.0,2.0,,0.0,3,8,2500.0,0.0,2012,0.0,98058,47.4408,-122.161,2130.0,6000.0,2015-04-01,432500.0
8562770350,3.0,3.5,2710.0,3326.0,2.0,,0.0,3,8,1650.0,1060.0,2005,0.0,98027,47.5371,-122.073,2280.0,2738.0,2014-12-06,615000.0
2026049326,3.0,2.5,1720.0,3012.0,2.0,0.0,0.0,3,9,1720.0,0.0,2011,0.0,98133,47.7312,-122.334,1720.0,7658.0,2014-07-07,500000.0
9126101090,3.0,2.25,1760.0,1146.0,3.0,0.0,0.0,3,9,1760.0,0.0,2014,0.0,98122,47.6073,-122.304,1346.0,3472.0,2014-05-31,615000.0
2888000030,4.0,2.25,2270.0,8196.0,1.0,0.0,0.0,5,7,1150.0,1120.0,1963,0.0,98034,47.7214,-122.227,1920.0,10122.0,2014-09-26,500000.0
8032700075,3.0,3.5,1690.0,1765.0,2.0,0.0,0.0,3,8,1370.0,320.0,2006,0.0,98103,47.6536,-122.34,1690.0,1694.0,2014-10-15,622000.0
7853440140,5.0,3.5,4000.0,9234.0,2.0,0.0,0.0,3,9,4000.0,0.0,2015,0.0,98024,47.5265,-121.887,3690.0,6600.0,2015-04-09,802945.0
1245003330,4.0,2.5,2880.0,9003.0,2.0,0.0,0.0,3,10,2880.0,0.0,2008,0.0,98033,47.6844,-122.199,2640.0,8126.0,2014-07-31,1260000.0
1176001124,3.0,2.5,1480.0,1531.0,3.0,0.0,0.0,3,8,1480.0,0.0,2014,0.0,98107,47.669,-122.402,1530.0,1321.0,2015-02-24,598950.0
7853360990,3.0,2.5,1950.0,4949.0,2.0,0.0,0.0,3,7,1950.0,0.0,2009,0.0,98065,47.5155,-121.87,2200.0,5740.0,2015-01-02,430000.0
7853320030,4.0,2.75,2700.0,5150.0,2.0,0.0,0.0,3,9,2700.0,0.0,2009,0.0,98065,47.5209,-121.874,2700.0,5747.0,2014-11-24,515000.0
7576200012,2.0,3.0,2210.0,3917.0,2.0,,0.0,3,10,1500.0,710.0,2008,0.0,98122,47.6166,-122.291,1720.0,3933.0,2014-07-17,1260000.0
7207900030,4.0,3.5,2370.0,3692.0,2.5,0.0,0.0,3,8,2370.0,0.0,2013,0.0,98056,47.5044,-122.17,2520.0,5425.0,2014-06-09,400000.0
952006827,3.0,2.5,1310.0,1254.0,2.0,0.0,0.0,3,7,850.0,460.0,2007,0.0,98116,47.5622,-122.384,1310.0,1372.0,2015-04-22,390000.0
7853321090,3.0,2.5,2410.0,4293.0,2.0,0.0,0.0,3,7,2410.0,0.0,2007,0.0,98065,47.5196,-121.869,2190.0,5900.0,2014-10-01,450000.0
1042700060,5.0,1.5,3360.0,5402.0,2.0,0.0,0.0,3,9,3360.0,0.0,2014,0.0,98074,47.6067,-122.053,3360.0,5415.0,2014-05-16,804995.0
2597490140,4.0,3.25,3040.0,4155.0,2.0,0.0,0.0,3,8,2350.0,690.0,2013,0.0,98029,47.5429,-122.012,2680.0,4000.0,2015-03-26,825000.0
7852130800,4.0,2.25,2140.0,6355.0,2.0,0.0,0.0,3,7,2140.0,0.0,2002,0.0,98065,47.5367,-121.88,2480.0,5746.0,2014-05-13,435000.0
7625702967,3.0,2.5,1720.0,1715.0,2.0,0.0,0.0,3,7,1240.0,480.0,2004,0.0,98136,47.5481,-122.384,1610.0,1626.0,2014-06-09,398000.0
3845100640,4.0,2.5,2658.0,3960.0,2.0,0.0,0.0,3,9,2658.0,0.0,2014,0.0,98092,47.2603,-122.194,2578.0,4200.0,2014-06-05,411605.0
1773100922,3.0,3.25,1480.0,983.0,2.0,0.0,0.0,3,8,1180.0,300.0,2013,0.0,98106,47.5555,-122.363,1330.0,1062.0,2014-12-08,315000.0
2770602493,2.0,2.0,1350.0,1209.0,3.0,0.0,0.0,3,8,1350.0,0.0,2013,0.0,98199,47.649,-122.383,1310.0,982.0,2014-11-20,455000.0
475000187,3.0,2.5,1150.0,1194.0,2.0,0.0,0.0,3,8,1020.0,130.0,2006,0.0,98107,47.6684,-122.365,1450.0,1714.0,2015-05-01,452950.0
6056100383,3.0,1.75,1690.0,1468.0,2.0,0.0,0.0,3,8,1380.0,310.0,2008,0.0,98108,47.563,-122.297,1690.0,1936.0,2014-05-20,380000.0
6056111370,2.0,1.75,1270.0,1916.0,2.0,0.0,0.0,3,8,1270.0,0.0,2012,0.0,98108,47.5648,-122.294,1140.0,1916.0,2014-11-24,340000.0
9578500510,3.0,2.5,2655.0,5080.0,2.0,0.0,0.0,3,8,2655.0,0.0,2013,0.0,98023,47.2972,-122.348,2879.0,5232.0,2014-11-03,409950.0
9828701488,2.0,1.0,880.0,1165.0,2.0,0.0,0.0,3,8,880.0,0.0,2005,0.0,98122,47.6192,-122.297,1640.0,3825.0,2015-05-04,360000.0
6600000217,4.0,4.25,4645.0,7757.0,2.0,0.0,0.0,3,10,3855.0,790.0,2006,0.0,98112,47.6248,-122.29,2150.0,6970.0,2015-04-03,1600000.0
8024200685,3.0,1.5,1270.0,1443.0,3.0,0.0,0.0,3,8,1270.0,0.0,2007,0.0,98115,47.699,-122.317,1270.0,1413.0,2014-05-20,440000.0
2923039264,2.0,1.75,1728.0,95950.0,1.0,0.0,3.0,3,9,1728.0,0.0,2012,0.0,98070,47.4579,-122.443,1720.0,35735.0,2014-09-10,730000.0
8073900070,3.0,2.25,1950.0,7221.0,1.0,0.0,0.0,4,8,1950.0,0.0,2006,0.0,98188,47.431,-122.285,2310.0,8125.0,2014-05-22,408000.0
2419700030,4.0,2.5,3170.0,3862.0,3.0,0.0,0.0,3,8,3170.0,0.0,2008,0.0,98034,47.6705,-122.145,2840.0,4181.0,2014-08-25,820000.0
9396700024,2.0,2.5,1233.0,1244.0,2.0,0.0,0.0,3,7,963.0,270.0,2007,0.0,98136,47.5533,-122.381,1230.0,1300.0,2014-07-31,360000.0
3845100160,3.0,2.5,2570.0,4600.0,2.0,0.0,0.0,3,8,2570.0,,2014,0.0,98092,47.2582,-122.196,2570.0,5000.0,2014-06-20,339990.0
9126100814,3.0,2.0,1560.0,1020.0,3.0,0.0,0.0,3,8,1560.0,0.0,2014,0.0,98122,47.605,-122.304,1560.0,1728.0,2014-10-08,515000.0
1982201595,3.0,1.75,1630.0,1166.0,2.0,0.0,0.0,3,8,1020.0,610.0,2013,0.0,98107,47.6646,-122.367,1420.0,1670.0,2015-01-21,541000.0
8151600973,4.0,2.5,2510.0,7245.0,2.0,0.0,0.0,3,9,2510.0,0.0,2007,0.0,98146,47.5096,-122.363,1830.0,8900.0,2015-04-06,375000.0
2722059322,4.0,2.5,2223.0,5780.0,2.0,0.0,0.0,3,8,2223.0,0.0,2010,0.0,98042,47.3586,-122.157,1690.0,7766.0,2014-10-20,320000.0
8562780090,2.0,2.25,1230.0,1058.0,2.0,0.0,0.0,3,7,1160.0,70.0,2008,0.0,98027,47.5325,-122.073,1240.0,817.0,2015-02-27,325000.0
3346300356,5.0,2.75,3050.0,7520.0,2.0,0.0,0.0,3,8,3050.0,0.0,2014,0.0,98056,47.5245,-122.184,2180.0,10800.0,2015-03-18,740000.0
7237450600,5.0,2.75,2710.0,6220.0,2.0,0.0,0.0,3,8,2710.0,0.0,2014,0.0,98038,47.3555,-122.061,2530.0,4759.0,2014-10-30,450000.0
8944550100,4.0,2.5,2090.0,4400.0,2.0,0.0,0.0,3,8,2090.0,0.0,2011,0.0,98118,47.5403,-122.286,2090.0,3430.0,2014-07-23,455000.0
3438502437,3.0,2.5,1440.0,1068.0,2.0,0.0,0.0,3,8,1160.0,280.0,2006,0.0,98106,47.5393,-122.361,1580.0,1483.0,2015-02-03,292500.0
2423069039,3.0,2.5,2500.0,51836.0,1.0,0.0,0.0,3,9,1510.0,,2013,0.0,98027,47.4694,-121.989,2270.0,54450.0,2014-08-06,650000.0
8011100047,4.0,2.75,2740.0,7872.0,2.0,0.0,0.0,3,10,2740.0,0.0,2015,0.0,98056,47.4954,-122.172,1220.0,6300.0,2015-03-06,530000.0
1042700300,5.0,3.25,3360.0,6120.0,2.0,0.0,0.0,3,9,3360.0,0.0,2014,0.0,98074,47.607,-122.053,3230.0,5398.0,2014-08-04,829995.0
1776460110,4.0,2.75,2280.0,5013.0,2.0,0.0,0.0,3,8,2280.0,0.0,2009,0.0,98019,47.7333,-121.976,2130.0,5121.0,2014-12-23,395000.0
293070090,4.0,2.75,3520.0,5500.0,2.0,0.0,0.0,3,9,3520.0,0.0,2014,0.0,98074,47.6181,-122.056,3340.0,5500.0,2014-07-11,859990.0
7548301044,2.0,1.5,1320.0,826.0,2.0,0.0,0.0,3,8,1100.0,220.0,2008,0.0,98144,47.5879,-122.304,1340.0,1213.0,2014-07-10,342500.0
7203160090,4.0,2.75,3410.0,5838.0,2.0,,0.0,3,9,3410.0,0.0,2012,0.0,98053,47.6931,-122.022,3420.0,7048.0,2014-12-05,743000.0
8096800110,3.0,2.25,2730.0,9388.0,1.0,,0.0,3,7,1390.0,1340.0,1975,0.0,98030,47.3785,-122.185,2255.0,5701.0,2014-12-15,345000.0
3278600900,3.0,2.5,1780.0,2778.0,2.0,0.0,0.0,3,8,1530.0,250.0,2007,0.0,98126,47.5487,-122.372,1380.0,1998.0,2014-12-31,443000.0
4051150100,3.0,2.5,1427.0,4337.0,2.0,0.0,0.0,3,7,1427.0,0.0,2009,0.0,98042,47.3857,-122.162,1443.0,4347.0,2014-09-29,260000.0
925059311,4.0,2.5,2910.0,6555.0,2.0,0.0,0.0,3,9,2910.0,0.0,2005,0.0,98033,47.6659,-122.172,2910.0,10419.0,2014-07-22,810000.0
4305600100,4.0,2.75,3250.0,5600.0,2.0,0.0,0.0,3,8,3250.0,0.0,2011,0.0,98059,47.4806,-122.125,2730.0,5667.0,2014-12-22,570000.0
2311400195,5.0,3.5,3630.0,8100.0,2.0,0.0,0.0,3,10,3630.0,0.0,2008,0.0,98004,47.5951,-122.2,1730.0,8246.0,2015-03-03,1560000.0
1732800194,2.0,2.5,1680.0,975.0,3.0,0.0,0.0,3,9,1680.0,,2009,0.0,98119,47.6321,-122.361,1680.0,977.0,2014-11-13,840000.0
5015001452,3.0,2.5,2280.0,2296.0,3.0,0.0,0.0,3,9,1890.0,390.0,2013,0.0,98112,47.6256,-122.299,1390.0,4000.0,2015-04-14,950000.0
7853430690,3.0,2.5,3310.0,4682.0,2.0,0.0,0.0,3,9,2380.0,930.0,2015,0.0,98065,47.5201,-121.885,2660.0,5166.0,2015-01-27,572800.0
3821700038,3.0,3.0,1290.0,1112.0,3.0,0.0,0.0,3,7,1290.0,0.0,2008,0.0,98125,47.7282,-122.296,1230.0,9000.0,2014-10-01,305000.0
5078400215,5.0,4.75,3940.0,7067.0,2.0,0.0,0.0,3,10,3230.0,710.0,2008,0.0,98004,47.6232,-122.205,1910.0,7735.0,2014-07-30,1700000.0
1773100315,4.0,2.5,2170.0,6000.0,2.0,0.0,0.0,3,7,1630.0,540.0,2008,0.0,98106,47.5589,-122.365,1720.0,5668.0,2014-08-27,445000.0
2224069165,4.0,3.5,3290.0,8059.0,2.0,0.0,0.0,3,9,3290.0,0.0,2012,0.0,98029,47.5573,-122.02,3290.0,10758.0,2014-09-02,801000.0
9510861140,3.0,2.5,2550.0,5376.0,2.0,0.0,0.0,3,9,2550.0,0.0,2004,0.0,98052,47.6647,-122.083,2250.0,4050.0,2014-07-14,711000.0
3277801431,3.0,2.25,1140.0,977.0,2.0,0.0,0.0,3,7,850.0,290.0,2008,0.0,98126,47.5439,-122.375,1140.0,976.0,2014-08-27,268500.0
1760650750,4.0,2.5,2300.0,3825.0,2.0,0.0,0.0,3,7,2300.0,0.0,2012,0.0,98042,47.3594,-122.082,2110.0,3825.0,2014-10-06,320000.0
1607100038,4.0,3.25,2670.0,5001.0,1.0,0.0,0.0,3,9,1640.0,1030.0,2013,0.0,98108,47.5666,-122.293,1610.0,5001.0,2014-09-21,500000.0
1862400176,4.0,2.5,2440.0,6651.0,2.0,0.0,0.0,3,9,2440.0,0.0,2014,0.0,98117,47.6971,-122.371,1350.0,7653.0,2014-05-05,631625.0
5457801833,2.0,2.5,1611.0,2210.0,2.0,,2.0,3,10,1611.0,0.0,2005,0.0,98109,47.6291,-122.347,2070.0,2182.0,2015-01-27,850000.0
8562770110,3.0,3.5,2710.0,3290.0,2.0,0.0,0.0,3,8,1650.0,1060.0,2006,0.0,98027,47.5367,-122.072,2440.0,3290.0,2014-10-27,600000.0
2623039019,3.0,2.75,2015.0,16807.0,2.0,1.0,4.0,3,9,2015.0,,2007,0.0,98166,47.45,-122.377,1780.0,12310.0,2014-05-08,988500.0
9578500690,4.0,3.25,3444.0,5166.0,2.0,0.0,0.0,3,8,2714.0,730.0,2014,0.0,98023,47.2966,-122.348,2848.0,5182.0,2015-03-27,430236.0
711000110,3.0,2.5,3060.0,9576.0,2.0,0.0,0.0,3,10,3060.0,0.0,2005,0.0,98004,47.5928,-122.199,3060.0,9579.0,2014-09-15,1270000.0
2597490750,4.0,2.5,2050.0,2772.0,2.0,0.0,0.0,3,8,2050.0,0.0,2013,0.0,98029,47.5431,-122.011,1800.0,2886.0,2015-04-28,689500.0
6056100165,3.0,1.5,1390.0,1882.0,2.0,,0.0,3,7,1390.0,0.0,2014,0.0,98108,47.5667,-122.297,1490.0,2175.0,2014-12-01,175003.0
2767603824,2.0,2.5,1240.0,1249.0,3.0,0.0,0.0,3,8,1240.0,0.0,2006,0.0,98107,47.6718,-122.386,1240.0,2500.0,2014-09-15,459000.0
7237550110,4.0,3.25,3750.0,74052.0,2.0,0.0,0.0,3,10,3750.0,0.0,2013,0.0,98053,47.658,-122.006,4920.0,74052.0,2015-04-24,1180000.0
2325300037,3.0,3.25,1410.0,1442.0,3.0,0.0,0.0,3,8,1360.0,50.0,2006,0.0,98125,47.7183,-122.317,1500.0,1200.0,2014-09-02,358000.0
1085623710,4.0,2.5,2448.0,4949.0,2.0,0.0,0.0,3,9,2448.0,0.0,2014,0.0,98030,47.3428,-122.179,2815.0,5446.0,2014-07-14,447055.0
774100475,3.0,2.75,2600.0,64626.0,1.5,0.0,0.0,3,8,2600.0,0.0,2009,0.0,98014,47.7185,-121.405,1740.0,64626.0,2014-06-27,415000.0
1489300215,4.0,3.25,3330.0,9000.0,2.0,0.0,0.0,3,9,2870.0,460.0,2004,0.0,98033,47.6836,-122.208,2550.0,6349.0,2014-10-13,1210000.0
9828702902,2.0,2.25,1160.0,1010.0,2.0,0.0,0.0,3,8,1000.0,160.0,2006,0.0,98112,47.6207,-122.301,1200.0,1170.0,2014-10-21,495000.0
6371000100,2.0,2.25,1330.0,1380.0,2.0,0.0,0.0,3,8,1060.0,270.0,2005,0.0,98116,47.577,-122.41,1580.0,4802.0,2014-11-20,479000.0
2025069140,3.0,2.5,2830.0,4334.0,3.0,1.0,4.0,3,10,2830.0,0.0,2006,0.0,98074,47.6318,-122.071,2830.0,38211.0,2015-03-17,1900000.0
2781280300,3.0,2.5,1610.0,3517.0,2.0,0.0,0.0,3,8,1610.0,0.0,2005,0.0,98055,47.4496,-122.189,1830.0,2889.0,2014-10-16,249900.0
9551201240,4.0,2.5,2800.0,4000.0,2.0,0.0,0.0,3,9,2800.0,0.0,2011,0.0,98103,47.6695,-122.339,1770.0,4200.0,2014-10-30,1470000.0
2726059144,5.0,3.75,4570.0,10194.0,2.0,0.0,0.0,3,11,4570.0,0.0,2006,0.0,98034,47.718,-122.161,2040.0,7560.0,2015-04-10,1040000.0
5363200100,4.0,2.5,2820.0,6120.0,2.0,,0.0,3,9,2820.0,0.0,2014,0.0,98115,47.6911,-122.293,1510.0,6120.0,2014-10-20,897000.0
1725059330,4.0,2.5,2570.0,9470.0,2.0,0.0,0.0,3,9,2570.0,0.0,2006,0.0,98033,47.6548,-122.19,2570.0,10663.0,2015-03-27,1100000.0
7234601140,3.0,2.25,1710.0,1193.0,2.0,0.0,0.0,3,9,1140.0,570.0,2014,0.0,98122,47.6173,-122.31,1510.0,1193.0,2014-11-13,685000.0
3057000300,3.0,1.5,1220.0,3286.0,2.0,,0.0,3,7,1220.0,0.0,1982,0.0,98033,47.7168,-122.189,1220.0,2640.0,2014-09-30,295000.0
1972200553,3.0,2.25,1650.0,946.0,3.0,0.0,0.0,3,8,1650.0,0.0,2014,0.0,98103,47.6536,-122.354,1570.0,1283.0,2014-08-04,619000.0
6371000148,2.0,1.5,1130.0,1340.0,2.0,0.0,0.0,3,8,910.0,220.0,2008,0.0,98116,47.5761,-122.41,1310.0,1340.0,2014-11-25,439108.0
301400850,3.0,2.25,1489.0,2800.0,2.0,0.0,0.0,3,7,1489.0,0.0,2011,0.0,98002,47.3452,-122.215,1584.0,3200.0,2015-02-20,260000.0
1123049232,5.0,2.5,2690.0,5557.0,2.0,0.0,0.0,3,7,2690.0,0.0,2012,0.0,98178,47.4914,-122.253,2090.0,10500.0,2014-06-06,279000.0
3654200037,3.0,2.25,1530.0,1305.0,2.0,0.0,0.0,3,7,1116.0,414.0,2007,0.0,98177,47.7034,-122.357,1320.0,1427.0,2015-03-30,380000.0
7299601790,3.0,2.5,1600.0,6315.0,2.0,0.0,0.0,3,8,1600.0,0.0,2013,0.0,98092,47.2611,-122.198,1608.0,4300.0,2014-11-07,287000.0
2771101921,2.0,1.5,1000.0,1251.0,2.0,,0.0,3,7,930.0,70.0,2006,0.0,98199,47.6529,-122.384,1420.0,1187.0,2014-12-11,377000.0
3566800485,4.0,3.5,2440.0,3012.0,3.0,0.0,1.0,3,8,2440.0,0.0,2005,0.0,98117,47.6923,-122.392,1860.0,4650.0,2015-02-23,649950.0
2767601311,3.0,2.5,1260.0,1102.0,3.0,,0.0,3,8,1260.0,0.0,2007,0.0,98107,47.675,-122.387,1320.0,2500.0,2014-10-24,445000.0
9137101696,3.0,2.5,1660.0,1692.0,3.0,0.0,0.0,3,7,1610.0,50.0,2005,0.0,98115,47.6801,-122.322,1210.0,1230.0,2015-05-04,605000.0
9528104345,3.0,2.25,1190.0,1137.0,2.0,0.0,0.0,3,7,960.0,230.0,1999,0.0,98115,47.677,-122.325,1190.0,1080.0,2014-09-23,475000.0
3753000100,3.0,3.0,1520.0,1884.0,3.0,0.0,0.0,3,8,1520.0,0.0,2009,0.0,98125,47.7176,-122.284,1360.0,1939.0,2014-08-28,399000.0
6798100690,5.0,2.75,3250.0,8100.0,2.0,0.0,0.0,3,8,3250.0,0.0,2014,0.0,98125,47.7133,-122.311,1270.0,8100.0,2015-04-20,718000.0
148000475,4.0,3.25,4700.0,9160.0,1.0,0.0,0.0,3,11,2520.0,2180.0,2005,0.0,98116,47.5744,-122.406,2240.0,8700.0,2014-05-28,1400000.0
3277801417,3.0,2.5,1480.0,1663.0,2.0,,0.0,3,9,1180.0,300.0,2012,0.0,98126,47.5443,-122.375,1380.0,1537.0,2014-05-16,341000.0
8682320090,2.0,2.5,2380.0,9374.0,1.0,0.0,2.0,3,8,2380.0,0.0,2011,0.0,98053,47.7095,-122.019,1610.0,5000.0,2014-05-19,818000.0
9828701507,3.0,2.25,1640.0,1873.0,3.0,0.0,0.0,3,8,1640.0,0.0,2014,0.0,98112,47.6196,-122.297,1640.0,3920.0,2014-12-02,759000.0
3362400432,3.0,3.5,1650.0,2262.0,3.0,0.0,0.0,3,8,1650.0,0.0,2010,0.0,98103,47.6823,-122.347,1620.0,3166.0,2014-06-11,547500.0
856000195,5.0,4.75,5305.0,8401.0,2.0,0.0,2.0,3,11,3745.0,1560.0,2005,0.0,98033,47.6864,-122.215,2960.0,7200.0,2014-05-21,2700000.0
9396700028,2.0,2.5,1278.0,987.0,2.0,0.0,0.0,3,7,1002.0,276.0,2007,0.0,98136,47.5532,-122.381,1220.0,1287.0,2014-07-22,358000.0
8850000018,3.0,2.5,1200.0,813.0,3.0,0.0,0.0,3,9,1200.0,0.0,2010,0.0,98144,47.5894,-122.315,1750.0,4365.0,2014-10-01,412000.0
9524100207,2.0,1.5,690.0,1058.0,2.0,0.0,0.0,3,7,690.0,0.0,2005,0.0,98103,47.6951,-122.343,690.0,1058.0,2015-01-30,245000.0
1085623350,4.0,2.5,3202.0,4964.0,2.0,0.0,0.0,3,9,3202.0,0.0,2014,0.0,98030,47.3412,-122.179,2425.0,4886.0,2014-10-07,460940.0
7663700973,3.0,2.25,1347.0,1292.0,3.0,0.0,0.0,3,7,1347.0,0.0,2010,0.0,98125,47.7306,-122.291,1480.0,1865.0,2014-05-22,321000.0
7853420100,4.0,3.5,2960.0,6000.0,2.0,0.0,0.0,3,9,2960.0,0.0,2014,0.0,98065,47.5183,-121.886,2960.0,6000.0,2014-06-23,633634.0
1025039168,1.0,0.75,740.0,1284.0,1.0,0.0,0.0,4,6,740.0,0.0,1928,0.0,98107,47.6741,-122.406,1430.0,3988.0,2014-09-23,290000.0
476000110,2.0,2.25,1200.0,1137.0,3.0,0.0,0.0,3,7,1200.0,0.0,2007,0.0,98107,47.6715,-122.392,1280.0,1295.0,2015-04-01,445000.0
2254100090,5.0,3.5,4320.0,7502.0,2.0,0.0,0.0,3,9,3500.0,820.0,2012,0.0,98056,47.5235,-122.168,3250.0,7538.0,2015-04-07,887250.0
8682320600,3.0,2.5,2310.0,7348.0,1.0,,3.0,3,8,2310.0,0.0,2010,0.0,98053,47.7116,-122.019,2310.0,7153.0,2014-09-11,739000.0
9834201366,3.0,2.0,1490.0,1286.0,3.0,0.0,0.0,3,8,1490.0,0.0,2014,0.0,98144,47.57,-122.288,1420.0,1230.0,2014-12-16,429900.0
7625702451,3.0,2.0,1480.0,800.0,2.0,0.0,0.0,3,8,1000.0,480.0,2014,0.0,98136,47.5492,-122.387,1480.0,886.0,2015-01-06,459000.0
301402120,3.0,2.25,1481.0,2820.0,2.0,0.0,0.0,3,7,1481.0,0.0,2012,0.0,98002,47.3457,-122.217,1481.0,3028.0,2014-06-25,240000.0
6382500076,3.0,3.0,1730.0,1902.0,3.0,0.0,0.0,3,8,1730.0,0.0,2014,0.0,98117,47.6944,-122.377,1830.0,1804.0,2014-09-10,566950.0
3758900259,4.0,3.5,3900.0,8391.0,2.0,0.0,0.0,3,10,3900.0,0.0,2006,0.0,98033,47.6979,-122.205,3820.0,12268.0,2014-05-07,1040000.0
3126049446,3.0,3.5,1130.0,1449.0,3.0,0.0,0.0,3,7,1130.0,0.0,2005,0.0,98103,47.6968,-122.348,1130.0,1200.0,2015-03-10,343000.0
3744000100,4.0,3.25,3230.0,4838.0,2.0,0.0,0.0,3,9,3230.0,0.0,2014,0.0,98038,47.3559,-122.023,2980.0,5094.0,2014-11-11,572115.0
9510860750,5.0,3.5,3920.0,5150.0,2.0,,0.0,3,9,2820.0,1100.0,2004,0.0,98052,47.6638,-122.084,3170.0,5530.0,2015-01-08,918000.0
7228500037,2.0,1.5,1190.0,1361.0,2.0,0.0,0.0,3,8,1190.0,0.0,2007,0.0,98122,47.6161,-122.302,1280.0,3360.0,2015-05-05,555000.0
3814900750,4.0,2.5,2311.0,4396.0,2.0,0.0,0.0,3,9,2311.0,0.0,2014,0.0,98092,47.3276,-122.163,2458.0,4616.0,2014-07-16,399440.0
1294300038,3.0,2.5,1810.0,914.0,3.0,0.0,0.0,3,8,1380.0,430.0,2008,0.0,98116,47.5732,-122.387,1810.0,914.0,2014-07-11,450000.0
7853350090,4.0,2.5,3290.0,6203.0,2.0,0.0,0.0,3,9,3290.0,,2008,0.0,98065,47.5441,-121.86,2990.0,6835.0,2014-06-04,648000.0
9211010900,4.0,2.5,3250.0,5000.0,2.0,,0.0,3,8,3250.0,0.0,2008,0.0,98059,47.4988,-122.148,3230.0,5507.0,2014-06-18,580000.0
1085623250,4.0,2.5,2544.0,4071.0,2.0,0.0,0.0,3,9,2544.0,0.0,2013,0.0,98030,47.341,-122.179,2358.0,4179.0,2015-03-31,415000.0
2025049192,3.0,2.5,1380.0,1389.0,3.0,0.0,0.0,3,8,1380.0,0.0,2008,0.0,98102,47.6427,-122.327,1380.0,1249.0,2014-10-21,527500.0
7625703354,3.0,2.25,1430.0,800.0,2.0,0.0,0.0,3,8,1140.0,290.0,2011,0.0,98136,47.5477,-122.388,1430.0,1387.0,2014-07-30,384000.0
2051200436,3.0,2.5,3490.0,28213.0,1.5,0.0,2.0,3,9,2242.0,1248.0,2009,0.0,98070,47.365,-122.456,2120.0,56628.0,2014-08-20,692000.0
3880900236,2.0,1.5,910.0,966.0,2.0,0.0,0.0,3,8,820.0,90.0,2006,0.0,98119,47.627,-122.361,2740.0,6400.0,2014-08-22,455000.0
1646502355,4.0,3.25,3080.0,4120.0,2.0,0.0,0.0,3,9,2380.0,700.0,2014,0.0,98117,47.6845,-122.359,1410.0,4120.0,2015-04-03,1280000.0
2619950110,3.0,2.5,2280.0,6031.0,2.0,0.0,0.0,3,8,2280.0,0.0,2011,0.0,98019,47.7322,-121.966,2430.0,7200.0,2014-06-24,415000.0
1964700054,3.0,2.5,1660.0,1344.0,3.0,,0.0,3,8,1660.0,0.0,2008,0.0,98102,47.644,-122.327,1750.0,2040.0,2014-12-22,975000.0
1926059039,4.0,2.5,3320.0,7429.0,2.0,0.0,0.0,3,9,3320.0,0.0,2014,0.0,98034,47.7189,-122.225,1840.0,7429.0,2014-10-06,799950.0
3438500037,5.0,4.0,1680.0,7268.0,1.0,0.0,0.0,3,8,1370.0,310.0,2008,0.0,98106,47.5571,-122.356,2040.0,8259.0,2015-04-05,545000.0
9578501110,4.0,3.5,2584.0,5005.0,2.0,,0.0,3,8,2584.0,0.0,2014,0.0,98023,47.296,-122.35,2767.0,5201.0,2014-10-03,429900.0
8856004786,3.0,2.5,2217.0,8019.0,2.0,0.0,0.0,3,7,2217.0,0.0,2009,0.0,98001,47.2776,-122.251,1470.0,8037.0,2014-07-29,275000.0
7708200600,3.0,2.5,2480.0,4136.0,2.0,0.0,0.0,3,8,2480.0,0.0,2009,0.0,98059,47.493,-122.147,2510.0,4314.0,2014-07-18,498000.0
9492500090,3.0,2.5,2610.0,7256.0,2.0,0.0,0.0,3,9,2610.0,0.0,2014,0.0,98033,47.695,-122.18,2610.0,7206.0,2014-05-27,754950.0
8691440100,4.0,3.0,3240.0,5562.0,2.0,0.0,0.0,3,10,3240.0,0.0,2013,0.0,98075,47.5919,-121.975,3380.0,5562.0,2014-06-06,895000.0
7222000090,4.0,3.25,3569.0,8327.0,2.0,0.0,0.0,3,10,3569.0,0.0,2013,0.0,98055,47.4595,-122.208,2550.0,5251.0,2014-05-06,580000.0
3321049112,4.0,2.5,3181.0,5831.0,2.0,0.0,0.0,3,8,3181.0,0.0,2014,0.0,98003,47.2716,-122.297,2056.0,24393.0,2015-02-22,379900.0
2911000100,4.0,2.5,1921.0,4888.0,2.0,,0.0,3,7,1921.0,0.0,2009,0.0,98001,47.2689,-122.24,1921.0,9140.0,2015-03-10,245000.0
3862710090,3.0,2.5,1570.0,4926.0,2.0,,0.0,3,8,1570.0,0.0,2014,0.0,98065,47.5342,-121.842,1800.0,3202.0,2014-08-26,417000.0
8648900110,3.0,2.5,1940.0,3211.0,2.0,0.0,0.0,3,8,1940.0,0.0,2009,0.0,98027,47.5644,-122.093,1880.0,3078.0,2014-05-05,555000.0
8648900110,3.0,2.5,1940.0,3211.0,2.0,0.0,0.0,3,8,1940.0,0.0,2009,0.0,98027,47.5644,-122.093,1880.0,3078.0,2014-08-26,555000.0
6791400100,4.0,2.5,2210.0,13721.0,2.0,0.0,0.0,3,8,2210.0,0.0,2009,0.0,98042,47.3122,-122.039,1850.0,12951.0,2014-09-10,353000.0
2768301477,3.0,2.25,1280.0,1187.0,2.0,0.0,0.0,3,8,1080.0,200.0,2008,0.0,98107,47.6651,-122.368,1280.0,1681.0,2015-04-25,539000.0
126039256,3.0,2.0,1520.0,5040.0,2.0,0.0,0.0,3,7,1520.0,0.0,1977,20060.0,98177,47.777,-122.362,1860.0,8710.0,2014-09-04,434900.0
8562780110,2.0,2.25,1230.0,1078.0,2.0,0.0,0.0,3,7,1160.0,70.0,2008,0.0,98027,47.5324,-122.073,1240.0,817.0,2014-12-02,325000.0
8032700110,3.0,2.5,1480.0,2159.0,3.0,0.0,0.0,3,8,1480.0,0.0,2007,0.0,98103,47.6533,-122.341,1480.0,1554.0,2015-04-09,650000.0
5635100090,4.0,2.5,2612.0,5850.0,2.0,0.0,0.0,3,8,2612.0,0.0,2014,0.0,98030,47.3751,-122.189,2419.0,8984.0,2015-02-25,379950.0
2597490300,3.0,2.5,2350.0,4975.0,2.0,0.0,0.0,3,8,2350.0,0.0,2012,0.0,98029,47.5418,-122.01,2350.0,3951.0,2014-11-19,700000.0
9301300805,3.0,2.5,1300.0,1590.0,2.0,0.0,0.0,3,8,1100.0,200.0,2014,0.0,98109,47.6384,-122.343,1070.0,1223.0,2014-12-15,675000.0
3449000300,4.0,1.5,2020.0,7560.0,1.0,0.0,0.0,4,7,2020.0,0.0,1960,0.0,98059,47.502,-122.146,1410.0,8080.0,2014-06-09,379000.0
8562770490,3.0,2.5,2140.0,2867.0,2.0,0.0,0.0,3,8,1960.0,180.0,2005,0.0,98027,47.5357,-122.073,2280.0,2836.0,2015-03-30,571000.0
3052700464,3.0,2.25,1380.0,1621.0,2.0,0.0,0.0,3,8,1140.0,240.0,2007,0.0,98117,47.678,-122.375,1460.0,1403.0,2014-10-24,475000.0
9276200569,4.0,3.5,2730.0,3047.0,2.0,0.0,0.0,3,8,2400.0,330.0,2006,0.0,98116,47.5797,-122.391,1980.0,4600.0,2014-05-09,769900.0
7853280490,4.0,3.5,4220.0,5817.0,2.0,0.0,0.0,3,9,2910.0,1310.0,2006,0.0,98065,47.5392,-121.862,4290.0,6637.0,2014-12-22,633000.0
2883200524,3.0,2.5,1570.0,1433.0,3.0,0.0,0.0,3,8,1570.0,0.0,2010,0.0,98103,47.6858,-122.336,1570.0,2652.0,2014-05-12,635000.0
3630200300,4.0,3.5,4670.0,6000.0,2.0,0.0,3.0,3,11,3820.0,850.0,2007,0.0,98027,47.5414,-121.994,4310.0,6000.0,2014-07-25,1240000.0
1383800015,3.0,2.25,1370.0,1007.0,3.0,0.0,0.0,3,8,1330.0,40.0,2009,0.0,98107,47.6682,-122.361,1570.0,1635.0,2015-01-08,524000.0
1441000090,4.0,3.5,3273.0,5115.0,2.0,0.0,0.0,3,8,2671.0,602.0,2014,0.0,98055,47.4477,-122.204,2996.0,5100.0,2014-11-26,485000.0
3760500407,3.0,4.0,3880.0,13095.0,2.0,0.0,3.0,3,11,3700.0,180.0,2009,0.0,98034,47.6996,-122.233,3880.0,10830.0,2014-05-21,1030000.0
9528101214,3.0,3.5,1494.0,1262.0,3.0,0.0,0.0,3,8,1494.0,0.0,2011,0.0,98115,47.6826,-122.324,1494.0,1264.0,2014-10-24,650000.0
2801910100,3.0,2.5,2930.0,5641.0,2.0,0.0,0.0,3,8,2930.0,0.0,2013,0.0,98052,47.71,-122.113,3300.0,5641.0,2014-10-01,754842.0
1085623640,4.0,2.5,2598.0,5553.0,2.0,0.0,0.0,3,9,2598.0,0.0,2014,0.0,98092,47.3412,-122.178,2502.0,4900.0,2014-09-24,428900.0
7299601460,3.0,2.5,2242.0,4995.0,2.0,0.0,0.0,3,8,2242.0,0.0,2011,0.0,98092,47.2595,-122.202,1798.0,4942.0,2014-06-23,329900.0
1070000110,4.0,2.5,2830.0,5932.0,2.0,0.0,0.0,3,9,2830.0,0.0,2014,0.0,98199,47.6479,-122.408,2840.0,5593.0,2014-12-18,1040000.0
7853360820,4.0,2.5,2710.0,6937.0,2.0,0.0,0.0,3,7,2710.0,0.0,2009,0.0,98065,47.5153,-121.871,2380.0,5866.0,2014-09-09,544999.0
7436700090,4.0,2.75,2320.0,4344.0,2.0,0.0,0.0,3,8,2320.0,0.0,2012,0.0,98059,47.4862,-122.163,2310.0,3770.0,2014-05-29,449950.0
3034200399,4.0,2.5,2720.0,7991.0,2.0,0.0,0.0,3,9,2720.0,0.0,2006,0.0,98133,47.7168,-122.331,1590.0,8611.0,2015-01-13,635000.0
889000015,3.0,1.75,1650.0,1180.0,3.0,0.0,0.0,3,8,1650.0,0.0,2014,0.0,98105,47.6638,-122.319,1650.0,1960.0,2014-11-03,599000.0
2767704252,3.0,3.25,1430.0,1348.0,2.0,0.0,0.0,3,8,1160.0,270.0,2008,0.0,98107,47.6743,-122.374,1160.0,1265.0,2014-11-03,478000.0
2143700756,4.0,2.5,2090.0,5040.0,2.0,0.0,0.0,3,9,2090.0,0.0,2014,0.0,98055,47.4797,-122.23,1430.0,12000.0,2014-09-29,388000.0
8946780110,4.0,3.5,3660.0,4903.0,2.0,0.0,0.0,3,9,2760.0,900.0,2014,0.0,98034,47.7184,-122.156,3630.0,4992.0,2014-08-04,809950.0
6790830090,4.0,3.5,4220.0,8417.0,3.0,0.0,0.0,3,10,4220.0,0.0,2012,0.0,98075,47.5869,-122.054,3730.0,8435.0,2015-04-15,1060000.0
2768100512,2.0,2.5,1450.0,1213.0,2.0,,0.0,3,9,1110.0,340.0,2015,0.0,98107,47.6692,-122.372,1620.0,1456.0,2015-04-22,659000.0
9477580110,4.0,3.75,3460.0,6738.0,2.0,0.0,0.0,3,11,3460.0,0.0,2013,0.0,98059,47.506,-122.145,3340.0,6120.0,2014-06-26,971971.0
7625702437,3.0,2.5,1350.0,874.0,3.0,0.0,0.0,3,8,1270.0,80.0,2006,0.0,98136,47.5491,-122.387,1350.0,886.0,2015-01-15,389000.0
5416510490,4.0,2.75,3000.0,5470.0,2.0,0.0,0.0,3,8,3000.0,0.0,2005,0.0,98038,47.3613,-122.038,2420.0,4891.0,2014-07-08,355000.0
1123059125,4.0,2.5,2950.0,10003.0,2.0,0.0,0.0,3,9,2950.0,0.0,2006,0.0,98059,47.489,-122.14,2790.0,9323.0,2014-12-08,551500.0
7237450110,4.0,2.5,2530.0,5048.0,2.0,0.0,0.0,3,8,2530.0,0.0,2014,0.0,98038,47.3559,-122.063,2530.0,4359.0,2014-07-01,417838.0
250000090,4.0,4.5,4650.0,7660.0,2.0,0.0,0.0,3,11,3640.0,1010.0,2008,0.0,98004,47.6349,-122.198,1710.0,8400.0,2014-07-14,1750000.0
2025049206,2.0,1.0,710.0,1131.0,2.0,0.0,0.0,4,7,710.0,0.0,1943,0.0,98102,47.6413,-122.329,1370.0,1173.0,2014-06-11,399950.0
5631500941,4.0,2.5,3050.0,8000.0,2.0,0.0,0.0,3,9,3050.0,0.0,2007,0.0,98028,47.7465,-122.231,1910.0,8000.0,2014-07-15,740000.0
8562780490,3.0,2.5,1150.0,683.0,2.0,0.0,0.0,3,7,1150.0,0.0,2013,0.0,98027,47.5323,-122.071,1150.0,755.0,2015-02-23,335000.0
3262300485,5.0,5.25,3410.0,8118.0,2.0,,0.0,3,11,3410.0,0.0,2006,0.0,98039,47.6295,-122.236,3410.0,16236.0,2015-04-21,2250000.0
5693500846,3.0,1.75,1370.0,1921.0,3.0,0.0,0.0,3,8,1370.0,0.0,2007,0.0,98103,47.6595,-122.351,1370.0,4000.0,2015-04-20,667000.0
925059313,4.0,2.5,3540.0,7009.0,2.0,,0.0,3,9,3540.0,0.0,2007,0.0,98033,47.6749,-122.176,2150.0,10290.0,2015-03-12,920000.0
2461900492,3.0,2.5,1370.0,1350.0,2.0,0.0,0.0,3,7,1010.0,360.0,2007,0.0,98136,47.5534,-122.382,1450.0,6000.0,2014-05-11,368000.0
6817750110,4.0,2.5,1714.0,3080.0,2.0,,0.0,3,8,1714.0,0.0,2009,0.0,98055,47.429,-122.188,1714.0,3250.0,2014-07-10,307000.0
3574770100,4.0,2.75,3650.0,4534.0,2.0,,0.0,3,7,2940.0,710.0,2014,0.0,98028,47.7397,-122.224,2400.0,7682.0,2015-01-16,550000.0
8564860110,4.0,2.5,2990.0,6037.0,2.0,0.0,0.0,3,9,2990.0,0.0,2013,0.0,98045,47.4766,-121.735,2990.0,5992.0,2015-01-13,594491.0
1085622460,4.0,2.5,3284.0,6516.0,2.0,,0.0,3,8,3284.0,0.0,2014,0.0,98092,47.3393,-122.181,2555.0,5008.0,2014-09-29,460458.0
1777600850,4.0,2.25,3550.0,13900.0,1.0,0.0,0.0,3,8,1830.0,1720.0,2010,0.0,98006,47.5681,-122.127,2770.0,12200.0,2014-06-24,859000.0
9284801500,3.0,3.0,1860.0,2875.0,2.0,0.0,0.0,3,8,1710.0,150.0,2009,0.0,98126,47.5511,-122.373,1350.0,4830.0,2014-12-11,399950.0
7217400389,3.0,3.25,1720.0,1977.0,2.0,0.0,0.0,3,8,1360.0,360.0,2007,0.0,98122,47.6127,-122.299,1720.0,3420.0,2015-04-01,547500.0
3832051140,3.0,2.5,2540.0,4775.0,2.0,0.0,0.0,3,7,2540.0,0.0,2006,0.0,98042,47.3341,-122.052,2270.0,5000.0,2014-06-23,310000.0
925059137,4.0,2.75,3270.0,12880.0,2.0,0.0,0.0,3,9,3270.0,0.0,2014,0.0,98033,47.6679,-122.172,2420.0,7505.0,2014-06-02,939000.0
6021503706,2.0,2.5,980.0,1021.0,3.0,0.0,0.0,3,8,980.0,0.0,2008,0.0,98117,47.6844,-122.387,980.0,1023.0,2014-10-14,329900.0
475000176,3.0,2.5,1150.0,1193.0,2.0,0.0,0.0,3,8,1020.0,130.0,2006,0.0,98107,47.6684,-122.365,1450.0,1640.0,2014-12-22,436000.0
1220000367,3.0,2.5,1820.0,1855.0,2.0,0.0,0.0,3,8,1570.0,250.0,2008,0.0,98166,47.4643,-122.346,1470.0,6900.0,2014-07-16,320000.0
3278605590,3.0,2.5,1580.0,3825.0,2.0,0.0,0.0,3,8,1580.0,0.0,2011,0.0,98126,47.5458,-122.369,1380.0,1500.0,2014-09-26,375000.0
7203140110,3.0,2.0,1460.0,3696.0,2.0,0.0,0.0,3,7,1460.0,0.0,2010,0.0,98053,47.6861,-122.013,1720.0,3631.0,2015-03-24,392137.0
3818400110,4.0,2.5,2900.0,4950.0,2.0,0.0,0.0,3,8,2900.0,0.0,2004,0.0,98028,47.7717,-122.236,2590.0,4950.0,2014-08-26,520000.0
7702080110,5.0,2.75,2620.0,6389.0,2.0,0.0,0.0,3,9,2620.0,0.0,2007,0.0,98028,47.77,-122.236,2620.0,4504.0,2014-10-16,535000.0
952002250,2.0,2.5,1340.0,999.0,2.0,0.0,0.0,3,8,940.0,400.0,2008,0.0,98116,47.5655,-122.386,1470.0,1436.0,2015-03-24,407000.0
9578500820,4.0,3.25,3266.0,5398.0,2.0,0.0,0.0,3,8,3266.0,0.0,2014,0.0,98023,47.2975,-122.35,3087.0,5152.0,2014-11-25,424950.0
3448000542,2.0,1.5,1076.0,1060.0,3.0,0.0,0.0,3,7,1076.0,0.0,2006,0.0,98125,47.7167,-122.298,1076.0,1060.0,2014-08-11,290000.0
9358000552,3.0,3.25,1680.0,1478.0,2.0,,0.0,3,8,1360.0,320.0,2009,0.0,98126,47.5674,-122.369,1530.0,2753.0,2014-10-29,399000.0
2770601696,3.0,2.5,1930.0,1348.0,2.0,0.0,0.0,3,8,1300.0,630.0,2005,0.0,98199,47.6513,-122.384,1630.0,6000.0,2014-07-03,439990.0
9834201145,4.0,2.5,2880.0,3091.0,2.0,0.0,0.0,3,9,1940.0,940.0,2014,0.0,98144,47.5711,-122.286,1560.0,4080.0,2015-02-22,635000.0
3575305452,4.0,2.25,2240.0,5000.0,2.0,0.0,0.0,3,8,2240.0,0.0,2013,0.0,98074,47.6212,-122.058,1760.0,7500.0,2014-07-17,635000.0
6181500100,3.0,2.5,2594.0,4455.0,2.0,0.0,0.0,3,8,2594.0,0.0,2012,0.0,98001,47.3054,-122.276,2981.0,4950.0,2015-04-29,351000.0
2767604074,2.0,1.5,1210.0,1232.0,3.0,0.0,0.0,3,8,1210.0,0.0,2007,0.0,98107,47.6712,-122.39,1330.0,1174.0,2014-08-22,437500.0
2872100345,4.0,3.5,3760.0,5000.0,2.0,0.0,0.0,3,9,2860.0,900.0,2014,0.0,98117,47.6826,-122.394,1340.0,5000.0,2014-05-30,919204.0
2937300440,4.0,2.5,3600.0,6055.0,2.0,0.0,0.0,3,9,3600.0,0.0,2014,0.0,98052,47.7053,-122.126,3590.0,6050.0,2014-09-08,923990.0
2597490660,4.0,2.5,2050.0,2772.0,2.0,,0.0,3,8,2050.0,0.0,2012,0.0,98029,47.5421,-122.011,2050.0,2934.0,2014-06-24,639888.0
3528900768,3.0,3.25,1510.0,2064.0,2.0,0.0,0.0,3,8,1220.0,290.0,2008,0.0,98109,47.6398,-122.345,1670.0,2594.0,2015-01-14,675000.0
3885802135,4.0,2.5,2580.0,3909.0,2.0,0.0,0.0,3,8,2580.0,0.0,2013,0.0,98033,47.6852,-122.21,1820.0,5772.0,2014-06-10,899900.0
3336500190,3.0,2.5,1670.0,4020.0,2.0,0.0,0.0,3,7,1670.0,0.0,2009,0.0,98118,47.53,-122.268,1670.0,4020.0,2015-01-30,252000.0
2425059174,4.0,2.5,3190.0,10034.0,2.0,,0.0,3,9,3190.0,0.0,2007,0.0,98052,47.6379,-122.111,2110.0,9300.0,2015-03-17,925000.0
1890000170,3.0,2.5,1280.0,1920.0,3.0,0.0,0.0,3,8,1280.0,0.0,2009,0.0,98105,47.6621,-122.324,1450.0,1900.0,2014-10-29,552000.0
5137800130,4.0,2.5,2718.0,6197.0,2.0,0.0,0.0,3,8,2718.0,0.0,2006,0.0,98092,47.3255,-122.164,2667.0,5000.0,2015-04-07,388500.0
2767603753,2.0,2.0,1370.0,1878.0,3.0,,0.0,3,8,1370.0,0.0,2004,0.0,98107,47.6721,-122.387,1280.0,1878.0,2014-08-29,548000.0
6181410950,3.0,2.5,1794.0,4769.0,2.0,0.0,0.0,3,7,1794.0,0.0,2005,0.0,98001,47.3052,-122.283,3557.0,4807.0,2014-09-22,254950.0
3226069049,4.0,4.5,5120.0,41327.0,2.0,0.0,0.0,3,10,3290.0,1830.0,2008,0.0,98053,47.7009,-122.059,3360.0,82764.0,2014-12-08,1240000.0
6056110430,3.0,2.5,2160.0,1912.0,2.0,0.0,0.0,3,9,1970.0,190.0,2014,0.0,98118,47.5642,-122.292,1810.0,2653.0,2014-09-30,629000.0
2916200091,4.0,2.5,2180.0,7204.0,2.0,0.0,0.0,3,8,2180.0,0.0,2014,0.0,98133,47.7221,-122.352,1500.0,7650.0,2015-03-03,734000.0
1773100980,3.0,2.25,1490.0,1294.0,2.0,0.0,0.0,3,7,1220.0,270.0,2010,0.0,98106,47.5569,-122.363,1490.0,1283.0,2014-06-18,309000.0
1123059126,3.0,2.5,2950.0,10254.0,2.0,0.0,0.0,3,9,2950.0,0.0,2006,0.0,98059,47.4888,-122.14,2800.0,9323.0,2014-07-03,554950.0
825079024,3.0,2.75,2990.0,207781.0,2.0,0.0,0.0,3,9,2990.0,0.0,2000,0.0,98014,47.662,-121.944,2590.0,218671.0,2015-05-06,785000.0
8029770470,4.0,2.5,2700.0,5150.0,2.0,0.0,0.0,3,9,2700.0,0.0,2007,0.0,98059,47.5071,-122.148,3160.0,7620.0,2014-06-05,550000.0
1563102965,4.0,3.5,3130.0,5000.0,3.0,,0.0,3,10,3130.0,0.0,2014,0.0,98116,47.5656,-122.403,1950.0,5152.0,2014-08-11,1010000.0
5021900635,3.0,2.0,3620.0,14250.0,2.0,0.0,0.0,3,8,3220.0,400.0,2007,0.0,98040,47.5767,-122.225,2370.0,14250.0,2014-10-28,1580000.0
9264450460,5.0,2.75,2481.0,4045.0,2.0,0.0,0.0,3,8,2481.0,0.0,2014,0.0,98001,47.2602,-122.284,2363.0,4175.0,2014-06-03,309000.0
7694200430,3.0,2.5,1730.0,3600.0,2.0,0.0,0.0,3,8,1730.0,0.0,2014,0.0,98146,47.5019,-122.34,2030.0,3600.0,2014-06-25,328423.0
7548301041,3.0,1.5,1420.0,1192.0,2.0,0.0,0.0,3,8,1140.0,280.0,2008,0.0,98144,47.5881,-122.304,1340.0,1213.0,2014-06-23,345000.0
726059483,5.0,3.5,3160.0,5175.0,2.0,0.0,0.0,3,9,3160.0,0.0,2014,0.0,98011,47.755,-122.216,2100.0,9351.0,2014-11-21,660000.0
2771102144,3.0,3.25,1320.0,1327.0,2.0,0.0,0.0,3,8,1040.0,280.0,2008,0.0,98199,47.6506,-122.383,1440.0,1263.0,2014-05-02,385000.0
7011201476,2.0,2.25,1010.0,1107.0,2.0,0.0,0.0,3,8,710.0,300.0,2006,0.0,98119,47.6363,-122.371,1140.0,1531.0,2015-03-18,459000.0
53500020,3.0,2.5,1870.0,4046.0,2.0,0.0,0.0,3,7,1870.0,0.0,2007,0.0,98042,47.342,-122.059,2130.0,4800.0,2015-01-14,248000.0
8920100066,4.0,3.5,5220.0,15411.0,2.0,0.0,3.0,3,11,3550.0,1670.0,2006,0.0,98075,47.592,-122.085,3110.0,14124.0,2014-08-20,1480000.0
8091670020,4.0,2.5,2260.0,5824.0,2.0,0.0,0.0,3,8,2260.0,0.0,2011,0.0,98038,47.3496,-122.042,2240.0,5561.0,2014-08-01,379000.0
1176001310,5.0,4.5,4340.0,5722.0,3.0,0.0,4.0,3,10,4340.0,0.0,2010,0.0,98107,47.6715,-122.406,1770.0,5250.0,2015-03-04,2950000.0
3629960680,2.0,2.25,1620.0,1841.0,2.0,0.0,0.0,3,8,1540.0,80.0,2004,0.0,98029,47.5483,-122.004,1530.0,1831.0,2014-09-26,395000.0
8562770250,3.0,2.5,2280.0,2289.0,2.0,0.0,0.0,3,8,1880.0,400.0,2006,0.0,98027,47.5375,-122.073,2280.0,2425.0,2014-05-07,535000.0
1102000514,5.0,3.5,3400.0,9804.0,2.0,0.0,0.0,3,9,2550.0,850.0,2008,0.0,98118,47.543,-122.266,2380.0,7440.0,2014-10-22,970000.0
1773100275,2.0,1.5,830.0,1020.0,2.0,0.0,0.0,3,7,830.0,0.0,2006,0.0,98106,47.5604,-122.363,830.0,1379.0,2015-02-01,205000.0
321030010,4.0,2.5,2310.0,7384.0,2.0,0.0,0.0,3,8,2310.0,0.0,2010,0.0,98042,47.3737,-122.165,2310.0,7800.0,2014-10-15,310000.0
5393600509,2.0,1.5,830.0,1858.0,2.0,,0.0,3,7,830.0,0.0,2005,0.0,98144,47.5828,-122.314,1480.0,3030.0,2014-07-02,334500.0
2895730280,5.0,3.25,4130.0,7197.0,2.0,0.0,0.0,3,10,4130.0,0.0,2012,0.0,98074,47.6022,-122.06,3730.0,7202.0,2014-08-28,995000.0
7967000130,4.0,3.0,2050.0,4000.0,2.0,0.0,0.0,3,8,2050.0,0.0,2014,0.0,98001,47.3525,-122.275,2050.0,4000.0,2015-04-01,370228.0
7570060290,4.0,2.5,2050.0,4953.0,2.0,0.0,0.0,3,9,2050.0,0.0,2014,0.0,98038,47.3448,-122.024,2340.0,6175.0,2015-03-04,383000.0
291310170,3.0,2.5,1600.0,2610.0,2.0,0.0,0.0,3,8,1600.0,0.0,2005,0.0,98027,47.5344,-122.068,1445.0,1288.0,2014-08-04,384500.0
923000425,5.0,2.5,3190.0,8160.0,2.0,0.0,0.0,3,9,3190.0,0.0,2014,0.0,98177,47.7246,-122.363,1650.0,8160.0,2014-07-18,865000.0
3630200780,4.0,3.75,3860.0,5474.0,2.5,0.0,0.0,3,10,3860.0,,2007,0.0,98029,47.5396,-121.995,3040.0,5474.0,2014-05-22,1050000.0
9578060660,4.0,2.5,2040.0,5616.0,2.0,0.0,0.0,3,8,2040.0,0.0,2012,0.0,98028,47.7737,-122.238,2380.0,4737.0,2014-05-13,502000.0
250000010,4.0,3.5,3845.0,8400.0,2.0,0.0,0.0,3,10,3845.0,0.0,2013,0.0,98004,47.6354,-122.198,1710.0,8400.0,2014-09-24,1750000.0
1438000010,4.0,2.5,2650.0,6875.0,2.0,0.0,0.0,3,8,2650.0,0.0,2014,0.0,98059,47.479,-122.124,2650.0,5831.0,2014-09-12,569995.0
6626300095,4.0,2.5,3430.0,64441.0,2.0,0.0,0.0,3,8,3430.0,0.0,2013,0.0,98077,47.7694,-122.064,3580.0,64441.0,2014-05-19,749950.0
8562901100,3.0,2.5,2430.0,5400.0,2.0,0.0,0.0,3,8,2430.0,0.0,2007,0.0,98074,47.6062,-122.057,2640.0,11990.0,2014-12-30,550000.0
6979970080,3.0,3.5,2876.0,5086.0,2.0,0.0,0.0,3,8,2360.0,516.0,2007,0.0,98072,47.7511,-122.173,2390.0,4419.0,2014-05-13,525000.0
7853320470,4.0,3.5,2550.0,8698.0,2.0,0.0,0.0,3,7,2550.0,0.0,2007,0.0,98065,47.5216,-121.869,2430.0,5519.0,2014-06-11,516000.0
1424069056,4.0,3.75,4100.0,61419.0,2.0,0.0,0.0,3,9,4100.0,0.0,2014,0.0,98029,47.5626,-122.005,2010.0,32362.0,2014-08-05,1350000.0
3448740250,4.0,2.5,2730.0,4526.0,2.0,0.0,0.0,3,7,2730.0,0.0,2009,0.0,98059,47.491,-122.153,2190.0,4572.0,2015-04-28,440000.0
8129700728,3.0,2.5,1780.0,1729.0,2.0,0.0,0.0,3,8,1080.0,700.0,2008,0.0,98103,47.6594,-122.355,1780.0,1741.0,2015-04-14,660000.0
3832080440,3.0,2.5,1880.0,5000.0,2.0,0.0,0.0,3,7,1880.0,0.0,2010,0.0,98042,47.3359,-122.054,2260.0,5000.0,2014-12-09,261950.0
9512200050,5.0,3.75,3090.0,4943.0,2.0,0.0,0.0,3,10,3090.0,0.0,2010,0.0,98058,47.4594,-122.133,3191.0,5561.0,2014-08-27,551000.0
4027700014,3.0,3.5,2460.0,14155.0,2.0,,0.0,3,8,1900.0,560.0,2014,0.0,98155,47.7743,-122.279,2440.0,14080.0,2015-02-25,665000.0
7853400250,4.0,3.5,2910.0,5260.0,2.0,0.0,0.0,3,9,2910.0,0.0,2012,0.0,98065,47.5168,-121.883,2910.0,5260.0,2014-06-04,610000.0
7853400250,4.0,3.5,2910.0,5260.0,2.0,0.0,0.0,3,9,2910.0,0.0,2012,0.0,98065,47.5168,-121.883,2910.0,5260.0,2015-02-19,645000.0
7853420480,3.0,1.75,1930.0,6360.0,1.0,0.0,0.0,3,9,1930.0,0.0,2013,0.0,98065,47.5181,-121.885,2770.0,6373.0,2014-06-18,536751.0
8943600020,3.0,2.25,1413.0,3403.0,2.0,0.0,0.0,3,8,1413.0,0.0,2009,0.0,98031,47.4196,-122.193,1763.0,3719.0,2015-04-26,260000.0
4221900305,3.0,3.25,4030.0,6300.0,2.0,0.0,0.0,3,10,3630.0,400.0,2006,0.0,98105,47.6664,-122.276,1660.0,6300.0,2015-01-21,1310000.0
1112630130,4.0,3.25,2880.0,5929.0,2.5,0.0,0.0,3,8,2880.0,0.0,2014,0.0,98023,47.2752,-122.349,2880.0,5846.0,2015-02-20,429900.0
123039376,4.0,2.75,2360.0,15100.0,1.0,0.0,0.0,3,8,2360.0,0.0,2014,0.0,98146,47.5117,-122.365,1440.0,13346.0,2014-08-20,535000.0
2767603962,2.0,1.75,1070.0,1276.0,3.0,0.0,0.0,3,8,1070.0,0.0,2006,0.0,98107,47.6719,-122.39,1290.0,2057.0,2015-04-14,462550.0
4083306552,3.0,3.25,1460.0,1367.0,3.0,0.0,0.0,3,8,1460.0,0.0,2008,0.0,98103,47.6485,-122.334,1310.0,1191.0,2015-03-10,602000.0
745500010,4.0,2.75,3800.0,9606.0,2.0,0.0,0.0,3,9,3800.0,0.0,2008,0.0,98011,47.7368,-122.208,3400.0,9677.0,2014-12-08,730000.0
7899800851,2.0,1.5,1190.0,801.0,3.0,0.0,0.0,3,8,1190.0,0.0,2010,0.0,98106,47.5212,-122.358,1190.0,810.0,2015-04-23,300500.0
7853350170,5.0,2.5,3200.0,6455.0,2.0,0.0,0.0,3,9,3200.0,0.0,2009,0.0,98065,47.5446,-121.862,3290.0,7924.0,2014-05-16,675000.0
6056100380,3.0,2.25,1970.0,2377.0,2.0,0.0,0.0,3,8,1680.0,290.0,2008,0.0,98108,47.5631,-122.297,1690.0,1936.0,2014-05-20,415000.0
626059127,3.0,2.5,2830.0,5831.0,2.0,0.0,0.0,3,9,2830.0,0.0,2010,0.0,98011,47.7744,-122.224,2830.0,6064.0,2014-11-17,614000.0
1459920190,4.0,2.5,2630.0,5701.0,2.0,0.0,0.0,3,7,2630.0,0.0,2010,0.0,98042,47.375,-122.16,2770.0,5939.0,2014-12-04,385000.0
3574750020,4.0,2.75,2720.0,4613.0,2.0,0.0,0.0,3,9,2720.0,0.0,2005,0.0,98028,47.7352,-122.223,2830.0,4836.0,2014-06-25,594000.0
2547200190,4.0,2.75,3160.0,8097.0,2.0,0.0,0.0,3,9,3160.0,0.0,2014,0.0,98033,47.6709,-122.166,2200.0,8097.0,2014-05-20,860000.0
9206500250,4.0,4.0,3770.0,8899.0,2.0,0.0,0.0,3,10,2940.0,830.0,2006,0.0,98074,47.6476,-122.079,3300.0,8308.0,2014-09-09,1100000.0
7202300480,4.0,2.75,3500.0,6226.0,2.0,0.0,0.0,3,9,3500.0,0.0,2004,0.0,98053,47.6846,-122.045,3480.0,7222.0,2014-10-24,775000.0
7237450190,5.0,2.75,2710.0,4685.0,2.0,0.0,0.0,3,8,2710.0,0.0,2014,0.0,98038,47.3555,-122.062,2710.0,4449.0,2014-08-06,430760.0
8682320420,2.0,2.5,2170.0,6361.0,1.0,0.0,2.0,3,8,2170.0,0.0,2009,0.0,98053,47.7109,-122.017,2310.0,7419.0,2015-04-27,755000.0
6003500743,2.0,2.25,1540.0,958.0,3.0,0.0,0.0,3,9,1540.0,0.0,2007,0.0,98122,47.6179,-122.318,1410.0,958.0,2014-05-19,640000.0
328000182,3.0,3.25,1876.0,1531.0,3.0,0.0,0.0,3,9,1876.0,0.0,2009,0.0,98115,47.6864,-122.265,1876.0,1533.0,2015-05-01,613500.0
821079102,4.0,3.5,3720.0,213073.0,1.0,0.0,2.0,3,10,3720.0,0.0,2007,0.0,98010,47.3216,-121.94,2190.0,59241.0,2014-10-17,780000.0
1622049242,4.0,2.5,3148.0,9612.0,2.0,,3.0,3,9,3148.0,0.0,2014,0.0,98198,47.3994,-122.311,3000.0,11475.0,2015-03-04,550000.0
7203120050,4.0,3.25,3240.0,4852.0,2.0,0.0,0.0,3,9,3240.0,0.0,2010,0.0,98053,47.695,-122.022,3320.0,5318.0,2014-10-08,789500.0
7853360250,5.0,3.5,3340.0,5000.0,2.0,0.0,0.0,3,8,2580.0,760.0,2012,0.0,98065,47.5168,-121.871,3420.0,5000.0,2014-07-10,592000.0
1327600190,4.0,2.5,2413.0,5701.0,2.0,0.0,0.0,3,8,2413.0,0.0,2014,0.0,98042,47.3731,-122.159,2380.0,5725.0,2015-04-10,454950.0
4187000250,4.0,2.5,2500.0,4500.0,2.0,0.0,0.0,3,7,2500.0,0.0,2010,0.0,98059,47.4928,-122.149,2230.0,4500.0,2015-04-13,475000.0
2902201300,2.0,1.75,1180.0,904.0,2.0,0.0,0.0,3,10,780.0,400.0,2014,0.0,98102,47.6396,-122.329,1380.0,3610.0,2014-12-29,659000.0
1635500250,4.0,2.5,2890.0,5801.0,2.0,0.0,0.0,3,9,2890.0,0.0,2005,0.0,98028,47.7349,-122.238,2890.0,6286.0,2014-11-24,570000.0
6031400094,5.0,3.0,2230.0,6551.0,1.0,,0.0,3,7,1330.0,900.0,2014,0.0,98168,47.487,-122.32,2230.0,9476.0,2015-02-26,347500.0
6601200250,4.0,2.5,1767.0,4500.0,2.0,0.0,0.0,3,8,1767.0,0.0,2006,0.0,98001,47.2607,-122.25,1949.0,4636.0,2015-04-02,205000.0
9358001403,3.0,3.25,1450.0,1468.0,2.0,0.0,0.0,3,8,1100.0,350.0,2009,0.0,98126,47.5664,-122.37,1450.0,1478.0,2014-09-03,380000.0
4216500020,5.0,2.75,2930.0,7663.0,2.0,0.0,0.0,3,9,2930.0,0.0,2013,0.0,98056,47.5308,-122.184,2750.0,10335.0,2014-10-03,718000.0
1438000440,5.0,2.75,2710.0,4136.0,2.0,0.0,0.0,3,8,2710.0,,2014,0.0,98059,47.4786,-122.123,2590.0,4136.0,2014-07-24,515805.0
6061500130,4.0,3.25,3600.0,18645.0,2.0,0.0,1.0,3,10,3000.0,600.0,2013,0.0,98059,47.5294,-122.154,3970.0,10957.0,2014-07-14,1030000.0
3862710050,3.0,2.5,1800.0,3265.0,2.0,0.0,0.0,3,8,1800.0,0.0,2014,0.0,98065,47.5338,-121.841,1800.0,3663.0,2014-11-13,437718.0
7604400114,4.0,2.5,2290.0,5515.0,2.0,0.0,0.0,3,8,2290.0,0.0,2006,0.0,98106,47.5518,-122.357,1380.0,5515.0,2014-08-14,450000.0
9828702649,3.0,2.5,1510.0,1178.0,2.0,0.0,0.0,3,8,1060.0,450.0,2007,0.0,98122,47.6181,-122.301,1510.0,1210.0,2014-10-28,515000.0
2946003947,2.0,2.5,1090.0,13444.0,2.0,,0.0,3,7,1090.0,0.0,2007,0.0,98198,47.4166,-122.319,1380.0,6000.0,2015-03-02,204000.0
993000307,3.0,2.0,1270.0,1323.0,3.0,0.0,0.0,3,8,1270.0,0.0,2006,0.0,98103,47.6934,-122.342,1330.0,1323.0,2014-05-23,360000.0
3362400094,3.0,2.25,1540.0,1005.0,3.0,0.0,0.0,3,8,1540.0,0.0,2008,0.0,98103,47.6827,-122.346,1510.0,1501.0,2014-12-03,550000.0
7853380480,3.0,2.5,2930.0,6050.0,2.0,0.0,0.0,3,9,2930.0,0.0,2008,0.0,98065,47.5151,-121.883,2760.0,5765.0,2014-05-29,650880.0
3893100462,5.0,3.75,4360.0,8504.0,2.0,0.0,4.0,3,10,3530.0,830.0,2014,0.0,98033,47.6936,-122.19,2680.0,9000.0,2015-02-25,1790000.0
2326600130,4.0,3.5,3640.0,4983.0,2.0,0.0,3.0,3,9,2790.0,850.0,2014,0.0,98075,47.5619,-122.027,3270.0,14700.0,2015-02-25,895900.0
3424069008,4.0,2.5,2430.0,4747.0,2.0,0.0,0.0,3,8,2430.0,0.0,2008,0.0,98027,47.5285,-122.031,1930.0,7200.0,2014-06-06,585000.0
3277801586,3.0,2.25,1520.0,1464.0,2.0,0.0,0.0,3,8,1240.0,280.0,2010,0.0,98126,47.543,-122.375,1710.0,1464.0,2015-05-08,380000.0
5045700250,5.0,2.75,2730.0,5820.0,2.0,,0.0,3,8,2730.0,0.0,2014,0.0,98059,47.4856,-122.154,2730.0,5700.0,2014-11-18,565997.0
3278603000,3.0,3.0,2440.0,2076.0,2.0,0.0,0.0,3,8,1930.0,510.0,2006,0.0,98126,47.5476,-122.37,2440.0,2310.0,2015-05-04,459000.0
7548800050,3.0,3.75,1580.0,1303.0,2.0,0.0,0.0,3,8,1340.0,240.0,2010,0.0,98144,47.5875,-122.315,1560.0,1294.0,2015-04-21,550000.0
1972201964,3.0,2.25,1420.0,983.0,3.0,0.0,0.0,3,8,1420.0,0.0,2006,0.0,98103,47.6533,-122.346,1530.0,1280.0,2014-07-25,500000.0
3395070980,5.0,3.25,2820.0,3275.0,2.0,0.0,0.0,3,8,2230.0,590.0,2006,0.0,98118,47.5339,-122.284,2610.0,3275.0,2015-03-27,461500.0
5710000005,4.0,5.5,5060.0,10320.0,2.0,0.0,0.0,3,11,5060.0,0.0,2008,0.0,98004,47.6245,-122.21,3010.0,10080.0,2014-05-22,2150000.0
9319800050,4.0,2.5,2650.0,5000.0,2.0,0.0,0.0,3,8,2650.0,0.0,2007,0.0,98116,47.5605,-122.396,1110.0,6250.0,2015-04-21,790000.0
3303700221,3.0,2.25,1490.0,1212.0,2.0,0.0,0.0,3,9,1040.0,450.0,2011,0.0,98112,47.6226,-122.313,1490.0,1337.0,2014-06-27,735000.0
3304300080,4.0,2.5,3060.0,7710.0,2.0,0.0,0.0,3,9,3060.0,0.0,2009,0.0,98059,47.4828,-122.136,3040.0,7840.0,2015-03-30,588000.0
642800130,3.0,3.25,3240.0,4185.0,2.0,,0.0,3,8,2770.0,470.0,2011,0.0,98075,47.5794,-122.03,2660.0,4692.0,2015-05-13,724500.0
6192410480,3.0,2.75,2820.0,5348.0,2.0,0.0,0.0,3,9,2820.0,0.0,2008,0.0,98052,47.7073,-122.118,3140.0,5640.0,2014-07-09,749000.0
6127000480,5.0,3.5,4140.0,7642.0,2.0,0.0,0.0,3,8,4140.0,0.0,2003,0.0,98075,47.591,-122.008,3330.0,6953.0,2014-09-18,720000.0
6145601599,2.0,1.5,982.0,846.0,2.0,0.0,0.0,3,8,806.0,176.0,2006,0.0,98133,47.7034,-122.345,1010.0,3844.0,2014-06-11,250000.0
3630200460,3.0,2.75,2460.0,3600.0,2.0,0.0,0.0,3,9,2460.0,0.0,2007,0.0,98029,47.5409,-121.994,2570.0,3600.0,2015-03-27,790000.0
3845101100,4.0,2.5,2547.0,4800.0,2.0,0.0,0.0,3,9,2547.0,0.0,2014,0.0,98092,47.2592,-122.194,2598.0,4800.0,2015-01-21,392440.0
6792200066,4.0,2.25,1834.0,7460.0,2.0,0.0,0.0,3,8,1834.0,0.0,2012,0.0,98042,47.3568,-122.163,1979.0,9008.0,2014-07-25,280000.0
5317100294,4.0,4.5,3130.0,5126.0,3.0,0.0,0.0,3,10,2450.0,680.0,2014,0.0,98112,47.6239,-122.29,2540.0,7784.0,2014-11-13,1330000.0
8150600250,4.0,2.5,2730.0,4847.0,2.0,0.0,0.0,3,9,2730.0,0.0,2008,0.0,98126,47.549,-122.374,1250.0,4840.0,2014-12-17,649000.0
9376301112,2.0,2.5,1380.0,1329.0,2.0,0.0,0.0,3,8,1050.0,330.0,2008,0.0,98117,47.6903,-122.37,1360.0,3750.0,2014-10-31,457000.0
856000635,4.0,4.25,4700.0,10800.0,2.0,0.0,1.0,3,11,3910.0,790.0,2002,0.0,98033,47.6882,-122.214,2370.0,7680.0,2015-03-23,2230000.0
9320350130,3.0,3.0,2330.0,4284.0,2.0,,0.0,3,9,1920.0,410.0,2004,0.0,98108,47.5547,-122.308,2330.0,3709.0,2014-08-23,453000.0
7694200380,3.0,2.5,1730.0,3600.0,2.0,0.0,0.0,3,8,1730.0,0.0,2014,0.0,98146,47.5014,-122.34,2030.0,3600.0,2014-09-22,329780.0
635000009,2.0,2.5,2350.0,2390.0,3.0,0.0,2.0,3,10,2000.0,350.0,2007,0.0,98144,47.5999,-122.286,1950.0,2390.0,2014-11-12,1050000.0
7853440050,5.0,4.5,4000.0,6713.0,2.0,0.0,0.0,3,9,4000.0,0.0,2015,0.0,98024,47.5254,-121.886,3690.0,6600.0,2015-05-05,771005.0
8563010130,3.0,2.5,3350.0,7752.0,1.0,0.0,0.0,3,9,2180.0,1170.0,2009,0.0,98008,47.6263,-122.099,2570.0,7988.0,2014-07-25,1300000.0
2767604592,3.0,3.25,1530.0,1612.0,3.0,0.0,0.0,3,8,1530.0,0.0,2006,0.0,98107,47.6706,-122.378,1530.0,1611.0,2014-06-19,607500.0
1332700020,2.0,2.25,1610.0,1968.0,2.0,0.0,0.0,4,7,1610.0,0.0,1979,0.0,98056,47.5184,-122.196,1950.0,1968.0,2015-01-16,278000.0
1442870440,4.0,2.75,2620.0,6178.0,2.0,0.0,0.0,3,8,2620.0,0.0,2013,0.0,98045,47.4823,-121.771,2790.0,6538.0,2014-07-02,475000.0
5347200179,3.0,2.0,1300.0,1920.0,2.0,0.0,0.0,3,8,850.0,450.0,2006,0.0,98126,47.5183,-122.376,1300.0,1344.0,2014-08-14,270000.0
8924100372,4.0,3.5,3590.0,5334.0,2.0,0.0,2.0,3,9,3140.0,450.0,2006,0.0,98115,47.6763,-122.267,2100.0,6250.0,2015-04-23,1300000.0
6666830170,4.0,2.5,2490.0,5647.0,2.0,0.0,0.0,3,8,2490.0,0.0,2014,0.0,98052,47.7043,-122.114,2970.0,5450.0,2014-08-11,778983.0
3336000052,3.0,2.5,1320.0,1780.0,2.0,0.0,0.0,3,7,880.0,440.0,2005,0.0,98118,47.528,-122.269,3040.0,6000.0,2014-10-22,221000.0
2895800380,4.0,2.25,1800.0,2752.0,2.0,0.0,0.0,3,8,1800.0,0.0,2014,0.0,98106,47.5165,-122.346,1800.0,2752.0,2014-08-21,338800.0
1042700250,5.0,1.5,3360.0,5225.0,2.0,0.0,0.0,3,9,3360.0,0.0,2014,0.0,98074,47.6072,-122.053,3230.0,5368.0,2014-08-04,834995.0
7787920250,4.0,2.5,3220.0,9328.0,2.0,0.0,0.0,3,8,3220.0,0.0,2006,0.0,98019,47.7273,-121.958,3020.0,9300.0,2015-05-01,550000.0
3026059363,3.0,3.5,2514.0,1559.0,2.0,0.0,0.0,3,8,2024.0,490.0,2007,0.0,98034,47.7044,-122.209,2090.0,10454.0,2014-10-31,575000.0
3590000050,4.0,2.75,3130.0,9711.0,2.0,0.0,0.0,3,9,3130.0,0.0,2014,0.0,98059,47.4823,-122.124,1570.0,10500.0,2014-09-23,649000.0
7853361410,4.0,2.5,2720.0,4738.0,2.0,0.0,0.0,3,8,2720.0,0.0,2012,0.0,98065,47.515,-121.869,2590.0,5740.0,2014-05-30,545000.0
1355300009,2.0,2.25,1390.0,916.0,2.0,0.0,0.0,3,8,1165.0,225.0,2007,0.0,98122,47.6168,-122.314,1415.0,1488.0,2014-11-20,625000.0
8835800010,4.0,4.5,4920.0,270236.0,2.0,0.0,3.0,3,10,3820.0,1100.0,2006,0.0,98045,47.4695,-121.775,4920.0,260924.0,2014-12-23,1040000.0
9268851680,3.0,2.5,2134.0,1984.0,2.5,,0.0,3,8,2134.0,0.0,2008,0.0,98027,47.5402,-122.027,2170.0,1984.0,2014-05-16,611000.0
8096800500,3.0,2.5,1741.0,5701.0,2.0,0.0,0.0,3,8,1741.0,0.0,2012,0.0,98030,47.379,-122.184,2002.0,5700.0,2015-03-17,300000.0
7202261060,3.0,2.5,2560.0,5238.0,2.0,0.0,0.0,3,8,2560.0,0.0,2001,0.0,98053,47.6887,-122.04,2560.0,5185.0,2014-12-29,577000.0
7237450130,4.0,2.5,2220.0,3561.0,2.0,0.0,0.0,3,8,2220.0,0.0,2014,0.0,98038,47.3561,-122.063,2530.0,4449.0,2014-10-20,349990.0
3630130010,3.0,2.5,1910.0,4363.0,2.0,0.0,0.0,3,9,1910.0,0.0,2006,0.0,98029,47.5482,-121.996,1890.0,3732.0,2014-07-14,650000.0
567000381,2.0,1.5,980.0,853.0,2.0,0.0,0.0,3,7,820.0,160.0,2009,0.0,98144,47.5925,-122.295,1130.0,1270.0,2015-03-28,378000.0
1760650290,3.0,2.5,1950.0,4197.0,2.0,0.0,0.0,3,7,1950.0,0.0,2013,0.0,98042,47.3613,-122.081,2300.0,4178.0,2015-02-05,313200.0
1024069215,5.0,4.25,4150.0,12015.0,2.0,0.0,0.0,3,10,4150.0,0.0,2014,0.0,98075,47.5816,-122.021,3230.0,27520.0,2014-09-12,1210000.0
1105000373,2.0,1.5,1110.0,986.0,2.0,,0.0,3,7,950.0,160.0,2009,0.0,98118,47.5427,-122.272,1110.0,3515.0,2015-05-06,252500.0
1773100561,3.0,2.5,1250.0,1150.0,2.0,,0.0,3,8,1080.0,170.0,2009,0.0,98106,47.5582,-122.363,1250.0,1150.0,2015-03-05,308000.0
9510860840,4.0,2.5,3310.0,5404.0,2.0,0.0,0.0,3,9,3310.0,0.0,2004,0.0,98052,47.6635,-122.083,2600.0,4730.0,2014-05-15,803100.0
4187000660,4.0,2.5,2020.0,5501.0,2.0,0.0,0.0,3,7,2020.0,0.0,2010,0.0,98059,47.4937,-122.15,2020.0,5494.0,2014-06-18,415000.0
7203120020,4.0,3.5,3310.0,4850.0,2.0,0.0,0.0,3,9,3310.0,0.0,2010,0.0,98053,47.6954,-122.022,3320.0,5955.0,2014-08-14,785000.0
8559300020,4.0,2.5,2798.0,4473.0,2.0,0.0,0.0,3,9,2798.0,0.0,2012,0.0,98055,47.4295,-122.205,2358.0,4593.0,2014-05-28,499950.0
3356402705,4.0,2.5,1847.0,8000.0,2.0,,0.0,3,7,1847.0,0.0,2008,0.0,98001,47.2874,-122.257,1767.0,8000.0,2015-03-17,216000.0
662440020,4.0,2.5,2420.0,4981.0,2.0,0.0,0.0,3,9,2420.0,0.0,2009,0.0,98038,47.3785,-122.023,2420.0,5000.0,2015-02-26,380000.0
255370020,4.0,2.5,2020.0,3600.0,2.0,0.0,0.0,3,7,2020.0,0.0,2012,0.0,98038,47.3535,-122.017,2210.0,3800.0,2014-11-06,345000.0
293810190,4.0,2.5,2400.0,6811.0,2.0,0.0,0.0,3,8,2400.0,0.0,2007,0.0,98059,47.4959,-122.15,2710.0,5314.0,2014-11-04,456500.0
8091670190,3.0,2.5,1760.0,5390.0,1.0,0.0,0.0,3,8,1760.0,0.0,2014,0.0,98038,47.3482,-122.042,2310.0,5117.0,2014-11-04,382495.0
1760650280,4.0,2.5,2110.0,4178.0,2.0,0.0,0.0,3,7,2110.0,0.0,2013,0.0,98042,47.3612,-122.081,2300.0,4142.0,2015-03-06,324950.0
6306800010,4.0,2.5,2692.0,8392.0,2.0,0.0,0.0,3,9,2692.0,0.0,2014,0.0,98030,47.3519,-122.197,2574.0,14446.0,2014-08-11,436472.0
982850010,3.0,2.25,1490.0,4522.0,2.0,0.0,0.0,3,7,1490.0,0.0,2009,0.0,98028,47.7611,-122.233,1580.0,4667.0,2014-05-30,365250.0
6705600020,5.0,3.25,3960.0,6352.0,2.0,0.0,0.0,3,10,3960.0,0.0,2014,0.0,98075,47.5806,-122.055,2930.0,9875.0,2015-03-24,919990.0
9478550430,4.0,2.5,1740.0,4642.0,2.0,0.0,0.0,3,7,1740.0,,2012,0.0,98042,47.3686,-122.117,1950.0,4642.0,2015-04-29,316475.0
5498100010,4.0,2.5,1940.0,4517.0,1.0,0.0,0.0,3,8,1190.0,750.0,2010,0.0,98028,47.776,-122.26,1910.0,10410.0,2015-03-24,425000.0
7625702901,2.0,1.0,970.0,3279.0,2.0,0.0,0.0,3,7,790.0,180.0,2007,0.0,98136,47.5469,-122.383,1150.0,1351.0,2015-03-11,302860.0
301401410,3.0,2.5,1852.0,4000.0,2.0,0.0,0.0,3,7,1852.0,0.0,2014,0.0,98002,47.3455,-122.21,2166.0,4000.0,2014-07-22,298000.0
251500080,4.0,4.0,4810.0,18851.0,2.0,0.0,3.0,3,11,4810.0,0.0,2007,0.0,98004,47.6364,-122.214,3970.0,19929.0,2014-08-26,3200000.0
521049227,4.0,4.0,5635.0,9695.0,2.0,,3.0,3,10,4360.0,1275.0,2011,0.0,98003,47.3389,-122.334,3726.0,9765.0,2014-12-01,950000.0
100300500,3.0,2.5,1520.0,3041.0,2.0,0.0,0.0,3,7,1520.0,0.0,2009,0.0,98059,47.4874,-122.152,1820.0,3229.0,2014-11-21,333000.0
8669160460,3.0,2.5,2099.0,4275.0,2.0,0.0,0.0,3,7,2099.0,0.0,2010,0.0,98002,47.3521,-122.211,2099.0,4275.0,2015-03-05,289950.0
2810100007,3.0,2.25,1250.0,811.0,3.0,0.0,0.0,3,8,1250.0,0.0,2014,0.0,98136,47.5419,-122.388,1250.0,1232.0,2015-05-06,419950.0
6749700006,2.0,1.5,1090.0,1183.0,3.0,0.0,0.0,3,8,1090.0,0.0,2008,0.0,98103,47.6974,-122.349,1110.0,1384.0,2014-07-15,306000.0
1085623730,4.0,2.5,3216.0,5902.0,2.0,0.0,0.0,3,9,3216.0,0.0,2014,0.0,98030,47.3425,-122.179,2815.0,4916.0,2014-11-29,498445.0
6666830430,4.0,2.5,2970.0,4400.0,2.0,0.0,0.0,3,8,2970.0,0.0,2014,0.0,98052,47.705,-122.114,3010.0,4892.0,2014-06-20,775950.0
7852110380,3.0,2.5,2610.0,6405.0,2.0,0.0,0.0,3,8,2610.0,0.0,2001,0.0,98065,47.5373,-121.874,2580.0,6285.0,2014-07-03,605000.0
8080400177,2.0,1.75,1340.0,1368.0,2.0,0.0,0.0,3,7,1060.0,280.0,2006,0.0,98122,47.618,-122.311,2480.0,1707.0,2014-09-09,520000.0
293070010,4.0,2.75,3300.0,4987.0,2.0,0.0,0.0,3,9,3300.0,0.0,2014,0.0,98074,47.6175,-122.056,3520.0,5453.0,2014-10-28,849990.0
9144100007,3.0,2.0,1630.0,7599.0,1.0,,0.0,3,10,1630.0,0.0,2006,0.0,98117,47.6981,-122.376,2030.0,7599.0,2014-06-04,767450.0
7234601142,3.0,2.25,1590.0,929.0,2.0,0.0,0.0,3,9,1060.0,530.0,2014,0.0,98122,47.6172,-122.31,1510.0,1193.0,2014-08-08,665000.0
1972200426,2.0,2.75,1310.0,1268.0,3.5,0.0,0.0,3,8,1310.0,0.0,2007,0.0,98103,47.6534,-122.355,1350.0,1288.0,2014-09-18,525000.0
7768800280,4.0,3.5,3600.0,5697.0,2.0,0.0,0.0,3,9,2940.0,660.0,2014,0.0,98075,47.5755,-122.071,3490.0,5911.0,2014-07-22,870515.0
9512200420,4.0,2.5,2154.0,4153.0,2.0,,0.0,3,9,2154.0,0.0,2012,0.0,98058,47.4557,-122.13,2154.0,4091.0,2014-07-21,390000.0
7132300525,3.0,1.75,1530.0,825.0,3.0,0.0,0.0,3,8,1530.0,0.0,2015,0.0,98144,47.5929,-122.308,1580.0,1915.0,2015-04-11,500000.0
7515000143,3.0,2.25,1360.0,1041.0,2.0,0.0,0.0,3,8,1094.0,266.0,2006,0.0,98117,47.6925,-122.375,1522.0,1382.0,2014-08-05,399950.0
3395070440,3.0,2.5,1320.0,2480.0,2.0,0.0,0.0,3,7,1320.0,0.0,2005,0.0,98118,47.536,-122.284,1320.0,3240.0,2015-02-09,305000.0
629650380,4.0,2.5,1660.0,6724.0,2.0,0.0,0.0,3,7,1660.0,0.0,2009,0.0,98001,47.259,-122.256,1544.0,6054.0,2015-01-23,255000.0
1115600130,4.0,2.5,2891.0,6499.0,2.0,0.0,0.0,3,9,2891.0,0.0,2014,0.0,98001,47.3359,-122.257,2550.0,8383.0,2014-09-30,415000.0
8562790950,3.0,2.5,2340.0,2155.0,2.0,0.0,0.0,3,10,2120.0,220.0,2012,0.0,98027,47.53,-122.073,2640.0,2680.0,2015-03-27,716500.0
3413700130,3.0,2.5,2320.0,2267.0,3.0,0.0,0.0,3,8,2320.0,0.0,2009,0.0,98177,47.7027,-122.359,1240.0,1883.0,2014-06-25,425000.0
9532000170,4.0,2.5,2190.0,3855.0,2.0,,0.0,3,8,2190.0,0.0,2010,0.0,98011,47.7705,-122.169,2190.0,3600.0,2015-02-17,540000.0
255450380,3.0,2.5,2060.0,4742.0,2.0,0.0,0.0,3,8,2060.0,0.0,2014,0.0,98038,47.3706,-122.017,2370.0,4725.0,2014-08-04,324747.0
7203140420,3.0,2.5,1740.0,4145.0,2.0,0.0,0.0,3,7,1740.0,0.0,2010,0.0,98053,47.6875,-122.015,1740.0,4045.0,2015-01-28,385000.0
1760650670,3.0,2.25,1400.0,3825.0,2.0,0.0,0.0,3,7,1400.0,0.0,2012,0.0,98042,47.3596,-122.082,2110.0,3825.0,2014-08-12,270000.0
5556300098,5.0,4.0,4410.0,14380.0,2.0,0.0,0.0,3,11,4410.0,0.0,2006,0.0,98052,47.6463,-122.121,2720.0,11454.0,2014-06-12,1240000.0
8129700743,3.0,2.5,1780.0,1647.0,2.0,0.0,0.0,3,8,1080.0,700.0,2008,0.0,98103,47.6597,-122.355,2000.0,1741.0,2015-04-16,672000.0
3023000050,3.0,2.5,1760.0,10137.0,2.0,0.0,0.0,3,8,1760.0,0.0,2010,0.0,98038,47.355,-122.059,2000.0,6935.0,2015-01-29,310000.0
518500480,3.0,3.5,4410.0,10756.0,2.0,1.0,4.0,3,11,3430.0,980.0,2014,0.0,98056,47.5283,-122.205,3550.0,5634.0,2014-08-11,3000000.0
1725059127,6.0,4.25,5550.0,11547.0,2.0,,2.0,3,11,4270.0,1280.0,2014,0.0,98033,47.6547,-122.202,3480.0,11547.0,2015-02-25,2350000.0
9511120050,3.0,2.5,2432.0,9391.0,2.0,0.0,2.0,3,9,2432.0,0.0,2005,0.0,98001,47.3453,-122.267,2912.0,8932.0,2014-06-27,427000.0
8943600430,3.0,2.5,2283.0,3996.0,2.0,0.0,0.0,3,8,2283.0,0.0,2008,0.0,98031,47.4221,-122.192,1760.0,3992.0,2015-04-23,389950.0
9429400170,3.0,2.5,1860.0,3730.0,2.0,0.0,0.0,3,8,1860.0,0.0,2012,0.0,98019,47.7442,-121.984,2110.0,4509.0,2014-06-25,309620.0
3845101150,4.0,2.5,2701.0,4500.0,2.0,0.0,0.0,3,9,2701.0,0.0,2014,0.0,98092,47.2586,-122.194,2570.0,4800.0,2014-07-01,399895.0
1085623560,4.0,2.5,2930.0,4875.0,2.0,0.0,0.0,3,9,2930.0,0.0,2014,0.0,98030,47.3421,-122.179,2815.0,4900.0,2015-02-02,442515.0
263000255,3.0,2.25,1540.0,1561.0,3.0,0.0,0.0,3,8,1540.0,0.0,2010,0.0,98103,47.6991,-122.346,1540.0,1547.0,2014-12-02,375000.0
7299600130,3.0,2.5,2242.0,4500.0,2.0,0.0,0.0,3,8,2242.0,0.0,2014,0.0,98092,47.2583,-122.198,2009.0,4500.0,2014-07-02,309780.0
7853320280,3.0,2.5,1950.0,4345.0,2.0,0.0,0.0,3,7,1950.0,0.0,2007,0.0,98065,47.5202,-121.873,2260.0,4345.0,2015-03-12,425000.0
4253400098,2.0,3.0,1160.0,1073.0,2.0,0.0,0.0,3,7,880.0,280.0,2007,0.0,98144,47.5788,-122.315,1250.0,4812.0,2015-05-01,405000.0
3814900380,3.0,2.5,2060.0,5115.0,2.0,0.0,0.0,3,9,2060.0,0.0,2014,0.0,98092,47.3261,-122.163,2648.0,4500.0,2014-07-19,356250.0
6821101732,3.0,2.25,1230.0,875.0,3.0,0.0,0.0,3,8,1230.0,0.0,2013,0.0,98199,47.6521,-122.4,1760.0,5664.0,2015-02-19,550000.0
3644100086,2.0,1.5,1160.0,1438.0,2.0,0.0,0.0,3,7,1160.0,0.0,2001,0.0,98144,47.5917,-122.295,1220.0,1740.0,2014-05-05,340000.0
7237450080,4.0,2.5,2245.0,4301.0,2.0,0.0,0.0,3,8,2245.0,0.0,2014,0.0,98038,47.3555,-122.063,2530.0,4478.0,2014-08-23,362865.0
6389970010,4.0,3.5,4120.0,12626.0,2.0,0.0,1.0,3,11,3970.0,150.0,2014,0.0,98034,47.7089,-122.245,4120.0,11913.0,2015-03-23,1360000.0
9578090050,4.0,2.5,3400.0,9692.0,2.0,,0.0,3,9,3400.0,0.0,2007,0.0,98052,47.708,-122.109,3070.0,7375.0,2014-05-05,830000.0
1489300005,5.0,3.75,4270.0,7500.0,2.0,0.0,0.0,3,10,3210.0,1060.0,2014,0.0,98033,47.6845,-122.207,2410.0,8350.0,2014-08-01,1600000.0
7768800290,4.0,3.5,2890.0,5911.0,2.0,,0.0,3,9,2370.0,520.0,2014,0.0,98075,47.5754,-122.071,3490.0,6093.0,2015-03-04,855000.0
1245003220,5.0,3.5,3220.0,8000.0,2.0,0.0,0.0,3,9,2900.0,320.0,2008,0.0,98033,47.6834,-122.2,2100.0,9680.0,2014-08-19,1210000.0
5608000010,4.0,3.5,4010.0,15365.0,2.0,0.0,1.0,3,11,4010.0,0.0,2006,0.0,98027,47.5528,-122.093,3550.0,13429.0,2014-08-11,1390000.0
5379805260,4.0,3.5,2260.0,30250.0,2.0,0.0,0.0,3,7,2260.0,0.0,2013,0.0,98188,47.4493,-122.281,1270.0,16350.0,2015-03-26,400200.0
3278600670,2.0,1.0,1140.0,1730.0,1.5,0.0,0.0,3,8,1010.0,130.0,2007,0.0,98126,47.5494,-122.372,1360.0,1730.0,2014-05-23,235000.0
2781240050,3.0,2.0,1640.0,4714.0,1.0,0.0,0.0,3,8,1640.0,0.0,2009,0.0,98038,47.3539,-122.021,1770.0,4802.0,2015-05-07,349950.0
7502800050,4.0,2.75,3510.0,9400.0,2.0,0.0,0.0,3,9,3510.0,,2014,0.0,98059,47.4827,-122.131,3550.0,9429.0,2014-07-09,659950.0
9544700500,3.0,2.75,3010.0,1842.0,2.0,0.0,0.0,3,9,3010.0,0.0,2011,0.0,98075,47.5836,-121.994,2950.0,4200.0,2014-05-08,785000.0
2771603314,2.0,2.25,1060.0,925.0,2.0,0.0,0.0,3,8,980.0,80.0,2006,0.0,98199,47.6386,-122.388,1020.0,4000.0,2015-04-16,475000.0
4181200680,3.0,2.5,1658.0,2700.0,2.0,0.0,0.0,3,8,1658.0,0.0,2014,0.0,98198,47.3667,-122.307,1658.0,2700.0,2014-05-27,263900.0
9347300010,3.0,2.5,1960.0,3540.0,2.0,0.0,0.0,3,8,1960.0,0.0,2012,0.0,98038,47.3568,-122.055,1840.0,3825.0,2015-05-01,342000.0
255450020,3.0,2.5,2420.0,4725.0,2.0,0.0,0.0,3,8,2420.0,0.0,2014,0.0,98038,47.371,-122.018,2370.0,4200.0,2014-09-18,367899.0
7230200585,3.0,3.5,3420.0,23786.0,1.5,,0.0,3,9,3420.0,0.0,2014,0.0,98059,47.4739,-122.11,1590.0,23774.0,2015-02-04,657044.0
9828702771,2.0,1.5,893.0,965.0,2.0,,0.0,3,8,893.0,0.0,2007,0.0,98122,47.6187,-122.301,1340.0,1436.0,2014-11-13,359950.0
9492500170,4.0,2.75,3020.0,7203.0,2.0,0.0,0.0,3,9,3020.0,0.0,2014,0.0,98033,47.6948,-122.178,3010.0,7215.0,2014-07-23,879950.0
9265880170,4.0,2.5,2470.0,5954.0,2.0,,0.0,3,8,2470.0,0.0,2013,0.0,98028,47.7685,-122.236,2470.0,4800.0,2014-08-26,550000.0
7299600920,4.0,2.5,2009.0,4800.0,2.0,0.0,0.0,3,8,2009.0,0.0,2012,0.0,98092,47.2586,-122.2,1798.0,4800.0,2014-12-09,279000.0
8690600050,3.0,2.5,1530.0,1116.0,2.5,0.0,0.0,3,7,1530.0,0.0,2005,0.0,98028,47.7385,-122.25,1530.0,7780.0,2014-07-18,255000.0
1176001119,3.0,1.75,1590.0,1113.0,3.0,0.0,0.0,3,8,1590.0,0.0,2014,0.0,98107,47.6691,-122.402,1520.0,1357.0,2015-02-24,609500.0
3449850050,5.0,3.0,2630.0,3149.0,2.0,0.0,0.0,3,8,1670.0,960.0,2013,0.0,98056,47.5065,-122.171,2240.0,4825.0,2014-06-20,420000.0
9211000170,4.0,2.5,3230.0,7187.0,2.0,0.0,0.0,3,9,3230.0,0.0,2008,0.0,98059,47.4995,-122.15,2950.0,6537.0,2014-10-08,570000.0
6056111350,3.0,2.25,1430.0,2343.0,2.0,0.0,0.0,3,8,1430.0,0.0,2012,0.0,98108,47.5648,-122.294,1270.0,1916.0,2015-05-12,439000.0
7299601630,3.0,2.5,2242.0,5744.0,2.0,0.0,0.0,3,8,2242.0,0.0,2012,0.0,98092,47.2597,-122.199,2009.0,5712.0,2014-11-08,310000.0
7133300380,4.0,2.5,2500.0,4000.0,2.0,0.0,0.0,3,8,2500.0,0.0,2014,0.0,98144,47.5902,-122.311,1480.0,4300.0,2015-02-09,635000.0
2770601775,3.0,2.5,1230.0,922.0,2.0,0.0,0.0,3,8,1080.0,150.0,2009,0.0,98199,47.6518,-122.384,1230.0,1237.0,2014-11-28,399950.0
3630200630,4.0,2.5,3020.0,3600.0,2.5,0.0,0.0,3,9,3020.0,0.0,2009,0.0,98029,47.5407,-121.993,2570.0,3600.0,2014-08-05,805000.0
4385700250,4.0,3.5,3480.0,4000.0,2.0,0.0,0.0,3,9,2460.0,1020.0,2015,0.0,98112,47.6356,-122.281,2620.0,4000.0,2015-04-07,1800000.0
6430500182,4.0,3.0,3330.0,7650.0,1.0,,0.0,3,9,1830.0,1500.0,2008,0.0,98103,47.6889,-122.352,1200.0,3876.0,2015-04-03,1210000.0
8029770190,4.0,2.5,3400.0,4840.0,2.0,0.0,0.0,3,10,3190.0,210.0,2006,0.0,98059,47.5066,-122.146,3400.0,5710.0,2014-10-15,745000.0
5393600507,2.0,1.5,830.0,1119.0,2.0,,0.0,3,7,830.0,0.0,2005,0.0,98144,47.5828,-122.314,1480.0,3622.0,2014-06-24,329445.0
207700050,5.0,3.0,3110.0,4464.0,2.0,0.0,0.0,3,8,3110.0,0.0,2007,0.0,98011,47.7719,-122.168,2450.0,4221.0,2014-10-15,588000.0
8138870470,3.0,2.5,1910.0,2091.0,2.0,0.0,0.0,3,8,1910.0,0.0,2014,0.0,98029,47.5445,-122.013,1630.0,1546.0,2014-07-07,494815.0
7853370020,3.0,2.75,3230.0,5250.0,2.0,0.0,0.0,3,9,2680.0,550.0,2014,0.0,98065,47.5196,-121.878,2710.0,5250.0,2014-10-14,591975.0
3304300380,5.0,2.75,3380.0,8179.0,2.0,0.0,0.0,3,9,3380.0,0.0,2011,0.0,98059,47.4827,-122.135,2840.0,8179.0,2015-01-08,600000.0
3528960020,3.0,2.75,2830.0,3496.0,2.0,0.0,0.0,3,8,2830.0,0.0,2012,0.0,98029,47.5606,-122.011,2160.0,3501.0,2014-07-08,673000.0
1853080840,5.0,3.5,3700.0,7055.0,2.0,,0.0,3,9,3700.0,0.0,2014,0.0,98074,47.5929,-122.057,3170.0,6527.0,2015-02-11,889950.0
7852130460,4.0,3.0,2520.0,4104.0,2.0,,0.0,3,7,2520.0,0.0,2002,0.0,98065,47.5352,-121.88,2510.0,5015.0,2015-03-25,500000.0
2768301357,3.0,2.25,1530.0,1396.0,2.0,0.0,0.0,3,8,1240.0,290.0,2007,0.0,98107,47.666,-122.367,1690.0,2500.0,2014-10-01,500000.0
8562710250,4.0,4.25,4420.0,5750.0,2.0,0.0,0.0,3,10,3410.0,1010.0,2006,0.0,98027,47.5404,-122.073,4420.0,5750.0,2014-05-05,890000.0
6824100014,3.0,3.0,1460.0,1180.0,3.0,0.0,0.0,3,8,1460.0,0.0,2006,0.0,98117,47.6998,-122.367,1460.0,1224.0,2015-04-29,437000.0
7905200061,3.0,2.25,1450.0,1486.0,2.0,0.0,0.0,3,8,1160.0,290.0,2006,0.0,98116,47.5694,-122.387,1370.0,1437.0,2014-09-05,419700.0
3524039228,3.0,2.0,1160.0,3441.0,1.0,0.0,0.0,4,6,580.0,580.0,1930,0.0,98136,47.5314,-122.392,1160.0,4000.0,2014-07-23,394000.0
2781240040,3.0,2.0,1640.0,4802.0,1.0,0.0,0.0,3,8,1640.0,0.0,2010,0.0,98038,47.3538,-122.021,1940.0,4802.0,2014-08-06,342000.0
1222029064,3.0,1.75,1444.0,249126.0,1.5,0.0,0.0,3,7,1444.0,0.0,2008,0.0,98070,47.4104,-122.486,1760.0,224770.0,2014-06-26,420000.0
9523100730,3.0,2.5,1620.0,1173.0,3.0,0.0,4.0,3,8,1470.0,150.0,2008,0.0,98103,47.6681,-122.355,1620.0,1505.0,2014-05-23,580000.0
5649600464,2.0,1.5,1100.0,1228.0,2.0,,0.0,3,7,900.0,200.0,2007,0.0,98118,47.5538,-122.282,1340.0,1380.0,2015-03-27,343000.0
7548301050,2.0,1.5,1340.0,1402.0,2.0,0.0,0.0,3,8,1120.0,220.0,2008,0.0,98144,47.588,-122.304,1340.0,1213.0,2015-04-02,390000.0
9542840450,3.0,1.5,1450.0,4694.0,2.0,0.0,0.0,3,7,1450.0,0.0,2011,0.0,98038,47.3654,-122.021,1870.0,4198.0,2014-08-11,274000.0
126039467,4.0,2.5,3040.0,7200.0,2.0,0.0,0.0,3,9,3040.0,0.0,2008,0.0,98177,47.7747,-122.366,2360.0,8245.0,2015-01-14,700000.0
7936000463,4.0,2.5,2560.0,7210.0,2.0,0.0,0.0,3,9,2560.0,0.0,2006,0.0,98136,47.5535,-122.395,2160.0,10439.0,2015-04-16,838000.0
3021059304,6.0,3.0,2744.0,9926.0,2.0,0.0,0.0,3,7,2744.0,0.0,2006,0.0,98002,47.2773,-122.216,2470.0,9926.0,2014-09-17,300000.0
3362401758,3.0,2.25,1420.0,990.0,3.0,0.0,0.0,3,8,1420.0,0.0,2008,0.0,98103,47.6801,-122.348,1350.0,1415.0,2014-09-03,467000.0
886000090,2.0,1.0,700.0,7457.0,1.0,0.0,0.0,3,6,700.0,0.0,1943,0.0,98108,47.5348,-122.295,1500.0,7130.0,2015-03-02,395000.0
1196003740,5.0,4.25,4110.0,42755.0,2.0,0.0,0.0,3,10,2970.0,1140.0,2000,0.0,98023,47.3375,-122.337,2730.0,12750.0,2014-09-24,734000.0
5045700090,5.0,2.75,2670.0,4780.0,2.0,0.0,0.0,3,8,2670.0,0.0,2013,0.0,98059,47.4866,-122.155,2560.0,5380.0,2015-01-06,480000.0
1604601801,3.0,2.75,2130.0,1400.0,2.0,0.0,0.0,3,9,1080.0,1050.0,2010,0.0,98118,47.5661,-122.29,1520.0,3132.0,2015-02-17,539000.0
5057100090,5.0,2.75,3078.0,6371.0,2.0,0.0,0.0,3,9,3078.0,0.0,2014,0.0,98042,47.3587,-122.163,1979.0,19030.0,2015-05-05,459950.0
3869900146,2.0,1.0,840.0,892.0,2.0,0.0,0.0,3,7,840.0,0.0,2006,0.0,98136,47.5396,-122.387,1030.0,1007.0,2014-10-30,306500.0
3862710180,3.0,2.5,1800.0,2731.0,2.0,0.0,0.0,3,8,1800.0,0.0,2014,0.0,98065,47.5342,-121.841,1800.0,3265.0,2015-03-26,408474.0
1023059246,3.0,2.75,2580.0,5200.0,2.0,,0.0,3,8,2580.0,0.0,2008,0.0,98059,47.496,-122.151,2700.0,5602.0,2014-05-14,437000.0
6056100150,3.0,1.5,1270.0,2356.0,2.0,0.0,0.0,3,7,1270.0,0.0,2012,0.0,98108,47.5671,-122.298,1490.0,2175.0,2014-06-23,160797.0
3342700464,4.0,3.5,3065.0,5440.0,3.0,0.0,0.0,3,9,3065.0,0.0,2014,0.0,98056,47.524,-122.2,2210.0,8400.0,2015-01-07,729000.0
3026059362,3.0,2.5,1861.0,1587.0,2.0,0.0,0.0,3,8,1578.0,283.0,2007,0.0,98034,47.7043,-122.209,2090.0,10454.0,2014-10-31,499000.0
1327600150,4.0,2.75,2260.0,5705.0,2.0,0.0,0.0,3,8,2260.0,0.0,2014,0.0,98042,47.3726,-122.159,2260.0,5727.0,2014-10-16,359950.0
2895730540,5.0,3.25,4150.0,7100.0,2.0,0.0,0.0,3,10,4150.0,0.0,2013,0.0,98074,47.6026,-122.06,3560.0,7214.0,2014-12-10,929000.0
2768200209,2.0,2.5,1500.0,1174.0,2.0,0.0,0.0,3,8,1140.0,360.0,2014,0.0,98107,47.6689,-122.363,1550.0,1519.0,2014-10-06,529950.0
9268851380,3.0,2.25,1620.0,998.0,2.5,0.0,0.0,3,8,1540.0,80.0,2012,0.0,98027,47.5394,-122.027,1620.0,1068.0,2015-04-03,461000.0
7625703007,2.0,1.5,830.0,1325.0,2.0,0.0,0.0,3,7,830.0,0.0,2005,0.0,98136,47.5472,-122.384,1310.0,1485.0,2014-10-14,271115.0
7202280580,4.0,2.5,3120.0,5137.0,2.0,0.0,0.0,3,7,3120.0,0.0,2003,0.0,98053,47.6842,-122.04,2755.0,5137.0,2015-01-06,653000.0
1972202187,3.0,2.5,1870.0,1058.0,3.0,0.0,0.0,3,8,1380.0,490.0,2007,0.0,98103,47.6512,-122.345,1440.0,1136.0,2014-10-24,565000.0
2767600985,3.0,2.25,1240.0,1250.0,3.0,0.0,0.0,3,8,1240.0,0.0,2014,0.0,98107,47.6748,-122.377,1470.0,1250.0,2014-12-04,529950.0
5631501202,4.0,2.5,2820.0,5612.0,2.0,0.0,0.0,3,9,2820.0,0.0,2007,0.0,98028,47.7477,-122.236,1620.0,14881.0,2015-03-26,585000.0
1972200556,3.0,1.75,1630.0,1526.0,3.0,,0.0,3,8,1630.0,0.0,2014,0.0,98103,47.6536,-122.354,1570.0,1274.0,2014-07-03,609000.0
301400930,3.0,2.25,1584.0,2800.0,2.0,0.0,0.0,3,7,1584.0,0.0,2012,0.0,98002,47.3454,-122.214,1584.0,2800.0,2014-06-18,267000.0
9265880040,4.0,2.5,2840.0,4500.0,2.0,0.0,0.0,3,8,2840.0,0.0,2012,0.0,98028,47.7678,-122.237,2840.0,4939.0,2014-05-09,557000.0
7853280610,4.0,3.25,3910.0,6293.0,2.0,0.0,0.0,3,9,3130.0,780.0,2006,0.0,98065,47.5389,-121.86,4410.0,6015.0,2014-11-17,709950.0
1972200847,3.0,2.5,1730.0,1301.0,3.0,0.0,0.0,3,9,1730.0,0.0,2011,0.0,98103,47.653,-122.352,1330.0,1240.0,2014-07-18,625000.0
8562790940,3.0,2.75,1840.0,2060.0,2.0,0.0,0.0,3,10,1700.0,140.0,2013,0.0,98027,47.53,-122.073,2590.0,2680.0,2014-12-23,599000.0
1623089165,4.0,3.75,4030.0,503989.0,2.0,0.0,0.0,3,10,4030.0,0.0,2008,0.0,98045,47.4807,-121.795,2110.0,71874.0,2015-05-06,920000.0
6788200596,4.0,3.5,3440.0,3800.0,3.0,0.0,0.0,3,9,3440.0,0.0,2014,0.0,98112,47.6408,-122.307,1760.0,3800.0,2014-10-16,1290000.0
1760650610,4.0,2.5,2110.0,3825.0,2.0,,0.0,3,7,2110.0,0.0,2012,0.0,98042,47.3602,-122.082,2110.0,3825.0,2015-03-30,324500.0
7853360850,3.0,2.5,2430.0,5866.0,2.0,0.0,0.0,3,7,2430.0,0.0,2009,0.0,98065,47.5158,-121.871,2380.0,5866.0,2015-01-16,471500.0
2526069092,4.0,3.75,4690.0,207141.0,2.0,0.0,0.0,3,10,4030.0,660.0,2007,0.0,98019,47.7072,-121.983,2890.0,200527.0,2014-08-08,1020000.0
2424059061,4.0,3.5,3500.0,43560.0,2.0,0.0,0.0,3,9,2850.0,650.0,2014,0.0,98006,47.5481,-122.103,3640.0,40545.0,2014-11-11,998000.0
7661600206,4.0,2.5,2070.0,8685.0,2.0,0.0,0.0,3,7,2070.0,0.0,2006,0.0,98188,47.4697,-122.267,2170.0,9715.0,2015-01-29,262000.0
8149600065,4.0,3.5,3350.0,6350.0,2.0,0.0,2.0,3,8,2610.0,740.0,2009,0.0,98116,47.5602,-122.39,1820.0,6350.0,2015-04-01,844000.0
6666830120,4.0,2.5,2440.0,4850.0,2.0,0.0,0.0,3,8,2440.0,0.0,2013,0.0,98052,47.7043,-122.114,2970.0,5450.0,2014-06-24,745641.0
3034200087,5.0,3.0,3010.0,7357.0,2.0,0.0,0.0,3,9,3010.0,0.0,2008,0.0,98133,47.7226,-122.33,2370.0,8050.0,2014-12-12,659950.0
255450410,3.0,2.5,2060.0,4200.0,2.0,0.0,0.0,3,8,2060.0,0.0,2014,0.0,98038,47.3706,-122.018,2370.0,4200.0,2014-08-04,339989.0
3438501327,2.0,2.5,1570.0,2399.0,2.0,0.0,0.0,3,7,1180.0,390.0,2009,0.0,98106,47.5488,-122.364,1590.0,2306.0,2015-05-04,352500.0
9828702389,3.0,2.5,1580.0,1161.0,2.0,0.0,0.0,3,8,1010.0,570.0,2008,0.0,98112,47.6206,-122.299,1680.0,1177.0,2014-05-13,525000.0
8691440330,5.0,3.5,4280.0,6530.0,2.0,0.0,3.0,3,10,4280.0,0.0,2014,0.0,98075,47.5941,-121.973,3960.0,6863.0,2014-09-29,1140000.0
1085623740,5.0,3.5,2815.0,4900.0,2.0,0.0,0.0,3,9,2815.0,0.0,2011,0.0,98030,47.3424,-122.179,2798.0,4900.0,2014-08-12,491000.0
1424069110,4.0,2.5,2620.0,6114.0,2.0,0.0,0.0,3,9,2620.0,0.0,2011,0.0,98029,47.5603,-122.013,2620.0,5808.0,2014-07-18,675000.0
993001914,3.0,2.25,1250.0,1033.0,3.0,0.0,0.0,3,8,1250.0,0.0,2007,0.0,98103,47.6907,-122.343,1250.0,1150.0,2015-01-06,344000.0
9211010220,4.0,2.5,3250.0,4500.0,2.0,0.0,0.0,3,8,3250.0,0.0,2008,0.0,98059,47.4944,-122.15,3030.0,4598.0,2014-11-04,530000.0
2143701015,4.0,3.25,2510.0,7686.0,2.0,0.0,0.0,3,9,2510.0,0.0,2003,0.0,98055,47.4785,-122.228,2510.0,6732.0,2014-12-10,290500.0
6056111430,2.0,1.75,1270.0,1685.0,2.0,,0.0,3,8,1270.0,0.0,2012,0.0,98108,47.5646,-122.295,1270.0,1843.0,2015-01-13,335000.0
1925059254,5.0,4.0,6670.0,16481.0,2.0,0.0,0.0,3,12,4960.0,1710.0,2007,0.0,98004,47.6409,-122.221,4800.0,16607.0,2015-05-07,3000000.0
3278606200,3.0,2.5,1580.0,3075.0,2.0,0.0,0.0,3,8,1580.0,0.0,2013,0.0,98126,47.545,-122.368,1710.0,2934.0,2014-09-19,379000.0
3126049501,3.0,1.5,1360.0,2030.0,3.0,0.0,0.0,3,8,1360.0,0.0,2008,0.0,98103,47.6961,-122.349,1360.0,1167.0,2014-07-17,385000.0
4305600360,4.0,2.5,2400.0,9612.0,1.0,0.0,0.0,3,8,1230.0,1170.0,1962,20090.0,98059,47.4799,-122.127,2430.0,5539.0,2015-02-25,500012.0
6632300212,3.0,3.0,1571.0,2017.0,3.0,0.0,0.0,3,8,1571.0,0.0,2008,0.0,98125,47.7338,-122.309,1520.0,1497.0,2014-05-05,366750.0
1189000492,2.0,2.0,1405.0,1073.0,2.0,0.0,0.0,3,8,1140.0,265.0,2007,0.0,98122,47.612,-122.295,1405.0,3000.0,2014-06-06,405000.0
3319500628,3.0,1.5,1010.0,1546.0,2.0,,0.0,3,8,1010.0,0.0,1971,20140.0,98144,47.5998,-122.311,1010.0,1517.0,2015-02-12,356999.0
2436700625,2.0,2.5,1450.0,1281.0,2.0,0.0,0.0,3,8,1220.0,230.0,2006,0.0,98105,47.665,-122.285,1440.0,1281.0,2015-04-17,590000.0
3679400474,3.0,1.75,1420.0,1361.0,2.0,0.0,0.0,3,7,960.0,460.0,2014,0.0,98108,47.5684,-122.314,1340.0,1343.0,2014-11-04,294000.0
7203190110,4.0,2.5,2650.0,4644.0,2.0,0.0,0.0,3,8,2650.0,0.0,2013,0.0,98053,47.6945,-122.018,2640.0,5099.0,2015-04-26,731500.0
1853080850,5.0,2.75,3030.0,7679.0,2.0,0.0,0.0,3,9,3030.0,0.0,2014,0.0,98074,47.593,-122.057,3080.0,6341.0,2014-06-06,837219.0
1125079111,4.0,5.5,6530.0,871200.0,2.0,0.0,2.0,3,11,6530.0,0.0,2008,0.0,98014,47.664,-121.878,1280.0,858132.0,2015-04-15,1600000.0
518500610,3.0,2.75,2670.0,3738.0,1.0,,0.0,3,10,1720.0,950.0,2013,0.0,98056,47.5299,-122.203,2610.0,3734.0,2014-06-16,798800.0
293670040,2.0,2.5,1170.0,809.0,2.0,0.0,0.0,3,9,1170.0,0.0,2007,0.0,98103,47.6875,-122.339,1170.0,1121.0,2014-10-08,482500.0
3303970100,4.0,2.5,3260.0,26772.0,2.0,0.0,0.0,3,9,3260.0,0.0,2007,0.0,98027,47.5115,-122.031,3260.0,14491.0,2015-03-06,820000.0
3834000594,3.0,1.5,1480.0,1722.0,3.0,0.0,0.0,3,7,1480.0,0.0,2007,0.0,98125,47.728,-122.292,1480.0,5764.0,2014-07-11,319000.0
3342100569,3.0,2.5,2700.0,6947.0,2.0,,3.0,3,9,2700.0,0.0,2013,0.0,98056,47.5172,-122.208,2500.0,6947.0,2014-08-13,950000.0
7237501380,4.0,3.5,4640.0,13404.0,2.0,0.0,0.0,3,10,4640.0,0.0,2007,0.0,98059,47.531,-122.134,4690.0,13590.0,2015-05-07,1270000.0
2325300093,3.0,2.5,1601.0,2491.0,3.0,,0.0,3,7,1536.0,65.0,2007,0.0,98125,47.719,-122.317,1420.0,1156.0,2014-07-07,378000.0
9808100150,5.0,3.75,5350.0,15360.0,1.0,0.0,1.0,3,11,3040.0,2310.0,2008,0.0,98004,47.648,-122.218,3740.0,15940.0,2015-04-02,3350000.0
3332500085,3.0,2.5,2540.0,5237.0,2.0,,0.0,3,8,2540.0,0.0,2011,0.0,98118,47.5492,-122.276,1800.0,4097.0,2014-10-27,489950.0
3869900150,2.0,1.75,1030.0,1106.0,2.0,0.0,0.0,3,7,765.0,265.0,2006,0.0,98136,47.5397,-122.387,1030.0,1066.0,2015-04-27,345000.0
2011400401,3.0,2.5,2730.0,7136.0,2.0,0.0,0.0,3,8,2730.0,0.0,2012,0.0,98198,47.3938,-122.321,2130.0,8932.0,2015-02-26,510000.0
9578501030,4.0,2.5,3172.0,5033.0,2.0,,0.0,3,8,3172.0,0.0,2014,0.0,98023,47.2961,-122.348,2704.0,5232.0,2014-07-29,432500.0
8029770410,4.0,2.5,3160.0,8530.0,2.0,0.0,0.0,3,9,3160.0,0.0,2006,0.0,98059,47.5075,-122.148,3160.0,6460.0,2015-04-20,650000.0
6639900242,4.0,2.5,2850.0,12429.0,2.0,0.0,0.0,3,9,2850.0,0.0,2008,0.0,98033,47.6915,-122.177,2540.0,12000.0,2014-10-03,750000.0
2919700735,4.0,3.5,2780.0,3100.0,2.0,0.0,0.0,3,8,2120.0,660.0,2014,0.0,98117,47.6886,-122.364,1740.0,3600.0,2015-04-27,870000.0
8691440410,4.0,3.5,3860.0,6543.0,2.0,0.0,0.0,3,10,3860.0,0.0,2014,0.0,98075,47.5934,-121.974,3760.0,6888.0,2014-12-15,900000.0
2902201301,2.0,1.75,1180.0,900.0,2.0,0.0,0.0,3,10,780.0,400.0,2014,0.0,98102,47.6395,-122.329,1380.0,3610.0,2014-12-16,664950.0
291310150,3.0,2.25,1410.0,1290.0,2.0,0.0,0.0,3,7,1290.0,120.0,2004,0.0,98027,47.5345,-122.069,1490.0,1380.0,2014-06-02,391000.0
323079101,4.0,3.5,6370.0,205603.0,2.0,0.0,0.0,3,12,6370.0,0.0,2008,0.0,98027,47.5016,-121.905,1490.0,33580.0,2015-01-23,1800000.0
5057100110,5.0,3.0,3223.0,6371.0,2.0,0.0,0.0,3,9,3223.0,0.0,2014,0.0,98042,47.3584,-122.163,1979.0,9008.0,2015-05-14,479349.0
9268850940,4.0,3.25,2600.0,2074.0,2.0,0.0,0.0,3,8,2150.0,450.0,2011,0.0,98027,47.5402,-122.028,2510.0,2074.0,2014-12-23,661000.0
993000315,3.0,3.25,1380.0,1234.0,3.0,0.0,0.0,3,8,1380.0,0.0,2006,0.0,98103,47.6935,-122.342,1370.0,1282.0,2014-10-02,379000.0
9268851800,3.0,2.25,1620.0,998.0,2.5,0.0,0.0,3,8,1540.0,80.0,2010,0.0,98027,47.5401,-122.027,1620.0,1299.0,2014-05-05,415000.0
4310702837,3.0,3.25,1370.0,1227.0,3.0,0.0,0.0,3,8,1370.0,0.0,2007,0.0,98103,47.6964,-122.341,1370.0,1236.0,2014-12-01,375000.0
4310703083,3.0,2.0,1220.0,1186.0,3.0,0.0,0.0,3,8,1220.0,0.0,2007,0.0,98103,47.6972,-122.341,1280.0,1251.0,2014-05-23,355000.0
1890000166,3.0,2.5,1280.0,1889.0,3.0,0.0,0.0,3,8,1280.0,0.0,2009,0.0,98105,47.6619,-122.324,1450.0,1889.0,2014-09-05,540000.0
7904700146,2.0,1.5,770.0,850.0,2.0,0.0,0.0,3,7,770.0,0.0,2006,0.0,98116,47.5644,-122.388,1350.0,915.0,2014-07-24,290000.0
1931300308,3.0,2.5,1210.0,1200.0,3.0,0.0,0.0,3,8,1210.0,0.0,2008,0.0,98103,47.6543,-122.345,1210.0,1200.0,2014-05-20,500000.0
8091670730,4.0,2.5,2890.0,6322.0,2.0,0.0,0.0,3,8,2890.0,0.0,2011,0.0,98038,47.3494,-122.044,2380.0,5738.0,2014-09-02,416000.0
3278612370,3.0,2.5,1580.0,2765.0,2.0,0.0,0.0,3,8,1580.0,0.0,2011,0.0,98126,47.5444,-122.369,1580.0,1820.0,2014-08-11,349900.0
7600065,3.0,2.25,1530.0,1245.0,2.0,0.0,0.0,3,9,1050.0,480.0,2014,0.0,98122,47.6018,-122.297,1530.0,2307.0,2014-06-05,465000.0
3630200900,4.0,2.5,3670.0,7680.0,2.5,0.0,0.0,3,10,3670.0,0.0,2007,0.0,98029,47.5401,-121.993,3130.0,6112.0,2014-06-30,950000.0
3278611450,4.0,2.25,1850.0,2340.0,2.5,0.0,0.0,3,8,1850.0,0.0,2014,0.0,98126,47.543,-122.372,1850.0,2340.0,2015-03-26,496800.0
2026049184,4.0,2.5,2440.0,6581.0,2.0,0.0,0.0,3,8,2440.0,0.0,2014,0.0,98133,47.7321,-122.334,1480.0,7432.0,2015-03-20,680000.0
9103000455,4.0,3.25,2190.0,4265.0,2.0,0.0,0.0,3,9,1540.0,650.0,2015,0.0,98122,47.6178,-122.29,1730.0,4265.0,2015-04-24,920000.0
8691440220,5.0,4.0,4360.0,8030.0,2.0,0.0,0.0,3,10,4360.0,0.0,2015,0.0,98075,47.5923,-121.973,3570.0,6185.0,2015-02-02,1290000.0
7202300540,4.0,2.75,3990.0,6637.0,2.0,0.0,0.0,3,9,3990.0,0.0,2003,0.0,98053,47.6835,-122.045,3500.0,7074.0,2014-07-01,825000.0
1453601038,3.0,2.5,1270.0,1283.0,3.0,0.0,0.0,3,7,1270.0,0.0,2007,0.0,98125,47.7209,-122.291,1270.0,1512.0,2014-10-02,292000.0
9211010330,4.0,2.5,3340.0,6924.0,2.0,,0.0,3,8,3340.0,0.0,2009,0.0,98059,47.495,-122.149,3030.0,6119.0,2015-04-09,576000.0
1972201773,2.0,2.0,1500.0,761.0,3.0,0.0,3.0,3,8,1500.0,0.0,2008,0.0,98103,47.6522,-122.346,1360.0,1527.0,2015-03-13,670000.0
7974200948,4.0,3.5,3120.0,5086.0,2.0,0.0,0.0,3,9,2480.0,640.0,2008,0.0,98115,47.6762,-122.288,1880.0,5092.0,2014-05-20,953007.0
2700200040,4.0,2.5,2480.0,4334.0,2.0,0.0,0.0,3,8,2480.0,0.0,2012,0.0,98038,47.3826,-122.036,2480.0,5632.0,2015-02-23,399000.0
7625702264,2.0,2.0,1110.0,1155.0,3.0,0.0,0.0,3,7,980.0,130.0,2008,0.0,98136,47.5496,-122.388,1110.0,1089.0,2015-04-27,399000.0
2428100100,4.0,2.75,2760.0,5670.0,2.0,0.0,0.0,3,10,2760.0,0.0,2014,0.0,98075,47.5819,-122.047,2760.0,6600.0,2014-11-17,847093.0
1176001123,3.0,2.5,1510.0,1493.0,3.0,0.0,0.0,3,8,1510.0,0.0,2014,0.0,98107,47.669,-122.402,1530.0,1357.0,2015-02-06,599950.0
3052700472,3.0,2.5,1460.0,1614.0,2.0,0.0,0.0,3,8,1180.0,280.0,2007,0.0,98117,47.6781,-122.374,1380.0,1402.0,2014-08-13,499000.0
1623089086,4.0,2.75,3980.0,285318.0,2.0,0.0,2.0,3,9,3980.0,0.0,2006,0.0,98045,47.4803,-121.795,2100.0,105415.0,2014-10-15,760000.0
2311400145,4.0,3.75,3320.0,8234.0,2.0,0.0,0.0,3,10,3320.0,0.0,2014,0.0,98004,47.5963,-122.2,1560.0,8240.0,2014-10-29,1700000.0
8895800090,4.0,3.25,3270.0,5187.0,2.0,0.0,0.0,3,9,3110.0,160.0,2014,0.0,98052,47.6966,-122.133,3600.0,5825.0,2014-05-12,1030000.0
847100021,4.0,2.5,2670.0,8765.0,2.0,0.0,0.0,3,9,2670.0,0.0,2006,0.0,98059,47.4876,-122.146,2880.0,8765.0,2014-05-20,515000.0
291310120,3.0,2.25,1410.0,1332.0,2.0,0.0,0.0,3,7,1290.0,120.0,2004,0.0,98027,47.5345,-122.069,1445.0,1290.0,2014-12-09,355000.0
301401390,4.0,2.75,2475.0,4000.0,2.0,0.0,0.0,3,7,2475.0,0.0,2014,0.0,98002,47.3452,-122.21,2166.0,4000.0,2014-08-05,319900.0
7519001068,3.0,3.5,1600.0,1431.0,2.0,0.0,0.0,3,8,1240.0,360.0,2006,0.0,98117,47.6865,-122.363,1500.0,4120.0,2014-05-27,460000.0
7203101590,2.0,1.0,1290.0,3383.0,2.0,0.0,0.0,3,7,1290.0,0.0,2008,0.0,98053,47.6968,-122.025,1290.0,2828.0,2015-01-08,305000.0
7299600530,3.0,2.5,1608.0,4818.0,2.0,0.0,0.0,3,8,1608.0,0.0,2012,0.0,98092,47.2583,-122.203,2009.0,5200.0,2015-03-17,280000.0
7625703357,2.0,2.25,1300.0,2104.0,2.0,,0.0,3,8,1010.0,290.0,2011,0.0,98136,47.5477,-122.388,1430.0,1850.0,2015-02-27,394950.0
7889601270,4.0,3.5,2530.0,3000.0,2.0,0.0,0.0,3,8,1850.0,680.0,2014,0.0,98146,47.4919,-122.336,1470.0,6000.0,2014-08-21,382000.0
4083306553,3.0,2.5,1390.0,1411.0,3.0,0.0,0.0,3,8,1390.0,0.0,2008,0.0,98103,47.6485,-122.334,1350.0,1266.0,2015-04-22,560000.0
9828701508,3.0,2.25,1640.0,1204.0,3.0,0.0,0.0,3,8,1640.0,0.0,2014,0.0,98112,47.6196,-122.297,1630.0,3136.0,2014-05-20,772000.0
8946390150,4.0,2.5,2229.0,5723.0,2.0,0.0,0.0,3,7,2229.0,0.0,2012,0.0,98032,47.3693,-122.286,2738.0,5742.0,2014-07-22,324950.0
8648900040,3.0,2.5,1790.0,3078.0,2.0,0.0,0.0,3,8,1790.0,0.0,2010,0.0,98027,47.5638,-122.094,1890.0,3078.0,2014-07-09,530000.0
4092300211,3.0,2.25,990.0,736.0,2.5,0.0,0.0,3,8,880.0,110.0,2009,0.0,98105,47.6605,-122.319,1030.0,1201.0,2014-10-24,384000.0
3343902510,5.0,2.75,3240.0,6863.0,2.0,0.0,0.0,3,10,3240.0,0.0,2013,0.0,98056,47.5033,-122.193,2360.0,6002.0,2014-06-11,719950.0
2919700107,2.0,2.5,1280.0,819.0,2.0,0.0,0.0,3,8,1060.0,220.0,2006,0.0,98103,47.6905,-122.364,1290.0,2900.0,2014-08-11,319950.0
2781280230,3.0,2.5,1610.0,3848.0,2.0,0.0,0.0,3,8,1610.0,0.0,2006,0.0,98055,47.4497,-122.188,1610.0,3049.0,2015-01-28,292000.0
3232200085,6.0,3.5,3670.0,3959.0,2.0,0.0,0.0,3,10,2410.0,1260.0,2008,0.0,98119,47.6356,-122.373,2060.0,3625.0,2015-04-28,1500000.0
1972200259,2.0,2.5,1150.0,1027.0,3.0,0.0,0.0,3,8,1150.0,0.0,2008,0.0,98103,47.6534,-122.356,1360.0,1210.0,2014-05-07,425000.0
1926059236,5.0,3.75,3760.0,4702.0,2.0,0.0,0.0,3,9,2780.0,980.0,2014,0.0,98034,47.7202,-122.223,2950.0,5981.0,2014-10-10,799950.0
2768200210,2.0,2.5,1320.0,1157.0,2.0,0.0,0.0,3,8,990.0,330.0,2014,0.0,98107,47.6689,-122.363,1550.0,1519.0,2014-08-25,499000.0
3304300210,4.0,2.75,2700.0,7992.0,2.0,0.0,0.0,3,9,2700.0,0.0,2012,0.0,98059,47.4831,-122.135,2840.0,7992.0,2015-03-27,572000.0
9826700930,2.0,2.0,1480.0,804.0,3.0,0.0,0.0,3,8,1480.0,0.0,2008,0.0,98122,47.602,-122.308,1380.0,1751.0,2014-07-22,459000.0
9385200042,3.0,2.25,1410.0,905.0,3.0,0.0,0.0,3,9,1410.0,0.0,2014,0.0,98116,47.5818,-122.402,1510.0,1352.0,2015-03-18,529500.0
3876590090,4.0,2.5,3135.0,5811.0,2.0,0.0,0.0,3,9,3135.0,0.0,2005,0.0,98092,47.3263,-122.18,3008.0,5799.0,2014-09-09,374500.0
2902200142,3.0,2.5,1480.0,1485.0,2.0,,0.0,3,8,1280.0,,2007,0.0,98102,47.6376,-122.326,1470.0,1277.0,2014-06-05,584000.0
8085400401,4.0,4.5,4020.0,9656.0,2.0,0.0,0.0,3,10,4020.0,0.0,2007,0.0,98004,47.6358,-122.207,1960.0,9520.0,2015-01-15,1900000.0
2902200237,2.0,2.25,1060.0,1209.0,2.0,0.0,0.0,3,8,940.0,120.0,2006,0.0,98102,47.6369,-122.327,1300.0,1169.0,2014-07-07,505000.0
7658600082,2.0,2.5,1950.0,2457.0,3.0,0.0,0.0,3,8,1950.0,0.0,2009,0.0,98144,47.5925,-122.302,1650.0,1639.0,2014-11-14,565000.0
6891100330,4.0,2.75,3340.0,5677.0,2.0,0.0,0.0,3,9,3340.0,0.0,2011,0.0,98052,47.709,-122.118,3240.0,5643.0,2015-03-25,799000.0
6821102367,3.0,2.5,1570.0,1452.0,2.5,0.0,0.0,3,9,1240.0,330.0,2007,0.0,98199,47.648,-122.396,1670.0,1596.0,2015-04-29,547000.0
1900600015,3.0,2.5,1930.0,6604.0,2.0,0.0,0.0,3,7,1930.0,0.0,2014,0.0,98166,47.4692,-122.351,910.0,6604.0,2015-02-27,550000.0
1545808120,3.0,2.0,1590.0,8100.0,1.0,0.0,0.0,3,7,1060.0,530.0,1996,0.0,98038,47.3611,-122.047,1590.0,8100.0,2014-09-18,250000.0
2126059294,4.0,4.5,3720.0,7746.0,2.0,0.0,0.0,3,10,3720.0,0.0,2014,0.0,98034,47.7323,-122.165,3080.0,11067.0,2015-01-05,960000.0
1370800515,4.0,4.25,4470.0,5884.0,2.0,0.0,1.0,3,11,3230.0,1240.0,2010,0.0,98199,47.6387,-122.405,2570.0,6000.0,2014-10-30,2950000.0
3319500334,2.0,1.0,1290.0,1289.0,2.0,0.0,0.0,3,7,1030.0,260.0,2005,0.0,98144,47.6006,-122.305,1290.0,1332.0,2015-03-27,441000.0
301400940,3.0,2.25,1489.0,2800.0,2.0,0.0,0.0,3,7,1489.0,0.0,2012,0.0,98002,47.3454,-122.214,1584.0,2800.0,2015-04-07,265000.0
2722069077,3.0,2.5,2075.0,39553.0,1.0,0.0,0.0,3,7,2075.0,0.0,2012,0.0,98038,47.3601,-122.032,1960.0,9047.0,2015-04-09,430000.0
8943600720,3.0,2.5,1413.0,3600.0,2.0,0.0,0.0,3,8,1413.0,0.0,2011,0.0,98031,47.4222,-122.193,2150.0,3869.0,2014-06-17,286800.0
7660100236,3.0,2.5,1300.0,1362.0,2.0,0.0,0.0,3,8,880.0,420.0,2008,0.0,98144,47.5893,-122.317,1300.0,1251.0,2015-04-16,375000.0
1773100921,3.0,3.25,1480.0,983.0,2.0,0.0,0.0,3,8,1180.0,300.0,2013,0.0,98106,47.5555,-122.363,1330.0,1062.0,2014-12-15,312500.0
8679200100,4.0,2.75,3320.0,5559.0,2.0,,0.0,3,9,3320.0,0.0,2012,0.0,98075,47.5607,-122.031,3400.0,6854.0,2015-01-07,850000.0
3654200039,3.0,2.25,1530.0,1279.0,2.0,0.0,0.0,3,7,1116.0,414.0,2007,0.0,98177,47.7035,-122.357,1320.0,1427.0,2015-03-25,390500.0
2771602428,3.0,2.5,1180.0,932.0,3.0,,0.0,3,8,1180.0,0.0,2010,0.0,98119,47.638,-122.375,1180.0,2632.0,2014-10-29,455000.0
1225039067,2.0,2.0,1190.0,1303.0,2.0,0.0,0.0,3,8,800.0,390.0,2009,0.0,98107,47.6675,-122.368,1670.0,2425.0,2015-04-06,455000.0
625049359,3.0,2.25,1300.0,1180.0,3.0,,0.0,3,8,1300.0,0.0,2008,0.0,98103,47.6871,-122.339,1300.0,1174.0,2014-12-03,515000.0
3278606050,3.0,3.5,1710.0,2212.0,2.0,0.0,0.0,3,7,1400.0,310.0,2013,0.0,98126,47.5459,-122.368,1580.0,2212.0,2015-04-01,362500.0
5112800291,3.0,2.5,2390.0,47480.0,2.0,,0.0,3,9,2390.0,0.0,2007,0.0,98058,47.4517,-122.084,1720.0,44866.0,2014-09-24,460000.0
7853360300,4.0,3.5,3510.0,6005.0,2.0,0.0,0.0,3,8,2750.0,760.0,2010,0.0,98065,47.5168,-121.87,3090.0,5866.0,2014-09-04,540000.0
6056111063,3.0,1.75,1140.0,1165.0,2.0,0.0,0.0,3,8,1140.0,0.0,2014,0.0,98108,47.5638,-122.295,1150.0,1552.0,2014-07-31,230000.0
2767704649,2.0,2.5,1320.0,1329.0,2.0,0.0,0.0,3,8,1180.0,140.0,2007,0.0,98107,47.6728,-122.374,1490.0,5000.0,2014-09-29,425000.0
7683800205,5.0,3.0,2100.0,9752.0,1.0,0.0,0.0,3,8,1200.0,900.0,2007,0.0,98003,47.3341,-122.304,1270.0,10200.0,2014-05-19,298450.0
9406530150,4.0,2.5,2400.0,4848.0,2.0,0.0,0.0,3,8,2400.0,0.0,2004,0.0,98038,47.3626,-122.04,1980.0,5199.0,2014-12-22,344000.0
2979800409,3.0,2.5,1408.0,989.0,3.0,0.0,0.0,3,8,1408.0,0.0,2005,0.0,98115,47.6856,-122.315,1408.0,1342.0,2014-05-05,416286.0
1085622540,4.0,2.5,2560.0,5102.0,2.0,0.0,0.0,3,8,2560.0,0.0,2013,0.0,98092,47.3404,-122.181,2586.0,5059.0,2015-02-23,379500.0
4310701421,2.0,2.5,1260.0,1347.0,3.0,,0.0,3,8,1260.0,0.0,2005,0.0,98103,47.6994,-122.341,1260.0,1356.0,2014-06-17,350000.0
2895800770,2.0,1.75,1290.0,1624.0,2.0,0.0,0.0,3,8,1290.0,0.0,2014,0.0,98106,47.5171,-122.347,1410.0,1963.0,2015-04-08,258800.0
3034200067,4.0,2.5,2730.0,9260.0,2.0,0.0,0.0,3,8,2730.0,0.0,2008,0.0,98133,47.7222,-122.331,2730.0,7357.0,2014-12-18,620000.0
3438501320,2.0,2.5,1630.0,1368.0,2.0,0.0,0.0,3,7,1280.0,350.0,2009,0.0,98106,47.5489,-122.363,1590.0,2306.0,2014-05-02,295000.0
8691450120,4.0,2.75,3530.0,6844.0,2.0,0.0,0.0,3,10,3530.0,0.0,2014,0.0,98075,47.5975,-121.985,3530.0,10038.0,2015-02-27,908990.0
6306810110,4.0,2.5,2714.0,12558.0,2.0,0.0,0.0,3,9,2714.0,0.0,2014,0.0,98031,47.3522,-122.201,2873.0,8269.0,2014-11-17,485230.0
3629990110,3.0,2.25,1630.0,2520.0,2.0,0.0,0.0,3,7,1630.0,0.0,2005,0.0,98029,47.5493,-121.998,1630.0,3131.0,2014-06-11,475000.0
715010110,5.0,3.25,5790.0,13726.0,2.0,0.0,3.0,3,10,4430.0,1360.0,2014,0.0,98006,47.5388,-122.114,5790.0,13726.0,2014-08-04,1240000.0
3629700090,3.0,3.0,2230.0,1407.0,2.5,0.0,0.0,3,8,1850.0,380.0,2013,0.0,98027,47.5446,-122.017,2290.0,1407.0,2014-08-19,635000.0
3277801411,3.0,2.5,1380.0,1590.0,2.0,,0.0,3,9,1160.0,220.0,2012,0.0,98126,47.5444,-122.375,1380.0,1590.0,2014-11-05,350000.0
8822901175,3.0,3.5,1320.0,1161.0,3.0,0.0,0.0,3,8,1320.0,0.0,2010,0.0,98125,47.7162,-122.294,1320.0,1161.0,2014-12-29,345000.0
6926700654,2.0,2.0,1490.0,713.0,3.0,,0.0,3,9,1490.0,0.0,2014,0.0,98109,47.6356,-122.346,1490.0,1110.0,2014-09-21,700000.0
2768301482,3.0,2.25,1280.0,1520.0,2.0,0.0,0.0,3,8,1080.0,200.0,2008,0.0,98107,47.6651,-122.368,1280.0,1681.0,2014-08-21,490000.0
8895800110,5.0,4.0,3870.0,5929.0,2.0,0.0,0.0,3,10,3870.0,,2014,0.0,98052,47.6965,-122.134,3600.0,5625.0,2014-08-05,1300000.0
3879900750,2.0,2.5,1280.0,1051.0,2.0,0.0,0.0,3,8,1080.0,,2009,0.0,98119,47.6273,-122.359,1580.0,1279.0,2014-09-10,579000.0
7234600820,3.0,1.5,1300.0,1435.0,2.0,0.0,0.0,3,8,1120.0,180.0,2007,0.0,98122,47.6114,-122.31,1320.0,1652.0,2015-03-27,552500.0
1946000100,4.0,2.75,2170.0,5024.0,2.0,0.0,0.0,3,8,2170.0,0.0,2012,0.0,98059,47.495,-122.145,2460.0,5024.0,2015-02-04,467000.0
8943600870,4.0,2.25,1763.0,3717.0,2.0,0.0,0.0,3,8,1763.0,0.0,2012,0.0,98031,47.4213,-122.194,1763.0,3666.0,2014-11-13,305000.0
6145600557,2.0,1.5,1020.0,1525.0,2.0,,0.0,3,7,1020.0,0.0,2004,0.0,98133,47.704,-122.347,1020.0,3844.0,2014-05-09,212000.0
7203140180,4.0,2.5,1840.0,4593.0,2.0,0.0,0.0,3,7,1840.0,0.0,2010,0.0,98053,47.6866,-122.013,1740.0,3600.0,2014-08-21,429000.0
3277801592,3.0,2.0,1820.0,1358.0,3.0,0.0,0.0,3,9,1820.0,0.0,2014,0.0,98126,47.5433,-122.376,1710.0,1367.0,2014-09-25,479950.0
461003835,3.0,3.5,2670.0,3000.0,2.0,0.0,0.0,3,9,1870.0,800.0,2014,0.0,98117,47.6813,-122.372,1750.0,5000.0,2014-12-18,825000.0
424069279,6.0,6.5,6260.0,10955.0,2.0,,0.0,3,11,4840.0,1420.0,2007,0.0,98075,47.5947,-122.039,2710.0,12550.0,2015-03-28,1180000.0
1760651000,3.0,2.25,1400.0,3814.0,2.0,,0.0,3,7,1400.0,0.0,2012,0.0,98042,47.3584,-122.083,1610.0,3814.0,2014-06-13,250000.0
3057000070,2.0,1.5,1160.0,2158.0,2.0,0.0,0.0,3,7,1160.0,0.0,1982,0.0,98034,47.7178,-122.19,1150.0,2158.0,2014-10-27,289000.0
2895810200,3.0,2.5,1400.0,3368.0,2.0,0.0,0.0,3,7,1400.0,0.0,2013,0.0,98146,47.5134,-122.342,1400.0,4316.0,2014-10-02,265000.0
2325300060,3.0,2.5,1232.0,1130.0,3.0,0.0,0.0,3,7,1232.0,0.0,2007,0.0,98125,47.7185,-122.317,1232.0,1202.0,2014-05-15,344000.0
9151600055,4.0,2.75,2700.0,6000.0,2.0,0.0,0.0,4,8,2100.0,600.0,1910,0.0,98116,47.586,-122.383,2050.0,5400.0,2014-07-09,749000.0
7853321260,4.0,2.5,2550.0,6382.0,2.0,0.0,0.0,3,7,2550.0,0.0,2007,0.0,98065,47.5202,-121.87,2430.0,5900.0,2014-09-08,492000.0
4219610320,4.0,2.5,3260.0,6902.0,2.0,0.0,0.0,3,8,3260.0,0.0,2008,0.0,98059,47.4829,-122.156,3130.0,6588.0,2015-01-19,552500.0
2902200016,2.0,2.5,1680.0,1240.0,2.0,0.0,0.0,3,8,1120.0,560.0,2014,0.0,98102,47.6372,-122.324,2060.0,3630.0,2014-11-12,653500.0
7518507055,4.0,3.25,2630.0,2550.0,2.0,0.0,0.0,3,10,2030.0,600.0,2006,0.0,98117,47.6775,-122.385,1810.0,2600.0,2015-04-02,855000.0
7502700060,3.0,1.5,1260.0,5758.0,2.0,0.0,0.0,3,7,1260.0,0.0,1999,0.0,98006,47.5524,-122.139,3090.0,10142.0,2014-11-19,333000.0
3448740160,4.0,2.5,2550.0,4500.0,2.0,,0.0,3,7,2550.0,0.0,2009,0.0,98059,47.4916,-122.153,2340.0,4526.0,2014-06-11,415000.0
179001455,4.0,3.25,3450.0,5000.0,2.0,0.0,0.0,3,8,3450.0,0.0,2008,0.0,98178,47.4925,-122.273,1420.0,5000.0,2014-11-07,445000.0
8669160270,3.0,2.5,1550.0,3402.0,2.0,0.0,0.0,3,7,1550.0,0.0,2009,0.0,98002,47.3523,-122.212,2095.0,3402.0,2014-07-10,273500.0
4215270070,4.0,2.5,4150.0,8436.0,2.0,0.0,0.0,3,10,4150.0,0.0,2014,0.0,98075,47.5802,-122.039,4070.0,8438.0,2014-06-06,969990.0
170000060,5.0,3.5,3900.0,4400.0,2.0,0.0,0.0,3,9,2650.0,1250.0,2014,0.0,98107,47.6607,-122.362,1190.0,4400.0,2014-10-08,1200000.0
7410200431,3.0,3.25,1550.0,1444.0,3.0,0.0,0.0,3,8,1550.0,0.0,2006,0.0,98115,47.6767,-122.291,1550.0,1444.0,2014-08-06,430000.0
6600060140,4.0,2.5,2130.0,4000.0,2.0,0.0,0.0,3,8,2130.0,0.0,2014,0.0,98146,47.5108,-122.362,1830.0,7217.0,2015-03-23,392000.0
2324059314,4.0,2.5,2890.0,7798.0,2.0,0.0,0.0,3,9,2890.0,0.0,2005,0.0,98006,47.5456,-122.129,3300.0,30950.0,2014-07-02,795000.0
9376301111,3.0,2.5,1220.0,1330.0,2.0,0.0,0.0,3,8,1010.0,210.0,2008,0.0,98117,47.6904,-122.37,1360.0,3750.0,2014-06-30,457000.0
8956200560,4.0,2.5,2502.0,8306.0,2.0,0.0,0.0,3,9,2502.0,0.0,2013,0.0,98001,47.2953,-122.265,2597.0,6983.0,2015-03-20,453000.0
6749700002,3.0,2.0,1340.0,1384.0,3.0,0.0,0.0,3,8,1340.0,0.0,2008,0.0,98103,47.6973,-122.35,1110.0,1384.0,2014-05-09,376000.0
1438000390,4.0,2.5,2350.0,3800.0,2.0,0.0,0.0,3,8,2350.0,0.0,2014,0.0,98059,47.4783,-122.123,2670.0,4180.0,2014-08-04,469995.0
8682301600,3.0,2.5,1810.0,3930.0,2.0,,0.0,3,8,1810.0,0.0,2008,0.0,98053,47.7169,-122.02,1560.0,5100.0,2015-05-04,540000.0
7853361370,4.0,2.5,3310.0,6500.0,2.0,0.0,0.0,3,8,3310.0,0.0,2012,0.0,98065,47.515,-121.87,2380.0,5000.0,2014-05-02,555000.0
3333001997,3.0,2.0,1620.0,5101.0,1.0,0.0,0.0,3,7,590.0,1030.0,2006,0.0,98118,47.5448,-122.288,1700.0,7750.0,2014-07-25,445000.0
7899800857,2.0,2.0,1070.0,635.0,2.0,0.0,0.0,3,9,720.0,350.0,2008,0.0,98106,47.5212,-122.357,1070.0,928.0,2014-12-15,256950.0
7338220370,4.0,2.5,2230.0,4952.0,2.0,0.0,0.0,3,8,2230.0,0.0,2011,0.0,98002,47.3363,-122.211,2030.0,3721.0,2014-10-06,297000.0
9406530160,4.0,2.5,1970.0,4558.0,2.0,0.0,0.0,3,8,1970.0,0.0,2005,0.0,98038,47.3627,-122.04,1980.0,5123.0,2014-10-17,320000.0
7853280370,5.0,4.5,4600.0,7810.0,2.0,0.0,0.0,3,9,3200.0,1400.0,2006,0.0,98065,47.5381,-121.86,4480.0,6324.0,2014-11-14,805000.0
2937300520,4.0,2.75,3110.0,6050.0,2.0,0.0,0.0,3,9,3110.0,0.0,2014,0.0,98052,47.705,-122.126,3590.0,6054.0,2014-08-01,799990.0
2738640310,4.0,2.5,3490.0,3677.0,2.0,0.0,0.0,3,9,2850.0,640.0,2007,0.0,98072,47.774,-122.162,3440.0,3600.0,2015-04-09,680000.0
6056100312,3.0,2.5,1600.0,1936.0,2.0,0.0,0.0,3,7,1600.0,0.0,2007,0.0,98108,47.5629,-122.297,1600.0,1936.0,2014-06-24,395000.0
2856100260,3.0,2.5,1960.0,3060.0,2.0,0.0,0.0,3,8,1960.0,0.0,2010,0.0,98117,47.6764,-122.389,1220.0,3060.0,2014-12-02,732000.0
2724049222,2.0,2.5,1000.0,1092.0,2.0,,0.0,3,7,990.0,10.0,2004,0.0,98118,47.5419,-122.271,1330.0,1466.0,2014-08-02,163800.0
2724049222,2.0,2.5,1000.0,1092.0,2.0,,0.0,3,7,990.0,10.0,2004,0.0,98118,47.5419,-122.271,1330.0,1466.0,2014-12-01,220000.0
6149700197,2.0,2.0,1500.0,1408.0,3.0,0.0,0.0,3,7,1500.0,0.0,1999,0.0,98133,47.7293,-122.343,1500.0,1245.0,2014-11-06,308625.0
3166900200,3.0,2.5,2424.0,5931.0,2.0,0.0,0.0,3,9,2424.0,0.0,2014,0.0,98042,47.3515,-122.134,2424.0,6036.0,2015-03-31,375000.0
5137800030,4.0,2.5,2303.0,3826.0,2.0,0.0,0.0,3,8,2303.0,0.0,2006,0.0,98092,47.3258,-122.165,2516.0,4500.0,2014-07-01,300000.0
3832080070,3.0,2.5,1880.0,6008.0,2.0,0.0,0.0,3,7,1880.0,0.0,2009,0.0,98042,47.3366,-122.052,2180.0,5185.0,2014-06-16,284000.0
9828702336,2.0,2.0,1210.0,740.0,2.0,0.0,0.0,3,8,780.0,430.0,2014,0.0,98112,47.6206,-122.3,1480.0,1171.0,2015-02-20,610000.0
7203180370,4.0,3.25,3720.0,6765.0,2.0,0.0,0.0,3,9,3720.0,0.0,2012,0.0,98053,47.688,-122.018,3100.0,6790.0,2015-03-24,955000.0
3901100030,4.0,2.75,3610.0,8580.0,2.0,0.0,0.0,3,9,3610.0,0.0,2014,0.0,98033,47.6706,-122.173,2360.0,8580.0,2014-06-27,982000.0
3126049500,3.0,1.5,1360.0,885.0,3.0,0.0,0.0,3,8,1360.0,0.0,2008,0.0,98103,47.6961,-122.349,1360.0,1167.0,2014-05-22,359000.0
6666830390,5.0,2.5,2590.0,7084.0,2.0,0.0,0.0,3,8,2590.0,0.0,2014,0.0,98052,47.7053,-122.113,3010.0,4823.0,2014-07-18,779380.0
1832100055,5.0,3.25,4390.0,11250.0,2.0,0.0,0.0,3,10,4390.0,0.0,2007,0.0,98040,47.5785,-122.225,2160.0,9249.0,2014-06-30,1510000.0
3629700030,3.0,3.0,2290.0,1407.0,2.5,,0.0,3,8,1890.0,400.0,2014,0.0,98027,47.5446,-122.017,2230.0,1407.0,2015-02-23,635000.0
3630200960,4.0,3.75,3880.0,9979.0,2.5,0.0,0.0,3,10,3880.0,0.0,2007,0.0,98029,47.5408,-121.992,3130.0,6112.0,2014-08-26,1060000.0
7625702431,3.0,2.5,1350.0,874.0,3.0,0.0,0.0,3,8,1270.0,80.0,2006,0.0,98136,47.549,-122.387,1350.0,886.0,2014-07-16,389500.0
2895800390,5.0,2.5,2170.0,2752.0,2.0,0.0,0.0,3,8,2170.0,0.0,2014,0.0,98106,47.5165,-122.346,1800.0,2752.0,2014-08-07,359800.0
3753000030,3.0,3.0,1296.0,1051.0,3.0,0.0,0.0,3,8,1296.0,0.0,2009,0.0,98125,47.7175,-122.284,1520.0,1939.0,2014-05-27,399950.0
1773100926,3.0,3.25,1530.0,1602.0,2.0,0.0,0.0,3,8,1140.0,390.0,2013,0.0,98106,47.5555,-122.362,1450.0,1198.0,2014-06-03,320000.0
301400320,3.0,2.5,1489.0,3266.0,2.0,0.0,0.0,3,7,1489.0,0.0,2014,0.0,98002,47.3452,-122.217,1537.0,3273.0,2014-07-25,255900.0
6600060160,4.0,2.5,2130.0,4467.0,2.0,0.0,0.0,3,8,2130.0,0.0,2014,0.0,98146,47.5108,-122.363,1830.0,8160.0,2015-02-09,380000.0
1861100267,3.0,2.75,1430.0,1521.0,2.0,0.0,0.0,3,9,1130.0,300.0,2009,0.0,98119,47.6353,-122.371,1930.0,2700.0,2014-09-18,580000.0
3438500036,5.0,3.75,2380.0,7268.0,1.0,0.0,0.0,3,8,1430.0,950.0,2008,0.0,98106,47.5571,-122.357,2040.0,10810.0,2015-04-29,545000.0
3869900036,3.0,2.5,1420.0,814.0,2.0,0.0,0.0,3,8,1140.0,280.0,2008,0.0,98136,47.5429,-122.387,1340.0,1382.0,2014-07-25,451300.0
1042700270,4.0,3.25,3450.0,6184.0,2.0,0.0,0.0,3,9,3450.0,0.0,2014,0.0,98074,47.6072,-122.054,3020.0,5369.0,2014-06-16,852880.0
6817750340,4.0,2.5,1914.0,3150.0,2.0,0.0,0.0,3,8,1914.0,0.0,2009,0.0,98055,47.43,-122.188,1714.0,3164.0,2014-09-19,305000.0
3448001412,2.0,1.5,988.0,1080.0,3.0,,0.0,3,7,988.0,0.0,2007,0.0,98125,47.7123,-122.301,1128.0,1080.0,2015-04-30,295000.0
301400800,3.0,2.25,1584.0,2800.0,2.0,0.0,0.0,3,7,1584.0,0.0,2012,0.0,98002,47.3451,-122.214,1584.0,2800.0,2014-10-16,261000.0
7852090570,4.0,2.5,2630.0,5710.0,2.0,0.0,0.0,3,8,2630.0,0.0,2001,0.0,98065,47.5342,-121.876,2550.0,5500.0,2015-03-17,560000.0
7203180070,4.0,3.25,3520.0,5250.0,2.0,0.0,0.0,3,9,3520.0,0.0,2012,0.0,98053,47.6869,-122.019,3220.0,5781.0,2014-09-19,795000.0
5416510200,4.0,2.5,2380.0,4913.0,2.0,0.0,0.0,3,8,2380.0,0.0,2006,0.0,98038,47.3607,-122.038,2580.0,5311.0,2014-09-29,384950.0
1931300977,3.0,1.75,1410.0,1197.0,3.0,0.0,0.0,3,8,1410.0,0.0,2012,0.0,98103,47.6558,-122.348,1350.0,2512.0,2014-05-08,500000.0
7853390260,4.0,3.5,3220.0,5741.0,2.0,0.0,0.0,3,9,3220.0,0.0,2013,0.0,98065,47.5169,-121.886,2960.0,6534.0,2015-02-05,640000.0
9578500810,4.0,3.25,3266.0,5969.0,2.0,,0.0,3,8,3266.0,0.0,2014,0.0,98023,47.2975,-122.35,3087.0,5169.0,2014-11-21,418000.0
6844700575,3.0,2.0,2550.0,4794.0,2.0,0.0,0.0,3,9,2550.0,0.0,2007,0.0,98115,47.6955,-122.29,1630.0,5100.0,2014-10-10,799000.0
3751601877,4.0,3.5,3828.0,18900.0,2.5,,0.0,3,9,3828.0,0.0,2014,0.0,98001,47.2851,-122.277,2120.0,18900.0,2015-03-20,552900.0
3869900136,3.0,2.25,1670.0,1596.0,3.0,,0.0,3,8,1670.0,0.0,2014,0.0,98136,47.5402,-122.387,1640.0,1310.0,2014-12-19,539950.0
8956200960,4.0,2.5,3056.0,11385.0,2.0,0.0,0.0,3,9,3056.0,0.0,2014,0.0,98001,47.2905,-122.264,2849.0,8607.0,2015-01-20,524225.0
2883200083,2.0,1.5,1000.0,1188.0,3.0,0.0,0.0,3,8,1000.0,0.0,2005,0.0,98115,47.6823,-122.327,2300.0,3500.0,2015-02-02,424950.0
2028700570,3.0,3.25,1530.0,1786.0,2.0,0.0,0.0,3,8,1200.0,330.0,2007,0.0,98117,47.6783,-122.366,1390.0,2900.0,2014-11-25,560000.0
4188300030,5.0,3.0,3490.0,6091.0,2.0,0.0,0.0,3,9,3490.0,0.0,2009,0.0,98011,47.7744,-122.225,2870.0,5932.0,2015-04-29,715000.0
7883603648,5.0,2.5,2760.0,6000.0,2.0,0.0,0.0,3,8,2760.0,0.0,2006,0.0,98108,47.5289,-122.321,1360.0,6000.0,2014-05-22,300000.0
3630080030,3.0,2.5,1440.0,2163.0,2.0,,0.0,3,7,1440.0,0.0,2005,0.0,98029,47.554,-121.998,1440.0,2207.0,2015-02-24,405000.0
173000036,3.0,3.0,1370.0,1001.0,3.0,0.0,0.0,3,8,1370.0,0.0,2009,0.0,98133,47.7302,-122.355,1399.0,1151.0,2014-10-07,327000.0
2862500070,6.0,4.0,3180.0,6551.0,2.0,0.0,0.0,3,9,3180.0,0.0,2014,0.0,98074,47.6236,-122.023,3230.0,7602.0,2014-12-09,859950.0
7017200055,4.0,3.0,2720.0,7570.0,2.0,0.0,0.0,3,9,2720.0,0.0,2008,0.0,98133,47.7113,-122.349,1770.0,5705.0,2015-01-13,560000.0
3278611610,3.0,2.5,1800.0,2792.0,2.0,0.0,0.0,3,8,1800.0,0.0,2011,0.0,98126,47.5442,-122.371,1580.0,2617.0,2014-09-07,379900.0
4305500030,3.0,2.5,3220.0,6409.0,2.0,0.0,0.0,3,9,3220.0,0.0,2008,0.0,98059,47.4815,-122.127,3330.0,6231.0,2015-05-01,625000.0
255460240,3.0,2.5,2370.0,5321.0,2.0,0.0,0.0,3,8,2370.0,0.0,2014,0.0,98038,47.37,-122.019,2370.0,4357.0,2015-04-23,398096.0
1773100416,3.0,2.5,1410.0,1325.0,2.0,0.0,0.0,3,7,1180.0,230.0,2007,0.0,98106,47.5582,-122.363,1270.0,1282.0,2014-11-20,315000.0
2937300560,4.0,3.5,3640.0,6049.0,2.0,0.0,0.0,3,9,3640.0,0.0,2014,0.0,98052,47.7049,-122.125,3590.0,6104.0,2014-12-12,939000.0
9510860560,3.0,2.5,1920.0,3624.0,2.0,0.0,0.0,3,9,1920.0,0.0,2003,0.0,98052,47.6647,-122.087,1930.0,3533.0,2014-07-25,674000.0
1085621740,4.0,2.5,2267.0,3577.0,2.0,0.0,0.0,3,7,2267.0,0.0,2014,0.0,98092,47.3384,-122.18,2056.0,3577.0,2014-08-14,306000.0
4139300135,5.0,4.75,5780.0,17004.0,2.0,0.0,0.0,3,11,4260.0,1520.0,2006,0.0,98040,47.5802,-122.212,3460.0,10855.0,2014-07-09,2320000.0
5100400241,2.0,1.0,1131.0,1304.0,3.0,0.0,0.0,3,7,1131.0,0.0,2011,0.0,98115,47.6912,-122.313,1131.0,1992.0,2015-02-02,394950.0
2428100070,3.0,3.5,2940.0,6431.0,2.0,0.0,0.0,3,10,2940.0,0.0,2014,0.0,98075,47.5818,-122.047,2760.0,6695.0,2014-09-18,914154.0
726059485,3.0,2.5,2180.0,4533.0,2.0,0.0,0.0,3,7,2180.0,0.0,2010,0.0,98011,47.754,-122.215,2180.0,7347.0,2014-11-17,496000.0
9834201370,3.0,2.25,1400.0,1078.0,2.0,,0.0,3,8,940.0,460.0,2009,0.0,98144,47.5701,-122.288,1420.0,1230.0,2015-04-17,430100.0
8564860270,4.0,2.5,2680.0,5539.0,2.0,,0.0,3,8,2680.0,0.0,2013,0.0,98045,47.4759,-121.734,2680.0,5992.0,2014-07-08,449990.0
8564860270,4.0,2.5,2680.0,5539.0,2.0,,0.0,3,8,2680.0,0.0,2013,0.0,98045,47.4759,-121.734,2680.0,5992.0,2015-03-30,502000.0
3395071580,3.0,2.5,1300.0,3612.0,2.0,,0.0,3,7,1300.0,0.0,2005,0.0,98118,47.5328,-122.282,1390.0,2943.0,2015-03-11,310000.0
3682000060,4.0,3.5,2796.0,3520.0,2.5,0.0,0.0,3,8,2796.0,0.0,2013,0.0,98001,47.3427,-122.278,2040.0,5195.0,2015-03-23,349950.0
1646500810,2.0,1.75,1460.0,1500.0,2.0,,0.0,3,8,1000.0,460.0,2008,0.0,98103,47.6853,-122.356,1440.0,4120.0,2014-09-19,625000.0
7768800160,4.0,3.5,4210.0,6481.0,2.0,0.0,3.0,3,9,3260.0,950.0,2014,0.0,98075,47.5765,-122.072,3920.0,5331.0,2014-08-27,1050000.0
3629980860,4.0,2.75,2330.0,3920.0,2.0,0.0,0.0,3,9,2330.0,0.0,2005,0.0,98029,47.5525,-121.99,2410.0,4063.0,2014-07-07,680000.0
629890070,4.0,3.5,3930.0,5680.0,2.0,0.0,1.0,3,9,2820.0,1110.0,2013,0.0,98027,47.5528,-122.076,3700.0,5816.0,2014-05-15,828950.0
7299600140,3.0,2.5,1608.0,4000.0,2.0,0.0,0.0,3,8,1608.0,0.0,2014,0.0,98092,47.2582,-122.198,2009.0,4983.0,2015-04-03,274950.0
1332700030,2.0,2.25,1610.0,1968.0,2.0,0.0,0.0,4,7,1610.0,0.0,1979,0.0,98056,47.5184,-122.196,1950.0,1968.0,2015-03-12,293000.0
3630220140,4.0,3.5,3200.0,3250.0,2.0,0.0,0.0,3,9,2670.0,530.0,2007,0.0,98029,47.5515,-122.0,3400.0,3663.0,2014-06-13,795000.0
301400240,4.0,2.5,1710.0,3500.0,2.0,0.0,0.0,3,7,1710.0,0.0,2014,0.0,98002,47.3448,-122.217,1710.0,3500.0,2014-09-22,282900.0
1233100710,5.0,3.75,3050.0,8972.0,2.0,0.0,0.0,3,9,3050.0,0.0,2014,0.0,98033,47.6819,-122.172,2750.0,8979.0,2015-04-16,909950.0
293070270,4.0,3.5,3560.0,4951.0,2.0,0.0,0.0,3,9,3560.0,0.0,2014,0.0,98074,47.6178,-122.055,3540.0,5500.0,2014-11-04,922755.0
3304030140,4.0,2.5,2650.0,8685.0,2.0,0.0,0.0,3,9,2650.0,0.0,2006,0.0,98001,47.344,-122.269,2650.0,7932.0,2015-04-16,424000.0
5095401070,3.0,2.5,3490.0,12410.0,2.0,0.0,0.0,3,8,2590.0,900.0,2009,0.0,98059,47.4714,-122.071,1740.0,14448.0,2015-04-23,630000.0
6358900070,4.0,3.25,4140.0,46173.0,2.0,0.0,0.0,3,9,4140.0,0.0,2007,0.0,98011,47.7647,-122.213,2060.0,43103.0,2014-12-22,810000.0
8141310030,3.0,2.0,1670.0,4441.0,1.0,0.0,0.0,3,7,1670.0,0.0,2014,0.0,98022,47.1948,-121.975,1670.0,4622.0,2014-07-30,256703.0
7203140270,3.0,2.5,1720.0,3600.0,2.0,,0.0,3,7,1720.0,0.0,2010,0.0,98053,47.6856,-122.013,1720.0,3600.0,2014-05-15,386380.0
8682320320,2.0,2.0,1510.0,3961.0,1.0,0.0,0.0,3,8,1510.0,0.0,2010,0.0,98053,47.709,-122.018,1510.0,3962.0,2014-09-16,485000.0
9542840340,3.0,2.25,1450.0,4040.0,2.0,0.0,0.0,3,7,1450.0,0.0,2010,0.0,98038,47.3665,-122.022,1610.0,4040.0,2015-02-11,275000.0
3943600140,4.0,2.5,1812.0,5026.0,2.0,0.0,0.0,3,8,1812.0,0.0,2011,0.0,98055,47.4513,-122.202,2440.0,6007.0,2015-03-02,370000.0
2902200240,2.0,2.25,1060.0,1208.0,2.0,0.0,0.0,3,8,940.0,120.0,2005,0.0,98102,47.6371,-122.327,1300.0,1169.0,2014-06-10,499950.0
3274800505,3.0,2.5,1600.0,3073.0,3.0,0.0,0.0,3,8,1600.0,,2009,0.0,98144,47.5934,-122.298,1130.0,2921.0,2015-04-24,502000.0
8080400136,3.0,3.25,1530.0,1565.0,2.0,,0.0,3,8,1280.0,250.0,2005,0.0,98122,47.6179,-122.312,1530.0,1381.0,2014-06-20,654000.0
6371000079,4.0,2.25,2070.0,1230.0,3.0,0.0,0.0,3,9,1500.0,570.0,2013,0.0,98116,47.5775,-122.41,1569.0,4802.0,2014-07-14,575000.0
5379801920,4.0,2.5,3630.0,7482.0,2.0,0.0,0.0,3,10,3630.0,0.0,2008,0.0,98188,47.4565,-122.287,1600.0,15716.0,2015-04-15,500000.0
8562770320,3.0,2.5,2140.0,4126.0,2.0,0.0,0.0,3,8,1960.0,180.0,2005,0.0,98027,47.5368,-122.073,2280.0,2615.0,2015-01-14,554000.0
3449000200,4.0,1.75,2010.0,12188.0,1.0,0.0,0.0,4,7,1150.0,860.0,1960,0.0,98059,47.5013,-122.147,1720.0,8475.0,2015-05-08,360000.0
255470030,4.0,2.75,2630.0,4501.0,2.0,0.0,0.0,3,8,2630.0,0.0,2015,0.0,98028,47.7748,-122.244,2380.0,4599.0,2015-04-29,619990.0
629650030,4.0,2.5,2233.0,6025.0,2.0,0.0,0.0,3,7,2233.0,0.0,2012,0.0,98001,47.2599,-122.256,1544.0,6036.0,2015-03-12,317500.0
3574770030,4.0,2.75,2990.0,4521.0,2.0,0.0,0.0,3,7,2990.0,0.0,2014,0.0,98028,47.7401,-122.226,2580.0,7539.0,2014-08-28,564950.0
7589700055,2.0,1.25,1240.0,2150.0,2.0,0.0,0.0,3,8,1240.0,0.0,2014,0.0,98117,47.6884,-122.374,1340.0,5289.0,2014-06-11,545000.0
3832050570,3.0,2.5,2230.0,5050.0,2.0,0.0,0.0,3,7,2230.0,0.0,2006,0.0,98042,47.3359,-122.055,2260.0,5050.0,2015-05-01,333700.0
5167000140,3.0,3.25,3700.0,2264.0,2.0,0.0,0.0,3,11,2280.0,1420.0,1998,0.0,98033,47.6653,-122.205,3930.0,2567.0,2014-07-11,1480000.0
9578060370,4.0,3.0,2290.0,5105.0,2.0,0.0,0.0,3,8,2290.0,0.0,2012,0.0,98028,47.7727,-122.237,2450.0,5105.0,2015-04-08,530000.0
2767604253,2.0,1.5,950.0,865.0,3.0,0.0,0.0,3,8,950.0,0.0,2006,0.0,98107,47.6714,-122.382,1290.0,1189.0,2015-04-13,396000.0
8562780800,2.0,1.75,1120.0,758.0,2.0,0.0,0.0,3,7,1120.0,0.0,2012,0.0,98027,47.5325,-122.072,1150.0,758.0,2014-10-16,305000.0
603000926,5.0,3.5,2420.0,4670.0,2.0,0.0,0.0,3,7,2420.0,0.0,2013,0.0,98118,47.5241,-122.285,1430.0,4468.0,2014-05-22,380000.0
6817750510,4.0,2.5,1714.0,3250.0,2.0,0.0,0.0,3,8,1714.0,0.0,2010,0.0,98055,47.429,-122.189,1714.0,3250.0,2015-03-03,305000.0
423059409,4.0,2.5,2230.0,5650.0,2.0,0.0,0.0,3,7,2230.0,0.0,2011,0.0,98056,47.5073,-122.168,1590.0,7241.0,2014-09-28,440000.0
522049074,4.0,3.0,2530.0,10000.0,2.0,0.0,0.0,3,7,2530.0,0.0,2013,0.0,98148,47.431,-122.335,1420.0,9898.0,2014-06-27,459000.0
1934800193,3.0,3.5,1550.0,1233.0,2.0,0.0,0.0,3,8,1160.0,390.0,2005,0.0,98122,47.6034,-122.309,1490.0,1539.0,2015-03-06,530000.0
847100046,4.0,2.75,3110.0,11225.0,2.0,0.0,0.0,3,8,3110.0,0.0,2012,0.0,98059,47.4865,-122.143,2610.0,8535.0,2015-04-16,600000.0
1250200693,3.0,3.0,2100.0,2409.0,2.0,0.0,0.0,3,8,1660.0,440.0,2008,0.0,98144,47.5973,-122.298,1900.0,2400.0,2014-07-18,515000.0
7338220200,4.0,2.5,2150.0,3721.0,2.0,,0.0,3,8,2150.0,0.0,2007,0.0,98002,47.3363,-122.215,2150.0,3721.0,2015-04-08,275000.0
1982201596,3.0,1.75,1630.0,1404.0,2.0,0.0,0.0,3,8,1020.0,610.0,2014,0.0,98107,47.6646,-122.367,1420.0,1670.0,2015-01-12,540000.0
7853270830,3.0,2.5,2230.0,7934.0,2.0,0.0,0.0,3,7,2230.0,0.0,2005,0.0,98065,47.5439,-121.88,2310.0,4818.0,2014-08-05,445000.0
9352900200,3.0,2.5,1320.0,955.0,3.0,0.0,0.0,3,7,1320.0,0.0,2009,0.0,98106,47.5202,-122.357,1300.0,1003.0,2015-04-07,285000.0
8850000517,3.0,2.5,1590.0,1431.0,2.0,0.0,0.0,3,8,1060.0,,2010,0.0,98144,47.5893,-122.309,1620.0,1548.0,2014-07-31,480000.0
3395070560,5.0,3.25,2610.0,3642.0,2.0,0.0,0.0,3,8,2080.0,530.0,2005,0.0,98118,47.535,-122.284,1750.0,3118.0,2015-01-20,440000.0
7211400576,3.0,2.5,1440.0,2500.0,2.0,0.0,0.0,3,7,1440.0,0.0,2008,0.0,98146,47.5123,-122.358,1440.0,5000.0,2015-02-11,287450.0
5169700132,4.0,2.5,2630.0,6283.0,2.0,0.0,0.0,3,9,2630.0,0.0,2006,0.0,98059,47.5079,-122.158,2630.0,7210.0,2015-04-01,507950.0
3204960200,3.0,3.5,3390.0,10078.0,2.0,0.0,0.0,3,10,3040.0,350.0,2012,0.0,98056,47.537,-122.185,3290.0,12332.0,2014-06-19,750000.0
8024200681,3.0,1.5,1400.0,1022.0,3.0,0.0,0.0,3,8,1400.0,0.0,2007,0.0,98115,47.6989,-122.317,1270.0,1205.0,2014-07-03,425000.0
9358000550,3.0,3.5,1900.0,2133.0,2.0,0.0,0.0,3,8,1520.0,380.0,2009,0.0,98126,47.5675,-122.369,1530.0,3264.0,2014-12-02,420000.0
7625702444,3.0,2.5,1350.0,1250.0,3.0,0.0,0.0,3,8,1270.0,80.0,2006,0.0,98136,47.5491,-122.387,1350.0,886.0,2014-05-10,394950.0
7853370260,4.0,3.25,3420.0,6752.0,2.0,,2.0,3,9,3030.0,390.0,2012,0.0,98065,47.517,-121.876,3010.0,5172.0,2014-07-11,635000.0
522079068,3.0,2.5,2150.0,161607.0,2.0,0.0,0.0,3,7,1330.0,820.0,1995,0.0,98038,47.4178,-121.937,2400.0,207781.0,2015-05-06,513000.0
3023000200,4.0,2.5,2110.0,5306.0,2.0,0.0,0.0,3,8,2110.0,0.0,2012,0.0,98038,47.356,-122.057,2250.0,5306.0,2015-05-05,380000.0
3758900023,4.0,3.25,3810.0,8519.0,1.0,0.0,1.0,3,10,2680.0,1130.0,2007,0.0,98033,47.699,-122.207,3240.0,10748.0,2014-05-21,1130000.0
6204050160,5.0,3.0,2870.0,4369.0,2.0,0.0,0.0,3,8,2090.0,780.0,2007,0.0,98011,47.7449,-122.192,2640.0,4610.0,2014-06-08,540000.0
8562780200,2.0,2.25,1240.0,705.0,2.0,0.0,0.0,3,7,1150.0,90.0,2009,0.0,98027,47.5321,-122.073,1240.0,750.0,2015-04-27,352499.0
7702600949,4.0,3.5,3610.0,6345.0,2.0,0.0,0.0,3,9,2370.0,1240.0,2008,0.0,98058,47.4283,-122.102,3010.0,29279.0,2015-05-05,603000.0
3442000127,4.0,2.5,2310.0,5100.0,2.0,0.0,0.0,3,9,2310.0,0.0,2013,0.0,98177,47.7039,-122.36,1260.0,5100.0,2014-05-30,685000.0
255550070,4.0,3.0,1930.0,3031.0,1.0,0.0,0.0,3,7,1200.0,730.0,2006,0.0,98019,47.7457,-121.985,1930.0,2611.0,2014-06-26,330675.0
7165700200,3.0,3.0,1390.0,1080.0,2.0,0.0,0.0,3,7,1140.0,250.0,2006,0.0,98118,47.5323,-122.281,1450.0,1081.0,2014-06-05,275000.0
8096800270,3.0,2.5,1578.0,7340.0,2.0,0.0,0.0,3,7,1578.0,0.0,2010,0.0,98030,47.3771,-122.186,1850.0,7200.0,2014-07-16,259950.0
4046500160,3.0,2.0,1720.0,15000.0,1.0,0.0,0.0,3,9,1720.0,0.0,2011,0.0,98014,47.6927,-121.92,1900.0,15337.0,2014-07-29,441000.0
7882600326,5.0,3.75,4700.0,11237.0,2.0,0.0,0.0,3,10,2930.0,1770.0,2006,0.0,98033,47.6624,-122.197,3180.0,13140.0,2014-12-03,1140000.0
9122001230,3.0,3.5,1970.0,5079.0,2.0,0.0,0.0,3,8,1680.0,290.0,2007,0.0,98144,47.5816,-122.296,1940.0,6000.0,2014-12-05,590000.0
6373000187,3.0,2.25,1460.0,1353.0,2.0,0.0,0.0,3,8,1050.0,410.0,2012,0.0,98116,47.5774,-122.412,1690.0,3776.0,2014-09-18,497000.0
7967000200,3.0,2.5,1930.0,4000.0,2.0,0.0,0.0,3,8,1930.0,0.0,2014,0.0,98001,47.3518,-122.275,2050.0,4000.0,2014-11-21,345500.0
2902200241,3.0,2.25,1300.0,907.0,2.0,0.0,0.0,3,8,1000.0,300.0,2006,0.0,98102,47.6371,-122.327,1300.0,1169.0,2014-06-23,562500.0
291310390,3.0,2.25,1445.0,1087.0,2.0,0.0,0.0,3,7,1300.0,145.0,2005,0.0,98027,47.5339,-122.067,1410.0,1336.0,2014-09-04,355000.0
1604601572,2.0,2.25,860.0,696.0,2.0,0.0,0.0,3,9,860.0,0.0,2009,0.0,98118,47.5663,-122.29,1100.0,3000.0,2014-09-05,345000.0
259500270,3.0,2.5,3040.0,4535.0,2.0,0.0,0.0,3,9,3040.0,0.0,2007,0.0,98056,47.51,-122.185,2670.0,4666.0,2014-05-05,478000.0
3166900270,3.0,2.5,2424.0,6143.0,2.0,0.0,0.0,3,9,2424.0,0.0,2014,0.0,98030,47.3512,-122.135,2381.0,6036.0,2015-04-02,391500.0
2926049582,2.0,1.5,1084.0,3427.0,2.0,0.0,0.0,3,7,1084.0,0.0,1976,0.0,98125,47.7117,-122.326,1084.0,6250.0,2015-04-12,265000.0
3438503230,3.0,2.5,2510.0,5320.0,2.0,,0.0,3,8,2510.0,0.0,2005,0.0,98106,47.5374,-122.357,1820.0,5736.0,2014-10-30,395000.0
2827100075,2.0,1.5,1220.0,1036.0,3.0,0.0,0.0,3,7,1220.0,0.0,2006,0.0,98133,47.7348,-122.347,1210.0,659.0,2014-07-27,286308.0
1702900624,2.0,2.25,1280.0,835.0,2.0,0.0,0.0,3,7,1080.0,200.0,2009,0.0,98118,47.5592,-122.284,1280.0,1246.0,2014-05-27,370000.0
2856100935,5.0,3.5,3740.0,5610.0,2.0,0.0,0.0,3,9,2860.0,880.0,2014,0.0,98117,47.6764,-122.392,1520.0,4590.0,2014-09-23,1080000.0
301401620,3.0,2.5,1852.0,4000.0,2.0,0.0,0.0,3,7,1852.0,0.0,2014,0.0,98002,47.3451,-122.209,2475.0,4000.0,2014-10-15,298900.0
3630200520,4.0,2.5,2580.0,5787.0,2.0,0.0,0.0,3,9,2580.0,0.0,2007,0.0,98029,47.5416,-121.994,2580.0,4410.0,2015-04-21,775000.0
323079065,4.0,3.5,3190.0,31450.0,2.0,0.0,0.0,3,9,3190.0,0.0,2010,0.0,98027,47.501,-121.902,3000.0,72745.0,2014-06-24,790000.0
7172200125,3.0,2.5,3400.0,5119.0,2.0,0.0,0.0,3,8,2300.0,1100.0,2014,0.0,98115,47.6843,-122.305,1740.0,5969.0,2014-08-27,1050000.0
3057000400,2.0,1.5,1090.0,2686.0,2.0,0.0,0.0,3,7,1090.0,0.0,1982,0.0,98034,47.717,-122.19,1160.0,2158.0,2014-07-08,249000.0
3022900070,3.0,2.0,2360.0,6145.0,1.0,0.0,0.0,3,8,2360.0,,2011,0.0,98030,47.3564,-122.198,2304.0,5880.0,2014-09-29,348000.0
9406710060,5.0,2.5,2460.0,5604.0,2.0,0.0,0.0,3,8,2460.0,0.0,2011,0.0,98038,47.3658,-122.037,2210.0,6395.0,2014-11-14,358000.0
3353401070,5.0,2.5,2025.0,7760.0,2.0,0.0,0.0,3,7,2025.0,0.0,2007,0.0,98001,47.2671,-122.256,1664.0,9000.0,2014-06-25,260000.0
7853280570,4.0,3.0,4410.0,5104.0,2.0,0.0,0.0,3,9,3400.0,1010.0,2006,0.0,98065,47.5392,-121.861,4390.0,5537.0,2014-06-04,765000.0
6192410550,3.0,2.5,2810.0,5400.0,2.0,0.0,0.0,3,9,2810.0,0.0,2005,0.0,98052,47.7065,-122.118,2870.0,5400.0,2014-05-28,739000.0
8562710520,5.0,3.5,4490.0,6000.0,2.0,0.0,0.0,3,10,3200.0,1290.0,2006,0.0,98027,47.5396,-122.073,4530.0,6000.0,2014-05-05,890000.0
1543000060,4.0,2.5,3070.0,6432.0,2.0,0.0,0.0,3,9,3070.0,0.0,2006,0.0,98055,47.4487,-122.205,2910.0,5106.0,2014-06-07,462000.0
9536600810,4.0,2.5,1984.0,32400.0,1.0,0.0,0.0,3,8,1564.0,420.0,1962,0.0,98198,47.36,-122.318,1390.0,9152.0,2014-07-08,380000.0
5428000070,5.0,3.5,4750.0,8234.0,2.0,0.0,2.0,3,10,3350.0,1400.0,2013,0.0,98198,47.3574,-122.318,2160.0,14496.0,2015-05-11,770000.0
2309000060,4.0,3.25,2760.0,4104.0,2.0,0.0,0.0,3,8,1900.0,860.0,2014,0.0,98056,47.5286,-122.187,2760.0,5186.0,2014-08-18,641000.0
8043700105,4.0,4.0,4360.0,8175.0,2.5,1.0,4.0,3,10,3940.0,420.0,2007,0.0,98008,47.5724,-122.104,2670.0,8525.0,2015-04-17,2300000.0
7792000140,4.0,2.5,3060.0,27251.0,1.5,0.0,0.0,3,8,3060.0,0.0,2008,0.0,98022,47.1967,-121.966,1760.0,27251.0,2015-05-04,369000.0
5244801550,4.0,3.0,2770.0,2650.0,2.0,0.0,0.0,3,9,2180.0,590.0,2014,0.0,98109,47.6435,-122.354,1820.0,2960.0,2014-09-16,1110000.0
9310300160,5.0,2.5,2990.0,9240.0,2.0,0.0,0.0,3,8,2990.0,0.0,2015,0.0,98133,47.7384,-122.348,1970.0,18110.0,2014-08-28,357000.0
6762700376,3.0,2.75,1540.0,1251.0,2.0,0.0,0.0,3,8,1230.0,310.0,2002,0.0,98102,47.6298,-122.321,1540.0,1287.0,2014-11-26,650000.0
1972200428,3.0,2.5,1400.0,1312.0,3.5,,0.0,3,8,1400.0,0.0,2007,0.0,98103,47.6534,-122.355,1350.0,1312.0,2014-06-25,563500.0
7304301231,3.0,2.5,1680.0,2229.0,2.0,0.0,0.0,3,7,1680.0,0.0,2007,0.0,98155,47.7484,-122.322,1230.0,9300.0,2014-06-17,345000.0
9512200140,3.0,2.0,2260.0,7163.0,1.0,0.0,0.0,3,9,2260.0,0.0,2012,0.0,98058,47.4593,-122.136,2340.0,6730.0,2014-07-25,479950.0
7853400260,4.0,3.5,3400.0,5196.0,2.0,,0.0,3,9,3400.0,0.0,2012,0.0,98065,47.5169,-121.884,3170.0,5260.0,2014-05-13,660000.0
97600140,4.0,2.5,2930.0,5000.0,2.0,0.0,0.0,3,9,2760.0,170.0,2007,0.0,98006,47.5424,-122.12,3230.0,5778.0,2014-07-29,800000.0
2822059360,3.0,2.0,1239.0,6036.0,1.0,0.0,0.0,3,7,1239.0,0.0,2009,0.0,98030,47.3689,-122.175,2060.0,5746.0,2014-07-24,253101.0
6056110200,3.0,3.5,2100.0,2479.0,2.0,0.0,0.0,3,9,1450.0,650.0,2011,0.0,98118,47.562,-122.292,1800.0,2457.0,2014-09-29,555000.0
6300000226,4.0,1.0,1200.0,2171.0,1.5,0.0,0.0,3,7,1200.0,0.0,1933,0.0,98133,47.7076,-122.342,1130.0,1598.0,2014-06-26,240000.0
6300000226,4.0,1.0,1200.0,2171.0,1.5,0.0,0.0,3,7,1200.0,0.0,1933,0.0,98133,47.7076,-122.342,1130.0,1598.0,2015-05-04,380000.0
9524100196,2.0,1.5,680.0,772.0,2.0,0.0,0.0,3,7,680.0,0.0,2005,0.0,98103,47.695,-122.343,690.0,1059.0,2014-11-17,239000.0
3013300685,4.0,3.25,2690.0,3995.0,2.0,,0.0,3,9,2060.0,,2014,0.0,98136,47.532,-122.384,1810.0,4590.0,2015-03-18,760000.0
2619950070,4.0,2.5,2750.0,7200.0,2.0,0.0,0.0,3,8,2750.0,0.0,2011,0.0,98019,47.7327,-121.966,2750.0,7200.0,2014-08-26,430000.0
7203110240,3.0,2.5,2450.0,4332.0,2.0,0.0,0.0,3,8,2450.0,0.0,2010,0.0,98053,47.6942,-122.016,2450.0,4154.0,2014-05-22,660000.0
7694200350,4.0,2.5,2620.0,4050.0,2.0,0.0,0.0,3,8,2620.0,0.0,2014,0.0,98146,47.5017,-122.34,2030.0,3944.0,2014-08-20,399963.0
7600136,2.0,2.0,1130.0,1148.0,2.0,,0.0,3,9,800.0,330.0,2007,0.0,98122,47.6023,-122.314,1350.0,1201.0,2014-07-18,411000.0
1442880160,4.0,2.75,2790.0,5527.0,2.0,0.0,0.0,3,8,2790.0,0.0,2014,0.0,98045,47.4827,-121.773,2620.0,5509.0,2014-06-27,483453.0
3277801580,3.0,2.0,1820.0,1357.0,3.0,0.0,0.0,3,9,1820.0,0.0,2014,0.0,98126,47.5432,-122.376,1710.0,1372.0,2014-11-10,469950.0
1442880640,4.0,2.75,2910.0,7467.0,2.0,0.0,0.0,3,8,2910.0,0.0,2013,0.0,98045,47.4841,-121.772,2790.0,7868.0,2014-07-15,504058.0
3845101070,4.0,2.5,2568.0,5000.0,2.0,0.0,0.0,3,9,2568.0,0.0,2014,0.0,98092,47.2596,-122.194,2547.0,4500.0,2015-04-28,425996.0
6791900260,4.0,2.75,3090.0,5859.0,2.0,0.0,0.0,3,9,3090.0,0.0,2010,0.0,98074,47.6057,-122.047,2960.0,5250.0,2014-07-08,760005.0
9828702339,2.0,2.0,1460.0,1085.0,2.0,0.0,0.0,3,8,950.0,510.0,2014,0.0,98112,47.6205,-122.299,1580.0,1202.0,2015-04-20,699999.0
2255500125,3.0,2.5,2010.0,2263.0,2.0,0.0,0.0,3,8,1340.0,670.0,2014,0.0,98122,47.6088,-122.311,1500.0,2670.0,2014-07-16,749950.0
5541300135,4.0,2.5,2610.0,5140.0,2.0,0.0,0.0,3,8,2610.0,0.0,2006,0.0,98103,47.6951,-122.346,1190.0,5101.0,2014-07-08,674600.0
4083306616,2.0,1.5,960.0,1000.0,2.0,0.0,0.0,3,8,920.0,40.0,2008,0.0,98103,47.6489,-122.335,1200.0,1297.0,2015-02-24,450000.0
8096800260,3.0,2.5,1528.0,7616.0,2.0,0.0,0.0,3,7,1528.0,0.0,2011,0.0,98030,47.3774,-122.186,1850.0,7340.0,2015-04-07,272000.0
2997800024,2.0,1.5,1310.0,1264.0,2.0,0.0,0.0,3,8,1120.0,190.0,2006,0.0,98106,47.5772,-122.409,1330.0,1265.0,2014-07-14,450000.0
952005863,3.0,2.25,1760.0,2122.0,3.0,0.0,0.0,3,9,1760.0,0.0,2015,0.0,98116,47.5633,-122.385,1420.0,1618.0,2015-05-05,643950.0
7772850060,3.0,2.5,1420.0,3542.0,2.0,0.0,0.0,3,8,1310.0,110.0,2007,0.0,98133,47.7731,-122.343,1180.0,1622.0,2014-11-10,290000.0
6130500070,3.0,2.5,1650.0,2082.0,3.0,0.0,0.0,3,8,1650.0,0.0,2007,0.0,98133,47.7108,-122.332,1650.0,1965.0,2014-10-08,378000.0
8682300400,3.0,2.5,2320.0,6775.0,1.0,0.0,0.0,3,8,2320.0,0.0,2008,0.0,98053,47.7158,-122.016,1680.0,4750.0,2014-06-19,728050.0
8956200990,4.0,2.5,2628.0,11466.0,2.0,0.0,0.0,3,9,2628.0,0.0,2014,0.0,98001,47.2904,-122.264,2849.0,10909.0,2015-04-26,499160.0
9532000070,4.0,2.5,2520.0,4831.0,2.0,0.0,0.0,3,8,2520.0,0.0,2009,0.0,98072,47.7711,-122.168,2430.0,3937.0,2014-12-01,536000.0
7570050070,5.0,3.5,2880.0,5000.0,2.0,0.0,0.0,3,8,2260.0,620.0,2012,0.0,98038,47.3455,-122.023,2590.0,4800.0,2015-02-05,419900.0
946000295,3.0,2.25,1440.0,1362.0,3.0,0.0,0.0,3,7,1440.0,0.0,2014,0.0,98117,47.6908,-122.365,1180.0,2603.0,2014-12-10,469000.0
3831250350,3.0,2.5,2185.0,6042.0,2.0,0.0,0.0,3,9,2185.0,0.0,2009,0.0,98030,47.3573,-122.202,2297.0,5876.0,2015-04-08,374000.0
6056100160,4.0,1.5,1500.0,2106.0,2.0,0.0,0.0,3,7,1500.0,0.0,2014,0.0,98108,47.5669,-122.297,1490.0,2175.0,2014-07-28,182568.0
1402970070,3.0,2.5,1769.0,7324.0,2.0,0.0,0.0,3,9,1769.0,0.0,2012,0.0,98092,47.3307,-122.188,2502.0,6017.0,2014-06-26,334888.0
2524059267,4.0,4.0,3650.0,18223.0,2.0,0.0,3.0,3,9,3330.0,320.0,2013,0.0,98006,47.5442,-122.116,3220.0,11022.0,2014-09-17,799900.0
8091670030,4.0,2.5,2160.0,6223.0,2.0,0.0,0.0,3,8,2160.0,0.0,2010,0.0,98038,47.3494,-122.042,2160.0,5555.0,2014-05-12,383000.0
1825079046,3.0,2.5,1820.0,374616.0,2.0,0.0,0.0,3,7,1820.0,0.0,1999,0.0,98014,47.6539,-121.959,1870.0,220654.0,2014-12-18,580000.0
255450390,3.0,2.5,2370.0,4200.0,2.0,0.0,0.0,3,8,2370.0,0.0,2014,0.0,98038,47.3706,-122.017,2370.0,4200.0,2014-07-07,351999.0
9301300270,3.0,3.0,3180.0,2758.0,2.0,0.0,2.0,3,11,2240.0,940.0,2008,0.0,98109,47.6377,-122.342,2420.0,2758.0,2015-02-23,1330000.0
9347300160,3.0,2.5,1780.0,4077.0,2.0,0.0,0.0,3,8,1780.0,0.0,2011,0.0,98038,47.3568,-122.056,1970.0,4077.0,2015-01-25,312000.0
710600070,4.0,3.5,2650.0,3127.0,2.0,0.0,0.0,3,8,2230.0,420.0,2011,0.0,98027,47.5381,-122.046,2330.0,3137.0,2014-09-12,674950.0
5556300116,5.0,2.75,3300.0,7560.0,2.0,0.0,0.0,3,10,3300.0,0.0,2007,0.0,98052,47.6467,-122.118,3150.0,8580.0,2014-12-29,1110000.0
1324300126,2.0,2.5,1160.0,1219.0,3.0,0.0,0.0,3,8,1160.0,0.0,2007,0.0,98107,47.6543,-122.358,1320.0,2800.0,2015-03-13,415000.0
9279700013,3.0,3.0,3460.0,5353.0,2.0,0.0,0.0,3,10,2850.0,610.0,2007,0.0,98116,47.5858,-122.393,2460.0,6325.0,2014-07-10,1250000.0
3336500140,3.0,2.5,1390.0,2450.0,2.0,0.0,0.0,3,7,1390.0,0.0,2009,0.0,98118,47.5298,-122.269,1390.0,2450.0,2014-09-19,208800.0
2767604212,2.0,2.5,1260.0,1131.0,3.0,0.0,0.0,3,8,1260.0,0.0,2006,0.0,98107,47.6715,-122.384,1490.0,2500.0,2014-10-29,452000.0
6719600030,5.0,2.75,2940.0,5225.0,2.0,0.0,0.0,3,8,2760.0,180.0,2010,0.0,98052,47.6879,-122.107,3090.0,6261.0,2015-04-22,837000.0
3204930510,5.0,3.5,3190.0,4247.0,2.0,0.0,0.0,3,8,2430.0,760.0,2013,0.0,98052,47.7016,-122.103,2580.0,3989.0,2015-02-24,780000.0
7582700075,4.0,3.5,3930.0,6120.0,2.0,0.0,0.0,3,10,3310.0,620.0,2007,0.0,98105,47.6646,-122.28,3390.0,6120.0,2014-10-02,1490000.0
191100435,5.0,3.75,3570.0,10125.0,2.0,0.0,0.0,3,10,3570.0,0.0,2014,0.0,98040,47.5639,-122.223,1760.0,10125.0,2014-09-26,1600000.0
255450030,3.0,2.5,2420.0,4725.0,2.0,,0.0,3,8,2420.0,0.0,2014,0.0,98038,47.371,-122.018,2370.0,4200.0,2014-09-18,369946.0
9476200710,3.0,2.75,3400.0,7200.0,2.0,0.0,2.0,3,9,2470.0,930.0,2009,0.0,98056,47.4878,-122.191,1580.0,8676.0,2014-06-08,530000.0
1329300070,4.0,2.5,2478.0,6079.0,2.0,,0.0,3,8,2478.0,0.0,2012,0.0,98030,47.3524,-122.175,2279.0,6079.0,2015-03-20,386000.0
357000135,4.0,2.5,3070.0,7830.0,2.0,0.0,2.0,3,11,1970.0,1100.0,2009,0.0,98144,47.593,-122.291,2440.0,4682.0,2015-02-18,1900000.0
7203600560,4.0,3.5,3200.0,7605.0,2.0,,2.0,3,9,2500.0,700.0,2013,0.0,98198,47.3443,-122.327,2240.0,4416.0,2014-09-11,735000.0
715010140,5.0,3.25,5790.0,12739.0,2.0,0.0,3.0,3,10,4430.0,1360.0,2014,0.0,98006,47.538,-122.114,5790.0,13928.0,2014-10-02,1750000.0
3869900138,3.0,2.25,1590.0,926.0,3.0,0.0,0.0,3,8,1590.0,0.0,2014,0.0,98136,47.5402,-122.387,1640.0,1321.0,2015-02-23,489950.0
2114700374,3.0,3.0,1730.0,1442.0,2.0,0.0,0.0,3,8,1440.0,290.0,2008,0.0,98106,47.5344,-122.348,1370.0,1524.0,2015-04-13,357500.0
9264450550,4.0,2.5,2303.0,3680.0,2.0,0.0,0.0,3,8,2303.0,0.0,2013,0.0,98001,47.2599,-122.283,2303.0,3760.0,2014-05-20,329995.0
3862710200,3.0,2.5,1790.0,3754.0,2.0,0.0,0.0,3,8,1790.0,0.0,2013,0.0,98065,47.534,-121.841,1800.0,3393.0,2014-09-25,414000.0
291310310,3.0,3.5,2490.0,3517.0,2.0,0.0,0.0,3,8,1720.0,770.0,2005,0.0,98027,47.5341,-122.067,1600.0,2378.0,2014-12-10,533500.0
3814900260,4.0,2.5,2669.0,5385.0,2.0,0.0,0.0,3,9,2669.0,0.0,2014,0.0,98092,47.3262,-122.165,2669.0,4645.0,2015-03-05,402395.0
8562790710,4.0,3.25,2610.0,2552.0,2.0,,0.0,3,10,2160.0,450.0,2008,0.0,98027,47.5322,-122.076,2610.0,2664.0,2015-04-10,725000.0
3425069117,6.0,5.25,6160.0,27490.0,2.0,0.0,0.0,3,11,4040.0,2120.0,2007,0.0,98074,47.6094,-122.023,4225.0,9100.0,2014-08-28,1280000.0
2895800640,2.0,1.75,1290.0,1493.0,2.0,,0.0,3,8,1290.0,0.0,2014,0.0,98106,47.5171,-122.346,1410.0,1875.0,2014-09-17,239800.0
3438500253,5.0,3.5,3560.0,5008.0,2.0,0.0,0.0,3,8,2810.0,750.0,2013,0.0,98106,47.5542,-122.359,2910.0,5026.0,2014-09-04,616950.0
3630200340,4.0,3.25,4360.0,6000.0,2.0,0.0,3.0,3,11,3400.0,960.0,2007,0.0,98027,47.5408,-121.994,4310.0,6000.0,2014-10-01,1260000.0
2770601769,3.0,2.25,1230.0,1238.0,2.0,0.0,0.0,3,8,1080.0,150.0,2009,0.0,98199,47.6519,-122.384,1230.0,953.0,2014-06-17,435000.0
2225069036,4.0,3.25,3640.0,60086.0,2.0,0.0,0.0,3,10,3640.0,0.0,2005,0.0,98074,47.6328,-122.016,2900.0,51721.0,2014-08-15,925000.0
9525600030,2.0,2.5,1780.0,2493.0,3.0,0.0,0.0,3,8,1780.0,0.0,1981,0.0,98107,47.6704,-122.358,2050.0,4400.0,2015-04-28,631500.0
993002108,3.0,1.5,1140.0,1069.0,3.0,0.0,0.0,3,8,1140.0,0.0,2005,0.0,98103,47.6907,-122.342,1230.0,1276.0,2015-03-30,399995.0
993000327,3.0,2.0,1270.0,1320.0,3.0,0.0,0.0,3,8,1270.0,0.0,2006,0.0,98103,47.6937,-122.342,1370.0,1320.0,2014-05-06,369950.0
1523059239,5.0,3.5,2780.0,3583.0,2.0,0.0,0.0,3,8,2180.0,600.0,2005,0.0,98059,47.4879,-122.152,2640.0,3850.0,2015-04-23,475000.0
7967000270,4.0,2.5,1912.0,5000.0,2.0,0.0,0.0,3,8,1912.0,0.0,2012,0.0,98001,47.3511,-122.275,2020.0,5000.0,2014-11-25,353000.0
7137800310,4.0,2.5,2300.0,9690.0,2.0,0.0,0.0,3,8,2300.0,0.0,2006,0.0,98023,47.2793,-122.352,1200.0,9085.0,2015-02-25,329950.0
2211300260,3.0,2.5,2828.0,4050.0,2.0,0.0,0.0,3,8,2828.0,0.0,2013,0.0,98030,47.382,-122.197,2513.0,4507.0,2015-03-13,367000.0
8956200070,4.0,2.5,2425.0,9017.0,2.0,0.0,0.0,3,9,2425.0,0.0,2013,0.0,98001,47.3003,-122.263,2725.0,7019.0,2014-09-05,447500.0
1257201420,4.0,3.25,3730.0,4560.0,2.0,0.0,0.0,3,9,2760.0,970.0,2015,0.0,98103,47.6725,-122.33,1800.0,4560.0,2014-07-09,595000.0
1523300140,1.0,1.0,730.0,1942.0,1.0,0.0,0.0,3,7,730.0,0.0,2009,0.0,98144,47.5943,-122.299,1020.0,2044.0,2014-09-04,325000.0
9831200186,2.0,2.5,1990.0,1756.0,3.0,0.0,0.0,3,9,1780.0,210.0,2005,0.0,98102,47.6264,-122.323,1955.0,1438.0,2015-02-03,690000.0
7660100238,3.0,2.5,1300.0,812.0,2.0,0.0,0.0,3,8,880.0,420.0,2008,0.0,98144,47.5893,-122.317,1300.0,824.0,2014-11-11,329950.0
5381000477,4.0,2.5,2560.0,7492.0,2.0,,0.0,3,8,2560.0,0.0,2014,0.0,98188,47.4467,-122.287,1260.0,11541.0,2015-01-28,399500.0
207700180,5.0,2.5,2450.0,5047.0,2.0,0.0,0.0,3,8,2450.0,0.0,2007,0.0,98011,47.7724,-122.168,2450.0,4478.0,2015-01-21,555000.0
5288200072,2.0,1.5,1440.0,725.0,2.0,0.0,0.0,3,8,1100.0,340.0,2011,0.0,98126,47.5607,-122.378,1440.0,4255.0,2014-10-01,427000.0
9524100322,3.0,2.25,1140.0,1557.0,3.0,0.0,0.0,3,8,1140.0,0.0,2007,0.0,98103,47.6947,-122.342,1140.0,1245.0,2014-10-20,375000.0
1732800184,2.0,1.5,1110.0,957.0,2.0,0.0,0.0,3,8,930.0,180.0,2005,0.0,98119,47.6319,-122.362,1680.0,1104.0,2014-05-08,499000.0
1425069103,3.0,2.5,2620.0,43832.0,2.0,0.0,0.0,3,8,2620.0,0.0,2013,0.0,98053,47.655,-122.009,2620.0,120686.0,2014-07-18,750000.0
8165500790,3.0,2.5,1690.0,1200.0,2.0,0.0,0.0,3,8,1410.0,280.0,2014,0.0,98106,47.5388,-122.367,1740.0,1664.0,2014-12-29,336900.0
7658600081,2.0,2.75,1950.0,1610.0,3.0,0.0,0.0,3,8,1950.0,0.0,2009,0.0,98144,47.5925,-122.302,910.0,1745.0,2014-09-19,555000.0
1245003268,4.0,3.5,3530.0,8126.0,2.0,0.0,0.0,3,10,3530.0,0.0,2007,0.0,98033,47.6847,-122.2,2660.0,8126.0,2014-11-06,1280000.0
8010100220,4.0,3.5,3310.0,4684.0,2.0,,0.0,3,9,2290.0,1020.0,2014,0.0,98116,47.579,-122.389,1850.0,4750.0,2014-10-14,999950.0
7974200452,5.0,3.0,2620.0,5477.0,2.0,0.0,0.0,3,10,2620.0,0.0,2009,0.0,98115,47.6804,-122.288,1680.0,5217.0,2014-06-25,975000.0
8943600360,3.0,2.25,1350.0,3582.0,2.0,0.0,0.0,3,8,1350.0,0.0,2010,0.0,98031,47.4214,-122.191,1940.0,3860.0,2015-02-19,299000.0
3026059361,2.0,2.5,1741.0,1439.0,2.0,0.0,0.0,3,8,1446.0,295.0,2007,0.0,98034,47.7043,-122.209,2090.0,10454.0,2015-04-17,479000.0
6130500120,3.0,2.5,1650.0,2201.0,3.0,0.0,0.0,3,8,1650.0,,2007,0.0,98133,47.7108,-122.333,1650.0,1965.0,2015-04-17,428000.0
3575305485,3.0,2.5,1890.0,6500.0,2.0,0.0,0.0,3,7,1890.0,0.0,2012,0.0,98074,47.6225,-122.058,2340.0,7500.0,2014-08-29,409000.0
666000142,3.0,3.0,1950.0,1833.0,3.0,0.0,0.0,3,9,1610.0,340.0,2009,0.0,98004,47.6078,-122.202,2040.0,2131.0,2015-03-26,798500.0
7853280620,4.0,3.5,4490.0,5805.0,2.0,,0.0,3,9,3390.0,1100.0,2006,0.0,98065,47.5389,-121.86,4410.0,6299.0,2014-12-12,689000.0
8946390040,6.0,2.25,3206.0,5793.0,2.0,0.0,0.0,3,7,3206.0,0.0,2012,0.0,98032,47.369,-122.287,2527.0,5804.0,2014-05-08,375000.0
5416300230,4.0,3.5,4130.0,77832.0,2.0,0.0,2.0,3,10,4130.0,0.0,2011,0.0,98042,47.3229,-122.045,4130.0,87476.0,2014-07-17,775000.0
1604730150,5.0,3.0,2800.0,5700.0,2.0,0.0,0.0,3,8,2800.0,0.0,2014,0.0,98059,47.4969,-122.145,2910.0,5349.0,2014-10-14,639983.0
8669180150,4.0,3.0,1984.0,4419.0,2.0,0.0,0.0,3,7,1984.0,0.0,2010,0.0,98002,47.3514,-122.213,2440.0,4418.0,2015-03-26,300000.0
1081330180,4.0,2.5,2750.0,11830.0,2.0,0.0,0.0,3,9,2750.0,0.0,2014,0.0,98059,47.4698,-122.121,2310.0,11830.0,2014-12-22,627000.0
2309710230,3.0,2.75,1740.0,5757.0,1.0,0.0,0.0,3,7,1740.0,0.0,2010,0.0,98022,47.1941,-121.979,2380.0,5647.0,2015-04-15,275000.0
2895800610,4.0,2.25,1800.0,2752.0,2.0,,0.0,3,8,1800.0,0.0,2014,0.0,98106,47.5167,-122.346,1650.0,2752.0,2014-09-26,352800.0
3362400092,3.0,2.25,1540.0,1005.0,3.0,0.0,0.0,3,8,1540.0,0.0,2008,0.0,98103,47.6828,-122.346,1510.0,1501.0,2015-03-12,565000.0
3052700385,4.0,2.25,2030.0,2222.0,2.0,0.0,0.0,3,9,1610.0,420.0,2015,0.0,98117,47.679,-122.375,1420.0,2222.0,2015-04-14,765000.0
2738640040,4.0,2.5,3310.0,4839.0,2.0,0.0,0.0,3,9,3310.0,0.0,2007,0.0,98072,47.773,-122.161,3240.0,5280.0,2015-04-09,644000.0
8024200674,3.0,1.5,1270.0,1416.0,3.0,0.0,0.0,3,8,1270.0,0.0,2007,0.0,98115,47.6988,-122.317,1270.0,1413.0,2015-02-23,461000.0
3353400092,5.0,2.5,2406.0,7093.0,2.0,0.0,0.0,3,8,2406.0,0.0,2006,0.0,98001,47.2615,-122.252,1767.0,7093.0,2014-12-23,270500.0
6003500749,2.0,2.25,1540.0,965.0,3.0,0.0,0.0,3,9,1540.0,0.0,2007,0.0,98122,47.6181,-122.318,1410.0,964.0,2014-07-01,640000.0
8956200530,4.0,2.5,2820.0,6983.0,2.0,0.0,0.0,3,9,2820.0,0.0,2013,0.0,98001,47.2958,-122.265,2597.0,7222.0,2014-08-05,457000.0
133000271,5.0,2.5,2540.0,5100.0,2.0,,0.0,3,7,2540.0,0.0,2014,0.0,98168,47.5123,-122.316,1400.0,9440.0,2014-12-01,355000.0
6749700063,2.0,2.25,1230.0,989.0,3.0,0.0,0.0,3,8,1230.0,0.0,2007,0.0,98103,47.6975,-122.348,1230.0,1223.0,2014-12-15,356000.0
3278613060,4.0,2.5,1900.0,2766.0,2.0,0.0,0.0,3,8,1900.0,0.0,2014,0.0,98106,47.543,-122.368,1900.0,2604.0,2014-08-05,425000.0
7708200880,5.0,2.75,2920.0,6327.0,2.0,0.0,0.0,3,8,2920.0,0.0,2007,0.0,98059,47.4935,-122.145,2520.0,5026.0,2014-09-23,562500.0
2767600673,3.0,2.5,1450.0,1053.0,2.0,0.0,0.0,3,8,940.0,510.0,2008,0.0,98107,47.6754,-122.374,1410.0,1080.0,2014-07-01,460000.0
7299810040,4.0,3.0,5370.0,69848.0,2.0,,0.0,3,10,3500.0,1870.0,2005,0.0,98042,47.3166,-122.046,4443.0,94403.0,2015-04-06,790000.0
993000308,3.0,2.0,1270.0,1333.0,3.0,0.0,0.0,3,8,1270.0,0.0,2006,0.0,98103,47.6933,-122.342,1330.0,1333.0,2015-03-18,401000.0
3364900040,3.0,2.5,2550.0,5100.0,2.0,0.0,0.0,3,9,2550.0,0.0,2014,0.0,98115,47.6757,-122.326,1250.0,4080.0,2014-08-28,1100000.0
9578090180,4.0,3.0,3070.0,7150.0,2.0,0.0,0.0,3,9,3070.0,0.0,2007,0.0,98052,47.7079,-122.107,3200.0,6984.0,2015-04-03,850000.0
9542840120,3.0,2.25,1450.0,4050.0,2.0,0.0,0.0,3,7,1450.0,0.0,2010,0.0,98038,47.367,-122.019,1660.0,3800.0,2014-07-02,274500.0
3860900035,5.0,3.5,4230.0,16526.0,2.0,0.0,0.0,3,10,4230.0,0.0,2008,0.0,98004,47.5933,-122.199,3000.0,12362.0,2015-04-15,1940000.0
7202300040,4.0,2.5,3480.0,6262.0,2.0,,0.0,3,9,3480.0,0.0,2003,0.0,98053,47.6857,-122.045,3490.0,6629.0,2014-08-04,808000.0
1773100972,3.0,2.25,1490.0,974.0,2.0,0.0,0.0,3,7,1220.0,270.0,2009,0.0,98106,47.5567,-122.363,1490.0,1283.0,2014-05-15,312000.0
3626039424,3.0,2.25,1200.0,1400.0,3.0,0.0,0.0,3,8,1200.0,0.0,2005,0.0,98133,47.7046,-122.357,1370.0,6552.0,2014-06-16,320000.0
3175200220,3.0,2.5,2150.0,4332.0,2.0,,0.0,3,8,2150.0,0.0,2013,0.0,98019,47.7373,-121.969,2140.0,4332.0,2015-01-13,410000.0
7852120120,3.0,3.5,3690.0,8837.0,2.0,0.0,0.0,3,10,3690.0,0.0,2001,0.0,98065,47.5402,-121.876,3690.0,9585.0,2014-06-20,725000.0
7813500040,4.0,2.5,1900.0,3301.0,2.0,,0.0,3,7,1900.0,0.0,2007,0.0,98178,47.489,-122.249,1960.0,3379.0,2014-10-15,335000.0
7242800040,4.0,3.25,1690.0,1321.0,2.0,,0.0,3,8,1320.0,370.0,2014,0.0,98052,47.678,-122.117,3080.0,4558.0,2015-01-20,519990.0
1442880650,4.0,2.75,2790.0,8853.0,2.0,0.0,0.0,3,8,2790.0,0.0,2013,0.0,98045,47.4842,-121.772,2790.0,8092.0,2014-06-10,533112.0
3355400242,3.0,2.0,1936.0,6612.0,2.0,0.0,0.0,3,7,1936.0,0.0,2014,0.0,98001,47.2602,-122.246,1620.0,21600.0,2014-10-28,274900.0
8562780540,2.0,2.25,1150.0,711.0,2.0,0.0,0.0,3,7,1150.0,0.0,2013,0.0,98027,47.5323,-122.07,1150.0,748.0,2014-12-22,325000.0
923049203,4.0,2.5,2040.0,22653.0,2.0,0.0,0.0,3,7,2040.0,0.0,2011,0.0,98168,47.4991,-122.299,2020.0,20502.0,2014-05-29,350000.0
3578600141,4.0,2.5,2470.0,7539.0,2.0,0.0,0.0,3,9,2470.0,0.0,2006,0.0,98028,47.7407,-122.226,2580.0,7539.0,2014-09-23,550000.0
53500450,4.0,2.5,1890.0,4158.0,2.0,0.0,0.0,3,8,1890.0,0.0,2014,0.0,98042,47.343,-122.056,2720.0,4549.0,2015-03-09,311850.0
1934800180,3.0,2.5,1626.0,1583.0,2.5,0.0,0.0,3,8,1419.0,207.0,2007,0.0,98122,47.6031,-122.309,1400.0,1583.0,2015-02-10,526000.0
3023000210,4.0,2.5,2250.0,5306.0,2.0,0.0,0.0,3,8,2250.0,0.0,2012,0.0,98038,47.356,-122.057,2250.0,5306.0,2014-10-01,375000.0
1773100967,3.0,2.25,1350.0,1234.0,2.0,,0.0,3,7,1160.0,190.0,2007,0.0,98106,47.5565,-122.363,1420.0,1234.0,2015-02-23,299999.0
2767704777,3.0,2.5,1460.0,1238.0,2.0,0.0,0.0,3,8,1200.0,260.0,2008,0.0,98107,47.6719,-122.374,1280.0,1257.0,2014-09-19,436000.0
1085621960,3.0,2.5,2056.0,3564.0,2.0,0.0,0.0,3,7,2056.0,0.0,2014,0.0,98092,47.338,-122.181,2056.0,3577.0,2014-12-12,303000.0
2771602174,2.0,2.5,1160.0,1458.0,2.0,0.0,0.0,3,8,1040.0,120.0,2012,0.0,98119,47.6384,-122.373,1650.0,2311.0,2014-07-01,525000.0
6762700452,3.0,3.0,1384.0,1287.0,2.0,0.0,0.0,3,8,1144.0,240.0,2006,0.0,98102,47.6295,-122.32,1570.0,1288.0,2014-06-13,575000.0
5695000142,2.0,1.5,1100.0,1107.0,3.0,0.0,0.0,3,8,1100.0,0.0,2008,0.0,98103,47.6584,-122.35,1110.0,2750.0,2014-10-24,420000.0
9578140180,3.0,2.5,2456.0,7566.0,2.0,0.0,0.0,3,8,2456.0,,2012,0.0,98023,47.297,-122.351,2478.0,7212.0,2014-06-11,329950.0
2124069115,4.0,4.25,4500.0,215186.0,2.0,0.0,3.0,3,11,2630.0,1870.0,2009,0.0,98029,47.559,-122.045,3030.0,25447.0,2014-10-21,1830000.0
3864000120,4.0,3.25,3780.0,10099.0,1.0,0.0,1.0,3,11,2240.0,1540.0,2006,0.0,98006,47.5508,-122.192,3120.0,10669.0,2015-04-08,1180000.0
2768200212,2.0,2.5,1320.0,1157.0,2.0,0.0,0.0,3,8,990.0,330.0,2014,0.0,98107,47.6689,-122.363,1550.0,1519.0,2014-09-11,499950.0
7852070210,4.0,3.0,5940.0,11533.0,2.0,0.0,4.0,3,11,4950.0,990.0,2004,0.0,98065,47.5443,-121.87,4240.0,12813.0,2014-05-27,1150000.0
7853361210,3.0,2.0,1650.0,5027.0,1.5,0.0,0.0,3,7,1650.0,0.0,2009,0.0,98065,47.515,-121.874,2430.0,6000.0,2015-02-18,400000.0
8141310040,3.0,3.0,1670.0,4440.0,1.0,0.0,0.0,3,7,1670.0,0.0,2014,0.0,98022,47.1948,-121.975,1670.0,4622.0,2014-06-27,246950.0
6852700097,3.0,3.25,1610.0,1275.0,2.0,0.0,0.0,3,8,1220.0,390.0,2005,0.0,98102,47.6236,-122.318,1750.0,3000.0,2014-08-06,630000.0
7708210040,5.0,2.75,3370.0,10315.0,2.0,0.0,0.0,3,9,3370.0,0.0,2006,0.0,98059,47.4893,-122.146,3010.0,8296.0,2014-09-12,561000.0
53500760,4.0,2.5,2660.0,4082.0,2.0,,0.0,3,7,2660.0,0.0,2010,0.0,98042,47.3414,-122.055,2390.0,4876.0,2014-12-08,287000.0
3528900771,3.0,3.25,1690.0,1473.0,2.0,0.0,0.0,3,8,1380.0,310.0,2008,0.0,98109,47.6397,-122.345,1670.0,2594.0,2015-03-31,600000.0
9126100813,3.0,2.25,1620.0,1062.0,3.0,0.0,0.0,3,8,1620.0,0.0,2014,0.0,98122,47.6051,-122.304,1560.0,1728.0,2014-08-28,490000.0
3679400503,3.0,1.75,1300.0,958.0,2.0,0.0,0.0,3,7,840.0,460.0,2011,0.0,98108,47.5677,-122.314,1340.0,1254.0,2015-03-30,330000.0
1760650210,4.0,2.5,1610.0,4052.0,2.0,0.0,0.0,3,7,1610.0,0.0,2013,0.0,98042,47.3603,-122.081,2110.0,4034.0,2014-12-01,286950.0
2652501565,3.0,3.25,3530.0,4920.0,2.0,0.0,0.0,3,9,2660.0,870.0,2015,0.0,98109,47.641,-122.357,1900.0,4200.0,2015-04-23,1550000.0
1237500577,4.0,2.5,3550.0,8618.0,2.0,0.0,0.0,3,10,3550.0,0.0,2007,0.0,98052,47.6776,-122.161,1310.0,9746.0,2015-02-12,880000.0
6382500084,3.0,3.0,1730.0,1755.0,3.0,,0.0,3,8,1730.0,0.0,2014,0.0,98117,47.6944,-122.377,1830.0,1804.0,2014-10-13,577450.0
3023000410,5.0,2.75,2400.0,4900.0,2.0,0.0,0.0,3,8,2400.0,0.0,2011,0.0,98038,47.355,-122.057,2110.0,5696.0,2015-04-30,405000.0
2767601752,3.0,2.5,1420.0,1237.0,3.0,0.0,0.0,3,8,1420.0,0.0,2014,0.0,98107,47.674,-122.387,1510.0,2501.0,2014-07-07,510000.0
2771604196,2.0,1.5,1220.0,1120.0,2.5,0.0,0.0,3,8,1110.0,110.0,2008,0.0,98199,47.6374,-122.388,2010.0,3175.0,2014-08-12,465000.0
1778500620,4.0,2.25,2360.0,4000.0,2.0,0.0,0.0,3,9,2360.0,0.0,2013,0.0,98112,47.6198,-122.289,3040.0,4400.0,2014-07-07,1300000.0
1823059241,4.0,3.5,3990.0,11270.0,2.0,0.0,3.0,3,9,2930.0,1060.0,2007,0.0,98055,47.488,-122.225,1980.0,11328.0,2015-04-08,609000.0
9267200062,3.0,2.5,1260.0,1211.0,3.0,0.0,0.0,3,8,1260.0,0.0,2004,0.0,98103,47.6969,-122.343,1270.0,1211.0,2014-09-11,336000.0
3278606110,3.0,2.5,1580.0,2407.0,2.0,0.0,0.0,3,8,1580.0,0.0,2013,0.0,98126,47.5455,-122.368,1580.0,2212.0,2015-01-08,375000.0
1657530180,3.0,2.5,1760.0,2688.0,2.0,0.0,0.0,3,7,1760.0,0.0,2005,0.0,98059,47.4903,-122.166,1760.0,2329.0,2014-12-04,294500.0
2754700035,5.0,3.5,3420.0,4216.0,2.0,0.0,0.0,3,9,2520.0,900.0,2008,0.0,98115,47.6799,-122.304,1420.0,4500.0,2014-11-25,925000.0
2568200120,5.0,2.75,2870.0,6593.0,2.0,0.0,0.0,3,9,2870.0,,2006,0.0,98052,47.7075,-122.102,3150.0,6593.0,2014-12-15,730000.0
6601200040,4.0,2.5,1934.0,5677.0,2.0,0.0,0.0,3,8,1934.0,0.0,2013,0.0,98001,47.2602,-122.252,1919.0,5049.0,2014-09-19,280000.0
2767601750,3.0,1.5,1220.0,962.0,3.0,0.0,0.0,3,8,1220.0,,2014,0.0,98107,47.674,-122.387,1510.0,2501.0,2014-08-15,500000.0
7853350220,3.0,2.75,2450.0,5750.0,2.0,0.0,0.0,3,9,2450.0,0.0,2013,0.0,98065,47.5439,-121.862,3200.0,8036.0,2015-03-24,605000.0
6163900628,3.0,3.25,1860.0,1787.0,3.0,0.0,0.0,3,8,1860.0,0.0,2007,0.0,98155,47.7563,-122.316,1830.0,1787.0,2014-05-16,379950.0
1689401526,3.0,2.5,1500.0,1119.0,3.0,0.0,2.0,3,7,1110.0,,2008,0.0,98109,47.6327,-122.346,1500.0,1057.0,2015-03-23,605000.0
8725950360,2.0,1.75,1570.0,1108.0,3.0,,0.0,3,9,1570.0,0.0,2007,0.0,98004,47.6215,-122.2,1940.0,1160.0,2015-05-01,720000.0
9826700697,3.0,2.0,1280.0,960.0,2.0,0.0,0.0,3,9,1040.0,240.0,2014,0.0,98122,47.602,-122.311,1280.0,1173.0,2014-11-03,549900.0
9578500180,3.0,2.5,3192.0,5653.0,2.0,0.0,0.0,3,8,3192.0,0.0,2014,0.0,98023,47.2956,-122.35,3000.0,5134.0,2015-01-21,427000.0
9826700707,3.0,2.5,1690.0,1479.0,3.0,0.0,0.0,3,8,1420.0,270.0,2005,0.0,98122,47.6022,-122.311,1280.0,1253.0,2014-10-28,492000.0
8138870530,2.0,2.5,1590.0,1426.0,2.0,0.0,0.0,3,8,1590.0,0.0,2014,0.0,98029,47.5441,-122.013,1590.0,1426.0,2014-05-05,419190.0
4188300180,3.0,2.5,2870.0,7288.0,2.0,0.0,0.0,3,9,2870.0,0.0,2012,0.0,98011,47.7745,-122.225,2870.0,5998.0,2014-11-12,650000.0
5416510530,4.0,2.5,2580.0,4818.0,2.0,0.0,0.0,3,8,2580.0,0.0,2005,0.0,98038,47.3607,-122.038,2570.0,5386.0,2014-11-24,379950.0
4181200540,4.0,2.75,1830.0,3420.0,2.0,0.0,0.0,3,8,1830.0,0.0,2012,0.0,98198,47.366,-122.308,1813.0,3420.0,2014-07-28,269800.0
2222059154,4.0,2.5,2927.0,6000.0,2.0,0.0,0.0,3,7,2927.0,0.0,2011,0.0,98042,47.3737,-122.16,2533.0,6000.0,2014-08-13,407000.0
8032700072,3.0,1.5,1320.0,1250.0,3.0,0.0,0.0,3,8,1320.0,0.0,2008,0.0,98103,47.6536,-122.341,1560.0,1694.0,2015-04-15,580000.0
7203140220,3.0,2.5,1720.0,3581.0,2.0,0.0,0.0,3,7,1720.0,0.0,2011,0.0,98053,47.6861,-122.013,1720.0,3600.0,2015-01-16,389700.0
1278000210,2.0,1.0,828.0,4524.0,1.0,0.0,0.0,3,6,828.0,0.0,1968,20070.0,98001,47.2655,-122.244,828.0,5402.0,2015-03-11,110000.0
6058600220,3.0,1.5,1040.0,1264.0,2.0,0.0,0.0,3,9,900.0,140.0,2015,0.0,98144,47.5951,-122.301,1350.0,3000.0,2014-07-31,230000.0
1442880610,4.0,2.75,2790.0,6685.0,2.0,,0.0,3,8,2790.0,0.0,2014,0.0,98045,47.4838,-121.773,2790.0,6444.0,2014-08-29,533380.0
3679400484,3.0,2.5,1410.0,1332.0,2.0,0.0,0.0,3,7,960.0,450.0,2014,0.0,98108,47.5683,-122.314,1410.0,1343.0,2014-09-18,295500.0
3825310180,4.0,4.5,4040.0,8400.0,2.0,0.0,0.0,3,9,3220.0,820.0,2006,0.0,98052,47.7067,-122.131,3940.0,8400.0,2014-10-07,860000.0
3630220180,4.0,3.5,3370.0,3634.0,2.0,0.0,0.0,3,9,2750.0,620.0,2007,0.0,98029,47.5519,-122.001,3200.0,3650.0,2014-07-08,812000.0
3336500180,3.0,2.5,1660.0,3990.0,2.0,0.0,0.0,3,7,1660.0,0.0,2009,0.0,98118,47.5298,-122.268,1670.0,4050.0,2014-06-05,324500.0
2781270530,2.0,1.75,910.0,2550.0,1.0,0.0,0.0,3,6,910.0,0.0,2004,0.0,98038,47.3494,-122.022,1310.0,2550.0,2015-03-26,193000.0
993001563,3.0,2.25,1280.0,959.0,3.0,0.0,0.0,3,8,1280.0,0.0,2005,0.0,98103,47.6914,-122.343,1130.0,1126.0,2014-05-22,355000.0
9578060540,4.0,2.75,2360.0,4924.0,2.0,0.0,0.0,3,8,2360.0,0.0,2008,0.0,98028,47.7737,-122.235,2360.0,4670.0,2014-06-14,525000.0
2222059052,3.0,2.5,2529.0,9653.0,2.0,0.0,0.0,3,7,2529.0,0.0,2012,0.0,98042,47.3738,-122.161,2533.0,6125.0,2015-02-27,370950.0
1239400650,4.0,3.5,4700.0,10183.0,1.0,0.0,2.0,3,11,2660.0,2040.0,2002,0.0,98033,47.6728,-122.189,3770.0,9000.0,2014-11-07,1240000.0
8835800450,3.0,2.5,2780.0,275033.0,1.0,0.0,0.0,3,10,2780.0,0.0,2006,0.0,98045,47.4496,-121.766,1680.0,16340.0,2015-05-04,950000.0
293070120,4.0,2.75,3540.0,5500.0,2.0,0.0,0.0,3,9,3540.0,0.0,2014,0.0,98074,47.6181,-122.056,3540.0,5500.0,2014-09-18,888990.0
1176001117,3.0,2.5,1580.0,1321.0,2.0,0.0,2.0,3,8,1080.0,500.0,2014,0.0,98107,47.6688,-122.402,1530.0,1357.0,2015-03-19,705000.0
7889601165,3.0,2.5,1700.0,2250.0,2.0,0.0,0.0,3,7,1700.0,0.0,2014,0.0,98168,47.4914,-122.334,1520.0,4500.0,2014-08-26,268000.0
7227801581,3.0,2.5,1600.0,3573.0,2.0,0.0,0.0,3,7,1600.0,0.0,2013,0.0,98056,47.507,-122.181,1500.0,11089.0,2014-05-07,305450.0
9895000040,2.0,1.75,1410.0,1005.0,1.5,0.0,0.0,3,9,900.0,510.0,2011,0.0,98027,47.5446,-122.018,1440.0,1188.0,2014-07-03,399900.0
9528102993,3.0,1.5,1580.0,1228.0,3.0,0.0,0.0,3,8,1580.0,0.0,2014,0.0,98115,47.6765,-122.32,1580.0,3605.0,2014-12-29,495000.0
3746700120,3.0,3.5,3940.0,11632.0,2.0,0.0,0.0,3,10,3940.0,0.0,2014,0.0,98166,47.438,-122.344,2015.0,11632.0,2014-11-04,857326.0
745530040,5.0,2.75,4450.0,9600.0,2.0,0.0,0.0,3,9,3650.0,800.0,2014,0.0,98011,47.7336,-122.21,4000.0,9750.0,2014-09-11,845950.0
7299600180,4.0,2.5,2009.0,5000.0,2.0,0.0,0.0,3,8,2009.0,0.0,2014,0.0,98092,47.2577,-122.198,2009.0,5182.0,2014-06-10,303210.0
2149800278,6.0,5.0,2732.0,7655.0,2.0,0.0,0.0,3,7,2732.0,0.0,2009,0.0,98002,47.3045,-122.211,3078.0,69993.0,2014-10-15,343000.0
2517000650,3.0,2.5,2090.0,4590.0,2.0,0.0,0.0,3,7,2090.0,0.0,2005,0.0,98042,47.3992,-122.163,2190.0,4060.0,2014-07-16,300000.0
6021503708,2.0,2.5,980.0,1013.0,3.0,0.0,0.0,3,8,980.0,0.0,2008,0.0,98117,47.6844,-122.387,980.0,1023.0,2014-11-22,334900.0
8559300120,5.0,3.5,2815.0,5619.0,2.0,0.0,0.0,3,9,2815.0,0.0,2012,0.0,98055,47.4299,-122.207,2583.0,5295.0,2015-04-16,477500.0
3305100230,4.0,2.5,3170.0,8523.0,2.0,0.0,0.0,3,9,3170.0,0.0,2008,0.0,98033,47.6854,-122.184,3230.0,8523.0,2014-06-18,820000.0
2135200155,5.0,3.25,3030.0,7410.0,2.0,0.0,0.0,3,8,2150.0,880.0,2014,0.0,98106,47.553,-122.354,2020.0,7410.0,2014-08-05,580000.0
2919700109,2.0,2.5,1280.0,940.0,2.0,0.0,0.0,3,8,1060.0,220.0,2006,0.0,98103,47.6904,-122.364,1290.0,2900.0,2014-07-22,350000.0
8725950220,3.0,2.5,2030.0,1160.0,3.0,0.0,0.0,3,9,1970.0,60.0,2007,0.0,98004,47.6213,-122.2,1950.0,1160.0,2015-02-26,910000.0
1776230220,3.0,2.5,2490.0,4540.0,2.5,0.0,0.0,3,8,2490.0,0.0,2012,0.0,98059,47.5051,-122.155,2640.0,3844.0,2014-06-26,414000.0
9211010230,3.0,2.5,3030.0,4500.0,2.0,0.0,0.0,3,8,3030.0,0.0,2009,0.0,98059,47.4944,-122.15,3030.0,4501.0,2015-03-30,525000.0
1972201772,2.0,2.5,1470.0,690.0,3.0,0.0,3.0,3,8,1470.0,0.0,2008,0.0,98103,47.6523,-122.346,1480.0,1284.0,2015-04-09,650000.0
9268851320,3.0,2.25,1620.0,997.0,2.5,0.0,0.0,3,8,1540.0,80.0,2012,0.0,98027,47.5394,-122.027,1620.0,1068.0,2014-12-10,450000.0
1424059154,4.0,3.0,5520.0,8313.0,2.0,0.0,3.0,3,9,3570.0,1950.0,2008,0.0,98006,47.5655,-122.129,3770.0,8278.0,2014-05-16,1270000.0
626059365,3.0,3.5,3200.0,10344.0,2.0,0.0,0.0,3,10,3200.0,0.0,2007,0.0,98011,47.7636,-122.216,2550.0,20152.0,2015-04-12,699000.0
3885802136,4.0,2.5,2580.0,3943.0,2.0,,0.0,3,8,2580.0,0.0,2013,0.0,98033,47.6853,-122.21,1700.0,5772.0,2014-07-23,899000.0
7967000150,4.0,3.0,2050.0,4000.0,2.0,0.0,0.0,3,8,2050.0,0.0,2014,0.0,98001,47.3523,-122.275,2050.0,4000.0,2014-08-08,353500.0
7853360720,3.0,2.5,2430.0,5867.0,2.0,0.0,0.0,3,7,2430.0,0.0,2011,0.0,98065,47.5162,-121.872,2620.0,5866.0,2014-09-08,485000.0
8562790150,4.0,3.25,3060.0,3898.0,2.0,0.0,0.0,3,10,2300.0,760.0,2014,0.0,98027,47.5311,-122.073,2920.0,3448.0,2014-06-26,782900.0
1226039124,2.0,2.0,1540.0,9714.0,2.0,0.0,0.0,3,8,1540.0,0.0,2008,0.0,98177,47.7628,-122.359,1840.0,8179.0,2015-04-28,529000.0
2767704251,3.0,3.25,1310.0,1072.0,2.0,,0.0,3,8,1060.0,250.0,2008,0.0,98107,47.6744,-122.374,1160.0,1266.0,2015-04-16,514700.0
3862710210,3.0,2.5,1800.0,3168.0,2.0,0.0,0.0,3,8,1800.0,0.0,2014,0.0,98065,47.5342,-121.841,1800.0,3393.0,2014-05-20,409316.0
255460330,3.0,2.5,2370.0,4200.0,2.0,,0.0,3,8,2370.0,0.0,2014,0.0,98038,47.3699,-122.019,2370.0,4370.0,2015-05-06,388598.0
291310610,3.0,2.25,1445.0,1512.0,2.0,,0.0,3,7,1300.0,145.0,2004,0.0,98027,47.5341,-122.069,1445.0,1082.0,2015-02-27,415000.0
9126101121,3.0,2.25,1450.0,1619.0,2.0,0.0,0.0,3,8,1140.0,310.0,2006,0.0,98122,47.6076,-122.304,1580.0,3472.0,2015-04-07,521500.0
9274200322,3.0,2.5,1740.0,1236.0,3.0,0.0,2.0,3,8,1740.0,,2008,0.0,98116,47.5891,-122.387,1740.0,1280.0,2014-08-20,580000.0
6666830230,4.0,2.5,3560.0,5265.0,3.0,0.0,0.0,3,8,3560.0,0.0,2014,0.0,98052,47.7047,-122.113,3220.0,4892.0,2014-06-30,882566.0
1604601803,3.0,2.75,2130.0,1400.0,2.0,0.0,0.0,3,9,1080.0,1050.0,2010,0.0,98118,47.5661,-122.29,1880.0,3132.0,2015-04-08,525000.0
7702080150,5.0,2.75,2980.0,4502.0,2.0,0.0,0.0,3,9,2980.0,0.0,2007,0.0,98028,47.7698,-122.235,2850.0,4501.0,2014-12-01,515000.0
7853400220,3.0,3.0,2840.0,7201.0,2.0,0.0,0.0,3,9,2840.0,0.0,2014,0.0,98065,47.5165,-121.883,2540.0,5260.0,2014-09-26,589410.0
3895100039,4.0,2.5,3420.0,6845.0,2.0,0.0,0.0,3,9,3420.0,0.0,2009,0.0,98052,47.6777,-122.156,2800.0,5715.0,2015-03-24,757500.0
7697000150,3.0,2.5,1660.0,4083.0,2.0,0.0,0.0,3,7,1660.0,0.0,2013,0.0,98038,47.3595,-122.045,1800.0,4087.0,2014-10-02,284000.0
8562780530,2.0,2.25,1150.0,711.0,2.0,0.0,0.0,3,7,1150.0,0.0,2013,0.0,98027,47.5323,-122.071,1150.0,748.0,2015-03-28,338500.0
291310180,3.0,2.25,1410.0,1287.0,2.0,0.0,0.0,3,7,1290.0,,2005,0.0,98027,47.5344,-122.068,1490.0,1435.0,2014-06-13,379500.0
1972205633,3.0,2.0,1420.0,1369.0,2.5,0.0,0.0,3,9,1340.0,80.0,2007,0.0,98109,47.6472,-122.357,1540.0,2168.0,2014-07-23,550000.0
3023000120,3.0,2.5,1860.0,5025.0,2.0,0.0,0.0,3,8,1860.0,0.0,2010,0.0,98038,47.3557,-122.059,2000.0,5550.0,2014-09-02,294900.0
7548301056,2.0,1.5,1340.0,1210.0,2.0,0.0,0.0,3,8,1120.0,220.0,2008,0.0,98144,47.588,-122.305,1340.0,1213.0,2014-06-09,345000.0
9826701201,2.0,1.5,1530.0,1012.0,2.0,0.0,0.0,3,8,1200.0,330.0,2005,0.0,98122,47.602,-122.306,1530.0,1425.0,2015-02-09,450000.0
6300500476,3.0,2.5,1509.0,1114.0,3.0,0.0,0.0,3,8,1509.0,0.0,2014,0.0,98133,47.7049,-122.34,1509.0,2431.0,2015-04-15,420000.0
2597490410,3.0,2.5,2350.0,3798.0,2.0,0.0,0.0,3,8,2350.0,0.0,2013,0.0,98029,47.543,-122.01,2020.0,3532.0,2015-04-02,740000.0
3448001411,2.0,1.5,1010.0,825.0,3.0,0.0,0.0,3,7,1010.0,0.0,2007,0.0,98125,47.7124,-122.301,1128.0,1080.0,2015-02-20,286000.0
745530180,5.0,3.5,4495.0,10079.0,2.0,0.0,0.0,3,9,3580.0,915.0,2013,0.0,98011,47.7339,-122.209,4495.0,10079.0,2015-03-17,870000.0
3879900753,3.0,2.5,1580.0,991.0,3.0,0.0,0.0,3,9,1580.0,0.0,2009,0.0,98119,47.6276,-122.359,1610.0,1297.0,2014-11-14,727000.0
2781230230,4.0,3.0,2750.0,7965.0,2.0,0.0,0.0,3,9,2750.0,0.0,2012,0.0,98038,47.3479,-122.028,2750.0,6000.0,2015-02-04,395000.0
3629990180,4.0,2.25,1890.0,3615.0,2.0,0.0,0.0,3,7,1890.0,0.0,2005,0.0,98029,47.5493,-121.999,1630.0,3280.0,2014-08-05,535000.0
9352900222,3.0,2.25,1320.0,963.0,2.0,0.0,0.0,3,7,1040.0,280.0,2007,0.0,98106,47.5199,-122.357,1300.0,1285.0,2014-12-29,255000.0
7338220120,4.0,2.5,2150.0,3721.0,2.0,0.0,0.0,3,8,2150.0,0.0,2006,0.0,98002,47.3363,-122.217,2150.0,3721.0,2014-10-15,260000.0
325059287,4.0,2.5,3340.0,8384.0,2.0,0.0,0.0,3,9,3340.0,0.0,2014,0.0,98052,47.6761,-122.152,1560.0,9429.0,2014-09-10,810000.0
7203140360,3.0,2.5,1850.0,3400.0,2.0,0.0,0.0,3,7,1850.0,0.0,2010,0.0,98053,47.6871,-122.014,1850.0,3400.0,2014-12-01,359782.0
6056110150,2.0,2.5,1950.0,2162.0,2.0,0.0,0.0,3,9,1500.0,450.0,2012,0.0,98118,47.5622,-122.292,1800.0,2457.0,2015-03-20,500000.0
7203230040,5.0,3.25,4240.0,9588.0,2.0,0.0,0.0,3,9,4240.0,,2014,0.0,98053,47.6901,-122.018,4080.0,8425.0,2014-10-27,1050000.0
8121100155,4.0,3.5,2700.0,2868.0,2.0,0.0,0.0,3,11,1920.0,780.0,2006,0.0,98118,47.5685,-122.286,1430.0,3858.0,2015-02-25,810000.0
7853370620,5.0,4.0,3040.0,6000.0,2.0,0.0,0.0,3,8,2280.0,760.0,2011,0.0,98065,47.5189,-121.876,3070.0,5558.0,2015-02-06,605000.0
6400700264,4.0,2.5,2460.0,7930.0,2.0,0.0,0.0,3,8,2460.0,0.0,2005,0.0,98033,47.6684,-122.175,1850.0,9000.0,2015-03-17,730000.0
1760650880,4.0,2.5,2110.0,3825.0,2.0,0.0,0.0,3,7,2110.0,0.0,2013,0.0,98042,47.359,-122.082,1950.0,3825.0,2015-03-17,327000.0
567000382,2.0,1.0,780.0,1133.0,2.0,0.0,0.0,3,7,780.0,0.0,2009,0.0,98144,47.5924,-122.295,1130.0,1270.0,2014-11-10,370000.0
7852100150,5.0,3.5,2640.0,6895.0,2.0,0.0,0.0,3,7,2640.0,0.0,2001,0.0,98065,47.5298,-121.879,2640.0,5267.0,2014-06-25,459000.0
6447300365,5.0,4.0,5190.0,14600.0,2.0,0.0,1.0,3,11,5190.0,0.0,2013,0.0,98039,47.6102,-122.225,3840.0,19250.0,2014-11-13,2900000.0
2622059197,4.0,2.5,2420.0,8404.0,2.0,0.0,0.0,3,8,2420.0,0.0,2013,0.0,98042,47.372,-122.13,2440.0,4822.0,2014-12-10,365000.0
1389600040,4.0,2.5,1987.0,6000.0,2.0,0.0,0.0,3,7,1987.0,0.0,2011,0.0,98001,47.2679,-122.255,1880.0,9589.0,2014-12-26,255000.0
9276200220,1.0,1.0,720.0,3166.0,1.0,0.0,0.0,3,6,720.0,0.0,1920,0.0,98116,47.5811,-122.389,1140.0,6250.0,2014-07-17,375000.0
7904700032,2.0,1.5,1130.0,912.0,2.0,0.0,0.0,3,8,1000.0,130.0,2006,0.0,98116,47.5638,-122.388,1500.0,1474.0,2014-10-02,375000.0
3744000040,4.0,2.5,2810.0,4500.0,2.0,0.0,0.0,3,9,2810.0,0.0,2014,0.0,98038,47.3552,-122.023,2980.0,5046.0,2014-07-22,518380.0
1773100604,3.0,3.25,1500.0,1442.0,2.0,0.0,0.0,3,8,1150.0,350.0,2007,0.0,98106,47.5592,-122.362,1500.0,1533.0,2014-07-21,346000.0
9268850360,4.0,2.0,1390.0,745.0,3.0,0.0,0.0,3,7,1390.0,0.0,2008,0.0,98027,47.5393,-122.026,1390.0,942.0,2015-02-23,302059.0
7853420450,4.0,2.5,2500.0,4945.0,2.0,0.0,0.0,3,9,2500.0,0.0,2013,0.0,98065,47.5185,-121.885,2760.0,6000.0,2014-05-19,575000.0
8956200770,4.0,3.5,3906.0,9674.0,2.0,0.0,2.0,3,9,3906.0,0.0,2014,0.0,98001,47.2931,-122.264,2673.0,6500.0,2014-07-23,549950.0
2424059170,5.0,6.0,7120.0,40806.0,2.0,0.0,4.0,3,12,5480.0,1640.0,2007,0.0,98006,47.5451,-122.114,3440.0,36859.0,2015-02-19,900000.0
1934800133,3.0,2.5,1470.0,1256.0,2.0,0.0,0.0,3,8,930.0,540.0,2006,0.0,98122,47.6033,-122.309,1510.0,1797.0,2014-07-11,397500.0
5556300109,5.0,3.5,3230.0,7560.0,2.0,0.0,0.0,3,10,3230.0,0.0,2007,0.0,98052,47.6467,-122.118,3230.0,8580.0,2014-11-21,1080000.0
2326600150,3.0,2.5,2700.0,5764.0,2.0,0.0,0.0,3,9,2700.0,0.0,2014,0.0,98075,47.5618,-122.027,3270.0,14700.0,2015-04-22,775900.0
3751600409,4.0,2.5,4073.0,17334.0,2.0,0.0,0.0,3,8,4073.0,0.0,2008,0.0,98001,47.2949,-122.27,1780.0,9625.0,2015-05-08,510000.0
3814900210,4.0,2.5,3361.0,5038.0,2.0,0.0,0.0,3,9,3361.0,0.0,2014,0.0,98092,47.3269,-122.165,2316.0,4105.0,2014-08-29,471275.0
9542840730,4.0,2.25,1610.0,3560.0,2.0,0.0,0.0,3,7,1610.0,0.0,2010,0.0,98038,47.3669,-122.02,1760.0,3692.0,2014-09-11,288000.0
2937300540,4.0,3.5,3830.0,7150.0,2.0,0.0,0.0,3,9,3830.0,0.0,2014,0.0,98052,47.7049,-122.126,3640.0,6055.0,2014-10-16,989990.0
7549800543,3.0,3.25,1470.0,1235.0,2.0,0.0,0.0,3,7,1180.0,290.0,2008,0.0,98108,47.5537,-122.313,1470.0,1243.0,2014-06-12,300000.0
4058800439,5.0,3.0,3190.0,7081.0,1.0,0.0,2.0,3,9,1890.0,1300.0,2013,0.0,98178,47.509,-122.24,2270.0,7623.0,2014-06-23,664950.0
7853430180,4.0,3.25,3250.0,5478.0,2.0,0.0,0.0,3,9,3250.0,0.0,2014,0.0,98065,47.5178,-121.887,3250.0,5482.0,2014-07-16,699188.0
982850120,3.0,2.25,1490.0,4539.0,2.0,0.0,0.0,3,7,1490.0,0.0,2009,0.0,98028,47.7607,-122.233,1750.0,4667.0,2015-03-03,390000.0
9476010120,5.0,2.75,2900.0,5155.0,2.0,0.0,0.0,3,8,2900.0,0.0,2008,0.0,98075,47.5977,-122.008,2900.0,6176.0,2015-03-21,670000.0
5200087,4.0,2.5,2540.0,5001.0,2.0,0.0,0.0,3,9,2540.0,0.0,2005,0.0,98108,47.5423,-122.302,2360.0,6834.0,2014-07-09,487000.0
7308600040,5.0,2.75,3360.0,12080.0,2.0,,0.0,3,9,3360.0,0.0,2014,0.0,98011,47.7757,-122.173,3360.0,9724.0,2014-07-23,769995.0
1498301048,2.0,1.25,860.0,1277.0,2.0,0.0,0.0,3,7,860.0,0.0,2007,0.0,98144,47.5842,-122.314,1280.0,1265.0,2014-05-08,321950.0
2738630040,4.0,2.5,3020.0,6068.0,2.0,,0.0,3,9,3020.0,0.0,2006,0.0,98072,47.773,-122.16,3240.0,5757.0,2015-04-27,613500.0
6300500081,3.0,2.5,1330.0,1200.0,3.0,0.0,0.0,3,7,1330.0,0.0,2002,0.0,98133,47.7034,-122.344,1330.0,1206.0,2014-08-06,300000.0
3845100620,4.0,2.5,2578.0,4554.0,2.0,0.0,0.0,3,9,2578.0,0.0,2014,0.0,98092,47.2603,-122.194,2647.0,4554.0,2014-11-25,400950.0
255450040,4.0,2.5,2640.0,4725.0,2.0,0.0,0.0,3,8,2640.0,0.0,2014,0.0,98038,47.371,-122.017,2370.0,4725.0,2014-09-18,389517.0
880000211,3.0,1.75,1260.0,1133.0,2.0,0.0,0.0,3,7,810.0,450.0,2011,0.0,98106,47.5261,-122.361,1260.0,1172.0,2014-08-21,255000.0
2163900081,3.0,2.5,1990.0,1891.0,3.0,0.0,0.0,3,9,1990.0,0.0,2012,0.0,98102,47.6271,-122.324,1990.0,3600.0,2015-02-20,1080000.0
7853370440,5.0,3.25,3340.0,4900.0,2.0,0.0,2.0,3,9,2500.0,840.0,2014,0.0,98065,47.5193,-121.877,3220.0,5200.0,2014-11-21,637850.0
3448900290,4.0,2.5,2840.0,6284.0,2.0,0.0,0.0,3,9,2840.0,0.0,2013,0.0,98056,47.5135,-122.169,2790.0,7168.0,2014-08-28,636230.0
263000006,3.0,2.5,1530.0,1131.0,3.0,0.0,0.0,3,8,1530.0,0.0,2009,0.0,98103,47.6993,-122.346,1530.0,1445.0,2014-12-16,375000.0
1972200882,3.0,2.5,1780.0,1487.0,3.0,0.0,0.0,3,8,1600.0,180.0,2006,0.0,98107,47.6539,-122.351,1780.0,1300.0,2014-06-04,586500.0
7853270630,4.0,2.5,2340.0,6973.0,2.0,0.0,0.0,3,8,1930.0,410.0,2005,0.0,98065,47.5451,-121.882,2950.0,6908.0,2015-01-20,544000.0
7852130430,4.0,2.5,2390.0,5021.0,2.0,0.0,0.0,3,7,2390.0,0.0,2002,0.0,98065,47.5353,-121.879,2520.0,5333.0,2014-08-06,425000.0
7383450250,4.0,2.5,2090.0,3777.0,2.0,0.0,0.0,3,8,2090.0,0.0,2012,0.0,98038,47.3595,-122.042,2160.0,3993.0,2015-03-11,374950.0
3449000010,3.0,1.0,1140.0,8400.0,1.0,0.0,0.0,4,7,1140.0,0.0,1960,0.0,98059,47.5022,-122.144,1400.0,9000.0,2015-03-12,294570.0
2690100170,3.0,2.5,1960.0,1477.0,2.0,0.0,0.0,3,7,1670.0,290.0,2012,0.0,98059,47.4873,-122.166,1980.0,1467.0,2014-10-13,300000.0
9578500920,5.0,3.5,2738.0,6031.0,2.0,0.0,0.0,3,8,2738.0,0.0,2014,0.0,98023,47.2962,-122.35,2738.0,5201.0,2014-09-10,395950.0
8562900430,4.0,2.5,3691.0,11088.0,2.0,0.0,1.0,3,8,3691.0,0.0,2013,0.0,98074,47.6122,-122.059,3190.0,11270.0,2014-07-18,800000.0
1442880380,3.0,2.5,2340.0,5171.0,2.0,0.0,0.0,3,8,2340.0,0.0,2013,0.0,98045,47.4832,-121.772,2790.0,5684.0,2014-07-30,439990.0
3204930170,4.0,3.5,2510.0,3763.0,2.0,0.0,0.0,3,8,1990.0,520.0,2013,0.0,98052,47.7002,-122.103,2560.0,3820.0,2014-11-06,680000.0
4449800480,6.0,3.0,2800.0,4213.0,2.0,,0.0,3,8,2800.0,0.0,1998,0.0,98117,47.6892,-122.389,1440.0,3960.0,2015-03-18,677790.0
3862710010,3.0,2.5,1650.0,4777.0,2.0,0.0,0.0,3,8,1650.0,0.0,2013,0.0,98065,47.5336,-121.841,1800.0,3331.0,2015-05-01,424950.0
301402280,2.0,2.25,1061.0,2884.0,2.0,0.0,0.0,3,7,1061.0,0.0,2013,0.0,98002,47.346,-122.218,1481.0,2887.0,2015-03-31,223990.0
2867300170,4.0,2.5,3402.0,14355.0,2.0,0.0,0.0,3,10,2846.0,556.0,2014,0.0,98023,47.3009,-122.385,3402.0,8487.0,2015-05-13,498000.0
5635100080,4.0,2.5,2542.0,6120.0,2.0,0.0,0.0,3,8,2542.0,0.0,2014,0.0,98030,47.3751,-122.188,2419.0,8984.0,2014-10-31,359950.0
1624079024,3.0,2.5,3150.0,151588.0,2.0,0.0,0.0,3,9,3150.0,0.0,2007,0.0,98024,47.572,-121.926,2410.0,208652.0,2014-05-15,720000.0
9211010840,4.0,2.5,3010.0,9000.0,2.0,0.0,0.0,3,8,3010.0,0.0,2008,0.0,98059,47.4987,-122.147,3250.0,5531.0,2014-11-12,530000.0
7697000020,3.0,2.5,1660.0,4898.0,2.0,0.0,0.0,3,7,1660.0,0.0,2011,0.0,98038,47.3588,-122.044,1810.0,4462.0,2014-10-07,295000.0
3832050130,3.0,2.5,1770.0,5000.0,2.0,,0.0,3,7,1770.0,0.0,2009,0.0,98042,47.3358,-122.051,2230.0,5200.0,2014-10-21,255500.0
3630240020,3.0,3.0,1960.0,1168.0,2.0,0.0,0.0,3,9,1600.0,360.0,2007,0.0,98027,47.5445,-122.014,2080.0,1423.0,2014-05-21,556000.0
1389600080,4.0,2.5,1889.0,6000.0,2.0,0.0,0.0,3,7,1889.0,0.0,2012,0.0,98001,47.2676,-122.256,1990.0,6350.0,2014-07-10,277950.0
2781230080,4.0,2.5,3040.0,6000.0,2.0,0.0,0.0,3,9,3040.0,0.0,2007,0.0,98038,47.3473,-122.03,2640.0,6000.0,2015-04-08,431000.0
7203100660,4.0,2.75,3420.0,6787.0,2.0,0.0,0.0,3,9,3420.0,0.0,2010,0.0,98053,47.6962,-122.023,3450.0,6137.0,2014-11-17,780000.0
1806900502,3.0,3.25,1720.0,936.0,2.0,,0.0,3,8,1030.0,690.0,2004,0.0,98112,47.6201,-122.309,1720.0,1527.0,2014-10-14,649000.0
3022800010,3.0,2.5,1740.0,3043.0,2.0,0.0,0.0,3,7,1740.0,0.0,2012,0.0,98011,47.744,-122.181,1920.0,2869.0,2014-07-14,447000.0
6666830250,4.0,2.5,2450.0,4247.0,2.0,0.0,0.0,3,8,2450.0,0.0,2013,0.0,98052,47.7048,-122.113,2970.0,4685.0,2014-05-05,712198.0
7242800020,3.0,1.5,1190.0,785.0,2.0,0.0,0.0,3,8,920.0,270.0,2014,0.0,98052,47.6781,-122.117,2820.0,5626.0,2014-08-15,277140.0
2867300190,4.0,2.5,3753.0,7204.0,2.0,0.0,0.0,3,10,3336.0,417.0,2008,0.0,98023,47.3011,-122.385,3494.0,9375.0,2014-05-28,363000.0
8564860130,5.0,3.5,3440.0,6037.0,2.0,0.0,0.0,3,9,3440.0,,2014,0.0,98045,47.4765,-121.734,3270.0,6037.0,2015-02-02,598992.0
2770603522,3.0,2.5,2160.0,1250.0,3.0,0.0,0.0,3,8,1830.0,330.0,2010,0.0,98119,47.6515,-122.375,1870.0,2825.0,2014-12-11,585000.0
9544200422,4.0,2.75,3820.0,8850.0,2.0,0.0,0.0,3,10,3820.0,0.0,2014,0.0,98033,47.6506,-122.195,2330.0,12000.0,2014-07-31,1270000.0
4253400104,2.0,2.0,1120.0,1039.0,2.0,0.0,0.0,3,7,840.0,280.0,2007,0.0,98144,47.5788,-122.315,1130.0,5400.0,2015-02-12,380950.0
1085622890,4.0,2.5,2250.0,3916.0,2.0,0.0,0.0,3,8,2250.0,0.0,2014,0.0,98003,47.3413,-122.18,2156.0,3920.0,2014-07-08,333490.0
9268851630,3.0,3.25,1540.0,1487.0,2.0,0.0,0.0,3,8,1540.0,0.0,2011,0.0,98027,47.5397,-122.027,1620.0,1104.0,2014-06-04,520000.0
8562780190,2.0,2.25,1240.0,705.0,2.0,0.0,0.0,3,7,1150.0,90.0,2009,0.0,98027,47.5321,-122.073,1240.0,750.0,2014-10-07,315000.0
2767600686,2.0,1.5,1160.0,1118.0,2.0,0.0,0.0,3,8,1020.0,140.0,2007,0.0,98117,47.6754,-122.375,1210.0,1118.0,2015-03-31,487000.0
7207900080,5.0,3.5,2760.0,3865.0,2.5,0.0,0.0,3,8,2760.0,0.0,2013,0.0,98056,47.5049,-122.17,2590.0,4587.0,2014-08-08,424950.0
2770601457,3.0,2.25,1580.0,1487.0,3.0,0.0,0.0,3,9,1580.0,0.0,2013,0.0,98199,47.6514,-122.386,1600.0,1525.0,2015-02-10,542300.0
1773100920,3.0,3.25,1480.0,1192.0,2.0,0.0,0.0,3,8,1180.0,300.0,2013,0.0,98106,47.5556,-122.363,1330.0,1094.0,2014-12-11,320000.0
1024069027,4.0,3.25,3740.0,11467.0,2.0,0.0,0.0,3,10,3740.0,0.0,2014,0.0,98029,47.581,-122.022,2510.0,27520.0,2014-07-23,1140000.0
7853361310,4.0,2.5,1950.0,5000.0,2.0,0.0,0.0,3,8,1950.0,0.0,2012,0.0,98065,47.515,-121.872,2710.0,5000.0,2014-12-15,425000.0
6824100029,3.0,3.0,1530.0,1568.0,3.0,0.0,0.0,3,8,1530.0,0.0,2012,0.0,98117,47.6998,-122.367,1460.0,1224.0,2014-10-31,474950.0
255450250,3.0,2.5,1820.0,4200.0,2.0,0.0,0.0,3,8,1820.0,0.0,2014,0.0,98038,47.3693,-122.017,2370.0,4200.0,2014-08-04,307635.0
2428100130,3.0,2.5,2760.0,6187.0,2.0,0.0,0.0,3,10,2760.0,0.0,2014,0.0,98075,47.5821,-122.047,2760.0,6600.0,2014-12-10,834538.0
1042700050,5.0,2.75,3010.0,5398.0,2.0,0.0,0.0,3,9,3010.0,0.0,2014,0.0,98074,47.6067,-122.053,3360.0,5407.0,2014-07-23,769995.0
7853280250,5.0,3.25,3860.0,9387.0,2.0,0.0,2.0,3,9,3860.0,0.0,2006,0.0,98065,47.538,-121.858,3860.0,8979.0,2015-04-24,820875.0
7853410170,4.0,2.5,2490.0,6537.0,2.0,0.0,0.0,3,8,2490.0,0.0,2013,0.0,98065,47.5185,-121.884,2520.0,5848.0,2015-03-16,595500.0
2708450020,4.0,2.5,3236.0,9608.0,2.0,0.0,0.0,3,10,3236.0,0.0,2005,0.0,98030,47.3838,-122.195,3236.0,9660.0,2014-09-12,450000.0
7852140170,4.0,2.5,2830.0,14538.0,2.0,0.0,0.0,3,8,2830.0,0.0,2003,0.0,98065,47.5405,-121.882,2270.0,6939.0,2015-04-21,695000.0
1459920010,3.0,2.0,1451.0,7159.0,1.0,0.0,0.0,3,7,1451.0,0.0,2010,0.0,98042,47.3754,-122.163,2303.0,6126.0,2015-03-23,300000.0
3438500250,5.0,3.25,2910.0,5027.0,2.0,0.0,0.0,3,8,2040.0,,2013,0.0,98106,47.5543,-122.359,2910.0,5027.0,2014-06-23,515000.0
1890000169,3.0,2.5,1280.0,1845.0,3.0,0.0,0.0,3,8,1280.0,0.0,2009,0.0,98105,47.662,-122.324,1450.0,1889.0,2014-09-03,545000.0
1250200414,3.0,2.25,1110.0,979.0,2.0,0.0,0.0,3,7,960.0,150.0,2008,0.0,98144,47.5999,-122.3,1170.0,1400.0,2015-02-18,365000.0
2564900470,4.0,2.75,2840.0,8800.0,2.0,0.0,0.0,3,9,2840.0,0.0,2008,0.0,98033,47.7029,-122.171,1840.0,7700.0,2014-07-14,718500.0
2895800780,3.0,1.75,1410.0,2052.0,2.0,0.0,0.0,3,8,1410.0,0.0,2014,0.0,98106,47.5171,-122.347,1410.0,1988.0,2015-04-01,279800.0
6306800050,4.0,2.5,3250.0,13360.0,2.0,0.0,0.0,3,9,3250.0,0.0,2014,0.0,98030,47.3524,-122.198,2612.0,14448.0,2014-09-25,486940.0
6928000605,4.0,2.75,3030.0,6625.0,2.0,0.0,0.0,3,8,3030.0,0.0,2011,0.0,98059,47.4815,-122.152,3030.0,9620.0,2014-06-26,525000.0
3814900950,4.0,2.5,1983.0,6002.0,2.0,0.0,0.0,3,9,1983.0,0.0,2012,0.0,98092,47.3281,-122.164,2502.0,4750.0,2014-07-25,345000.0
8562770080,3.0,3.25,2440.0,2812.0,2.0,0.0,0.0,3,8,1710.0,730.0,2005,0.0,98027,47.5362,-122.072,2440.0,2836.0,2014-10-30,613000.0
3831250130,3.0,2.5,2313.0,5700.0,2.0,0.0,0.0,3,9,2313.0,0.0,2011,0.0,98030,47.3572,-122.202,2323.0,5701.0,2014-08-25,370000.0
3629990020,3.0,2.25,1260.0,2556.0,2.0,0.0,0.0,3,7,1260.0,0.0,2005,0.0,98029,47.5482,-121.998,1630.0,2844.0,2014-10-02,449500.0
9532000010,3.0,2.5,2000.0,3837.0,2.0,0.0,0.0,3,8,2000.0,0.0,2011,0.0,98072,47.7713,-122.167,2210.0,4075.0,2015-04-16,515000.0
8562780430,2.0,1.75,1150.0,698.0,2.0,0.0,0.0,3,7,1150.0,0.0,2013,0.0,98027,47.5323,-122.071,1150.0,757.0,2015-05-04,346100.0
2781230020,4.0,2.5,2820.0,6666.0,2.0,0.0,0.0,3,9,2820.0,0.0,2007,0.0,98038,47.3473,-122.031,1880.0,7200.0,2014-12-09,398500.0
8658301060,2.0,1.75,1160.0,2500.0,2.0,,0.0,3,7,1160.0,0.0,2008,0.0,98014,47.6489,-121.911,970.0,7500.0,2014-08-20,310000.0
301402140,3.0,2.25,1481.0,2820.0,2.0,0.0,0.0,3,7,1481.0,0.0,2012,0.0,98002,47.3457,-122.217,1481.0,2889.0,2015-02-26,250000.0
8923600020,5.0,3.5,4390.0,6220.0,2.0,0.0,3.0,3,9,3170.0,1220.0,2013,0.0,98115,47.6789,-122.273,2740.0,6448.0,2014-08-06,1880000.0
8725950020,2.0,1.75,1570.0,1207.0,3.0,0.0,0.0,3,9,1570.0,0.0,2007,0.0,98004,47.6215,-122.201,1570.0,1206.0,2014-08-27,695000.0
1121000357,4.0,3.0,3410.0,6541.0,2.0,0.0,2.0,3,9,2680.0,730.0,2007,0.0,98126,47.5416,-122.38,2300.0,6345.0,2014-08-27,1090000.0
1042700290,5.0,3.25,3480.0,6507.0,2.0,0.0,0.0,3,9,3480.0,0.0,2014,0.0,98074,47.607,-122.053,3360.0,5398.0,2014-08-04,864327.0
7308600010,4.0,3.25,3430.0,9870.0,2.0,0.0,0.0,3,9,3430.0,0.0,2014,0.0,98011,47.776,-122.173,3360.0,9724.0,2014-06-16,749995.0
7708210050,5.0,2.75,2880.0,8364.0,2.0,0.0,0.0,3,9,2880.0,0.0,2006,0.0,98059,47.4893,-122.147,3010.0,8296.0,2014-06-10,525000.0
5631500285,3.0,2.5,2990.0,9413.0,2.0,,0.0,3,10,2990.0,0.0,2006,0.0,98028,47.7341,-122.234,1940.0,9600.0,2014-11-21,659950.0
524059063,5.0,5.0,4490.0,10279.0,2.0,0.0,0.0,3,10,3930.0,560.0,2013,0.0,98004,47.5974,-122.202,2490.0,10279.0,2014-05-06,1800000.0
7203160190,5.0,4.0,4100.0,8120.0,2.0,0.0,0.0,3,9,4100.0,0.0,2011,0.0,98053,47.6917,-122.02,4100.0,7625.0,2014-10-29,950000.0
1692900095,4.0,2.75,3870.0,10046.0,2.0,0.0,0.0,3,11,3870.0,0.0,2005,0.0,98033,47.6651,-122.191,3560.0,10046.0,2014-06-18,1400000.0
3438500346,2.0,1.5,800.0,2119.0,2.0,0.0,0.0,3,7,800.0,0.0,2008,0.0,98106,47.554,-122.362,1020.0,4800.0,2014-07-02,265050.0
9268850290,3.0,2.25,1620.0,1057.0,3.0,0.0,0.0,3,8,1540.0,80.0,2009,0.0,98027,47.5396,-122.026,1390.0,942.0,2015-03-06,450000.0
2419700080,4.0,2.5,2910.0,4356.0,3.0,0.0,0.0,3,8,2910.0,0.0,2010,0.0,98034,47.6705,-122.146,2840.0,4181.0,2015-05-05,915000.0
1235700052,4.0,3.25,3530.0,8589.0,2.0,0.0,0.0,3,10,3530.0,0.0,2007,0.0,98033,47.6975,-122.195,2470.0,9019.0,2014-06-30,963000.0
4233800020,4.0,2.5,2701.0,5821.0,2.0,0.0,0.0,3,7,2701.0,0.0,2013,0.0,98092,47.2873,-122.177,2566.0,5843.0,2014-10-08,270000.0
3278612570,2.0,2.5,1380.0,889.0,2.0,0.0,0.0,3,7,1140.0,240.0,2012,0.0,98126,47.5441,-122.369,1580.0,1397.0,2014-07-24,294000.0
6638900461,3.0,2.5,2050.0,4185.0,2.0,0.0,0.0,3,9,2050.0,0.0,2011,0.0,98117,47.6922,-122.371,1150.0,5000.0,2014-06-05,700000.0
4233600190,3.0,4.0,3370.0,8252.0,2.0,,0.0,3,10,3370.0,0.0,2014,0.0,98075,47.5965,-122.013,3710.0,8252.0,2015-03-16,1070000.0
7987400285,3.0,2.5,2040.0,2500.0,2.0,0.0,0.0,3,7,1470.0,570.0,2008,0.0,98126,47.573,-122.372,1410.0,2500.0,2015-04-29,494900.0
9532000500,3.0,2.5,1610.0,3600.0,2.0,0.0,0.0,3,8,1610.0,0.0,2010,0.0,98072,47.771,-122.169,2210.0,3600.0,2014-08-01,415000.0
8564860280,3.0,2.5,2680.0,5539.0,2.0,0.0,0.0,3,8,2680.0,0.0,2013,0.0,98045,47.4761,-121.734,2990.0,6037.0,2014-05-02,459990.0
8691440440,4.0,3.5,3560.0,6562.0,2.0,0.0,0.0,3,10,3560.0,0.0,2014,0.0,98075,47.5929,-121.974,3710.0,6562.0,2014-10-03,882990.0
1099950050,4.0,3.5,3880.0,8244.0,2.0,0.0,0.0,3,10,3060.0,820.0,2007,0.0,98019,47.7426,-121.976,3180.0,10947.0,2014-12-29,620000.0
3304040130,3.0,2.0,1824.0,7120.0,1.0,,0.0,3,9,1824.0,0.0,2010,0.0,98001,47.3457,-122.27,2409.0,6264.0,2015-02-12,375900.0
8562790480,3.0,2.5,2220.0,2873.0,2.0,0.0,0.0,3,10,2010.0,210.0,2012,0.0,98027,47.5311,-122.074,2290.0,3213.0,2014-10-06,654000.0
4457300005,4.0,3.25,4140.0,11007.0,2.0,0.0,0.0,3,10,4140.0,0.0,2013,0.0,98040,47.5707,-122.217,2150.0,9663.0,2015-03-25,1840000.0
8856003839,3.0,2.5,1322.0,6006.0,2.0,0.0,0.0,3,7,1322.0,0.0,2009,0.0,98001,47.2706,-122.254,1440.0,6796.0,2014-12-10,215000.0
1972200728,3.0,2.5,1909.0,1300.0,3.0,0.0,0.0,3,8,1766.0,143.0,2006,0.0,98103,47.6538,-122.352,1780.0,1248.0,2014-11-24,630500.0
8691420050,4.0,3.5,3460.0,7702.0,2.0,0.0,0.0,3,10,3460.0,0.0,2010,0.0,98075,47.5942,-121.977,3380.0,7464.0,2014-11-07,855000.0
6601200020,4.0,2.5,1954.0,5075.0,2.0,0.0,0.0,3,8,1954.0,0.0,2007,0.0,98001,47.2606,-122.253,1934.0,5000.0,2015-01-27,235245.0
200480020,5.0,2.5,3000.0,7912.0,1.0,0.0,0.0,3,9,1610.0,1390.0,2007,0.0,98033,47.6765,-122.175,2700.0,7205.0,2014-07-10,770000.0
7203170190,4.0,2.5,2650.0,6884.0,2.0,0.0,0.0,3,8,2650.0,0.0,2012,0.0,98053,47.6901,-122.015,2520.0,5866.0,2014-06-19,734990.0
3885802134,4.0,2.5,2580.0,3436.0,2.0,0.0,0.0,3,8,2580.0,0.0,2013,0.0,98033,47.6853,-122.21,1780.0,5772.0,2015-01-09,880000.0
9578060420,4.0,3.0,2650.0,4924.0,2.0,0.0,0.0,3,8,2650.0,0.0,2011,0.0,98028,47.7734,-122.238,2380.0,4733.0,2015-01-14,525000.0
3630200080,4.0,3.5,3390.0,3960.0,2.0,0.0,0.0,3,10,3390.0,0.0,2008,0.0,98027,47.5406,-121.995,2990.0,3400.0,2014-08-07,775000.0
3876900089,3.0,1.75,1470.0,873.0,3.0,0.0,0.0,3,10,1470.0,0.0,2009,0.0,98119,47.6256,-122.362,1410.0,967.0,2015-04-30,687015.0
3630130130,3.0,2.5,1910.0,5125.0,2.0,0.0,0.0,3,9,1910.0,0.0,2006,0.0,98029,47.5481,-121.995,1910.0,3215.0,2014-11-12,663000.0
3326059253,4.0,2.5,3030.0,7187.0,2.0,0.0,0.0,3,9,3030.0,0.0,2005,0.0,98033,47.6934,-122.166,3030.0,7187.0,2015-03-30,815000.0
2224069109,4.0,3.25,2930.0,25020.0,2.0,0.0,0.0,3,9,2930.0,0.0,2013,0.0,98029,47.5514,-122.023,2400.0,32374.0,2015-04-27,1050000.0
3862700020,3.0,2.5,1650.0,2787.0,2.0,0.0,0.0,3,8,1650.0,0.0,2014,0.0,98065,47.5336,-121.838,1760.0,2787.0,2015-04-23,433190.0
3629980080,4.0,2.5,2870.0,5118.0,2.0,0.0,0.0,3,9,2870.0,0.0,2006,0.0,98029,47.5544,-121.99,2940.0,4800.0,2014-12-10,725000.0
7299600950,3.0,2.5,1608.0,4800.0,2.0,0.0,0.0,3,8,1608.0,0.0,2013,0.0,98092,47.2585,-122.201,2009.0,4800.0,2015-04-08,279950.0
5528600005,2.0,2.5,1620.0,3795.0,2.0,0.0,0.0,3,7,1620.0,0.0,2014,0.0,98027,47.5321,-122.034,1620.0,6000.0,2015-03-27,272167.0
3052700419,3.0,2.5,1350.0,1186.0,2.0,0.0,0.0,3,8,1120.0,230.0,2007,0.0,98117,47.6786,-122.375,1500.0,1605.0,2014-06-16,468500.0
9542840630,3.0,2.5,1950.0,3600.0,2.0,0.0,0.0,3,7,1950.0,0.0,2010,0.0,98038,47.3658,-122.021,1870.0,4184.0,2014-06-02,298000.0
7896300592,6.0,4.5,3390.0,7200.0,2.0,0.0,0.0,3,8,2440.0,950.0,2007,0.0,98118,47.5205,-122.288,2040.0,7214.0,2015-01-14,303500.0
9268850480,3.0,1.75,1300.0,1237.0,2.0,0.0,0.0,3,7,1060.0,240.0,2008,0.0,98027,47.539,-122.026,1350.0,942.0,2015-04-10,308000.0
3629700020,3.0,3.0,2230.0,1407.0,2.5,0.0,0.0,3,8,1850.0,380.0,2014,0.0,98027,47.5446,-122.017,2230.0,1407.0,2015-04-15,646800.0
8648900010,4.0,2.5,1880.0,3853.0,2.0,0.0,0.0,3,8,1880.0,0.0,2010,0.0,98027,47.5636,-122.094,1890.0,3078.0,2015-01-02,530200.0
5422950170,5.0,2.5,3370.0,5092.0,2.0,0.0,0.0,3,7,3370.0,0.0,2006,0.0,98038,47.3594,-122.036,2910.0,5092.0,2014-11-12,405000.0
2768200213,2.0,2.5,1320.0,1395.0,2.0,0.0,0.0,3,8,990.0,330.0,2014,0.0,98107,47.6689,-122.362,1550.0,1519.0,2014-07-24,529000.0
642150080,3.0,2.5,2920.0,9096.0,2.0,0.0,0.0,3,9,2920.0,0.0,2013,0.0,98059,47.4855,-122.149,2930.0,7995.0,2014-09-08,675900.0
2770601912,3.0,3.25,1550.0,1280.0,2.0,0.0,0.0,3,9,1220.0,330.0,2013,0.0,98199,47.6493,-122.384,1550.0,1579.0,2015-04-02,570000.0
3304040020,4.0,2.5,2301.0,6452.0,2.0,0.0,0.0,3,9,2301.0,0.0,2010,0.0,98001,47.346,-122.269,2650.0,6054.0,2014-12-26,375500.0
3629960170,3.0,3.25,1710.0,1960.0,2.0,,0.0,3,8,1360.0,350.0,2004,0.0,98029,47.5479,-122.003,1420.0,955.0,2014-10-21,445000.0
1238900130,4.0,3.75,2890.0,4164.0,2.0,0.0,0.0,3,9,2240.0,650.0,2013,0.0,98033,47.676,-122.197,2354.0,3207.0,2015-01-05,1100000.0
6056100114,3.0,2.5,2100.0,5060.0,2.0,0.0,0.0,3,7,2100.0,0.0,2006,0.0,98108,47.563,-122.298,1520.0,2468.0,2014-08-25,477000.0
4140940130,3.0,2.75,2240.0,3360.0,2.0,0.0,0.0,3,8,2100.0,140.0,2014,0.0,98178,47.4999,-122.232,1790.0,5873.0,2014-11-21,450000.0
6824100007,3.0,3.0,1460.0,1200.0,3.0,0.0,0.0,3,8,1460.0,0.0,2006,0.0,98117,47.7,-122.367,1460.0,1245.0,2015-03-26,427005.0
1959700225,3.0,1.75,1370.0,1990.0,3.0,0.0,0.0,3,9,1370.0,0.0,2014,0.0,98102,47.6434,-122.324,1730.0,1990.0,2015-02-24,720000.0
518500460,3.0,3.5,3760.0,5634.0,2.0,1.0,4.0,3,11,2830.0,930.0,2014,0.0,98056,47.5285,-122.205,3560.0,5762.0,2014-10-08,2230000.0
923059252,4.0,3.25,2510.0,5311.0,2.0,0.0,0.0,3,9,2510.0,0.0,2009,0.0,98056,47.5028,-122.17,1590.0,9583.0,2014-05-27,450800.0
3052700213,2.0,2.25,1210.0,1267.0,2.0,0.0,0.0,3,8,1120.0,90.0,2010,0.0,98117,47.6783,-122.376,1360.0,1349.0,2014-08-29,461100.0
2428100080,4.0,3.0,2990.0,6695.0,2.0,0.0,0.0,3,10,2990.0,0.0,2014,0.0,98075,47.5817,-122.047,2760.0,6600.0,2014-10-01,1060000.0
9276202130,3.0,2.5,1710.0,2875.0,2.0,0.0,0.0,3,8,1710.0,0.0,2006,0.0,98116,47.5787,-122.392,1640.0,5750.0,2015-04-08,590000.0
3845100670,4.0,2.5,3274.0,4950.0,2.0,0.0,0.0,3,9,3274.0,0.0,2014,0.0,98092,47.2603,-122.195,2578.0,4200.0,2014-07-16,478830.0
4319200675,4.0,2.25,3300.0,8365.0,3.0,,0.0,3,9,3300.0,0.0,2014,0.0,98126,47.5363,-122.377,1290.0,8369.0,2014-07-09,760000.0
323059327,4.0,3.5,4370.0,10860.0,2.0,0.0,0.0,3,11,4370.0,0.0,2008,0.0,98059,47.5066,-122.148,3560.0,8070.0,2014-07-03,1030000.0
3448720020,4.0,2.5,2050.0,5276.0,2.0,,0.0,3,7,2050.0,0.0,2006,0.0,98059,47.491,-122.15,2480.0,5447.0,2014-06-13,385000.0
7234600832,2.0,2.5,1310.0,1500.0,2.0,0.0,0.0,3,8,1160.0,150.0,2006,0.0,98122,47.6112,-122.309,1320.0,1581.0,2014-05-16,500000.0
4045500950,3.0,1.5,1680.0,8000.0,1.5,,0.0,3,7,1680.0,0.0,2012,0.0,98014,47.6923,-121.869,1990.0,26336.0,2015-04-15,425000.0
7234600098,3.0,3.0,1330.0,1379.0,2.0,0.0,0.0,4,8,1120.0,210.0,2005,0.0,98122,47.6126,-122.313,1810.0,1770.0,2014-09-05,552100.0
666000143,3.0,3.0,1950.0,1983.0,3.0,0.0,0.0,3,9,1610.0,340.0,2009,0.0,98004,47.6078,-122.202,2040.0,2131.0,2014-12-29,785000.0
3343903611,5.0,3.25,3090.0,7069.0,2.0,0.0,0.0,3,9,3090.0,0.0,2012,0.0,98056,47.5114,-122.196,2480.0,8000.0,2015-03-23,615000.0
1760650950,3.0,2.5,1950.0,3825.0,2.0,0.0,0.0,3,7,1950.0,0.0,2013,0.0,98042,47.3588,-122.082,1950.0,3825.0,2015-04-23,309000.0
5100403818,3.0,2.0,1108.0,1128.0,3.0,,0.0,3,7,1108.0,0.0,2009,0.0,98115,47.6961,-122.318,1285.0,1253.0,2015-02-20,369500.0
2325400170,4.0,2.25,2190.0,3850.0,2.0,0.0,0.0,3,7,2190.0,0.0,2006,0.0,98059,47.4861,-122.161,2190.0,3980.0,2015-02-11,391000.0
5700000446,3.0,1.75,1590.0,1322.0,2.0,0.0,0.0,3,8,1060.0,530.0,2014,0.0,98144,47.5753,-122.294,1530.0,5400.0,2014-10-29,465000.0
9492500010,4.0,2.75,3010.0,7215.0,2.0,0.0,0.0,3,9,3010.0,0.0,2014,0.0,98033,47.6952,-122.178,3010.0,7215.0,2014-06-06,879950.0
2461900446,3.0,2.0,1330.0,1042.0,2.0,0.0,0.0,3,8,1060.0,270.0,2014,0.0,98136,47.5522,-122.382,1440.0,2428.0,2014-10-23,372000.0
8669160170,3.0,2.5,1550.0,3569.0,2.0,0.0,0.0,3,7,1550.0,0.0,2011,0.0,98002,47.3528,-122.211,2095.0,3402.0,2014-05-22,259000.0
3644100101,2.0,1.5,1260.0,1575.0,2.0,0.0,0.0,3,7,1260.0,0.0,2001,0.0,98144,47.5914,-122.295,1220.0,1740.0,2014-07-07,374000.0
7852090680,4.0,2.5,2550.0,5395.0,2.0,0.0,0.0,3,8,2550.0,0.0,2001,0.0,98065,47.5355,-121.874,2850.0,6109.0,2015-03-05,561000.0
5693501028,3.0,2.5,1300.0,1331.0,3.0,0.0,0.0,3,8,1300.0,0.0,2007,0.0,98103,47.6607,-122.352,1450.0,5270.0,2015-04-03,610000.0
3629700080,3.0,3.0,2230.0,1407.0,2.5,,0.0,3,8,1850.0,380.0,2014,0.0,98027,47.5446,-122.017,2290.0,1407.0,2015-01-08,635000.0
3278600680,1.0,1.5,1170.0,1456.0,2.0,0.0,0.0,3,8,1070.0,,2007,0.0,98126,47.5493,-122.372,1360.0,1730.0,2014-06-27,235000.0
2738640470,4.0,3.5,4170.0,4524.0,2.0,0.0,0.0,3,9,3500.0,670.0,2007,0.0,98072,47.7726,-122.162,3510.0,5001.0,2014-07-16,623300.0
7853320950,3.0,2.0,1680.0,5246.0,1.0,0.0,0.0,3,7,1680.0,0.0,2007,0.0,98065,47.5206,-121.868,2430.0,6883.0,2014-10-23,412500.0
5635100050,4.0,3.25,2864.0,8035.0,3.0,0.0,0.0,3,8,2864.0,0.0,2014,0.0,98030,47.3746,-122.189,2419.0,8984.0,2014-11-21,380000.0
3629990280,3.0,2.25,1630.0,3817.0,2.0,0.0,0.0,3,7,1630.0,0.0,2005,0.0,98029,47.5485,-121.999,1630.0,3348.0,2014-06-23,497000.0
6306800020,4.0,2.5,2716.0,7850.0,2.0,0.0,0.0,3,9,2716.0,0.0,2014,0.0,98030,47.352,-122.197,2580.0,14448.0,2014-11-11,452000.0
7697000170,3.0,2.5,1750.0,4076.0,2.0,,0.0,3,7,1750.0,0.0,2013,0.0,98038,47.3597,-122.045,1810.0,4090.0,2014-10-25,312000.0
5057100080,5.0,3.0,3223.0,6371.0,2.0,0.0,0.0,3,9,3223.0,0.0,2014,0.0,98042,47.3588,-122.163,1979.0,19030.0,2014-09-19,469950.0
5276200020,5.0,2.5,2600.0,4284.0,2.0,0.0,0.0,3,9,2600.0,0.0,2014,0.0,98136,47.5409,-122.39,1620.0,5000.0,2014-08-05,775000.0
5727500006,4.0,2.75,3320.0,8653.0,2.0,0.0,0.0,3,8,3320.0,0.0,2014,0.0,98133,47.7521,-122.334,2140.0,8727.0,2015-04-27,679990.0
9268850130,4.0,2.0,1350.0,942.0,3.0,0.0,0.0,3,7,1350.0,0.0,2008,0.0,98027,47.5401,-122.026,1390.0,942.0,2014-06-27,288790.0
9293000170,5.0,2.5,3410.0,4726.0,2.0,,0.0,3,9,3410.0,0.0,2007,0.0,98006,47.5459,-122.184,2810.0,5129.0,2015-04-08,800000.0
7299601870,3.0,2.5,1572.0,4000.0,2.0,,0.0,3,8,1572.0,0.0,2013,0.0,98092,47.2615,-122.198,1608.0,5175.0,2015-04-27,299000.0
1760650500,4.0,2.5,2300.0,4482.0,2.0,0.0,0.0,3,7,2300.0,0.0,2013,0.0,98042,47.3599,-122.082,2300.0,3825.0,2015-01-29,332000.0
7174800094,1.0,1.5,1030.0,5923.0,1.0,,0.0,3,8,1030.0,0.0,1940,0.0,98105,47.6653,-122.305,2650.0,5000.0,2015-04-20,525000.0
6909200007,3.0,1.75,1458.0,858.0,2.0,0.0,0.0,3,8,950.0,508.0,2014,0.0,98144,47.592,-122.293,1458.0,3000.0,2014-09-03,620000.0
7853321150,4.0,2.5,2190.0,6896.0,2.0,0.0,0.0,3,7,2190.0,0.0,2007,0.0,98065,47.5191,-121.869,2190.0,5900.0,2014-11-03,452000.0
1105000402,4.0,3.0,3640.0,5096.0,2.0,0.0,0.0,3,8,2740.0,900.0,2010,0.0,98118,47.5428,-122.27,1910.0,9189.0,2014-10-28,630000.0
1442870420,4.0,2.75,2790.0,7803.0,2.0,0.0,0.0,3,8,2790.0,0.0,2013,0.0,98045,47.4823,-121.772,2620.0,6178.0,2014-07-24,485000.0
3682000050,4.0,2.5,2632.0,4117.0,2.0,0.0,0.0,3,8,2632.0,0.0,2013,0.0,98001,47.3428,-122.278,2040.0,5195.0,2014-10-13,349950.0
1442880080,4.0,2.75,2910.0,6334.0,2.0,0.0,0.0,3,8,2910.0,0.0,2013,0.0,98045,47.4826,-121.771,2790.0,6352.0,2014-07-01,499990.0
7169500020,2.0,2.25,1470.0,1101.0,2.0,0.0,0.0,3,8,1340.0,130.0,2005,0.0,98115,47.6768,-122.301,1470.0,1582.0,2014-12-05,510000.0
2911700010,3.0,2.5,2240.0,21477.0,2.0,0.0,2.0,3,8,2240.0,0.0,1995,0.0,98006,47.5745,-122.18,2930.0,21569.0,2015-03-03,1080000.0
9578060470,3.0,2.5,2310.0,4729.0,2.0,0.0,0.0,3,8,2310.0,0.0,2011,0.0,98028,47.7734,-122.237,2440.0,4711.0,2014-05-08,494000.0
1776460190,3.0,2.5,2370.0,5353.0,2.0,0.0,0.0,3,8,2370.0,0.0,2009,0.0,98019,47.7333,-121.975,2130.0,6850.0,2014-06-26,429900.0
3449500050,4.0,2.75,2980.0,9825.0,1.0,0.0,0.0,3,8,1910.0,1070.0,2007,0.0,98056,47.5073,-122.172,2580.0,12231.0,2014-10-15,505000.0
2309710130,4.0,2.0,1870.0,6551.0,1.0,,3.0,3,7,1870.0,,2009,0.0,98022,47.1934,-121.977,2280.0,5331.0,2014-07-15,272000.0
1972201511,3.0,2.5,1770.0,1714.0,3.0,0.0,0.0,3,8,1770.0,0.0,2012,0.0,98103,47.6532,-122.348,1720.0,3360.0,2015-02-10,671500.0
7852120050,4.0,3.5,3510.0,10010.0,2.0,0.0,0.0,3,10,3510.0,0.0,2001,0.0,98065,47.5412,-121.876,4200.0,9935.0,2015-03-11,729950.0
3814900660,4.0,2.5,3281.0,5354.0,2.0,0.0,0.0,3,9,3281.0,0.0,2014,0.0,98092,47.3273,-122.163,2598.0,4815.0,2014-07-21,471835.0
8141310080,3.0,2.0,1670.0,4438.0,1.0,0.0,0.0,3,7,1670.0,0.0,2014,0.0,98022,47.1948,-121.974,1670.0,4558.0,2014-11-03,249950.0
7207900050,5.0,3.5,2760.0,3846.0,2.5,0.0,0.0,3,8,2760.0,0.0,2013,0.0,98056,47.5047,-122.17,2760.0,4587.0,2014-08-08,424950.0
2424059163,5.0,3.5,5430.0,10327.0,2.0,,2.0,3,10,4010.0,1420.0,2007,0.0,98006,47.5476,-122.116,4340.0,10324.0,2014-07-09,1240000.0
2140950130,4.0,2.5,2990.0,7928.0,2.0,,0.0,3,9,2990.0,0.0,2011,0.0,98010,47.3139,-122.024,2810.0,7401.0,2014-09-11,440000.0
1776230190,4.0,3.5,3170.0,3858.0,2.0,0.0,0.0,3,8,2530.0,640.0,2008,0.0,98059,47.5049,-122.155,2640.0,3844.0,2015-04-08,495000.0
3524039224,4.0,2.5,3520.0,6773.0,2.5,0.0,0.0,3,9,2650.0,870.0,2006,0.0,98136,47.5317,-122.391,2930.0,6458.0,2014-05-13,870000.0
5694500840,2.0,3.0,1650.0,960.0,3.0,0.0,0.0,3,8,1350.0,300.0,2015,0.0,98103,47.6611,-122.346,1650.0,3000.0,2014-11-25,559000.0
4014400381,4.0,2.75,2656.0,21195.0,2.0,,0.0,3,9,2656.0,0.0,2014,0.0,98001,47.3162,-122.272,1860.0,16510.0,2014-05-07,495000.0
2838000130,3.0,2.5,2230.0,4850.0,2.0,0.0,0.0,3,8,2230.0,,2014,0.0,98133,47.7295,-122.334,2230.0,4513.0,2015-02-13,722000.0
8562770430,3.0,2.5,2280.0,2502.0,2.0,0.0,0.0,3,8,1880.0,400.0,2006,0.0,98027,47.5364,-122.073,2280.0,2812.0,2014-07-02,567500.0
1402970020,4.0,2.5,2798.0,5085.0,2.0,,0.0,3,9,2798.0,0.0,2011,0.0,98092,47.3308,-122.187,2502.0,5707.0,2014-12-17,440000.0
3943600020,4.0,2.5,2398.0,5988.0,2.0,0.0,0.0,3,8,2398.0,0.0,2008,0.0,98055,47.452,-122.204,2370.0,5988.0,2014-08-29,400000.0
1438000430,4.0,2.5,2350.0,3760.0,2.0,,0.0,3,8,2350.0,0.0,2014,0.0,98059,47.4786,-122.123,2590.0,4136.0,2014-10-06,459995.0
1601600167,5.0,2.75,2410.0,5003.0,1.0,0.0,0.0,3,7,1410.0,1000.0,2008,0.0,98118,47.5298,-122.274,1590.0,5003.0,2014-05-07,365000.0
1773100541,3.0,2.25,1580.0,920.0,3.0,0.0,0.0,3,8,1580.0,0.0,2015,0.0,98106,47.5578,-122.363,1250.0,1150.0,2015-04-17,389950.0
1773100924,3.0,3.25,1450.0,1387.0,2.0,0.0,0.0,3,8,1180.0,270.0,2013,0.0,98106,47.5556,-122.362,1450.0,1198.0,2014-07-08,320000.0
982850080,4.0,2.5,1750.0,4779.0,2.0,0.0,0.0,3,7,1750.0,0.0,2009,0.0,98028,47.7608,-122.232,1580.0,4687.0,2014-06-13,415500.0
7628700050,3.0,2.5,3020.0,4120.0,2.0,0.0,0.0,3,9,2360.0,660.0,2008,0.0,98126,47.5714,-122.373,2280.0,4120.0,2015-03-09,775000.0
8673400020,3.0,3.0,1740.0,1100.0,3.0,0.0,0.0,3,8,1740.0,0.0,2007,0.0,98107,47.67,-122.391,1370.0,1180.0,2015-03-11,590000.0
8725950170,2.0,2.25,2200.0,2043.0,2.0,0.0,0.0,3,9,1760.0,440.0,2007,0.0,98004,47.6213,-122.2,2020.0,1957.0,2015-01-23,950000.0
6306800080,4.0,2.5,1867.0,15314.0,2.0,0.0,0.0,3,9,1867.0,0.0,2013,0.0,98030,47.3524,-122.198,2616.0,8048.0,2014-08-06,378950.0
3362401763,2.0,1.5,1020.0,1060.0,3.0,0.0,0.0,3,8,1020.0,0.0,2008,0.0,98103,47.6801,-122.348,1340.0,1415.0,2014-05-08,441750.0
301401630,4.0,2.75,2475.0,4000.0,2.0,0.0,0.0,3,7,2475.0,0.0,2014,0.0,98002,47.345,-122.209,2475.0,4000.0,2014-10-31,335900.0
6056110780,2.0,1.75,1110.0,1773.0,2.0,0.0,0.0,3,8,1110.0,0.0,2014,0.0,98108,47.5647,-122.293,1420.0,2855.0,2014-06-27,229800.0
6819100352,3.0,2.5,1900.0,1258.0,2.5,0.0,0.0,3,7,1700.0,200.0,2007,0.0,98119,47.6465,-122.358,1780.0,1877.0,2015-03-10,645000.0
9297302031,3.0,3.25,1560.0,1345.0,2.0,0.0,0.0,3,8,1260.0,300.0,2009,0.0,98126,47.5637,-122.375,1560.0,4800.0,2015-04-23,448000.0
7203150080,4.0,2.5,2510.0,5436.0,2.0,0.0,0.0,3,8,2510.0,0.0,2011,0.0,98053,47.6894,-122.016,2520.0,5436.0,2014-12-16,706000.0
2937300050,4.0,4.75,4150.0,6303.0,3.0,0.0,0.0,3,9,4150.0,0.0,2014,0.0,98052,47.7047,-122.123,3570.0,6285.0,2015-02-27,988990.0
9521100029,3.0,3.0,1660.0,1849.0,3.0,,0.0,3,9,1660.0,0.0,2013,0.0,98103,47.6649,-122.353,1660.0,3300.0,2014-07-16,716000.0
832700170,2.0,1.5,1090.0,847.0,3.0,0.0,0.0,3,8,1090.0,0.0,2009,0.0,98133,47.7235,-122.352,1090.0,1118.0,2015-04-21,319000.0
6817750440,4.0,2.5,1914.0,3272.0,2.0,0.0,0.0,3,8,1914.0,0.0,2009,0.0,98055,47.4297,-122.189,1714.0,3250.0,2014-10-14,300000.0
123059127,4.0,3.25,2730.0,54014.0,1.0,,0.0,3,9,1560.0,1170.0,2007,0.0,98059,47.5133,-122.11,2730.0,111274.0,2014-05-02,625000.0
3630200430,3.0,2.75,2470.0,3600.0,2.0,,0.0,3,9,2470.0,0.0,2007,0.0,98029,47.5406,-121.994,2570.0,3600.0,2014-05-14,773000.0
3448740430,5.0,2.5,2340.0,5670.0,2.0,0.0,0.0,3,7,2340.0,0.0,2009,0.0,98059,47.4913,-122.152,2190.0,4869.0,2014-09-25,392000.0
1438000190,4.0,3.5,2660.0,5690.0,2.0,0.0,0.0,3,8,1920.0,740.0,2014,0.0,98059,47.4775,-122.122,2970.0,5690.0,2014-09-11,549995.0
7853320250,3.0,2.5,2410.0,4656.0,2.0,0.0,0.0,3,7,2410.0,0.0,2009,0.0,98065,47.5203,-121.874,2410.0,4840.0,2014-09-20,480000.0
100300280,3.0,2.25,1430.0,4777.0,2.0,0.0,0.0,3,7,1430.0,0.0,2010,0.0,98059,47.4867,-122.152,1639.0,3854.0,2014-10-20,355000.0
8862500280,2.0,2.5,1570.0,1268.0,3.0,0.0,0.0,3,7,1570.0,0.0,2007,0.0,98106,47.534,-122.365,1570.0,1300.0,2014-12-30,208400.0
1042700080,5.0,2.75,3010.0,4919.0,2.0,,0.0,3,9,3010.0,0.0,2014,0.0,98074,47.6067,-122.052,3230.0,5415.0,2014-08-22,831548.0
4051150080,4.0,2.5,1613.0,4338.0,2.0,0.0,0.0,3,7,1613.0,0.0,2009,0.0,98042,47.3859,-122.162,1427.0,4341.0,2014-11-17,279500.0
5592200010,3.0,2.5,2380.0,5269.0,2.0,0.0,0.0,3,8,2380.0,0.0,2008,0.0,98056,47.5066,-122.192,2150.0,7600.0,2015-02-27,445000.0
7787920080,5.0,2.5,2570.0,9962.0,2.0,,0.0,3,8,2570.0,0.0,2006,0.0,98019,47.7275,-121.957,2890.0,9075.0,2014-06-16,492500.0
3448740190,4.0,2.5,2550.0,5200.0,2.0,,0.0,3,7,2550.0,0.0,2009,0.0,98059,47.4919,-122.153,2550.0,4660.0,2014-07-09,435000.0
8822900122,3.0,2.25,1330.0,969.0,3.0,0.0,0.0,3,7,1330.0,0.0,2007,0.0,98125,47.7177,-122.292,1310.0,1941.0,2015-05-12,325000.0
4083300098,2.0,1.5,1160.0,1269.0,2.0,0.0,0.0,3,7,970.0,190.0,2005,0.0,98103,47.6608,-122.335,1700.0,3150.0,2014-11-17,453000.0
1438000170,5.0,3.5,3240.0,6919.0,2.0,0.0,0.0,3,8,2760.0,480.0,2014,0.0,98059,47.4779,-122.122,2970.0,5690.0,2014-08-22,612995.0
7853360480,4.0,2.5,2710.0,9248.0,2.0,,0.0,3,7,2710.0,0.0,2011,0.0,98065,47.5164,-121.875,2710.0,5000.0,2014-09-04,540000.0
522059130,3.0,1.0,1150.0,18200.0,1.0,0.0,0.0,5,7,1150.0,0.0,1959,0.0,98058,47.4262,-122.187,1714.0,18200.0,2015-04-29,465000.0
4385700185,3.0,2.25,1860.0,1386.0,3.0,0.0,0.0,3,9,1860.0,0.0,2014,0.0,98112,47.6368,-122.279,1680.0,3080.0,2014-08-12,799950.0
2768301476,3.0,2.25,1280.0,1517.0,2.0,0.0,0.0,3,8,1080.0,200.0,2008,0.0,98107,47.6651,-122.368,1280.0,1681.0,2014-11-24,495000.0
1862400541,3.0,2.5,1810.0,1585.0,3.0,0.0,0.0,3,7,1810.0,0.0,2014,0.0,98117,47.6957,-122.376,1560.0,1586.0,2015-02-28,579950.0
8562780280,2.0,2.25,1240.0,720.0,2.0,,0.0,3,7,1150.0,90.0,2008,0.0,98027,47.5322,-122.072,1260.0,810.0,2015-02-20,331000.0
9528101061,4.0,3.5,1460.0,951.0,3.0,,0.0,3,8,1460.0,0.0,2008,0.0,98115,47.6821,-122.326,1430.0,1282.0,2014-08-25,580000.0
6056110460,2.0,2.5,1640.0,1953.0,2.0,0.0,0.0,3,10,1640.0,0.0,2014,0.0,98118,47.5639,-122.292,1820.0,2653.0,2015-04-14,669000.0
2154970020,4.0,4.25,5010.0,19412.0,2.0,0.0,1.0,3,11,4000.0,1010.0,2014,0.0,98040,47.5455,-122.211,3820.0,17064.0,2014-07-03,2350000.0
5694500497,3.0,3.25,1300.0,1325.0,2.0,0.0,0.0,3,8,1080.0,220.0,2005,0.0,98103,47.6584,-122.346,1290.0,1323.0,2015-01-16,539900.0
7708200670,4.0,2.5,2510.0,4349.0,2.0,,0.0,3,8,2510.0,0.0,2010,0.0,98059,47.4927,-122.147,2510.0,4314.0,2014-07-23,490000.0
8562770050,3.0,3.5,2710.0,3475.0,2.0,0.0,0.0,3,8,1650.0,1060.0,2005,0.0,98027,47.5359,-122.072,2440.0,2867.0,2014-05-27,627000.0
1441000470,4.0,3.5,3217.0,4000.0,2.0,0.0,0.0,3,8,2587.0,630.0,2008,0.0,98055,47.4483,-122.203,2996.0,5418.0,2014-07-28,458000.0
6056100293,3.0,2.5,1650.0,4929.0,2.0,0.0,0.0,3,7,1520.0,130.0,2007,0.0,98108,47.5634,-122.298,1520.0,2287.0,2014-11-10,440000.0
6600000050,4.0,3.5,3950.0,6240.0,2.0,0.0,0.0,3,11,3950.0,0.0,2015,0.0,98112,47.6221,-122.29,2040.0,6240.0,2015-03-10,1700000.0
1732800199,2.0,2.5,1680.0,977.0,3.0,0.0,0.0,3,9,1680.0,0.0,2009,0.0,98119,47.632,-122.361,1680.0,977.0,2015-05-11,935000.0
7853360470,5.0,3.5,3420.0,6403.0,2.0,0.0,2.0,3,8,2700.0,720.0,2013,0.0,98065,47.5162,-121.874,2710.0,6038.0,2015-04-17,641000.0
3438501583,3.0,2.75,2300.0,5090.0,2.0,0.0,0.0,3,8,1700.0,600.0,2007,0.0,98106,47.545,-122.36,1530.0,9100.0,2014-09-11,452000.0
7853370250,4.0,2.75,3010.0,6854.0,2.0,0.0,2.0,3,9,2570.0,440.0,2012,0.0,98065,47.5171,-121.876,1830.0,2952.0,2014-12-23,625000.0
2387600010,4.0,3.5,4680.0,12495.0,2.0,0.0,0.0,3,10,3040.0,1640.0,2008,0.0,98033,47.6984,-122.206,3240.0,10749.0,2015-03-03,1350000.0
8946780080,5.0,3.5,3630.0,4911.0,2.0,,0.0,3,9,2790.0,840.0,2014,0.0,98034,47.718,-122.156,3600.0,4992.0,2014-09-08,834950.0
9402800005,3.0,3.5,3530.0,3610.0,2.0,0.0,0.0,3,10,2370.0,1160.0,2008,0.0,98103,47.6857,-122.339,1780.0,3610.0,2014-10-28,1500000.0
5422950080,4.0,2.5,2280.0,3800.0,2.0,0.0,0.0,3,7,2280.0,0.0,2006,0.0,98038,47.3586,-122.036,2630.0,4045.0,2014-08-25,305000.0
2826079027,3.0,2.5,3090.0,384634.0,2.0,0.0,0.0,3,8,3090.0,0.0,2007,0.0,98019,47.7072,-121.927,2200.0,292645.0,2014-11-12,659000.0
6003000851,1.0,1.0,550.0,1279.0,2.0,0.0,0.0,3,7,550.0,0.0,2008,0.0,98122,47.616,-122.314,1460.0,1385.0,2014-05-22,353000.0
7394400080,4.0,3.25,2840.0,4000.0,2.0,,3.0,3,9,2330.0,510.0,2014,0.0,98108,47.5529,-122.293,2160.0,4867.0,2015-03-04,535000.0
1238501184,4.0,2.5,3130.0,10849.0,2.0,0.0,0.0,3,10,3130.0,0.0,2013,0.0,98033,47.6828,-122.186,2470.0,9131.0,2014-07-08,999000.0
263000009,3.0,2.5,1440.0,1102.0,3.0,0.0,0.0,3,8,1440.0,0.0,2009,0.0,98103,47.6995,-122.346,1440.0,1434.0,2015-01-29,375000.0
5101408889,4.0,3.5,2840.0,4637.0,3.0,0.0,0.0,3,8,2840.0,0.0,2008,0.0,98125,47.7033,-122.321,1730.0,5279.0,2014-06-16,685000.0
7299601410,4.0,2.5,2623.0,7184.0,2.0,0.0,0.0,3,8,2623.0,0.0,2012,0.0,98092,47.259,-122.202,2010.0,4939.0,2014-08-08,333000.0
9266700190,1.0,1.0,390.0,2000.0,1.0,0.0,0.0,4,6,390.0,0.0,1920,0.0,98103,47.6938,-122.347,1340.0,5100.0,2015-05-11,245000.0
2424059174,4.0,3.25,5640.0,35006.0,2.0,,2.0,3,11,4900.0,740.0,2015,0.0,98006,47.5491,-122.104,4920.0,35033.0,2015-05-08,2000000.0
8562780290,2.0,2.25,1260.0,1032.0,2.0,0.0,0.0,3,7,1170.0,90.0,2008,0.0,98027,47.5323,-122.072,1240.0,809.0,2014-10-15,329950.0
5100400244,2.0,1.0,894.0,1552.0,2.0,0.0,0.0,3,7,894.0,0.0,2011,0.0,98115,47.6911,-122.313,1131.0,1992.0,2015-04-20,403000.0
3744000130,4.0,2.5,3370.0,4934.0,2.0,0.0,0.0,3,9,3370.0,0.0,2014,0.0,98038,47.3562,-122.022,2980.0,5046.0,2014-11-11,559630.0
993001976,3.0,2.25,1250.0,871.0,3.0,0.0,0.0,3,8,1250.0,0.0,2007,0.0,98103,47.6907,-122.343,1250.0,1158.0,2014-08-18,344000.0
525049174,3.0,1.5,1180.0,1231.0,3.0,,0.0,3,7,1180.0,0.0,2008,0.0,98115,47.6845,-122.315,1280.0,3360.0,2015-04-02,435000.0
5393600562,2.0,2.5,1520.0,1588.0,2.0,0.0,0.0,3,8,1240.0,280.0,2007,0.0,98144,47.5825,-122.313,1660.0,6000.0,2014-05-22,430000.0
4187000190,3.0,2.5,2000.0,4500.0,2.0,,0.0,3,7,2000.0,0.0,2010,0.0,98059,47.4937,-122.149,2230.0,4501.0,2014-11-17,417000.0
2862500190,5.0,2.75,3180.0,9255.0,2.0,,0.0,3,9,3180.0,0.0,2014,0.0,98074,47.6232,-122.023,3180.0,7782.0,2015-04-09,895950.0
5045700470,4.0,2.75,3050.0,4750.0,2.0,0.0,0.0,3,8,3050.0,0.0,2014,0.0,98059,47.4857,-122.153,2730.0,5480.0,2015-03-19,563950.0
2924079034,3.0,1.5,2580.0,47480.0,1.0,0.0,0.0,3,7,1360.0,1220.0,1953,0.0,98024,47.5333,-121.933,1760.0,48181.0,2014-09-25,332220.0
8835770170,5.0,6.0,6880.0,279968.0,2.0,0.0,3.0,3,12,4070.0,2810.0,2007,0.0,98045,47.4624,-121.779,4690.0,256803.0,2014-08-22,1490000.0
3630200480,3.0,2.5,2570.0,3600.0,2.5,0.0,0.0,3,9,2570.0,0.0,2007,0.0,98027,47.5412,-121.994,2570.0,3600.0,2014-06-12,680000.0
8562790080,4.0,3.5,2950.0,3737.0,2.0,0.0,0.0,3,10,2270.0,680.0,2012,0.0,98027,47.5313,-122.074,2580.0,3581.0,2015-02-09,825750.0
8165500780,3.0,2.5,1690.0,1760.0,2.0,0.0,0.0,3,8,1410.0,280.0,2014,0.0,98106,47.5387,-122.367,1740.0,1760.0,2014-12-09,338000.0
1442870050,4.0,2.75,2790.0,6969.0,2.0,0.0,0.0,3,8,2790.0,0.0,2012,0.0,98045,47.4836,-121.769,2620.0,6307.0,2014-07-18,535365.0
1704900303,3.0,2.25,1720.0,5234.0,2.0,0.0,0.0,3,9,1240.0,480.0,2011,0.0,98118,47.5547,-122.278,1720.0,5825.0,2014-12-11,608000.0
6132600655,3.0,2.25,2890.0,5000.0,3.0,0.0,0.0,3,9,2890.0,0.0,2014,0.0,98117,47.6983,-122.389,2020.0,5000.0,2014-10-16,930000.0
3421069049,2.0,1.75,1130.0,276170.0,1.0,0.0,0.0,3,8,1130.0,0.0,2006,0.0,98022,47.2673,-122.027,2092.0,217800.0,2014-10-21,565000.0
7169500130,2.0,2.25,1460.0,1623.0,2.0,0.0,0.0,3,8,1260.0,200.0,2005,0.0,98115,47.6764,-122.301,1460.0,1137.0,2014-12-19,495000.0
8732900840,3.0,2.5,2510.0,3819.0,2.0,0.0,0.0,3,8,2510.0,0.0,2007,0.0,98052,47.6987,-122.096,2520.0,3990.0,2014-07-22,667000.0
5379803372,4.0,2.5,3390.0,7870.0,2.0,0.0,0.0,3,8,3390.0,0.0,2014,0.0,98188,47.4536,-122.274,1960.0,10069.0,2014-11-12,495000.0
2937300430,4.0,2.5,3570.0,6054.0,2.0,,0.0,3,9,3570.0,0.0,2014,0.0,98052,47.7053,-122.126,3600.0,6050.0,2014-09-29,928990.0
5422950020,4.0,2.5,2280.0,5000.0,2.0,,0.0,3,7,2280.0,0.0,2006,0.0,98038,47.3593,-122.037,2910.0,5000.0,2014-06-30,345000.0
3797001702,5.0,3.5,2920.0,3000.0,2.0,0.0,0.0,3,9,2260.0,660.0,2014,0.0,98103,47.6846,-122.349,1580.0,4000.0,2014-12-16,1070000.0
1438000130,4.0,3.0,2590.0,6160.0,2.0,0.0,0.0,3,8,2590.0,0.0,2014,0.0,98059,47.4784,-122.122,2670.0,5600.0,2014-07-03,519995.0
1853080130,5.0,2.75,3210.0,8001.0,2.0,0.0,0.0,3,9,3210.0,0.0,2014,0.0,98074,47.5935,-122.061,3190.0,6624.0,2014-11-05,924000.0
741500010,3.0,2.0,1230.0,3405.0,1.0,0.0,0.0,3,7,1230.0,0.0,2010,0.0,98058,47.438,-122.179,1440.0,4066.0,2015-04-24,295000.0
3123089027,3.0,2.5,3800.0,104979.0,2.0,0.0,0.0,3,8,3210.0,590.0,2005,0.0,98045,47.4304,-121.841,2040.0,109771.0,2014-07-21,472000.0
3630080190,3.0,2.5,1500.0,2314.0,2.0,,0.0,3,7,1500.0,0.0,2005,0.0,98029,47.5537,-121.998,1440.0,2170.0,2014-08-01,405000.0
3782760080,4.0,2.25,2510.0,4090.0,2.0,0.0,0.0,3,8,1840.0,670.0,2012,0.0,98019,47.7345,-121.967,2070.0,4090.0,2014-07-18,410000.0
8024200684,3.0,1.5,1400.0,1091.0,3.0,0.0,0.0,3,8,1400.0,0.0,2007,0.0,98115,47.6989,-122.317,1270.0,1413.0,2014-11-25,419500.0
982850020,3.0,2.25,1450.0,4667.0,2.0,0.0,0.0,3,7,1450.0,0.0,2009,0.0,98028,47.7611,-122.233,1490.0,4667.0,2014-09-03,382000.0
5649600462,2.0,2.5,1390.0,1821.0,2.0,0.0,0.0,3,7,1180.0,210.0,2007,0.0,98118,47.5537,-122.282,1350.0,1821.0,2015-02-24,370000.0
3449820430,3.0,2.75,3160.0,9072.0,2.0,0.0,0.0,3,9,3160.0,0.0,2005,0.0,98056,47.5147,-122.177,3160.0,9072.0,2014-10-06,553000.0
9533100285,4.0,3.75,4350.0,7965.0,2.0,0.0,0.0,3,10,4350.0,0.0,2013,0.0,98004,47.6289,-122.205,2190.0,8557.0,2014-06-30,2070000.0
923059259,4.0,2.5,2720.0,5771.0,2.0,0.0,0.0,3,8,2720.0,0.0,2015,0.0,98056,47.4917,-122.17,1940.0,4184.0,2015-04-01,455950.0
6431000748,3.0,3.25,1290.0,1153.0,3.0,0.0,0.0,3,7,1290.0,0.0,2008,0.0,98103,47.6904,-122.346,1290.0,1200.0,2014-10-27,331000.0
3753000010,3.0,2.25,1606.0,1452.0,3.0,0.0,0.0,3,8,1606.0,0.0,2009,0.0,98125,47.7175,-122.284,1516.0,1939.0,2014-05-07,417250.0
6169901185,5.0,3.5,4460.0,2975.0,3.0,0.0,2.0,3,10,3280.0,,2015,0.0,98119,47.6313,-122.37,2490.0,4231.0,2014-05-20,490000.0
2309710150,4.0,3.25,2800.0,5291.0,2.0,0.0,0.0,3,7,2800.0,,2011,0.0,98022,47.1937,-121.977,2380.0,5291.0,2014-08-04,325000.0
1773600264,5.0,3.5,3250.0,4800.0,2.0,0.0,0.0,3,9,2410.0,840.0,2010,0.0,98106,47.5618,-122.362,1330.0,4920.0,2015-02-23,705000.0
6061500100,6.0,3.5,4310.0,7760.0,2.0,0.0,0.0,3,10,3260.0,1050.0,2013,0.0,98059,47.5297,-122.155,4620.0,10217.0,2014-07-17,1170000.0
1282300995,3.0,2.25,1310.0,915.0,2.0,0.0,0.0,3,7,1060.0,250.0,2007,0.0,98144,47.5738,-122.293,1500.0,1215.0,2015-02-22,365000.0
597000593,2.0,1.5,1240.0,1101.0,2.0,0.0,0.0,3,8,1080.0,160.0,2009,0.0,98144,47.5758,-122.309,1530.0,1209.0,2014-11-17,403000.0
7853321110,3.0,2.5,1950.0,7263.0,2.0,0.0,0.0,3,7,1950.0,0.0,2007,0.0,98065,47.5194,-121.869,2190.0,5900.0,2014-08-13,409000.0
3278612450,3.0,2.5,1800.0,1120.0,2.0,0.0,0.0,3,8,1800.0,0.0,2011,0.0,98126,47.5436,-122.369,1800.0,2380.0,2015-04-07,391000.0
1438000120,4.0,2.5,2650.0,5600.0,2.0,0.0,0.0,3,8,2650.0,0.0,2014,0.0,98059,47.4786,-122.122,2650.0,5600.0,2014-06-16,542525.0
9521100301,2.0,1.0,820.0,681.0,3.0,0.0,0.0,3,8,820.0,,2006,0.0,98103,47.6619,-122.352,820.0,1156.0,2014-05-07,339950.0
1442870040,4.0,2.75,2620.0,7001.0,2.0,0.0,0.0,3,8,2620.0,0.0,2012,0.0,98045,47.4838,-121.769,2620.0,6543.0,2014-08-19,499990.0
644000115,4.0,3.25,3980.0,10249.0,2.0,0.0,0.0,3,10,3980.0,0.0,2011,0.0,98004,47.5873,-122.196,2450.0,10912.0,2014-09-23,1770000.0
6372000297,3.0,3.5,1660.0,2298.0,2.0,0.0,0.0,3,8,1260.0,400.0,2009,0.0,98116,47.5809,-122.403,1500.0,2198.0,2015-03-23,608000.0
6600060150,4.0,2.5,2130.0,4028.0,2.0,,0.0,3,8,2130.0,0.0,2014,0.0,98146,47.5108,-122.363,1830.0,7817.0,2015-03-12,392000.0
774101755,3.0,1.75,1790.0,66250.0,1.5,0.0,0.0,3,7,1790.0,0.0,2003,0.0,98014,47.7179,-121.403,1440.0,59346.0,2015-04-17,320000.0
2895800750,3.0,1.75,1410.0,1988.0,2.0,,0.0,3,8,1410.0,0.0,2014,0.0,98106,47.5171,-122.347,1410.0,1899.0,2015-04-17,274800.0
2424039029,3.0,2.25,1330.0,1198.0,2.0,0.0,0.0,3,8,1080.0,250.0,2007,0.0,98106,47.555,-122.362,1260.0,1062.0,2015-04-27,325000.0
3448740360,4.0,2.5,2190.0,4866.0,2.0,,0.0,3,7,2190.0,0.0,2009,0.0,98059,47.4907,-122.152,2190.0,5670.0,2015-04-29,418500.0
3832050580,3.0,2.5,2540.0,5050.0,2.0,0.0,0.0,3,7,2540.0,0.0,2006,0.0,98042,47.3358,-122.055,2280.0,5050.0,2014-05-02,300000.0
3094000210,3.0,2.5,2244.0,4079.0,2.0,0.0,0.0,3,7,2244.0,0.0,2012,0.0,98001,47.2606,-122.254,2077.0,4078.0,2015-01-05,269950.0
321030150,3.0,2.5,2026.0,7611.0,2.0,0.0,0.0,3,8,2026.0,0.0,2010,0.0,98042,47.3733,-122.162,2270.0,7611.0,2015-05-06,358000.0
7694200090,3.0,2.5,1730.0,4086.0,2.0,,0.0,3,8,1730.0,0.0,2013,0.0,98146,47.5016,-122.341,2030.0,4086.0,2015-05-04,350000.0
3299710110,4.0,3.5,3910.0,8095.0,2.0,,0.0,3,9,3130.0,780.0,2007,0.0,98029,47.5588,-122.036,3770.0,7021.0,2014-05-28,782000.0
3879900754,3.0,2.5,1580.0,1487.0,3.0,0.0,1.0,3,9,1580.0,0.0,2009,0.0,98119,47.6276,-122.359,1610.0,1297.0,2014-09-15,779000.0
8732900300,4.0,2.5,2510.0,3479.0,2.0,0.0,0.0,3,8,2510.0,0.0,2007,0.0,98052,47.6981,-122.099,2540.0,4171.0,2014-12-17,685000.0
6021503698,2.0,2.25,1000.0,905.0,3.0,,0.0,3,8,1000.0,0.0,2006,0.0,98117,47.6842,-122.387,980.0,1023.0,2014-05-29,305000.0
3333000745,4.0,2.5,1660.0,2500.0,2.0,,0.0,3,7,1660.0,0.0,2007,0.0,98118,47.5437,-122.283,1030.0,5000.0,2015-04-17,350000.0
3630220220,4.0,3.5,3060.0,4573.0,2.0,0.0,0.0,3,9,2410.0,650.0,2012,0.0,98029,47.5522,-122.001,3170.0,3634.0,2014-09-23,775000.0
9478500180,3.0,2.5,1980.0,4500.0,2.0,0.0,0.0,3,7,1980.0,0.0,2012,0.0,98042,47.3682,-122.117,1980.0,4500.0,2014-08-28,317750.0
2771602427,2.0,1.0,980.0,1179.0,2.0,0.0,0.0,3,8,980.0,0.0,2010,0.0,98119,47.6381,-122.375,1190.0,1600.0,2014-05-08,438000.0
1498301168,2.0,2.5,1050.0,1609.0,2.0,0.0,0.0,3,7,1050.0,0.0,2005,0.0,98144,47.5854,-122.313,1120.0,1693.0,2014-05-28,325000.0
8562790580,4.0,3.25,3080.0,4287.0,2.0,,0.0,3,10,2230.0,850.0,2012,0.0,98027,47.5313,-122.076,2250.0,2520.0,2015-04-28,830000.0
2325400040,3.0,2.25,1900.0,3800.0,2.0,0.0,0.0,3,7,1900.0,0.0,2006,0.0,98059,47.4866,-122.16,1950.0,3800.0,2014-09-22,353000.0
5045700330,4.0,2.5,2200.0,6400.0,2.0,0.0,0.0,3,8,2200.0,0.0,2010,0.0,98059,47.4856,-122.156,2600.0,5870.0,2014-07-25,460000.0
3126049498,3.0,1.5,1360.0,1167.0,3.0,0.0,0.0,3,8,1360.0,0.0,2008,0.0,98103,47.6962,-122.349,1360.0,1167.0,2015-03-16,370000.0
9578140360,3.0,2.5,2238.0,7209.0,2.0,0.0,0.0,3,8,2238.0,0.0,2011,0.0,98023,47.2966,-122.353,2456.0,7212.0,2014-06-19,330000.0
3343901408,4.0,2.5,2590.0,6474.0,2.0,0.0,0.0,3,8,2590.0,0.0,2014,0.0,98056,47.5164,-122.19,1960.0,8679.0,2015-01-28,569888.0
7859910110,3.0,2.5,2517.0,3900.0,2.0,0.0,0.0,3,8,2517.0,0.0,2014,0.0,98092,47.3211,-122.182,2390.0,7108.0,2014-09-18,353900.0
7852120180,4.0,3.5,3510.0,9084.0,2.0,0.0,0.0,3,10,3510.0,0.0,2001,0.0,98065,47.5402,-121.875,3690.0,9568.0,2015-03-04,695000.0
9268850180,3.0,1.75,1290.0,1237.0,2.0,0.0,0.0,3,7,1060.0,230.0,2008,0.0,98027,47.54,-122.026,1370.0,942.0,2014-07-18,288790.0
6031400092,5.0,3.0,2230.0,8642.0,1.0,0.0,0.0,3,7,1330.0,900.0,2014,0.0,98168,47.487,-122.32,2100.0,11056.0,2015-02-13,334950.0
1853080790,4.0,2.75,3140.0,7928.0,2.0,0.0,0.0,3,9,3140.0,0.0,2013,0.0,98074,47.5923,-122.058,3500.0,7055.0,2014-12-15,869950.0
1624049291,3.0,3.5,3350.0,5025.0,2.0,0.0,2.0,3,8,2670.0,680.0,2014,0.0,98144,47.5699,-122.296,2030.0,5117.0,2014-10-08,557500.0
7237450100,4.0,2.5,2245.0,4330.0,2.0,0.0,0.0,3,8,2245.0,0.0,2014,0.0,98038,47.3557,-122.063,2530.0,4478.0,2014-09-19,389990.0
9521100214,3.0,1.75,1420.0,1189.0,3.0,0.0,0.0,3,8,1420.0,0.0,2006,0.0,98103,47.6625,-122.352,1380.0,1196.0,2014-06-04,455000.0
5693501102,3.0,3.0,1560.0,2091.0,3.0,,0.0,3,8,1560.0,0.0,2006,0.0,98103,47.6604,-122.352,1530.0,2091.0,2014-10-30,598500.0
6891100590,4.0,2.75,2810.0,5497.0,2.0,0.0,0.0,3,9,2810.0,0.0,2011,0.0,98052,47.7081,-122.116,2990.0,5842.0,2015-03-02,750000.0
2254501095,2.0,2.25,1630.0,1686.0,2.0,0.0,0.0,3,10,1330.0,300.0,2014,0.0,98122,47.6113,-122.314,1570.0,2580.0,2014-11-13,729999.0
9478550110,3.0,2.5,1740.0,4497.0,2.0,,0.0,3,7,1740.0,0.0,2012,0.0,98042,47.3697,-122.117,1950.0,4486.0,2015-03-03,299950.0
993001961,3.0,2.25,1390.0,1484.0,3.0,0.0,0.0,3,8,1390.0,0.0,2007,0.0,98103,47.6912,-122.343,1250.0,1087.0,2014-07-09,374950.0
9274200028,3.0,2.5,1070.0,1089.0,2.0,0.0,0.0,3,7,900.0,170.0,2009,0.0,98116,47.5902,-122.387,1450.0,1437.0,2015-02-19,386950.0
7708200180,5.0,3.25,2850.0,4551.0,2.0,0.0,0.0,3,8,2370.0,480.0,2006,0.0,98059,47.4916,-122.144,2850.0,4849.0,2014-07-10,535000.0
8691430330,5.0,3.25,4100.0,7578.0,2.0,0.0,2.0,3,10,4100.0,0.0,2011,0.0,98075,47.5955,-121.974,3710.0,8156.0,2014-08-31,890000.0
8924100308,4.0,2.5,3260.0,5974.0,2.0,,1.0,3,9,2820.0,440.0,2007,0.0,98115,47.6772,-122.267,2260.0,6780.0,2015-02-03,1050000.0
1070000180,4.0,3.5,3660.0,4760.0,2.0,,0.0,3,9,2840.0,820.0,2014,0.0,98199,47.6482,-122.409,3210.0,4640.0,2014-10-15,1110000.0
1085623630,4.0,2.5,2708.0,4772.0,2.0,0.0,0.0,3,9,2708.0,0.0,2014,0.0,98092,47.3413,-122.178,2502.0,4900.0,2014-10-03,436952.0
3278605550,3.0,2.5,1800.0,2700.0,2.0,,0.0,3,8,1800.0,0.0,2011,0.0,98126,47.5458,-122.369,1580.0,2036.0,2014-06-09,365000.0
1139000062,3.0,2.5,1150.0,887.0,3.0,0.0,0.0,3,7,1150.0,0.0,2007,0.0,98133,47.7072,-122.356,1180.0,915.0,2014-06-25,288000.0
2838000180,3.0,2.5,2230.0,4006.0,2.0,0.0,0.0,3,8,2230.0,0.0,2014,0.0,98133,47.73,-122.335,2230.0,4180.0,2015-02-20,700000.0
2725079018,4.0,3.25,3540.0,159430.0,2.0,0.0,0.0,3,9,3540.0,0.0,2007,0.0,98014,47.6285,-121.899,1940.0,392040.0,2014-05-09,800000.0
7104100110,4.0,3.5,2490.0,5500.0,2.0,0.0,0.0,3,9,1780.0,710.0,2015,0.0,98136,47.5499,-122.393,1710.0,5500.0,2015-05-11,899000.0
259500230,3.0,2.5,2670.0,4534.0,2.0,0.0,0.0,3,9,2670.0,0.0,2007,0.0,98056,47.51,-122.184,3040.0,5079.0,2014-12-18,465750.0
9523100712,2.0,2.5,1430.0,923.0,3.0,0.0,0.0,3,8,1410.0,20.0,2008,0.0,98103,47.6683,-122.355,1620.0,1505.0,2014-06-18,485000.0
1438000360,5.0,2.75,2670.0,3800.0,2.0,0.0,0.0,3,8,2670.0,0.0,2014,0.0,98059,47.4783,-122.123,2670.0,3800.0,2014-06-03,494995.0
1608000120,3.0,2.5,2555.0,5720.0,2.0,0.0,0.0,3,8,2555.0,0.0,2006,0.0,98031,47.386,-122.184,2844.0,5769.0,2015-02-02,255000.0
7853361120,3.0,2.5,1970.0,6295.0,2.0,0.0,0.0,3,7,1970.0,0.0,2011,0.0,98065,47.5158,-121.874,2710.0,6009.0,2014-07-29,530000.0
2461900448,3.0,2.0,1980.0,2674.0,3.0,0.0,0.0,3,8,1980.0,0.0,2007,0.0,98136,47.5524,-122.382,1440.0,2674.0,2014-06-16,435000.0
1703400910,3.0,2.5,2010.0,3300.0,2.0,,0.0,3,9,1610.0,400.0,2014,0.0,98118,47.5573,-122.287,1660.0,4950.0,2014-08-11,639000.0
8024200683,3.0,1.5,1270.0,1413.0,3.0,0.0,0.0,3,8,1270.0,0.0,2007,0.0,98115,47.6989,-122.317,1270.0,1413.0,2014-07-09,440000.0
9544700730,4.0,2.5,3950.0,10856.0,3.0,0.0,0.0,3,10,3950.0,0.0,2013,0.0,98075,47.5818,-121.996,3200.0,10856.0,2014-05-15,914500.0
8682320900,3.0,2.0,1870.0,5300.0,1.0,0.0,0.0,3,8,1870.0,0.0,2009,0.0,98053,47.7106,-122.02,1870.0,5050.0,2014-11-05,580000.0
3278600750,1.0,1.5,1180.0,1688.0,2.0,0.0,0.0,3,8,1070.0,110.0,2007,0.0,98126,47.549,-122.372,1380.0,2059.0,2015-04-07,250000.0
5676000008,3.0,2.5,1420.0,1269.0,3.0,0.0,0.0,3,7,1420.0,0.0,2007,0.0,98103,47.6904,-122.342,1420.0,1300.0,2015-03-16,410000.0
3744000150,4.0,2.75,2810.0,5046.0,2.0,0.0,0.0,3,9,2810.0,0.0,2014,0.0,98038,47.3559,-122.022,3060.0,4934.0,2014-09-28,531155.0
3630080120,3.0,2.5,1400.0,1529.0,2.0,0.0,0.0,3,7,1400.0,0.0,2005,0.0,98029,47.5535,-121.997,1440.0,1536.0,2014-09-19,358000.0
7853360620,3.0,2.5,1950.0,5689.0,2.0,0.0,0.0,3,7,1950.0,0.0,2009,0.0,98065,47.5158,-121.873,2190.0,5653.0,2014-07-01,425000.0
255550100,3.0,2.25,1930.0,3462.0,2.0,0.0,0.0,3,7,1930.0,0.0,2004,0.0,98019,47.7453,-121.985,1930.0,2952.0,2014-07-11,326000.0
9268200484,4.0,2.5,2210.0,4861.0,2.0,0.0,0.0,3,9,2210.0,0.0,2013,0.0,98117,47.6959,-122.364,1590.0,5080.0,2014-05-13,650000.0
8562790720,4.0,3.5,2630.0,3757.0,2.0,0.0,0.0,3,10,2200.0,430.0,2008,0.0,98027,47.5322,-122.075,2620.0,2699.0,2015-05-14,749950.0
7140700690,3.0,1.75,1600.0,4888.0,1.0,,0.0,3,6,1600.0,0.0,2014,0.0,98042,47.383,-122.097,2520.0,5700.0,2015-03-12,239950.0
3624039183,3.0,2.5,1480.0,1590.0,2.0,0.0,0.0,3,8,1150.0,330.0,2010,0.0,98106,47.5302,-122.362,1480.0,5761.0,2014-06-09,315000.0
2254502071,2.0,2.5,750.0,1430.0,2.0,0.0,0.0,3,8,750.0,0.0,2006,0.0,98122,47.6093,-122.31,1320.0,2790.0,2014-05-23,375000.0
4310702838,3.0,1.5,1290.0,1213.0,3.0,0.0,0.0,3,8,1290.0,0.0,2007,0.0,98103,47.6965,-122.34,1360.0,1227.0,2015-04-27,375000.0
6431000749,3.0,3.25,1340.0,1151.0,3.0,0.0,0.0,3,7,1340.0,0.0,2008,0.0,98103,47.6904,-122.346,1290.0,1200.0,2014-09-22,349000.0
3362401761,2.0,1.5,1020.0,1049.0,3.0,0.0,0.0,3,8,1020.0,0.0,2008,0.0,98103,47.68,-122.348,1350.0,1395.0,2015-02-25,450000.0
3629700120,3.0,3.0,2330.0,1944.0,2.5,0.0,0.0,3,8,1950.0,380.0,2014,0.0,98027,47.5446,-122.016,2290.0,1407.0,2014-10-14,669950.0
3226049565,5.0,3.0,2360.0,5000.0,1.0,0.0,0.0,3,7,1390.0,,2008,0.0,98103,47.6931,-122.33,2180.0,5009.0,2014-07-11,504600.0
567000408,3.0,2.5,1495.0,936.0,3.0,0.0,0.0,3,8,1405.0,90.0,2006,0.0,98144,47.593,-122.295,1495.0,1186.0,2014-06-02,400000.0
825059349,4.0,3.5,3770.0,8501.0,2.0,0.0,0.0,3,10,3770.0,0.0,2008,0.0,98033,47.6744,-122.196,1520.0,9660.0,2014-07-01,1020000.0
7787920230,5.0,2.5,2890.0,13104.0,2.0,0.0,0.0,3,8,2890.0,0.0,2006,0.0,98019,47.7277,-121.958,3020.0,9300.0,2015-04-08,518000.0
5694000706,3.0,2.75,1320.0,1125.0,3.0,0.0,0.0,3,8,1320.0,0.0,2008,0.0,98103,47.6598,-122.348,1320.0,1266.0,2014-08-13,535000.0
1760650900,4.0,2.5,2330.0,4907.0,2.0,0.0,0.0,3,7,2330.0,,2013,0.0,98042,47.359,-122.081,2300.0,3836.0,2014-07-21,337500.0
2021000180,4.0,2.5,3120.0,5001.0,2.0,,0.0,3,9,3120.0,0.0,2005,0.0,98023,47.2779,-122.349,3120.0,5244.0,2015-03-10,380000.0
6400700389,5.0,3.0,2960.0,15152.0,2.0,0.0,0.0,3,9,2960.0,0.0,2004,0.0,98033,47.6689,-122.179,1850.0,9453.0,2014-07-10,875000.0
6431000987,3.0,2.25,1630.0,1598.0,3.0,0.0,0.0,3,8,1630.0,0.0,2008,0.0,98103,47.6904,-122.347,1320.0,1605.0,2014-09-02,385000.0
2311400056,5.0,3.5,5230.0,8960.0,2.0,0.0,0.0,3,11,4450.0,780.0,2014,0.0,98004,47.5964,-122.201,2310.0,9603.0,2014-12-01,1990000.0
3224059107,4.0,3.0,3150.0,6599.0,2.0,0.0,0.0,3,9,3150.0,0.0,2008,0.0,98056,47.5279,-122.199,2680.0,9430.0,2015-05-08,649500.0
1245002281,4.0,3.75,3280.0,11000.0,2.0,0.0,0.0,3,10,2320.0,960.0,2008,0.0,98033,47.6855,-122.201,2400.0,8351.0,2014-05-12,1050000.0
121039156,3.0,1.0,1030.0,24750.0,1.0,0.0,2.0,3,5,1030.0,0.0,1943,0.0,98023,47.3343,-122.362,2810.0,28800.0,2015-01-09,249000.0
9211000110,4.0,2.5,3130.0,5795.0,2.0,0.0,0.0,3,9,3130.0,0.0,2008,0.0,98059,47.4997,-122.151,2950.0,5259.0,2014-10-03,525000.0
7625702263,3.0,3.5,1240.0,1666.0,2.0,0.0,0.0,3,7,1000.0,240.0,2008,0.0,98136,47.5496,-122.388,1110.0,1027.0,2014-06-12,402000.0
8085400586,4.0,2.75,3560.0,8975.0,2.0,0.0,0.0,3,10,3560.0,0.0,2014,0.0,98004,47.6322,-122.209,3440.0,12825.0,2014-11-01,1750000.0
2895800590,5.0,2.5,2170.0,2752.0,2.0,0.0,0.0,3,8,2170.0,0.0,2014,0.0,98106,47.5167,-122.347,1800.0,2752.0,2014-10-20,359800.0
100300530,3.0,2.5,1520.0,3003.0,2.0,0.0,0.0,3,7,1520.0,0.0,2009,0.0,98059,47.4876,-122.153,1820.0,3030.0,2014-09-25,330000.0
4092302096,3.0,2.5,1270.0,1062.0,2.0,0.0,0.0,3,8,1060.0,210.0,2008,0.0,98105,47.6568,-122.321,1260.0,1112.0,2015-03-25,433000.0
7010700308,4.0,3.25,3610.0,4000.0,2.0,0.0,0.0,3,9,2640.0,970.0,2007,0.0,98199,47.658,-122.396,1980.0,4000.0,2014-11-12,1010000.0
7853370100,3.0,2.75,3230.0,5200.0,2.0,0.0,0.0,3,9,2680.0,550.0,2014,0.0,98065,47.519,-121.878,3100.0,4900.0,2015-04-06,599832.0
6181500120,5.0,3.0,2300.0,8214.0,2.0,0.0,0.0,3,8,2300.0,0.0,2013,0.0,98001,47.3052,-122.276,2594.0,4950.0,2014-06-23,312891.0
567000775,2.0,2.5,1460.0,1296.0,2.0,0.0,0.0,3,8,1160.0,300.0,2008,0.0,98144,47.5923,-122.296,1460.0,1296.0,2014-09-12,449000.0
3331000035,3.0,2.5,1750.0,1548.0,3.0,0.0,0.0,3,9,1750.0,0.0,2013,0.0,98118,47.5532,-122.282,1750.0,3960.0,2014-05-27,495000.0
4216500110,5.0,2.75,3030.0,10335.0,2.0,0.0,0.0,3,9,3030.0,0.0,2013,0.0,98056,47.5305,-122.184,2720.0,11213.0,2014-05-15,819995.0
2776600082,3.0,3.5,1522.0,1465.0,2.0,0.0,0.0,3,8,1248.0,274.0,2006,0.0,98117,47.6922,-122.375,1522.0,1341.0,2014-11-13,407500.0
323079058,4.0,3.75,3890.0,22000.0,2.0,0.0,0.0,3,10,3890.0,0.0,2007,0.0,98027,47.5052,-121.906,1610.0,23142.0,2015-01-05,850000.0
1088100450,5.0,4.0,4590.0,35046.0,2.0,0.0,0.0,3,10,4590.0,0.0,2008,0.0,98033,47.6647,-122.16,3350.0,35857.0,2014-07-25,1720000.0
98300230,4.0,4.0,4620.0,130208.0,2.0,0.0,0.0,3,10,4620.0,0.0,2014,0.0,98024,47.5885,-121.939,4620.0,131007.0,2015-04-28,1460000.0
847100047,4.0,2.75,3220.0,9825.0,2.0,0.0,0.0,3,8,3220.0,0.0,2012,0.0,98059,47.4863,-122.143,2820.0,8566.0,2014-09-17,579000.0
1853080150,5.0,2.75,3170.0,8093.0,2.0,0.0,0.0,3,9,3170.0,0.0,2014,0.0,98075,47.5933,-122.06,3210.0,7062.0,2014-08-11,890776.0
6021503707,2.0,2.5,980.0,1010.0,3.0,,0.0,3,8,980.0,,2008,0.0,98117,47.6844,-122.387,980.0,1023.0,2015-01-20,352500.0
9512200090,3.0,1.75,2340.0,7724.0,1.0,0.0,0.0,3,10,2340.0,0.0,2010,0.0,98058,47.4593,-122.134,3040.0,5787.0,2015-05-01,529000.0
9268850040,3.0,2.25,1620.0,1425.0,3.0,0.0,0.0,3,8,1540.0,80.0,2009,0.0,98027,47.5405,-122.026,1620.0,1237.0,2015-03-27,484000.0
7283900306,3.0,2.5,1910.0,4408.0,3.0,0.0,0.0,3,8,1910.0,0.0,2007,0.0,98133,47.7634,-122.35,1910.0,8154.0,2015-04-17,400000.0
1980200236,3.0,2.5,2420.0,6847.0,2.0,0.0,0.0,3,9,2420.0,0.0,2009,0.0,98133,47.7329,-122.356,1180.0,8100.0,2015-04-17,649950.0
2413910120,3.0,4.5,3850.0,62726.0,2.0,0.0,0.0,3,10,3120.0,730.0,2013,0.0,98053,47.6735,-122.058,2630.0,46609.0,2014-07-02,915000.0
7787920180,5.0,2.5,3220.0,10572.0,2.0,0.0,0.0,3,8,3220.0,0.0,2006,0.0,98019,47.7268,-121.957,2890.0,9090.0,2015-05-04,534950.0
1283800110,4.0,2.5,3040.0,6425.0,2.0,0.0,0.0,3,8,3040.0,0.0,2008,0.0,98052,47.6788,-122.117,3040.0,7800.0,2014-05-06,776000.0
6140100028,3.0,1.75,1496.0,1423.0,2.0,0.0,0.0,3,8,1248.0,248.0,2006,0.0,98133,47.715,-122.355,1460.0,1423.0,2015-05-01,370000.0
1972200555,3.0,1.75,1630.0,1500.0,3.0,0.0,0.0,3,8,1630.0,0.0,2014,0.0,98103,47.6536,-122.354,1570.0,1335.0,2014-07-14,610000.0
6891100090,5.0,3.5,4200.0,5400.0,2.0,,0.0,3,9,3140.0,1060.0,2012,0.0,98052,47.7077,-122.12,3300.0,5564.0,2014-10-14,850000.0
3438503021,3.0,2.5,2430.0,7049.0,2.0,0.0,0.0,3,8,2430.0,0.0,2007,0.0,98106,47.5399,-122.352,1770.0,7049.0,2014-11-05,443000.0
4233600150,5.0,4.25,4010.0,8252.0,2.0,,0.0,3,10,4010.0,0.0,2015,0.0,98075,47.5974,-122.013,3370.0,8252.0,2015-02-03,1150000.0
2770601782,3.0,2.5,1510.0,1618.0,2.5,0.0,0.0,3,8,1330.0,180.0,2011,0.0,98199,47.6515,-122.384,1350.0,1397.0,2014-08-01,453000.0
9268851020,4.0,3.5,2340.0,2810.0,2.0,0.0,2.0,3,8,1730.0,610.0,2011,0.0,98027,47.5403,-122.028,2600.0,2843.0,2015-04-10,735000.0
8682291050,2.0,2.75,2700.0,8572.0,1.0,0.0,0.0,3,9,2700.0,0.0,2007,0.0,98053,47.7236,-122.033,2680.0,8569.0,2014-07-08,810000.0
9468200109,3.0,3.5,4360.0,6240.0,2.0,0.0,3.0,3,10,2960.0,1400.0,2008,0.0,98103,47.6791,-122.354,1920.0,3910.0,2014-06-17,1560000.0
2524069097,5.0,6.5,7270.0,130017.0,2.0,0.0,0.0,3,12,6420.0,850.0,2010,0.0,98027,47.5371,-121.982,1800.0,44890.0,2014-05-09,2240000.0
7625702441,3.0,2.5,1350.0,886.0,3.0,0.0,0.0,3,8,1270.0,80.0,2006,0.0,98136,47.5491,-122.387,1350.0,886.0,2014-08-08,377500.0
9521100866,3.0,3.25,1380.0,1120.0,3.0,0.0,0.0,3,8,1380.0,0.0,2008,0.0,98103,47.6617,-122.349,1310.0,1405.0,2014-06-18,482000.0
148000072,2.0,2.5,1830.0,1988.0,2.0,0.0,0.0,3,9,1530.0,300.0,2011,0.0,98116,47.5779,-122.409,1800.0,2467.0,2014-08-18,600000.0
1493300057,3.0,2.5,1470.0,1571.0,2.0,0.0,0.0,3,8,1180.0,290.0,2007,0.0,98116,47.5722,-122.387,1580.0,4329.0,2014-08-07,420000.0
3304030220,4.0,2.5,2940.0,9172.0,2.0,0.0,0.0,3,9,2940.0,0.0,2006,0.0,98001,47.3444,-122.269,2660.0,7955.0,2015-04-21,480000.0
7625702277,2.0,2.0,1110.0,1095.0,3.0,0.0,0.0,3,7,980.0,130.0,2008,0.0,98136,47.5494,-122.388,1110.0,1083.0,2015-03-31,406000.0
1023059465,4.0,2.5,2790.0,5602.0,2.0,0.0,0.0,3,8,2790.0,0.0,2009,0.0,98059,47.4959,-122.15,2790.0,5309.0,2014-05-13,505000.0
3262300818,4.0,3.75,3790.0,8797.0,2.0,0.0,0.0,3,11,3290.0,500.0,2006,0.0,98039,47.6351,-122.236,2660.0,12150.0,2015-02-27,1870000.0
2937300040,4.0,2.5,3570.0,6218.0,2.0,0.0,0.0,3,9,3570.0,0.0,2014,0.0,98052,47.7046,-122.123,3230.0,5972.0,2014-12-15,942990.0
2768100206,3.0,2.25,1230.0,1097.0,3.0,0.0,0.0,3,8,1230.0,0.0,2009,0.0,98107,47.6697,-122.372,1420.0,1437.0,2014-10-01,440000.0
7904700134,3.0,3.25,1370.0,913.0,2.0,0.0,0.0,3,8,1100.0,270.0,2006,0.0,98116,47.5636,-122.388,1370.0,915.0,2014-06-26,390000.0
9521100867,3.0,3.25,1380.0,1121.0,3.0,,0.0,3,8,1380.0,0.0,2008,0.0,98103,47.6617,-122.349,1310.0,1405.0,2014-07-11,475000.0
1702901618,1.0,2.0,1070.0,675.0,2.0,,0.0,3,8,880.0,190.0,2007,0.0,98118,47.5574,-122.284,1220.0,788.0,2015-04-07,420000.0
7237550100,4.0,4.0,4920.0,50621.0,2.0,0.0,0.0,3,10,4280.0,640.0,2012,0.0,98053,47.6575,-122.006,4920.0,74052.0,2014-08-25,1410000.0
7430500110,5.0,3.5,5150.0,12230.0,2.0,0.0,2.0,3,10,3700.0,1450.0,2007,0.0,98008,47.6249,-122.09,2940.0,13462.0,2014-12-09,1380000.0
603000555,6.0,3.0,2390.0,4000.0,2.0,0.0,0.0,3,7,2390.0,0.0,2014,0.0,98118,47.5173,-122.286,1680.0,5000.0,2015-03-02,462500.0
3304300300,4.0,2.75,2460.0,8643.0,2.0,0.0,0.0,3,9,2460.0,0.0,2011,0.0,98059,47.4828,-122.133,3110.0,8626.0,2015-05-07,579950.0
6453550090,4.0,2.5,3650.0,7090.0,2.0,0.0,0.0,3,10,3650.0,0.0,2008,0.0,98074,47.606,-122.052,3860.0,7272.0,2015-05-05,861111.0
2625069038,4.0,3.5,4300.0,108865.0,2.0,0.0,0.0,3,11,4300.0,0.0,2014,0.0,98074,47.6258,-122.005,4650.0,107498.0,2014-11-24,1450000.0
1760650820,3.0,2.25,1610.0,3764.0,2.0,0.0,0.0,3,7,1610.0,0.0,2012,0.0,98042,47.3589,-122.083,1610.0,3825.0,2015-04-28,290000.0
9578060230,4.0,2.5,2610.0,4595.0,2.0,0.0,0.0,3,8,2610.0,0.0,2008,0.0,98028,47.7728,-122.235,2440.0,4588.0,2014-06-18,535000.0
3416600750,3.0,2.5,1750.0,1381.0,3.0,0.0,0.0,3,8,1750.0,0.0,2008,0.0,98122,47.6021,-122.294,1940.0,4800.0,2015-02-17,585000.0
2487200490,3.0,2.5,3310.0,5300.0,2.0,0.0,2.0,3,8,2440.0,870.0,2008,0.0,98136,47.5178,-122.389,2140.0,7500.0,2014-06-23,670000.0
8964800330,4.0,3.75,5090.0,14823.0,1.0,0.0,0.0,3,11,4180.0,910.0,2013,0.0,98004,47.62,-122.207,3030.0,12752.0,2015-04-07,3000000.0
5637500082,3.0,2.0,1060.0,1184.0,2.0,0.0,0.0,3,7,730.0,330.0,2006,0.0,98136,47.5443,-122.385,1270.0,1601.0,2014-12-03,346000.0
324069112,4.0,4.0,4420.0,16526.0,2.0,0.0,0.0,3,11,4420.0,0.0,2013,0.0,98075,47.5914,-122.027,3510.0,50447.0,2014-06-17,1330000.0
524059322,3.0,2.5,2100.0,4097.0,2.0,0.0,0.0,3,9,2100.0,0.0,2008,0.0,98004,47.5983,-122.2,1780.0,4764.0,2015-02-26,999999.0
889000025,3.0,1.75,1650.0,1180.0,3.0,0.0,0.0,3,8,1650.0,0.0,2014,0.0,98105,47.6636,-122.319,1720.0,1960.0,2014-08-11,599000.0
2909310100,4.0,2.5,2380.0,5737.0,2.0,0.0,0.0,3,7,2380.0,,2010,0.0,98023,47.2815,-122.356,2380.0,5396.0,2014-10-15,332000.0
8562780180,2.0,2.25,1170.0,1011.0,2.0,0.0,0.0,3,7,1170.0,0.0,2009,0.0,98027,47.5321,-122.073,1240.0,750.0,2014-06-12,336750.0
1043000100,4.0,2.5,2531.0,6843.0,2.0,0.0,0.0,3,8,2531.0,0.0,2013,0.0,98030,47.385,-122.189,2604.0,6238.0,2014-12-11,370000.0
1865400076,3.0,2.25,998.0,904.0,2.0,0.0,0.0,3,7,798.0,200.0,2007,0.0,98117,47.6983,-122.367,998.0,1110.0,2014-05-09,324000.0
8902000201,3.0,2.25,1333.0,1470.0,3.0,0.0,3.0,3,7,1333.0,0.0,2009,0.0,98125,47.7058,-122.302,1360.0,1680.0,2015-02-19,338500.0
715010530,5.0,3.5,4410.0,13000.0,2.0,0.0,3.0,3,10,2920.0,1490.0,2014,0.0,98006,47.5382,-122.111,5790.0,12969.0,2015-01-13,1880000.0
4253400100,3.0,2.75,1160.0,1073.0,2.0,0.0,0.0,3,7,880.0,280.0,2007,0.0,98144,47.5788,-122.315,1250.0,5400.0,2015-04-10,402723.0
3874900085,4.0,3.25,2630.0,7770.0,2.0,0.0,0.0,3,9,2630.0,0.0,2014,0.0,98126,47.5459,-122.377,1370.0,7770.0,2015-02-27,715000.0
1972200227,3.0,1.5,1160.0,1031.0,3.0,0.0,0.0,3,8,1160.0,0.0,2008,0.0,98103,47.6538,-122.357,1268.0,1688.0,2014-10-07,459000.0
8562770720,3.0,2.5,2140.0,3628.0,2.0,0.0,0.0,3,8,1960.0,180.0,2006,0.0,98027,47.537,-122.074,2280.0,2812.0,2015-04-23,589999.0
6669080120,4.0,2.5,1980.0,5020.0,2.0,0.0,0.0,3,7,1980.0,0.0,2007,0.0,98056,47.5147,-122.19,1980.0,5064.0,2014-12-15,405000.0
9211010300,3.0,2.5,3030.0,9053.0,2.0,0.0,0.0,3,8,3030.0,0.0,2009,0.0,98059,47.4945,-122.149,3010.0,6026.0,2014-07-07,509900.0
3277800823,2.0,2.0,1490.0,1627.0,2.0,0.0,0.0,3,8,1190.0,300.0,2009,0.0,98126,47.5455,-122.375,1400.0,1498.0,2014-08-20,327000.0
8835770330,2.0,1.5,2370.0,184231.0,2.0,0.0,0.0,3,11,2370.0,0.0,2005,0.0,98045,47.4543,-121.778,3860.0,151081.0,2014-08-19,1060000.0
1220000371,3.0,2.5,1820.0,1866.0,2.0,0.0,0.0,3,8,1570.0,250.0,2008,0.0,98166,47.4643,-122.346,1660.0,6900.0,2014-12-31,327500.0
880000205,3.0,2.0,1260.0,1125.0,2.0,0.0,0.0,3,7,810.0,450.0,2011,0.0,98106,47.5262,-122.361,1260.0,1172.0,2014-07-29,249000.0
1561750040,5.0,4.5,4350.0,13405.0,2.0,0.0,0.0,3,11,4350.0,0.0,2014,0.0,98074,47.6018,-122.06,3990.0,7208.0,2014-12-24,1380000.0
688000017,1.0,1.25,1100.0,638.0,3.0,,0.0,3,9,1100.0,0.0,2014,0.0,98112,47.6228,-122.307,1110.0,1933.0,2014-06-27,516500.0
2522059251,3.0,2.5,2050.0,15035.0,2.0,0.0,0.0,3,9,2050.0,0.0,2006,0.0,98042,47.3619,-122.122,1300.0,15836.0,2015-04-09,465000.0
2855000110,3.0,2.5,2198.0,6222.0,2.0,0.0,2.0,3,8,2198.0,0.0,2010,0.0,98198,47.3906,-122.304,2198.0,7621.0,2014-08-08,388000.0
6821101731,3.0,2.25,1230.0,1380.0,3.0,0.0,0.0,3,8,1230.0,0.0,2013,0.0,98199,47.6521,-122.4,1760.0,5664.0,2014-09-30,549000.0
476000017,2.0,2.0,1400.0,1512.0,2.0,0.0,0.0,3,8,940.0,460.0,2006,0.0,98107,47.6719,-122.392,1400.0,3500.0,2014-10-03,553000.0
2770603523,3.0,2.5,1410.0,1250.0,2.0,0.0,0.0,3,8,1140.0,270.0,2010,0.0,98119,47.6515,-122.375,1720.0,2825.0,2015-04-22,530000.0
2255500123,3.0,2.5,2110.0,1339.0,2.0,0.0,0.0,3,8,1410.0,700.0,2014,0.0,98122,47.6088,-122.311,1630.0,2670.0,2014-08-20,747450.0
3438501329,2.0,2.5,1590.0,2656.0,2.0,0.0,0.0,3,7,1220.0,370.0,2009,0.0,98106,47.5489,-122.364,1590.0,2306.0,2014-05-20,305000.0
423059387,5.0,2.5,3370.0,4850.0,2.0,,0.0,3,9,3370.0,0.0,2007,0.0,98056,47.5078,-122.169,2900.0,5570.0,2014-11-18,540000.0
6664500090,5.0,4.0,4500.0,8130.0,2.0,,0.0,3,10,4500.0,0.0,2007,0.0,98059,47.4832,-122.145,2840.0,8402.0,2015-01-15,750000.0
2122059216,4.0,2.5,2930.0,5973.0,2.0,0.0,0.0,3,10,2930.0,0.0,2008,0.0,98030,47.3846,-122.186,3038.0,7095.0,2015-04-14,422000.0
9406530090,4.0,2.5,2470.0,5100.0,2.0,0.0,0.0,3,8,2470.0,0.0,2005,0.0,98038,47.3622,-122.041,2240.0,5123.0,2014-10-20,337000.0
7168100015,5.0,2.75,3080.0,5752.0,2.0,0.0,0.0,3,9,3080.0,0.0,2014,0.0,98059,47.4922,-122.153,3000.0,4650.0,2014-10-09,579950.0
5007500120,4.0,2.75,2260.0,4440.0,2.0,0.0,0.0,3,7,2260.0,0.0,2014,0.0,98001,47.3507,-122.291,2260.0,4563.0,2015-02-26,341780.0
3528900770,4.0,3.0,1670.0,2642.0,2.0,,0.0,3,8,1350.0,320.0,2008,0.0,98109,47.6397,-122.345,1670.0,2594.0,2015-04-23,710200.0
9521100031,3.0,3.25,1540.0,1428.0,3.0,0.0,0.0,3,9,1540.0,0.0,2013,0.0,98103,47.6648,-122.353,1660.0,3300.0,2014-06-18,690000.0
524059330,4.0,3.5,3830.0,8963.0,2.0,0.0,0.0,3,10,3120.0,710.0,2014,0.0,98004,47.599,-122.197,2190.0,10777.0,2015-01-30,1700000.0
6021503705,2.0,2.5,980.0,1020.0,3.0,0.0,0.0,3,8,980.0,0.0,2008,0.0,98117,47.6844,-122.387,980.0,1023.0,2014-10-15,329000.0
3438501862,3.0,2.5,1450.0,5008.0,1.0,0.0,0.0,3,7,840.0,610.0,2007,0.0,98106,47.5435,-122.357,2120.0,5019.0,2014-05-13,330000.0
3345700207,4.0,3.5,2850.0,5577.0,2.0,0.0,0.0,3,8,1950.0,900.0,2014,0.0,98056,47.5252,-122.192,2850.0,5708.0,2015-05-02,608500.0
6056111067,3.0,1.75,1140.0,1201.0,2.0,0.0,0.0,3,8,1140.0,0.0,2014,0.0,98108,47.5637,-122.295,1210.0,1552.0,2014-07-07,230000.0
8562790760,4.0,3.5,3070.0,4684.0,2.0,0.0,0.0,3,10,2190.0,880.0,2009,0.0,98027,47.5316,-122.076,2290.0,2664.0,2014-05-20,785000.0
1931300090,3.0,3.0,1680.0,1570.0,3.0,0.0,0.0,3,8,1680.0,0.0,2014,0.0,98103,47.6572,-122.346,1640.0,4800.0,2014-05-07,610950.0
9578500790,3.0,2.5,3087.0,5002.0,2.0,0.0,0.0,3,8,3087.0,0.0,2014,0.0,98023,47.2974,-122.349,2927.0,5183.0,2014-11-11,399950.0
9253900271,5.0,4.5,4850.0,10584.0,2.0,1.0,4.0,3,10,3540.0,1310.0,2007,0.0,98008,47.5943,-122.11,3470.0,18270.0,2015-01-07,3570000.0
3881900317,4.0,3.25,1900.0,2631.0,2.0,0.0,0.0,3,9,1250.0,650.0,2014,0.0,98144,47.5869,-122.311,1710.0,4502.0,2015-01-23,579000.0
567000385,2.0,1.5,940.0,1768.0,2.0,,0.0,3,7,940.0,0.0,2009,0.0,98144,47.5925,-122.295,1130.0,1159.0,2014-06-23,362500.0
7011201004,3.0,3.25,1730.0,1229.0,2.0,0.0,2.0,3,9,1320.0,410.0,2008,0.0,98119,47.6374,-122.369,1710.0,1686.0,2014-05-29,645000.0
7853420110,3.0,3.0,2780.0,6000.0,2.0,0.0,0.0,3,9,2780.0,0.0,2013,0.0,98065,47.5184,-121.886,2850.0,6000.0,2014-10-03,594866.0
7853420110,3.0,3.0,2780.0,6000.0,2.0,0.0,0.0,3,9,2780.0,0.0,2013,0.0,98065,47.5184,-121.886,2850.0,6000.0,2015-05-04,625000.0
3052700432,3.0,2.25,1500.0,1290.0,2.0,0.0,0.0,3,8,1220.0,280.0,2006,0.0,98117,47.6785,-122.375,1460.0,1375.0,2014-11-12,490000.0
2025049203,2.0,1.0,710.0,1157.0,2.0,,0.0,4,7,710.0,0.0,1943,0.0,98102,47.6413,-122.329,1370.0,1173.0,2014-06-10,399950.0
952006823,3.0,2.5,1260.0,900.0,2.0,0.0,0.0,3,7,940.0,320.0,2007,0.0,98116,47.5621,-122.384,1310.0,1415.0,2014-12-02,380000.0
3832050760,3.0,2.5,1870.0,5000.0,2.0,0.0,0.0,3,7,1870.0,0.0,2009,0.0,98042,47.3339,-122.055,2170.0,5399.0,2014-08-28,270000.0
2767604724,2.0,2.5,1430.0,1201.0,3.0,0.0,0.0,3,8,1430.0,0.0,2009,0.0,98107,47.6707,-122.381,1430.0,1249.0,2014-10-15,505000.0
6632300207,3.0,2.5,1520.0,1488.0,3.0,0.0,0.0,3,8,1520.0,0.0,2006,0.0,98125,47.7337,-122.309,1520.0,1497.0,2015-03-05,385000.0
2767600688,2.0,1.5,1210.0,1278.0,2.0,0.0,0.0,3,8,1020.0,190.0,2007,0.0,98117,47.6756,-122.375,1210.0,1118.0,2014-11-13,414500.0
7570050450,3.0,2.5,2540.0,4760.0,2.0,0.0,0.0,3,8,2540.0,0.0,2010,0.0,98038,47.3452,-122.022,2540.0,4571.0,2014-09-10,347500.0
7430200100,4.0,3.5,4910.0,9444.0,1.5,0.0,0.0,3,11,3110.0,1800.0,2007,0.0,98074,47.6502,-122.066,4560.0,11063.0,2014-05-14,1220000.0
4140940150,4.0,2.75,2770.0,3852.0,2.0,0.0,0.0,3,8,2770.0,0.0,2014,0.0,98178,47.5001,-122.232,1810.0,5641.0,2014-10-02,572000.0
1931300412,3.0,2.25,1190.0,1200.0,3.0,0.0,0.0,3,8,1190.0,0.0,2008,0.0,98103,47.6542,-122.346,1180.0,1224.0,2015-04-16,475000.0
8672200110,5.0,3.75,4170.0,8142.0,2.0,0.0,2.0,3,10,4170.0,0.0,2006,0.0,98056,47.5354,-122.181,3030.0,7980.0,2015-03-17,1090000.0
5087900040,4.0,2.75,2500.0,5995.0,2.0,,0.0,3,8,2500.0,0.0,2008,0.0,98042,47.3749,-122.107,2530.0,5988.0,2014-10-17,350000.0
1972201967,2.0,2.25,1530.0,981.0,3.0,0.0,0.0,3,8,1480.0,50.0,2006,0.0,98103,47.6533,-122.346,1530.0,1282.0,2014-10-31,520000.0
7502800100,5.0,2.75,3600.0,9437.0,2.0,0.0,0.0,3,9,3600.0,0.0,2014,0.0,98059,47.4822,-122.131,3550.0,9421.0,2014-08-13,679950.0
191100405,4.0,3.25,3410.0,10125.0,2.0,0.0,0.0,3,10,3410.0,,2007,0.0,98040,47.5653,-122.223,2290.0,10125.0,2015-04-21,1580000.0
8956200760,4.0,2.5,3118.0,7866.0,2.0,,2.0,3,9,3118.0,0.0,2014,0.0,98001,47.2931,-122.264,2673.0,6500.0,2014-10-13,541800.0
7202300110,4.0,3.0,3990.0,7838.0,2.0,0.0,0.0,3,9,3990.0,0.0,2003,0.0,98053,47.6857,-122.046,3370.0,6814.0,2014-09-15,810000.0
249000205,5.0,3.75,4470.0,8088.0,2.0,0.0,0.0,3,11,4470.0,0.0,2008,0.0,98004,47.6321,-122.2,2780.0,8964.0,2014-10-15,1540000.0
5100403806,3.0,2.5,1425.0,1179.0,3.0,0.0,0.0,3,8,1425.0,0.0,2008,0.0,98125,47.6963,-122.318,1285.0,1253.0,2015-04-07,467000.0
844000965,3.0,1.75,1500.0,11968.0,1.0,,0.0,3,6,1500.0,0.0,2014,0.0,98010,47.3095,-122.002,1320.0,11303.0,2014-06-26,224000.0
7852140040,3.0,2.5,2270.0,5536.0,2.0,,0.0,3,8,2270.0,0.0,2003,0.0,98065,47.5389,-121.881,2270.0,5731.0,2014-08-25,507250.0
9834201367,3.0,2.0,1490.0,1126.0,3.0,0.0,0.0,3,8,1490.0,0.0,2014,0.0,98144,47.5699,-122.288,1400.0,1230.0,2015-01-26,429000.0
3448900210,4.0,2.5,2520.0,6023.0,2.0,0.0,0.0,3,9,2520.0,0.0,2014,0.0,98056,47.5137,-122.167,2520.0,6023.0,2014-10-14,610685.0
7936000429,4.0,3.5,3510.0,7200.0,2.0,0.0,0.0,3,9,2600.0,910.0,2009,0.0,98136,47.5537,-122.398,2050.0,6200.0,2015-03-26,1010000.0
2997800021,3.0,2.5,1310.0,1294.0,2.0,0.0,0.0,3,8,1180.0,130.0,2008,0.0,98116,47.5773,-122.409,1330.0,1265.0,2015-02-19,475000.0
263000018,3.0,2.5,1530.0,1131.0,3.0,0.0,0.0,3,8,1530.0,0.0,2009,0.0,98103,47.6993,-122.346,1530.0,1509.0,2014-05-21,360000.0
6600060120,4.0,2.5,2310.0,5813.0,2.0,0.0,0.0,3,8,2310.0,0.0,2014,0.0,98146,47.5107,-122.362,1830.0,7200.0,2015-02-23,400000.0
1523300141,2.0,0.75,1020.0,1350.0,2.0,0.0,0.0,3,7,1020.0,0.0,2009,0.0,98144,47.5944,-122.299,1020.0,2007.0,2014-06-23,402101.0
291310100,3.0,2.5,1600.0,2388.0,2.0,,0.0,3,8,1600.0,0.0,2004,0.0,98027,47.5345,-122.069,1410.0,1287.0,2015-01-16,400000.0
1523300157,2.0,0.75,1020.0,1076.0,2.0,0.0,0.0,3,7,1020.0,0.0,2008,0.0,98144,47.5941,-122.299,1020.0,1357.0,2014-10-15,325000.0
